pedestrian 0.00 0 0.00 456 277 494 349 0.00 0.00 0.00 0.00 0.00 0.00 0.00
pedestrian 0.00 0 0.00 554 249 596 315 0.00 0.00 0.00 0.00 0.00 0.00 0.00
pedestrian 0.00 0 0.00 577 237 608 308 0.00 0.00 0.00 0.00 0.00 0.00 0.00
pedestrian 0.00 0 0.00 127 619 177 714 0.00 0.00 0.00 0.00 0.00 0.00 0.00
pedestrian 0.00 0 0.00 583 572 620 640 0.00 0.00 0.00 0.00 0.00 0.00 0.00
people 0.00 0 0.00 767 469 799 519 0.00 0.00 0.00 0.00 0.00 0.00 0.00
people 0.00 0 0.00 786 453 817 502 0.00 0.00 0.00 0.00 0.00 0.00 0.00
people 0.00 0 0.00 817 425 850 478 0.00 0.00 0.00 0.00 0.00 0.00 0.00
motor 0.00 0 0.00 898 416 944 483 0.00 0.00 0.00 0.00 0.00 0.00 0.00
pedestrian 0.00 0 0.00 1215 708 1272 765 0.00 0.00 0.00 0.00 0.00 0.00 0.00
car 0.00 0 0.00 99 1 179 78 0.00 0.00 0.00 0.00 0.00 0.00 0.00
car 0.00 0 0.00 0 44 78 112 0.00 0.00 0.00 0.00 0.00 0.00 0.00
car 0.00 0 0.00 188 0 261 61 0.00 0.00 0.00 0.00 0.00 0.00 0.00
