people 0.00 0 0.00 736 131 756 148 0.00 0.00 0.00 0.00 0.00 0.00 0.00
pedestrian 0.00 0 0.00 611 89 624 132 0.00 0.00 0.00 0.00 0.00 0.00 0.00
pedestrian 0.00 0 0.00 631 93 646 132 0.00 0.00 0.00 0.00 0.00 0.00 0.00
pedestrian 0.00 0 0.00 664 98 681 140 0.00 0.00 0.00 0.00 0.00 0.00 0.00
pedestrian 0.00 0 0.00 678 102 688 142 0.00 0.00 0.00 0.00 0.00 0.00 0.00
pedestrian 0.00 0 0.00 681 129 697 170 0.00 0.00 0.00 0.00 0.00 0.00 0.00
pedestrian 0.00 0 0.00 677 144 691 185 0.00 0.00 0.00 0.00 0.00 0.00 0.00
pedestrian 0.00 0 0.00 648 149 658 174 0.00 0.00 0.00 0.00 0.00 0.00 0.00
pedestrian 0.00 0 0.00 647 134 661 170 0.00 0.00 0.00 0.00 0.00 0.00 0.00
van 0.00 0 0.00 468 44 540 95 0.00 0.00 0.00 0.00 0.00 0.00 0.00
people 0.00 0 0.00 525 65 537 91 0.00 0.00 0.00 0.00 0.00 0.00 0.00
pedestrian 0.00 0 0.00 441 102 462 134 0.00 0.00 0.00 0.00 0.00 0.00 0.00
pedestrian 0.00 0 0.00 463 118 476 150 0.00 0.00 0.00 0.00 0.00 0.00 0.00
pedestrian 0.00 0 0.00 444 122 458 162 0.00 0.00 0.00 0.00 0.00 0.00 0.00
motor 0.00 0 0.00 427 122 471 156 0.00 0.00 0.00 0.00 0.00 0.00 0.00
pedestrian 0.00 0 0.00 412 122 423 165 0.00 0.00 0.00 0.00 0.00 0.00 0.00
pedestrian 0.00 0 0.00 395 115 417 159 0.00 0.00 0.00 0.00 0.00 0.00 0.00
pedestrian 0.00 0 0.00 397 142 410 172 0.00 0.00 0.00 0.00 0.00 0.00 0.00
pedestrian 0.00 0 0.00 418 157 431 198 0.00 0.00 0.00 0.00 0.00 0.00 0.00
people 0.00 0 0.00 376 153 406 175 0.00 0.00 0.00 0.00 0.00 0.00 0.00
pedestrian 0.00 0 0.00 443 174 456 208 0.00 0.00 0.00 0.00 0.00 0.00 0.00
pedestrian 0.00 0 0.00 454 170 469 208 0.00 0.00 0.00 0.00 0.00 0.00 0.00
people 0.00 0 0.00 391 190 410 211 0.00 0.00 0.00 0.00 0.00 0.00 0.00
pedestrian 0.00 0 0.00 427 320 447 368 0.00 0.00 0.00 0.00 0.00 0.00 0.00
pedestrian 0.00 0 0.00 411 322 425 368 0.00 0.00 0.00 0.00 0.00 0.00 0.00
pedestrian 0.00 0 0.00 333 364 357 415 0.00 0.00 0.00 0.00 0.00 0.00 0.00
pedestrian 0.00 0 0.00 300 191 314 227 0.00 0.00 0.00 0.00 0.00 0.00 0.00
people 0.00 0 0.00 319 155 345 193 0.00 0.00 0.00 0.00 0.00 0.00 0.00
pedestrian 0.00 0 0.00 273 257 298 303 0.00 0.00 0.00 0.00 0.00 0.00 0.00
people 0.00 0 0.00 296 282 311 299 0.00 0.00 0.00 0.00 0.00 0.00 0.00
car 0.00 0 0.00 0 39 90 90 0.00 0.00 0.00 0.00 0.00 0.00 0.00
pedestrian 0.00 0 0.00 70 220 97 271 0.00 0.00 0.00 0.00 0.00 0.00 0.00
pedestrian 0.00 0 0.00 79 215 108 263 0.00 0.00 0.00 0.00 0.00 0.00 0.00
van 0.00 0 0.00 0 318 98 429 0.00 0.00 0.00 0.00 0.00 0.00 0.00
pedestrian 0.00 0 0.00 87 289 119 342 0.00 0.00 0.00 0.00 0.00 0.00 0.00
pedestrian 0.00 0 0.00 26 472 70 543 0.00 0.00 0.00 0.00 0.00 0.00 0.00
pedestrian 0.00 0 0.00 49 445 86 501 0.00 0.00 0.00 0.00 0.00 0.00 0.00
motor 0.00 0 0.00 133 216 172 255 0.00 0.00 0.00 0.00 0.00 0.00 0.00
pedestrian 0.00 0 0.00 114 257 149 307 0.00 0.00 0.00 0.00 0.00 0.00 0.00
bicycle 0.00 0 0.00 123 279 163 321 0.00 0.00 0.00 0.00 0.00 0.00 0.00
tricycle 0.00 0 0.00 126 342 182 400 0.00 0.00 0.00 0.00 0.00 0.00 0.00
tricycle 0.00 0 0.00 142 381 266 472 0.00 0.00 0.00 0.00 0.00 0.00 0.00
bicycle 0.00 0 0.00 203 455 340 514 0.00 0.00 0.00 0.00 0.00 0.00 0.00
motor 0.00 0 0.00 410 541 492 600 0.00 0.00 0.00 0.00 0.00 0.00 0.00
motor 0.00 0 0.00 500 568 570 630 0.00 0.00 0.00 0.00 0.00 0.00 0.00
people 0.00 0 0.00 450 481 479 521 0.00 0.00 0.00 0.00 0.00 0.00 0.00
people 0.00 0 0.00 484 483 517 532 0.00 0.00 0.00 0.00 0.00 0.00 0.00
people 0.00 0 0.00 558 494 581 545 0.00 0.00 0.00 0.00 0.00 0.00 0.00
people 0.00 0 0.00 564 487 581 510 0.00 0.00 0.00 0.00 0.00 0.00 0.00
pedestrian 0.00 0 0.00 512 383 541 442 0.00 0.00 0.00 0.00 0.00 0.00 0.00
pedestrian 0.00 0 0.00 541 360 572 413 0.00 0.00 0.00 0.00 0.00 0.00 0.00
pedestrian 0.00 0 0.00 516 307 537 351 0.00 0.00 0.00 0.00 0.00 0.00 0.00
pedestrian 0.00 0 0.00 511 289 527 335 0.00 0.00 0.00 0.00 0.00 0.00 0.00
pedestrian 0.00 0 0.00 522 281 540 321 0.00 0.00 0.00 0.00 0.00 0.00 0.00
pedestrian 0.00 0 0.00 552 290 569 339 0.00 0.00 0.00 0.00 0.00 0.00 0.00
pedestrian 0.00 0 0.00 590 206 608 257 0.00 0.00 0.00 0.00 0.00 0.00 0.00
pedestrian 0.00 0 0.00 655 194 670 240 0.00 0.00 0.00 0.00 0.00 0.00 0.00
pedestrian 0.00 0 0.00 636 196 655 241 0.00 0.00 0.00 0.00 0.00 0.00 0.00
pedestrian 0.00 0 0.00 686 240 705 281 0.00 0.00 0.00 0.00 0.00 0.00 0.00
pedestrian 0.00 0 0.00 673 226 692 272 0.00 0.00 0.00 0.00 0.00 0.00 0.00
pedestrian 0.00 0 0.00 689 214 710 258 0.00 0.00 0.00 0.00 0.00 0.00 0.00
pedestrian 0.00 0 0.00 742 218 760 269 0.00 0.00 0.00 0.00 0.00 0.00 0.00
pedestrian 0.00 0 0.00 588 374 600 418 0.00 0.00 0.00 0.00 0.00 0.00 0.00
pedestrian 0.00 0 0.00 591 357 605 404 0.00 0.00 0.00 0.00 0.00 0.00 0.00
people 0.00 0 0.00 612 364 634 398 0.00 0.00 0.00 0.00 0.00 0.00 0.00
pedestrian 0.00 0 0.00 640 353 658 414 0.00 0.00 0.00 0.00 0.00 0.00 0.00
pedestrian 0.00 0 0.00 574 436 608 500 0.00 0.00 0.00 0.00 0.00 0.00 0.00
pedestrian 0.00 0 0.00 647 614 689 687 0.00 0.00 0.00 0.00 0.00 0.00 0.00
motor 0.00 0 0.00 631 629 708 680 0.00 0.00 0.00 0.00 0.00 0.00 0.00
pedestrian 0.00 0 0.00 840 230 859 283 0.00 0.00 0.00 0.00 0.00 0.00 0.00
pedestrian 0.00 0 0.00 917 246 947 284 0.00 0.00 0.00 0.00 0.00 0.00 0.00
people 0.00 0 0.00 928 253 949 276 0.00 0.00 0.00 0.00 0.00 0.00 0.00
pedestrian 0.00 0 0.00 955 254 975 283 0.00 0.00 0.00 0.00 0.00 0.00 0.00
pedestrian 0.00 0 0.00 969 234 990 278 0.00 0.00 0.00 0.00 0.00 0.00 0.00
pedestrian 0.00 0 0.00 947 281 969 334 0.00 0.00 0.00 0.00 0.00 0.00 0.00
pedestrian 0.00 0 0.00 968 279 988 332 0.00 0.00 0.00 0.00 0.00 0.00 0.00
pedestrian 0.00 0 0.00 1010 250 1030 300 0.00 0.00 0.00 0.00 0.00 0.00 0.00
pedestrian 0.00 0 0.00 897 346 921 398 0.00 0.00 0.00 0.00 0.00 0.00 0.00
pedestrian 0.00 0 0.00 953 333 978 388 0.00 0.00 0.00 0.00 0.00 0.00 0.00
pedestrian 0.00 0 0.00 1074 249 1106 311 0.00 0.00 0.00 0.00 0.00 0.00 0.00
pedestrian 0.00 0 0.00 1099 318 1132 372 0.00 0.00 0.00 0.00 0.00 0.00 0.00
people 0.00 0 0.00 1111 323 1128 352 0.00 0.00 0.00 0.00 0.00 0.00 0.00
pedestrian 0.00 0 0.00 1108 422 1140 479 0.00 0.00 0.00 0.00 0.00 0.00 0.00
pedestrian 0.00 0 0.00 1125 405 1152 462 0.00 0.00 0.00 0.00 0.00 0.00 0.00
pedestrian 0.00 0 0.00 1148 385 1177 447 0.00 0.00 0.00 0.00 0.00 0.00 0.00
pedestrian 0.00 0 0.00 1166 406 1206 464 0.00 0.00 0.00 0.00 0.00 0.00 0.00
pedestrian 0.00 0 0.00 1211 407 1257 476 0.00 0.00 0.00 0.00 0.00 0.00 0.00
pedestrian 0.00 0 0.00 1181 538 1211 609 0.00 0.00 0.00 0.00 0.00 0.00 0.00
pedestrian 0.00 0 0.00 1115 626 1157 699 0.00 0.00 0.00 0.00 0.00 0.00 0.00
pedestrian 0.00 0 0.00 1253 534 1292 600 0.00 0.00 0.00 0.00 0.00 0.00 0.00
pedestrian 0.00 0 0.00 183 165 204 205 0.00 0.00 0.00 0.00 0.00 0.00 0.00
pedestrian 0.00 0 0.00 196 171 210 198 0.00 0.00 0.00 0.00 0.00 0.00 0.00
pedestrian 0.00 0 0.00 257 141 270 174 0.00 0.00 0.00 0.00 0.00 0.00 0.00
pedestrian 0.00 0 0.00 272 141 294 184 0.00 0.00 0.00 0.00 0.00 0.00 0.00
pedestrian 0.00 0 0.00 270 134 288 175 0.00 0.00 0.00 0.00 0.00 0.00 0.00
pedestrian 0.00 0 0.00 287 149 302 193 0.00 0.00 0.00 0.00 0.00 0.00 0.00
pedestrian 0.00 0 0.00 293 146 308 188 0.00 0.00 0.00 0.00 0.00 0.00 0.00
tricycle 0.00 0 0.00 617 183 690 233 0.00 0.00 0.00 0.00 0.00 0.00 0.00
pedestrian 0.00 0 0.00 363 115 382 157 0.00 0.00 0.00 0.00 0.00 0.00 0.00
awning-tricycle 0.00 0 0.00 355 78 442 148 0.00 0.00 0.00 0.00 0.00 0.00 0.00
pedestrian 0.00 0 0.00 589 148 602 183 0.00 0.00 0.00 0.00 0.00 0.00 0.00
pedestrian 0.00 0 0.00 609 134 621 162 0.00 0.00 0.00 0.00 0.00 0.00 0.00
pedestrian 0.00 0 0.00 609 147 621 186 0.00 0.00 0.00 0.00 0.00 0.00 0.00
people 0.00 0 0.00 608 145 615 164 0.00 0.00 0.00 0.00 0.00 0.00 0.00
