people 0.00 0 0.00 1149 4 1158 17 0.00 0.00 0.00 0.00 0.00 0.00 0.00
pedestrian 0.00 0 0.00 997 93 1014 124 0.00 0.00 0.00 0.00 0.00 0.00 0.00
pedestrian 0.00 0 0.00 456 44 464 69 0.00 0.00 0.00 0.00 0.00 0.00 0.00
pedestrian 0.00 0 0.00 469 41 477 67 0.00 0.00 0.00 0.00 0.00 0.00 0.00
pedestrian 0.00 0 0.00 355 101 365 129 0.00 0.00 0.00 0.00 0.00 0.00 0.00
pedestrian 0.00 0 0.00 372 99 385 128 0.00 0.00 0.00 0.00 0.00 0.00 0.00
pedestrian 0.00 0 0.00 49 99 66 130 0.00 0.00 0.00 0.00 0.00 0.00 0.00
pedestrian 0.00 0 0.00 116 56 126 80 0.00 0.00 0.00 0.00 0.00 0.00 0.00
truck 0.00 0 0.00 0 98 51 158 0.00 0.00 0.00 0.00 0.00 0.00 0.00
people 0.00 0 0.00 7 73 19 102 0.00 0.00 0.00 0.00 0.00 0.00 0.00
pedestrian 0.00 0 0.00 30 83 45 116 0.00 0.00 0.00 0.00 0.00 0.00 0.00
motor 0.00 0 0.00 11 50 28 65 0.00 0.00 0.00 0.00 0.00 0.00 0.00
pedestrian 0.00 0 0.00 24 67 34 89 0.00 0.00 0.00 0.00 0.00 0.00 0.00
pedestrian 0.00 0 0.00 31 61 42 89 0.00 0.00 0.00 0.00 0.00 0.00 0.00
pedestrian 0.00 0 0.00 37 58 51 87 0.00 0.00 0.00 0.00 0.00 0.00 0.00
pedestrian 0.00 0 0.00 43 57 55 84 0.00 0.00 0.00 0.00 0.00 0.00 0.00
pedestrian 0.00 0 0.00 32 54 42 84 0.00 0.00 0.00 0.00 0.00 0.00 0.00
truck 0.00 0 0.00 78 3 128 52 0.00 0.00 0.00 0.00 0.00 0.00 0.00
truck 0.00 0 0.00 114 28 216 65 0.00 0.00 0.00 0.00 0.00 0.00 0.00
truck 0.00 0 0.00 130 55 242 93 0.00 0.00 0.00 0.00 0.00 0.00 0.00
truck 0.00 0 0.00 136 70 249 113 0.00 0.00 0.00 0.00 0.00 0.00 0.00
truck 0.00 0 0.00 165 125 340 185 0.00 0.00 0.00 0.00 0.00 0.00 0.00
truck 0.00 0 0.00 171 71 312 149 0.00 0.00 0.00 0.00 0.00 0.00 0.00
truck 0.00 0 0.00 161 194 322 281 0.00 0.00 0.00 0.00 0.00 0.00 0.00
truck 0.00 0 0.00 1 255 89 359 0.00 0.00 0.00 0.00 0.00 0.00 0.00
truck 0.00 0 0.00 66 210 169 317 0.00 0.00 0.00 0.00 0.00 0.00 0.00
pedestrian 0.00 0 0.00 128 349 153 395 0.00 0.00 0.00 0.00 0.00 0.00 0.00
truck 0.00 0 0.00 66 378 175 526 0.00 0.00 0.00 0.00 0.00 0.00 0.00
pedestrian 0.00 0 0.00 90 539 116 590 0.00 0.00 0.00 0.00 0.00 0.00 0.00
car 0.00 0 0.00 62 584 157 722 0.00 0.00 0.00 0.00 0.00 0.00 0.00
people 0.00 0 0.00 0 694 23 744 0.00 0.00 0.00 0.00 0.00 0.00 0.00
motor 0.00 0 0.00 0 695 24 762 0.00 0.00 0.00 0.00 0.00 0.00 0.00
truck 0.00 0 0.00 488 704 671 765 0.00 0.00 0.00 0.00 0.00 0.00 0.00
pedestrian 0.00 0 0.00 197 597 224 652 0.00 0.00 0.00 0.00 0.00 0.00 0.00
pedestrian 0.00 0 0.00 223 586 253 644 0.00 0.00 0.00 0.00 0.00 0.00 0.00
pedestrian 0.00 0 0.00 254 575 282 631 0.00 0.00 0.00 0.00 0.00 0.00 0.00
truck 0.00 0 0.00 341 587 608 755 0.00 0.00 0.00 0.00 0.00 0.00 0.00
truck 0.00 0 0.00 224 526 477 715 0.00 0.00 0.00 0.00 0.00 0.00 0.00
truck 0.00 0 0.00 194 400 377 477 0.00 0.00 0.00 0.00 0.00 0.00 0.00
truck 0.00 0 0.00 451 331 595 460 0.00 0.00 0.00 0.00 0.00 0.00 0.00
truck 0.00 0 0.00 246 287 450 388 0.00 0.00 0.00 0.00 0.00 0.00 0.00
truck 0.00 0 0.00 386 193 503 305 0.00 0.00 0.00 0.00 0.00 0.00 0.00
truck 0.00 0 0.00 612 65 705 111 0.00 0.00 0.00 0.00 0.00 0.00 0.00
truck 0.00 0 0.00 483 49 546 122 0.00 0.00 0.00 0.00 0.00 0.00 0.00
truck 0.00 0 0.00 524 19 615 59 0.00 0.00 0.00 0.00 0.00 0.00 0.00
truck 0.00 0 0.00 384 107 495 162 0.00 0.00 0.00 0.00 0.00 0.00 0.00
truck 0.00 0 0.00 398 127 557 200 0.00 0.00 0.00 0.00 0.00 0.00 0.00
truck 0.00 0 0.00 258 3 292 26 0.00 0.00 0.00 0.00 0.00 0.00 0.00
truck 0.00 0 0.00 1282 232 1360 317 0.00 0.00 0.00 0.00 0.00 0.00 0.00
truck 0.00 0 0.00 1162 88 1360 219 0.00 0.00 0.00 0.00 0.00 0.00 0.00
van 0.00 0 0.00 1046 0 1104 34 0.00 0.00 0.00 0.00 0.00 0.00 0.00
