truck 0.00 0 0.00 847 324 938 438 0.00 0.00 0.00 0.00 0.00 0.00 0.00
truck 0.00 0 0.00 689 198 714 220 0.00 0.00 0.00 0.00 0.00 0.00 0.00
truck 0.00 0 0.00 724 206 744 229 0.00 0.00 0.00 0.00 0.00 0.00 0.00
truck 0.00 0 0.00 96 293 223 339 0.00 0.00 0.00 0.00 0.00 0.00 0.00
van 0.00 0 0.00 123 267 158 288 0.00 0.00 0.00 0.00 0.00 0.00 0.00
truck 0.00 0 0.00 102 294 223 333 0.00 0.00 0.00 0.00 0.00 0.00 0.00
car 0.00 0 0.00 208 289 264 308 0.00 0.00 0.00 0.00 0.00 0.00 0.00
car 0.00 0 0.00 246 272 300 289 0.00 0.00 0.00 0.00 0.00 0.00 0.00
car 0.00 0 0.00 685 259 704 277 0.00 0.00 0.00 0.00 0.00 0.00 0.00
truck 0.00 0 0.00 620 203 631 214 0.00 0.00 0.00 0.00 0.00 0.00 0.00
car 0.00 0 0.00 630 186 641 194 0.00 0.00 0.00 0.00 0.00 0.00 0.00
car 0.00 0 0.00 609 181 617 189 0.00 0.00 0.00 0.00 0.00 0.00 0.00
van 0.00 0 0.00 618 182 627 191 0.00 0.00 0.00 0.00 0.00 0.00 0.00
car 0.00 0 0.00 624 179 633 188 0.00 0.00 0.00 0.00 0.00 0.00 0.00
truck 0.00 0 0.00 703 179 719 202 0.00 0.00 0.00 0.00 0.00 0.00 0.00
van 0.00 0 0.00 950 274 972 296 0.00 0.00 0.00 0.00 0.00 0.00 0.00
car 0.00 0 0.00 901 282 926 299 0.00 0.00 0.00 0.00 0.00 0.00 0.00
car 0.00 0 0.00 925 248 944 262 0.00 0.00 0.00 0.00 0.00 0.00 0.00
car 0.00 0 0.00 880 270 900 287 0.00 0.00 0.00 0.00 0.00 0.00 0.00
car 0.00 0 0.00 870 261 892 276 0.00 0.00 0.00 0.00 0.00 0.00 0.00
car 0.00 0 0.00 858 256 880 269 0.00 0.00 0.00 0.00 0.00 0.00 0.00
car 0.00 0 0.00 850 248 869 261 0.00 0.00 0.00 0.00 0.00 0.00 0.00
car 0.00 0 0.00 910 271 931 285 0.00 0.00 0.00 0.00 0.00 0.00 0.00
car 0.00 0 0.00 896 262 915 277 0.00 0.00 0.00 0.00 0.00 0.00 0.00
car 0.00 0 0.00 886 255 905 267 0.00 0.00 0.00 0.00 0.00 0.00 0.00
car 0.00 0 0.00 916 260 935 272 0.00 0.00 0.00 0.00 0.00 0.00 0.00
car 0.00 0 0.00 901 249 920 262 0.00 0.00 0.00 0.00 0.00 0.00 0.00
car 0.00 0 0.00 773 211 786 221 0.00 0.00 0.00 0.00 0.00 0.00 0.00
car 0.00 0 0.00 841 241 859 254 0.00 0.00 0.00 0.00 0.00 0.00 0.00
car 0.00 0 0.00 834 232 853 245 0.00 0.00 0.00 0.00 0.00 0.00 0.00
car 0.00 0 0.00 827 227 846 240 0.00 0.00 0.00 0.00 0.00 0.00 0.00
van 0.00 0 0.00 821 220 840 236 0.00 0.00 0.00 0.00 0.00 0.00 0.00
car 0.00 0 0.00 815 217 834 229 0.00 0.00 0.00 0.00 0.00 0.00 0.00
van 0.00 0 0.00 800 210 813 220 0.00 0.00 0.00 0.00 0.00 0.00 0.00
car 0.00 0 0.00 889 254 907 266 0.00 0.00 0.00 0.00 0.00 0.00 0.00
car 0.00 0 0.00 874 249 892 260 0.00 0.00 0.00 0.00 0.00 0.00 0.00
car 0.00 0 0.00 867 242 884 253 0.00 0.00 0.00 0.00 0.00 0.00 0.00
car 0.00 0 0.00 858 237 876 248 0.00 0.00 0.00 0.00 0.00 0.00 0.00
car 0.00 0 0.00 851 232 869 243 0.00 0.00 0.00 0.00 0.00 0.00 0.00
car 0.00 0 0.00 844 225 861 236 0.00 0.00 0.00 0.00 0.00 0.00 0.00
car 0.00 0 0.00 832 219 850 230 0.00 0.00 0.00 0.00 0.00 0.00 0.00
car 0.00 0 0.00 891 244 908 255 0.00 0.00 0.00 0.00 0.00 0.00 0.00
car 0.00 0 0.00 883 239 900 250 0.00 0.00 0.00 0.00 0.00 0.00 0.00
car 0.00 0 0.00 874 233 890 244 0.00 0.00 0.00 0.00 0.00 0.00 0.00
car 0.00 0 0.00 868 229 885 239 0.00 0.00 0.00 0.00 0.00 0.00 0.00
car 0.00 0 0.00 861 225 878 236 0.00 0.00 0.00 0.00 0.00 0.00 0.00
car 0.00 0 0.00 843 217 859 228 0.00 0.00 0.00 0.00 0.00 0.00 0.00
car 0.00 0 0.00 817 213 831 219 0.00 0.00 0.00 0.00 0.00 0.00 0.00
car 0.00 0 0.00 812 210 826 216 0.00 0.00 0.00 0.00 0.00 0.00 0.00
van 0.00 0 0.00 833 210 849 221 0.00 0.00 0.00 0.00 0.00 0.00 0.00
van 0.00 0 0.00 899 231 915 243 0.00 0.00 0.00 0.00 0.00 0.00 0.00
van 0.00 0 0.00 890 228 906 239 0.00 0.00 0.00 0.00 0.00 0.00 0.00
van 0.00 0 0.00 910 223 923 233 0.00 0.00 0.00 0.00 0.00 0.00 0.00
van 0.00 0 0.00 886 221 899 230 0.00 0.00 0.00 0.00 0.00 0.00 0.00
truck 0.00 0 0.00 913 231 938 252 0.00 0.00 0.00 0.00 0.00 0.00 0.00
truck 0.00 0 0.00 925 214 954 247 0.00 0.00 0.00 0.00 0.00 0.00 0.00
truck 0.00 0 0.00 965 224 990 253 0.00 0.00 0.00 0.00 0.00 0.00 0.00
truck 0.00 0 0.00 945 212 973 243 0.00 0.00 0.00 0.00 0.00 0.00 0.00
truck 0.00 0 0.00 921 198 951 219 0.00 0.00 0.00 0.00 0.00 0.00 0.00
truck 0.00 0 0.00 907 196 919 211 0.00 0.00 0.00 0.00 0.00 0.00 0.00
truck 0.00 0 0.00 890 192 902 207 0.00 0.00 0.00 0.00 0.00 0.00 0.00
truck 0.00 0 0.00 862 190 880 205 0.00 0.00 0.00 0.00 0.00 0.00 0.00
truck 0.00 0 0.00 839 188 858 207 0.00 0.00 0.00 0.00 0.00 0.00 0.00
truck 0.00 0 0.00 857 203 895 226 0.00 0.00 0.00 0.00 0.00 0.00 0.00
car 0.00 0 0.00 636 176 646 183 0.00 0.00 0.00 0.00 0.00 0.00 0.00
car 0.00 0 0.00 650 174 660 181 0.00 0.00 0.00 0.00 0.00 0.00 0.00
car 0.00 0 0.00 725 186 735 194 0.00 0.00 0.00 0.00 0.00 0.00 0.00
