truck 0.00 0 0.00 411 132 476 163 0.00 0.00 0.00 0.00 0.00 0.00 0.00
truck 0.00 0 0.00 376 146 429 169 0.00 0.00 0.00 0.00 0.00 0.00 0.00
truck 0.00 0 0.00 369 146 419 172 0.00 0.00 0.00 0.00 0.00 0.00 0.00
car 0.00 0 0.00 332 156 373 173 0.00 0.00 0.00 0.00 0.00 0.00 0.00
car 0.00 0 0.00 317 157 357 175 0.00 0.00 0.00 0.00 0.00 0.00 0.00
truck 0.00 0 0.00 289 149 346 177 0.00 0.00 0.00 0.00 0.00 0.00 0.00
car 0.00 0 0.00 994 207 1019 227 0.00 0.00 0.00 0.00 0.00 0.00 0.00
car 0.00 0 0.00 1028 226 1054 251 0.00 0.00 0.00 0.00 0.00 0.00 0.00
truck 0.00 0 0.00 942 147 967 181 0.00 0.00 0.00 0.00 0.00 0.00 0.00
truck 0.00 0 0.00 927 178 956 206 0.00 0.00 0.00 0.00 0.00 0.00 0.00
car 0.00 0 0.00 926 195 950 214 0.00 0.00 0.00 0.00 0.00 0.00 0.00
truck 0.00 0 0.00 897 218 935 254 0.00 0.00 0.00 0.00 0.00 0.00 0.00
truck 0.00 0 0.00 885 235 927 271 0.00 0.00 0.00 0.00 0.00 0.00 0.00
pedestrian 0.00 0 0.00 1037 156 1043 171 0.00 0.00 0.00 0.00 0.00 0.00 0.00
truck 0.00 0 0.00 810 319 875 418 0.00 0.00 0.00 0.00 0.00 0.00 0.00
truck 0.00 0 0.00 701 433 803 581 0.00 0.00 0.00 0.00 0.00 0.00 0.00
truck 0.00 0 0.00 740 398 834 505 0.00 0.00 0.00 0.00 0.00 0.00 0.00
tricycle 0.00 0 0.00 1072 534 1124 607 0.00 0.00 0.00 0.00 0.00 0.00 0.00
pedestrian 0.00 0 0.00 798 529 822 582 0.00 0.00 0.00 0.00 0.00 0.00 0.00
pedestrian 0.00 0 0.00 744 604 777 676 0.00 0.00 0.00 0.00 0.00 0.00 0.00
bicycle 0.00 0 0.00 743 636 770 688 0.00 0.00 0.00 0.00 0.00 0.00 0.00
car 0.00 0 0.00 580 706 716 849 0.00 0.00 0.00 0.00 0.00 0.00 0.00
van 0.00 0 0.00 386 824 596 1078 0.00 0.00 0.00 0.00 0.00 0.00 0.00
people 0.00 0 0.00 1321 832 1354 905 0.00 0.00 0.00 0.00 0.00 0.00 0.00
