car 0.00 0 0.00 474 204 483 212 0.00 0.00 0.00 0.00 0.00 0.00 0.00
people 0.00 0 0.00 498 213 503 220 0.00 0.00 0.00 0.00 0.00 0.00 0.00
motor 0.00 0 0.00 498 216 503 221 0.00 0.00 0.00 0.00 0.00 0.00 0.00
awning-tricycle 0.00 0 0.00 487 214 495 222 0.00 0.00 0.00 0.00 0.00 0.00 0.00
people 0.00 0 0.00 489 213 493 219 0.00 0.00 0.00 0.00 0.00 0.00 0.00
car 0.00 0 0.00 438 211 451 222 0.00 0.00 0.00 0.00 0.00 0.00 0.00
car 0.00 0 0.00 436 222 448 232 0.00 0.00 0.00 0.00 0.00 0.00 0.00
car 0.00 0 0.00 429 234 442 245 0.00 0.00 0.00 0.00 0.00 0.00 0.00
people 0.00 0 0.00 451 222 456 228 0.00 0.00 0.00 0.00 0.00 0.00 0.00
motor 0.00 0 0.00 452 224 456 229 0.00 0.00 0.00 0.00 0.00 0.00 0.00
people 0.00 0 0.00 454 230 458 236 0.00 0.00 0.00 0.00 0.00 0.00 0.00
bicycle 0.00 0 0.00 455 235 458 238 0.00 0.00 0.00 0.00 0.00 0.00 0.00
awning-tricycle 0.00 0 0.00 439 247 446 254 0.00 0.00 0.00 0.00 0.00 0.00 0.00
people 0.00 0 0.00 441 244 445 251 0.00 0.00 0.00 0.00 0.00 0.00 0.00
car 0.00 0 0.00 512 247 528 263 0.00 0.00 0.00 0.00 0.00 0.00 0.00
people 0.00 0 0.00 459 256 466 263 0.00 0.00 0.00 0.00 0.00 0.00 0.00
motor 0.00 0 0.00 460 258 466 267 0.00 0.00 0.00 0.00 0.00 0.00 0.00
car 0.00 0 0.00 519 270 535 287 0.00 0.00 0.00 0.00 0.00 0.00 0.00
car 0.00 0 0.00 516 262 533 277 0.00 0.00 0.00 0.00 0.00 0.00 0.00
people 0.00 0 0.00 490 276 497 285 0.00 0.00 0.00 0.00 0.00 0.00 0.00
motor 0.00 0 0.00 490 280 497 290 0.00 0.00 0.00 0.00 0.00 0.00 0.00
awning-tricycle 0.00 0 0.00 335 331 364 354 0.00 0.00 0.00 0.00 0.00 0.00 0.00
pedestrian 0.00 0 0.00 351 349 358 369 0.00 0.00 0.00 0.00 0.00 0.00 0.00
motor 0.00 0 0.00 154 452 184 481 0.00 0.00 0.00 0.00 0.00 0.00 0.00
motor 0.00 0 0.00 182 423 212 442 0.00 0.00 0.00 0.00 0.00 0.00 0.00
bicycle 0.00 0 0.00 134 454 159 475 0.00 0.00 0.00 0.00 0.00 0.00 0.00
pedestrian 0.00 0 0.00 324 423 332 451 0.00 0.00 0.00 0.00 0.00 0.00 0.00
motor 0.00 0 0.00 365 355 376 370 0.00 0.00 0.00 0.00 0.00 0.00 0.00
car 0.00 0 0.00 526 294 561 338 0.00 0.00 0.00 0.00 0.00 0.00 0.00
car 0.00 0 0.00 496 470 543 524 0.00 0.00 0.00 0.00 0.00 0.00 0.00
car 0.00 0 0.00 574 458 619 506 0.00 0.00 0.00 0.00 0.00 0.00 0.00
people 0.00 0 0.00 392 364 401 386 0.00 0.00 0.00 0.00 0.00 0.00 0.00
people 0.00 0 0.00 394 365 401 382 0.00 0.00 0.00 0.00 0.00 0.00 0.00
motor 0.00 0 0.00 393 371 401 390 0.00 0.00 0.00 0.00 0.00 0.00 0.00
people 0.00 0 0.00 462 371 472 392 0.00 0.00 0.00 0.00 0.00 0.00 0.00
motor 0.00 0 0.00 462 376 472 397 0.00 0.00 0.00 0.00 0.00 0.00 0.00
people 0.00 0 0.00 506 363 514 378 0.00 0.00 0.00 0.00 0.00 0.00 0.00
people 0.00 0 0.00 504 362 514 378 0.00 0.00 0.00 0.00 0.00 0.00 0.00
motor 0.00 0 0.00 504 366 514 384 0.00 0.00 0.00 0.00 0.00 0.00 0.00
motor 0.00 0 0.00 558 412 571 434 0.00 0.00 0.00 0.00 0.00 0.00 0.00
