truck 0.00 0 0.00 771 402 884 452 0.00 0.00 0.00 0.00 0.00 0.00 0.00
truck 0.00 0 0.00 550 302 603 355 0.00 0.00 0.00 0.00 0.00 0.00 0.00
truck 0.00 0 0.00 470 187 490 216 0.00 0.00 0.00 0.00 0.00 0.00 0.00
truck 0.00 0 0.00 430 174 447 200 0.00 0.00 0.00 0.00 0.00 0.00 0.00
truck 0.00 0 0.00 458 172 471 192 0.00 0.00 0.00 0.00 0.00 0.00 0.00
car 0.00 0 0.00 20 373 63 395 0.00 0.00 0.00 0.00 0.00 0.00 0.00
car 0.00 0 0.00 80 364 116 388 0.00 0.00 0.00 0.00 0.00 0.00 0.00
car 0.00 0 0.00 336 308 355 329 0.00 0.00 0.00 0.00 0.00 0.00 0.00
car 0.00 0 0.00 702 328 728 345 0.00 0.00 0.00 0.00 0.00 0.00 0.00
car 0.00 0 0.00 710 310 741 325 0.00 0.00 0.00 0.00 0.00 0.00 0.00
car 0.00 0 0.00 672 306 705 320 0.00 0.00 0.00 0.00 0.00 0.00 0.00
car 0.00 0 0.00 630 269 662 282 0.00 0.00 0.00 0.00 0.00 0.00 0.00
car 0.00 0 0.00 564 279 581 291 0.00 0.00 0.00 0.00 0.00 0.00 0.00
car 0.00 0 0.00 583 267 596 278 0.00 0.00 0.00 0.00 0.00 0.00 0.00
car 0.00 0 0.00 559 270 574 282 0.00 0.00 0.00 0.00 0.00 0.00 0.00
car 0.00 0 0.00 547 262 563 274 0.00 0.00 0.00 0.00 0.00 0.00 0.00
pedestrian 0.00 0 0.00 605 289 611 303 0.00 0.00 0.00 0.00 0.00 0.00 0.00
pedestrian 0.00 0 0.00 612 289 617 303 0.00 0.00 0.00 0.00 0.00 0.00 0.00
pedestrian 0.00 0 0.00 652 291 657 304 0.00 0.00 0.00 0.00 0.00 0.00 0.00
pedestrian 0.00 0 0.00 664 289 667 303 0.00 0.00 0.00 0.00 0.00 0.00 0.00
pedestrian 0.00 0 0.00 656 291 659 304 0.00 0.00 0.00 0.00 0.00 0.00 0.00
pedestrian 0.00 0 0.00 658 290 662 302 0.00 0.00 0.00 0.00 0.00 0.00 0.00
pedestrian 0.00 0 0.00 647 306 653 321 0.00 0.00 0.00 0.00 0.00 0.00 0.00
pedestrian 0.00 0 0.00 659 307 664 321 0.00 0.00 0.00 0.00 0.00 0.00 0.00
van 0.00 0 0.00 678 295 709 311 0.00 0.00 0.00 0.00 0.00 0.00 0.00
car 0.00 0 0.00 685 293 715 306 0.00 0.00 0.00 0.00 0.00 0.00 0.00
car 0.00 0 0.00 621 253 635 265 0.00 0.00 0.00 0.00 0.00 0.00 0.00
car 0.00 0 0.00 645 253 659 264 0.00 0.00 0.00 0.00 0.00 0.00 0.00
car 0.00 0 0.00 649 248 666 259 0.00 0.00 0.00 0.00 0.00 0.00 0.00
car 0.00 0 0.00 659 228 674 238 0.00 0.00 0.00 0.00 0.00 0.00 0.00
car 0.00 0 0.00 542 241 559 253 0.00 0.00 0.00 0.00 0.00 0.00 0.00
car 0.00 0 0.00 524 234 539 244 0.00 0.00 0.00 0.00 0.00 0.00 0.00
car 0.00 0 0.00 541 232 555 243 0.00 0.00 0.00 0.00 0.00 0.00 0.00
car 0.00 0 0.00 461 226 472 237 0.00 0.00 0.00 0.00 0.00 0.00 0.00
car 0.00 0 0.00 552 208 562 218 0.00 0.00 0.00 0.00 0.00 0.00 0.00
truck 0.00 0 0.00 557 180 585 209 0.00 0.00 0.00 0.00 0.00 0.00 0.00
car 0.00 0 0.00 497 197 507 205 0.00 0.00 0.00 0.00 0.00 0.00 0.00
car 0.00 0 0.00 453 194 463 204 0.00 0.00 0.00 0.00 0.00 0.00 0.00
car 0.00 0 0.00 440 203 451 212 0.00 0.00 0.00 0.00 0.00 0.00 0.00
car 0.00 0 0.00 417 194 426 204 0.00 0.00 0.00 0.00 0.00 0.00 0.00
car 0.00 0 0.00 399 186 408 197 0.00 0.00 0.00 0.00 0.00 0.00 0.00
car 0.00 0 0.00 304 170 313 177 0.00 0.00 0.00 0.00 0.00 0.00 0.00
truck 0.00 0 0.00 941 662 1059 762 0.00 0.00 0.00 0.00 0.00 0.00 0.00
car 0.00 0 0.00 734 702 806 765 0.00 0.00 0.00 0.00 0.00 0.00 0.00
