pedestrian 0.00 0 0.00 851 313 864 337 0.00 0.00 0.00 0.00 0.00 0.00 0.00
pedestrian 0.00 0 0.00 745 218 753 234 0.00 0.00 0.00 0.00 0.00 0.00 0.00
pedestrian 0.00 0 0.00 752 215 760 233 0.00 0.00 0.00 0.00 0.00 0.00 0.00
pedestrian 0.00 0 0.00 695 159 702 176 0.00 0.00 0.00 0.00 0.00 0.00 0.00
pedestrian 0.00 0 0.00 131 212 142 233 0.00 0.00 0.00 0.00 0.00 0.00 0.00
bicycle 0.00 0 0.00 186 202 203 217 0.00 0.00 0.00 0.00 0.00 0.00 0.00
pedestrian 0.00 0 0.00 224 165 229 177 0.00 0.00 0.00 0.00 0.00 0.00 0.00
pedestrian 0.00 0 0.00 279 190 288 207 0.00 0.00 0.00 0.00 0.00 0.00 0.00
pedestrian 0.00 0 0.00 307 248 316 270 0.00 0.00 0.00 0.00 0.00 0.00 0.00
pedestrian 0.00 0 0.00 522 0 525 5 0.00 0.00 0.00 0.00 0.00 0.00 0.00
