bus 0.00 0 0.00 747 274 771 298 0.00 0.00 0.00 0.00 0.00 0.00 0.00
car 0.00 0 0.00 701 305 718 321 0.00 0.00 0.00 0.00 0.00 0.00 0.00
car 0.00 0 0.00 860 282 875 293 0.00 0.00 0.00 0.00 0.00 0.00 0.00
bus 0.00 0 0.00 882 273 899 297 0.00 0.00 0.00 0.00 0.00 0.00 0.00
car 0.00 0 0.00 873 288 884 299 0.00 0.00 0.00 0.00 0.00 0.00 0.00
car 0.00 0 0.00 850 284 862 294 0.00 0.00 0.00 0.00 0.00 0.00 0.00
car 0.00 0 0.00 849 291 860 301 0.00 0.00 0.00 0.00 0.00 0.00 0.00
car 0.00 0 0.00 863 291 876 302 0.00 0.00 0.00 0.00 0.00 0.00 0.00
car 0.00 0 0.00 864 297 877 309 0.00 0.00 0.00 0.00 0.00 0.00 0.00
car 0.00 0 0.00 863 304 876 316 0.00 0.00 0.00 0.00 0.00 0.00 0.00
car 0.00 0 0.00 845 303 858 314 0.00 0.00 0.00 0.00 0.00 0.00 0.00
car 0.00 0 0.00 827 301 841 312 0.00 0.00 0.00 0.00 0.00 0.00 0.00
car 0.00 0 0.00 841 314 856 328 0.00 0.00 0.00 0.00 0.00 0.00 0.00
car 0.00 0 0.00 860 312 874 325 0.00 0.00 0.00 0.00 0.00 0.00 0.00
car 0.00 0 0.00 860 321 874 334 0.00 0.00 0.00 0.00 0.00 0.00 0.00
car 0.00 0 0.00 841 324 855 337 0.00 0.00 0.00 0.00 0.00 0.00 0.00
car 0.00 0 0.00 839 332 855 345 0.00 0.00 0.00 0.00 0.00 0.00 0.00
car 0.00 0 0.00 853 344 871 361 0.00 0.00 0.00 0.00 0.00 0.00 0.00
car 0.00 0 0.00 833 354 852 371 0.00 0.00 0.00 0.00 0.00 0.00 0.00
car 0.00 0 0.00 887 372 909 391 0.00 0.00 0.00 0.00 0.00 0.00 0.00
car 0.00 0 0.00 859 370 878 389 0.00 0.00 0.00 0.00 0.00 0.00 0.00
car 0.00 0 0.00 862 394 886 416 0.00 0.00 0.00 0.00 0.00 0.00 0.00
car 0.00 0 0.00 899 399 920 420 0.00 0.00 0.00 0.00 0.00 0.00 0.00
car 0.00 0 0.00 897 424 923 448 0.00 0.00 0.00 0.00 0.00 0.00 0.00
car 0.00 0 0.00 837 424 863 446 0.00 0.00 0.00 0.00 0.00 0.00 0.00
car 0.00 0 0.00 838 464 868 491 0.00 0.00 0.00 0.00 0.00 0.00 0.00
car 0.00 0 0.00 872 469 906 502 0.00 0.00 0.00 0.00 0.00 0.00 0.00
car 0.00 0 0.00 834 497 866 527 0.00 0.00 0.00 0.00 0.00 0.00 0.00
car 0.00 0 0.00 905 451 935 478 0.00 0.00 0.00 0.00 0.00 0.00 0.00
bus 0.00 0 0.00 941 429 996 500 0.00 0.00 0.00 0.00 0.00 0.00 0.00
car 0.00 0 0.00 916 491 949 519 0.00 0.00 0.00 0.00 0.00 0.00 0.00
car 0.00 0 0.00 932 525 969 560 0.00 0.00 0.00 0.00 0.00 0.00 0.00
car 0.00 0 0.00 824 543 863 578 0.00 0.00 0.00 0.00 0.00 0.00 0.00
van 0.00 0 0.00 881 559 924 603 0.00 0.00 0.00 0.00 0.00 0.00 0.00
car 0.00 0 0.00 832 602 877 645 0.00 0.00 0.00 0.00 0.00 0.00 0.00
car 0.00 0 0.00 896 694 949 748 0.00 0.00 0.00 0.00 0.00 0.00 0.00
car 0.00 0 0.00 972 725 1029 780 0.00 0.00 0.00 0.00 0.00 0.00 0.00
car 0.00 0 0.00 864 800 929 877 0.00 0.00 0.00 0.00 0.00 0.00 0.00
car 0.00 0 0.00 925 907 1004 1004 0.00 0.00 0.00 0.00 0.00 0.00 0.00
car 0.00 0 0.00 1022 896 1104 991 0.00 0.00 0.00 0.00 0.00 0.00 0.00
car 0.00 0 0.00 824 999 905 1080 0.00 0.00 0.00 0.00 0.00 0.00 0.00
car 0.00 0 0.00 827 693 880 749 0.00 0.00 0.00 0.00 0.00 0.00 0.00
car 0.00 0 0.00 782 282 794 292 0.00 0.00 0.00 0.00 0.00 0.00 0.00
car 0.00 0 0.00 796 285 808 294 0.00 0.00 0.00 0.00 0.00 0.00 0.00
car 0.00 0 0.00 811 284 824 295 0.00 0.00 0.00 0.00 0.00 0.00 0.00
car 0.00 0 0.00 793 290 803 300 0.00 0.00 0.00 0.00 0.00 0.00 0.00
car 0.00 0 0.00 784 297 798 308 0.00 0.00 0.00 0.00 0.00 0.00 0.00
car 0.00 0 0.00 800 298 812 310 0.00 0.00 0.00 0.00 0.00 0.00 0.00
car 0.00 0 0.00 761 303 774 316 0.00 0.00 0.00 0.00 0.00 0.00 0.00
car 0.00 0 0.00 755 311 770 322 0.00 0.00 0.00 0.00 0.00 0.00 0.00
car 0.00 0 0.00 777 312 791 325 0.00 0.00 0.00 0.00 0.00 0.00 0.00
car 0.00 0 0.00 778 335 795 350 0.00 0.00 0.00 0.00 0.00 0.00 0.00
car 0.00 0 0.00 751 345 768 361 0.00 0.00 0.00 0.00 0.00 0.00 0.00
bus 0.00 0 0.00 804 359 844 408 0.00 0.00 0.00 0.00 0.00 0.00 0.00
car 0.00 0 0.00 695 401 719 424 0.00 0.00 0.00 0.00 0.00 0.00 0.00
car 0.00 0 0.00 707 420 733 445 0.00 0.00 0.00 0.00 0.00 0.00 0.00
car 0.00 0 0.00 739 425 764 452 0.00 0.00 0.00 0.00 0.00 0.00 0.00
car 0.00 0 0.00 670 508 707 545 0.00 0.00 0.00 0.00 0.00 0.00 0.00
car 0.00 0 0.00 599 619 654 675 0.00 0.00 0.00 0.00 0.00 0.00 0.00
car 0.00 0 0.00 0 318 24 334 0.00 0.00 0.00 0.00 0.00 0.00 0.00
car 0.00 0 0.00 17 366 67 386 0.00 0.00 0.00 0.00 0.00 0.00 0.00
car 0.00 0 0.00 0 366 39 383 0.00 0.00 0.00 0.00 0.00 0.00 0.00
van 0.00 0 0.00 52 371 91 397 0.00 0.00 0.00 0.00 0.00 0.00 0.00
car 0.00 0 0.00 107 377 158 397 0.00 0.00 0.00 0.00 0.00 0.00 0.00
car 0.00 0 0.00 94 372 136 394 0.00 0.00 0.00 0.00 0.00 0.00 0.00
car 0.00 0 0.00 76 372 119 392 0.00 0.00 0.00 0.00 0.00 0.00 0.00
car 0.00 0 0.00 127 361 180 383 0.00 0.00 0.00 0.00 0.00 0.00 0.00
car 0.00 0 0.00 109 359 161 379 0.00 0.00 0.00 0.00 0.00 0.00 0.00
car 0.00 0 0.00 77 329 106 343 0.00 0.00 0.00 0.00 0.00 0.00 0.00
car 0.00 0 0.00 1756 540 1812 582 0.00 0.00 0.00 0.00 0.00 0.00 0.00
van 0.00 0 0.00 1711 554 1797 597 0.00 0.00 0.00 0.00 0.00 0.00 0.00
car 0.00 0 0.00 1727 572 1822 609 0.00 0.00 0.00 0.00 0.00 0.00 0.00
