bus 0.00 0 0.00 645 229 691 275 0.00 0.00 0.00 0.00 0.00 0.00 0.00
truck 0.00 0 0.00 669 267 699 303 0.00 0.00 0.00 0.00 0.00 0.00 0.00
truck 0.00 0 0.00 935 375 1055 435 0.00 0.00 0.00 0.00 0.00 0.00 0.00
truck 0.00 0 0.00 357 319 435 351 0.00 0.00 0.00 0.00 0.00 0.00 0.00
bus 0.00 0 0.00 951 457 1051 613 0.00 0.00 0.00 0.00 0.00 0.00 0.00
car 0.00 0 0.00 685 243 705 257 0.00 0.00 0.00 0.00 0.00 0.00 0.00
car 0.00 0 0.00 697 253 719 277 0.00 0.00 0.00 0.00 0.00 0.00 0.00
car 0.00 0 0.00 711 279 743 295 0.00 0.00 0.00 0.00 0.00 0.00 0.00
car 0.00 0 0.00 719 265 741 287 0.00 0.00 0.00 0.00 0.00 0.00 0.00
car 0.00 0 0.00 881 311 919 341 0.00 0.00 0.00 0.00 0.00 0.00 0.00
car 0.00 0 0.00 105 299 157 323 0.00 0.00 0.00 0.00 0.00 0.00 0.00
car 0.00 0 0.00 125 285 163 305 0.00 0.00 0.00 0.00 0.00 0.00 0.00
car 0.00 0 0.00 279 301 327 323 0.00 0.00 0.00 0.00 0.00 0.00 0.00
car 0.00 0 0.00 519 357 591 385 0.00 0.00 0.00 0.00 0.00 0.00 0.00
car 0.00 0 0.00 275 327 327 351 0.00 0.00 0.00 0.00 0.00 0.00 0.00
car 0.00 0 0.00 1039 379 1095 407 0.00 0.00 0.00 0.00 0.00 0.00 0.00
car 0.00 0 0.00 1689 451 1801 485 0.00 0.00 0.00 0.00 0.00 0.00 0.00
car 0.00 0 0.00 1293 399 1391 439 0.00 0.00 0.00 0.00 0.00 0.00 0.00
car 0.00 0 0.00 1107 413 1199 449 0.00 0.00 0.00 0.00 0.00 0.00 0.00
car 0.00 0 0.00 1353 429 1457 467 0.00 0.00 0.00 0.00 0.00 0.00 0.00
car 0.00 0 0.00 1003 425 1099 463 0.00 0.00 0.00 0.00 0.00 0.00 0.00
car 0.00 0 0.00 783 367 857 401 0.00 0.00 0.00 0.00 0.00 0.00 0.00
car 0.00 0 0.00 711 339 766 368 0.00 0.00 0.00 0.00 0.00 0.00 0.00
car 0.00 0 0.00 583 337 647 367 0.00 0.00 0.00 0.00 0.00 0.00 0.00
car 0.00 0 0.00 179 309 241 337 0.00 0.00 0.00 0.00 0.00 0.00 0.00
car 0.00 0 0.00 399 343 451 367 0.00 0.00 0.00 0.00 0.00 0.00 0.00
car 0.00 0 0.00 183 267 217 297 0.00 0.00 0.00 0.00 0.00 0.00 0.00
car 0.00 0 0.00 649 401 695 441 0.00 0.00 0.00 0.00 0.00 0.00 0.00
car 0.00 0 0.00 617 455 665 505 0.00 0.00 0.00 0.00 0.00 0.00 0.00
car 0.00 0 0.00 621 567 679 627 0.00 0.00 0.00 0.00 0.00 0.00 0.00
car 0.00 0 0.00 533 717 647 851 0.00 0.00 0.00 0.00 0.00 0.00 0.00
car 0.00 0 0.00 741 493 807 549 0.00 0.00 0.00 0.00 0.00 0.00 0.00
car 0.00 0 0.00 839 439 937 489 0.00 0.00 0.00 0.00 0.00 0.00 0.00
car 0.00 0 0.00 847 487 891 545 0.00 0.00 0.00 0.00 0.00 0.00 0.00
car 0.00 0 0.00 849 549 907 609 0.00 0.00 0.00 0.00 0.00 0.00 0.00
car 0.00 0 0.00 845 609 905 685 0.00 0.00 0.00 0.00 0.00 0.00 0.00
car 0.00 0 0.00 973 617 1031 691 0.00 0.00 0.00 0.00 0.00 0.00 0.00
car 0.00 0 0.00 999 743 1081 845 0.00 0.00 0.00 0.00 0.00 0.00 0.00
van 0.00 0 0.00 1017 869 1101 1009 0.00 0.00 0.00 0.00 0.00 0.00 0.00
people 0.00 0 0.00 491 571 505 613 0.00 0.00 0.00 0.00 0.00 0.00 0.00
people 0.00 0 0.00 297 834 325 900 0.00 0.00 0.00 0.00 0.00 0.00 0.00
awning-tricycle 0.00 0 0.00 758 319 785 350 0.00 0.00 0.00 0.00 0.00 0.00 0.00
pedestrian 0.00 0 0.00 1639 413 1653 455 0.00 0.00 0.00 0.00 0.00 0.00 0.00
pedestrian 0.00 0 0.00 1581 405 1591 437 0.00 0.00 0.00 0.00 0.00 0.00 0.00
people 0.00 0 0.00 1553 417 1565 447 0.00 0.00 0.00 0.00 0.00 0.00 0.00
motor 0.00 0 0.00 1543 429 1567 449 0.00 0.00 0.00 0.00 0.00 0.00 0.00
motor 0.00 0 0.00 489 593 503 619 0.00 0.00 0.00 0.00 0.00 0.00 0.00
motor 0.00 0 0.00 293 869 317 925 0.00 0.00 0.00 0.00 0.00 0.00 0.00
pedestrian 0.00 0 0.00 1125 533 1139 573 0.00 0.00 0.00 0.00 0.00 0.00 0.00
pedestrian 0.00 0 0.00 1137 543 1149 573 0.00 0.00 0.00 0.00 0.00 0.00 0.00
people 0.00 0 0.00 969 351 979 371 0.00 0.00 0.00 0.00 0.00 0.00 0.00
motor 0.00 0 0.00 961 363 995 375 0.00 0.00 0.00 0.00 0.00 0.00 0.00
car 0.00 0 0.00 671 195 696 213 0.00 0.00 0.00 0.00 0.00 0.00 0.00
bicycle 0.00 0 0.00 1138 556 1151 579 0.00 0.00 0.00 0.00 0.00 0.00 0.00
truck 0.00 0 0.00 613 194 641 217 0.00 0.00 0.00 0.00 0.00 0.00 0.00
people 0.00 0 0.00 622 295 631 312 0.00 0.00 0.00 0.00 0.00 0.00 0.00
people 0.00 0 0.00 608 295 618 315 0.00 0.00 0.00 0.00 0.00 0.00 0.00
bicycle 0.00 0 0.00 608 304 619 318 0.00 0.00 0.00 0.00 0.00 0.00 0.00
bicycle 0.00 0 0.00 621 303 631 319 0.00 0.00 0.00 0.00 0.00 0.00 0.00
people 0.00 0 0.00 596 234 604 248 0.00 0.00 0.00 0.00 0.00 0.00 0.00
motor 0.00 0 0.00 597 243 606 253 0.00 0.00 0.00 0.00 0.00 0.00 0.00
car 0.00 0 0.00 282 225 301 242 0.00 0.00 0.00 0.00 0.00 0.00 0.00
car 0.00 0 0.00 241 224 262 244 0.00 0.00 0.00 0.00 0.00 0.00 0.00
car 0.00 0 0.00 290 217 312 234 0.00 0.00 0.00 0.00 0.00 0.00 0.00
car 0.00 0 0.00 313 211 347 230 0.00 0.00 0.00 0.00 0.00 0.00 0.00
car 0.00 0 0.00 442 214 467 236 0.00 0.00 0.00 0.00 0.00 0.00 0.00
people 0.00 0 0.00 1295 387 1306 406 0.00 0.00 0.00 0.00 0.00 0.00 0.00
people 0.00 0 0.00 1303 392 1315 405 0.00 0.00 0.00 0.00 0.00 0.00 0.00
motor 0.00 0 0.00 1283 397 1323 414 0.00 0.00 0.00 0.00 0.00 0.00 0.00
car 0.00 0 0.00 488 151 510 170 0.00 0.00 0.00 0.00 0.00 0.00 0.00
car 0.00 0 0.00 603 214 625 228 0.00 0.00 0.00 0.00 0.00 0.00 0.00
car 0.00 0 0.00 634 224 654 241 0.00 0.00 0.00 0.00 0.00 0.00 0.00
