car 0.00 0 0.00 859 713 965 762 0.00 0.00 0.00 0.00 0.00 0.00 0.00
car 0.00 0 0.00 742 637 827 728 0.00 0.00 0.00 0.00 0.00 0.00 0.00
car 0.00 0 0.00 809 607 899 652 0.00 0.00 0.00 0.00 0.00 0.00 0.00
truck 0.00 0 0.00 743 515 799 617 0.00 0.00 0.00 0.00 0.00 0.00 0.00
motor 0.00 0 0.00 850 518 881 538 0.00 0.00 0.00 0.00 0.00 0.00 0.00
motor 0.00 0 0.00 835 562 865 578 0.00 0.00 0.00 0.00 0.00 0.00 0.00
motor 0.00 0 0.00 840 479 869 494 0.00 0.00 0.00 0.00 0.00 0.00 0.00
tricycle 0.00 0 0.00 486 444 510 480 0.00 0.00 0.00 0.00 0.00 0.00 0.00
car 0.00 0 0.00 662 379 692 423 0.00 0.00 0.00 0.00 0.00 0.00 0.00
truck 0.00 0 0.00 772 382 867 426 0.00 0.00 0.00 0.00 0.00 0.00 0.00
car 0.00 0 0.00 774 372 843 398 0.00 0.00 0.00 0.00 0.00 0.00 0.00
car 0.00 0 0.00 764 353 824 378 0.00 0.00 0.00 0.00 0.00 0.00 0.00
car 0.00 0 0.00 784 331 846 360 0.00 0.00 0.00 0.00 0.00 0.00 0.00
car 0.00 0 0.00 910 321 939 359 0.00 0.00 0.00 0.00 0.00 0.00 0.00
car 0.00 0 0.00 1026 322 1084 359 0.00 0.00 0.00 0.00 0.00 0.00 0.00
car 0.00 0 0.00 1135 373 1166 427 0.00 0.00 0.00 0.00 0.00 0.00 0.00
car 0.00 0 0.00 1171 377 1207 425 0.00 0.00 0.00 0.00 0.00 0.00 0.00
van 0.00 0 0.00 1326 367 1360 405 0.00 0.00 0.00 0.00 0.00 0.00 0.00
car 0.00 0 0.00 1164 324 1232 359 0.00 0.00 0.00 0.00 0.00 0.00 0.00
car 0.00 0 0.00 1216 306 1280 334 0.00 0.00 0.00 0.00 0.00 0.00 0.00
car 0.00 0 0.00 1222 237 1257 273 0.00 0.00 0.00 0.00 0.00 0.00 0.00
car 0.00 0 0.00 1293 243 1343 272 0.00 0.00 0.00 0.00 0.00 0.00 0.00
tricycle 0.00 0 0.00 1286 232 1323 251 0.00 0.00 0.00 0.00 0.00 0.00 0.00
car 0.00 0 0.00 1245 198 1280 230 0.00 0.00 0.00 0.00 0.00 0.00 0.00
van 0.00 0 0.00 556 339 597 390 0.00 0.00 0.00 0.00 0.00 0.00 0.00
pedestrian 0.00 0 0.00 582 335 590 353 0.00 0.00 0.00 0.00 0.00 0.00 0.00
pedestrian 0.00 0 0.00 590 335 599 354 0.00 0.00 0.00 0.00 0.00 0.00 0.00
car 0.00 0 0.00 499 339 557 367 0.00 0.00 0.00 0.00 0.00 0.00 0.00
car 0.00 0 0.00 501 303 563 333 0.00 0.00 0.00 0.00 0.00 0.00 0.00
car 0.00 0 0.00 568 296 595 332 0.00 0.00 0.00 0.00 0.00 0.00 0.00
car 0.00 0 0.00 697 313 723 346 0.00 0.00 0.00 0.00 0.00 0.00 0.00
car 0.00 0 0.00 748 317 802 342 0.00 0.00 0.00 0.00 0.00 0.00 0.00
van 0.00 0 0.00 774 294 841 326 0.00 0.00 0.00 0.00 0.00 0.00 0.00
car 0.00 0 0.00 792 287 847 310 0.00 0.00 0.00 0.00 0.00 0.00 0.00
car 0.00 0 0.00 769 272 824 298 0.00 0.00 0.00 0.00 0.00 0.00 0.00
car 0.00 0 0.00 826 273 886 298 0.00 0.00 0.00 0.00 0.00 0.00 0.00
car 0.00 0 0.00 775 256 832 280 0.00 0.00 0.00 0.00 0.00 0.00 0.00
car 0.00 0 0.00 755 246 807 268 0.00 0.00 0.00 0.00 0.00 0.00 0.00
car 0.00 0 0.00 765 235 818 258 0.00 0.00 0.00 0.00 0.00 0.00 0.00
car 0.00 0 0.00 783 222 832 245 0.00 0.00 0.00 0.00 0.00 0.00 0.00
car 0.00 0 0.00 770 212 826 234 0.00 0.00 0.00 0.00 0.00 0.00 0.00
car 0.00 0 0.00 781 198 835 220 0.00 0.00 0.00 0.00 0.00 0.00 0.00
car 0.00 0 0.00 546 254 596 285 0.00 0.00 0.00 0.00 0.00 0.00 0.00
van 0.00 0 0.00 595 231 620 265 0.00 0.00 0.00 0.00 0.00 0.00 0.00
tricycle 0.00 0 0.00 629 243 644 267 0.00 0.00 0.00 0.00 0.00 0.00 0.00
car 0.00 0 0.00 688 240 711 268 0.00 0.00 0.00 0.00 0.00 0.00 0.00
car 0.00 0 0.00 631 176 654 204 0.00 0.00 0.00 0.00 0.00 0.00 0.00
car 0.00 0 0.00 693 181 715 207 0.00 0.00 0.00 0.00 0.00 0.00 0.00
car 0.00 0 0.00 702 148 722 168 0.00 0.00 0.00 0.00 0.00 0.00 0.00
car 0.00 0 0.00 797 170 845 191 0.00 0.00 0.00 0.00 0.00 0.00 0.00
car 0.00 0 0.00 793 162 837 181 0.00 0.00 0.00 0.00 0.00 0.00 0.00
car 0.00 0 0.00 744 143 786 166 0.00 0.00 0.00 0.00 0.00 0.00 0.00
car 0.00 0 0.00 793 121 815 143 0.00 0.00 0.00 0.00 0.00 0.00 0.00
people 0.00 0 0.00 631 151 638 166 0.00 0.00 0.00 0.00 0.00 0.00 0.00
bicycle 0.00 0 0.00 629 155 638 170 0.00 0.00 0.00 0.00 0.00 0.00 0.00
pedestrian 0.00 0 0.00 625 144 634 164 0.00 0.00 0.00 0.00 0.00 0.00 0.00
pedestrian 0.00 0 0.00 644 126 649 142 0.00 0.00 0.00 0.00 0.00 0.00 0.00
pedestrian 0.00 0 0.00 639 124 646 141 0.00 0.00 0.00 0.00 0.00 0.00 0.00
pedestrian 0.00 0 0.00 643 116 648 130 0.00 0.00 0.00 0.00 0.00 0.00 0.00
pedestrian 0.00 0 0.00 692 121 700 136 0.00 0.00 0.00 0.00 0.00 0.00 0.00
car 0.00 0 0.00 707 117 725 136 0.00 0.00 0.00 0.00 0.00 0.00 0.00
car 0.00 0 0.00 742 113 761 133 0.00 0.00 0.00 0.00 0.00 0.00 0.00
pedestrian 0.00 0 0.00 782 120 789 136 0.00 0.00 0.00 0.00 0.00 0.00 0.00
truck 0.00 0 0.00 628 87 651 119 0.00 0.00 0.00 0.00 0.00 0.00 0.00
truck 0.00 0 0.00 629 66 648 98 0.00 0.00 0.00 0.00 0.00 0.00 0.00
car 0.00 0 0.00 591 88 622 104 0.00 0.00 0.00 0.00 0.00 0.00 0.00
car 0.00 0 0.00 703 90 720 108 0.00 0.00 0.00 0.00 0.00 0.00 0.00
pedestrian 0.00 0 0.00 743 98 750 113 0.00 0.00 0.00 0.00 0.00 0.00 0.00
pedestrian 0.00 0 0.00 744 92 750 105 0.00 0.00 0.00 0.00 0.00 0.00 0.00
pedestrian 0.00 0 0.00 734 86 740 102 0.00 0.00 0.00 0.00 0.00 0.00 0.00
pedestrian 0.00 0 0.00 736 85 743 102 0.00 0.00 0.00 0.00 0.00 0.00 0.00
car 0.00 0 0.00 713 58 731 77 0.00 0.00 0.00 0.00 0.00 0.00 0.00
van 0.00 0 0.00 599 60 630 79 0.00 0.00 0.00 0.00 0.00 0.00 0.00
car 0.00 0 0.00 641 43 657 61 0.00 0.00 0.00 0.00 0.00 0.00 0.00
car 0.00 0 0.00 617 49 634 66 0.00 0.00 0.00 0.00 0.00 0.00 0.00
car 0.00 0 0.00 631 21 648 43 0.00 0.00 0.00 0.00 0.00 0.00 0.00
car 0.00 0 0.00 654 16 673 34 0.00 0.00 0.00 0.00 0.00 0.00 0.00
truck 0.00 0 0.00 680 2 703 49 0.00 0.00 0.00 0.00 0.00 0.00 0.00
car 0.00 0 0.00 710 30 725 46 0.00 0.00 0.00 0.00 0.00 0.00 0.00
car 0.00 0 0.00 741 36 754 55 0.00 0.00 0.00 0.00 0.00 0.00 0.00
car 0.00 0 0.00 740 25 755 42 0.00 0.00 0.00 0.00 0.00 0.00 0.00
car 0.00 0 0.00 733 14 753 28 0.00 0.00 0.00 0.00 0.00 0.00 0.00
car 0.00 0 0.00 593 7 608 27 0.00 0.00 0.00 0.00 0.00 0.00 0.00
motor 0.00 0 0.00 907 195 925 210 0.00 0.00 0.00 0.00 0.00 0.00 0.00
pedestrian 0.00 0 0.00 933 172 943 192 0.00 0.00 0.00 0.00 0.00 0.00 0.00
car 0.00 0 0.00 895 161 916 188 0.00 0.00 0.00 0.00 0.00 0.00 0.00
van 0.00 0 0.00 868 156 891 183 0.00 0.00 0.00 0.00 0.00 0.00 0.00
bicycle 0.00 0 0.00 862 140 884 153 0.00 0.00 0.00 0.00 0.00 0.00 0.00
people 0.00 0 0.00 869 136 879 150 0.00 0.00 0.00 0.00 0.00 0.00 0.00
pedestrian 0.00 0 0.00 892 134 901 149 0.00 0.00 0.00 0.00 0.00 0.00 0.00
pedestrian 0.00 0 0.00 914 131 924 153 0.00 0.00 0.00 0.00 0.00 0.00 0.00
bicycle 0.00 0 0.00 902 135 918 146 0.00 0.00 0.00 0.00 0.00 0.00 0.00
people 0.00 0 0.00 907 129 916 145 0.00 0.00 0.00 0.00 0.00 0.00 0.00
car 0.00 0 0.00 832 108 860 134 0.00 0.00 0.00 0.00 0.00 0.00 0.00
car 0.00 0 0.00 857 110 879 134 0.00 0.00 0.00 0.00 0.00 0.00 0.00
van 0.00 0 0.00 879 107 905 133 0.00 0.00 0.00 0.00 0.00 0.00 0.00
car 0.00 0 0.00 901 113 925 130 0.00 0.00 0.00 0.00 0.00 0.00 0.00
pedestrian 0.00 0 0.00 816 87 822 103 0.00 0.00 0.00 0.00 0.00 0.00 0.00
pedestrian 0.00 0 0.00 827 57 834 75 0.00 0.00 0.00 0.00 0.00 0.00 0.00
