van 0.00 0 0.00 254 662 473 763 0.00 0.00 0.00 0.00 0.00 0.00 0.00
van 0.00 0 0.00 281 593 473 688 0.00 0.00 0.00 0.00 0.00 0.00 0.00
van 0.00 0 0.00 304 521 498 611 0.00 0.00 0.00 0.00 0.00 0.00 0.00
van 0.00 0 0.00 349 455 520 535 0.00 0.00 0.00 0.00 0.00 0.00 0.00
van 0.00 0 0.00 383 397 525 474 0.00 0.00 0.00 0.00 0.00 0.00 0.00
van 0.00 0 0.00 391 363 539 424 0.00 0.00 0.00 0.00 0.00 0.00 0.00
car 0.00 0 0.00 388 330 542 390 0.00 0.00 0.00 0.00 0.00 0.00 0.00
car 0.00 0 0.00 419 294 552 352 0.00 0.00 0.00 0.00 0.00 0.00 0.00
car 0.00 0 0.00 197 318 333 374 0.00 0.00 0.00 0.00 0.00 0.00 0.00
car 0.00 0 0.00 258 284 395 341 0.00 0.00 0.00 0.00 0.00 0.00 0.00
truck 0.00 0 0.00 220 216 403 305 0.00 0.00 0.00 0.00 0.00 0.00 0.00
car 0.00 0 0.00 342 198 454 246 0.00 0.00 0.00 0.00 0.00 0.00 0.00
car 0.00 0 0.00 454 252 578 313 0.00 0.00 0.00 0.00 0.00 0.00 0.00
van 0.00 0 0.00 735 544 925 636 0.00 0.00 0.00 0.00 0.00 0.00 0.00
car 0.00 0 0.00 764 435 928 516 0.00 0.00 0.00 0.00 0.00 0.00 0.00
car 0.00 0 0.00 736 304 876 365 0.00 0.00 0.00 0.00 0.00 0.00 0.00
car 0.00 0 0.00 738 282 857 323 0.00 0.00 0.00 0.00 0.00 0.00 0.00
car 0.00 0 0.00 735 255 855 294 0.00 0.00 0.00 0.00 0.00 0.00 0.00
car 0.00 0 0.00 737 235 845 271 0.00 0.00 0.00 0.00 0.00 0.00 0.00
car 0.00 0 0.00 739 213 837 248 0.00 0.00 0.00 0.00 0.00 0.00 0.00
car 0.00 0 0.00 742 192 833 222 0.00 0.00 0.00 0.00 0.00 0.00 0.00
car 0.00 0 0.00 735 169 820 205 0.00 0.00 0.00 0.00 0.00 0.00 0.00
car 0.00 0 0.00 464 231 574 276 0.00 0.00 0.00 0.00 0.00 0.00 0.00
car 0.00 0 0.00 478 204 585 249 0.00 0.00 0.00 0.00 0.00 0.00 0.00
car 0.00 0 0.00 477 188 585 228 0.00 0.00 0.00 0.00 0.00 0.00 0.00
car 0.00 0 0.00 494 169 587 203 0.00 0.00 0.00 0.00 0.00 0.00 0.00
car 0.00 0 0.00 494 152 591 183 0.00 0.00 0.00 0.00 0.00 0.00 0.00
car 0.00 0 0.00 511 137 589 167 0.00 0.00 0.00 0.00 0.00 0.00 0.00
car 0.00 0 0.00 517 119 597 153 0.00 0.00 0.00 0.00 0.00 0.00 0.00
car 0.00 0 0.00 527 101 605 131 0.00 0.00 0.00 0.00 0.00 0.00 0.00
van 0.00 0 0.00 550 59 611 93 0.00 0.00 0.00 0.00 0.00 0.00 0.00
van 0.00 0 0.00 555 46 620 80 0.00 0.00 0.00 0.00 0.00 0.00 0.00
car 0.00 0 0.00 574 29 637 56 0.00 0.00 0.00 0.00 0.00 0.00 0.00
car 0.00 0 0.00 736 88 805 121 0.00 0.00 0.00 0.00 0.00 0.00 0.00
car 0.00 0 0.00 736 78 802 101 0.00 0.00 0.00 0.00 0.00 0.00 0.00
car 0.00 0 0.00 735 63 797 85 0.00 0.00 0.00 0.00 0.00 0.00 0.00
car 0.00 0 0.00 723 36 786 60 0.00 0.00 0.00 0.00 0.00 0.00 0.00
car 0.00 0 0.00 721 28 786 48 0.00 0.00 0.00 0.00 0.00 0.00 0.00
car 0.00 0 0.00 721 21 779 37 0.00 0.00 0.00 0.00 0.00 0.00 0.00
car 0.00 0 0.00 719 13 777 31 0.00 0.00 0.00 0.00 0.00 0.00 0.00
