pedestrian 0.00 0 0.00 691 9 696 21 0.00 0.00 0.00 0.00 0.00 0.00 0.00
pedestrian 0.00 0 0.00 686 2 692 21 0.00 0.00 0.00 0.00 0.00 0.00 0.00
people 0.00 0 0.00 685 40 692 57 0.00 0.00 0.00 0.00 0.00 0.00 0.00
people 0.00 0 0.00 808 104 816 131 0.00 0.00 0.00 0.00 0.00 0.00 0.00
people 0.00 0 0.00 552 38 559 56 0.00 0.00 0.00 0.00 0.00 0.00 0.00
people 0.00 0 0.00 482 154 493 189 0.00 0.00 0.00 0.00 0.00 0.00 0.00
motor 0.00 0 0.00 685 46 692 63 0.00 0.00 0.00 0.00 0.00 0.00 0.00
motor 0.00 0 0.00 796 117 821 132 0.00 0.00 0.00 0.00 0.00 0.00 0.00
motor 0.00 0 0.00 551 43 558 61 0.00 0.00 0.00 0.00 0.00 0.00 0.00
bicycle 0.00 0 0.00 483 174 506 190 0.00 0.00 0.00 0.00 0.00 0.00 0.00
bicycle 0.00 0 0.00 534 77 549 95 0.00 0.00 0.00 0.00 0.00 0.00 0.00
people 0.00 0 0.00 537 69 546 87 0.00 0.00 0.00 0.00 0.00 0.00 0.00
car 0.00 0 0.00 705 28 726 48 0.00 0.00 0.00 0.00 0.00 0.00 0.00
car 0.00 0 0.00 697 7 713 22 0.00 0.00 0.00 0.00 0.00 0.00 0.00
car 0.00 0 0.00 568 21 590 44 0.00 0.00 0.00 0.00 0.00 0.00 0.00
car 0.00 0 0.00 603 48 625 75 0.00 0.00 0.00 0.00 0.00 0.00 0.00
car 0.00 0 0.00 666 98 691 124 0.00 0.00 0.00 0.00 0.00 0.00 0.00
car 0.00 0 0.00 613 146 664 184 0.00 0.00 0.00 0.00 0.00 0.00 0.00
car 0.00 0 0.00 572 167 609 217 0.00 0.00 0.00 0.00 0.00 0.00 0.00
car 0.00 0 0.00 522 137 563 185 0.00 0.00 0.00 0.00 0.00 0.00 0.00
truck 0.00 0 0.00 577 0 597 15 0.00 0.00 0.00 0.00 0.00 0.00 0.00
car 0.00 0 0.00 530 0 549 11 0.00 0.00 0.00 0.00 0.00 0.00 0.00
pedestrian 0.00 0 0.00 802 62 811 86 0.00 0.00 0.00 0.00 0.00 0.00 0.00
people 0.00 0 0.00 809 72 817 86 0.00 0.00 0.00 0.00 0.00 0.00 0.00
motor 0.00 0 0.00 804 77 823 90 0.00 0.00 0.00 0.00 0.00 0.00 0.00
motor 0.00 0 0.00 748 49 766 63 0.00 0.00 0.00 0.00 0.00 0.00 0.00
motor 0.00 0 0.00 772 50 789 64 0.00 0.00 0.00 0.00 0.00 0.00 0.00
motor 0.00 0 0.00 775 217 787 250 0.00 0.00 0.00 0.00 0.00 0.00 0.00
pedestrian 0.00 0 0.00 780 197 791 231 0.00 0.00 0.00 0.00 0.00 0.00 0.00
pedestrian 0.00 0 0.00 754 273 766 316 0.00 0.00 0.00 0.00 0.00 0.00 0.00
car 0.00 0 0.00 650 286 693 342 0.00 0.00 0.00 0.00 0.00 0.00 0.00
car 0.00 0 0.00 554 273 603 339 0.00 0.00 0.00 0.00 0.00 0.00 0.00
people 0.00 0 0.00 466 284 484 320 0.00 0.00 0.00 0.00 0.00 0.00 0.00
pedestrian 0.00 0 0.00 375 154 388 189 0.00 0.00 0.00 0.00 0.00 0.00 0.00
motor 0.00 0 0.00 382 261 418 286 0.00 0.00 0.00 0.00 0.00 0.00 0.00
motor 0.00 0 0.00 363 300 408 323 0.00 0.00 0.00 0.00 0.00 0.00 0.00
motor 0.00 0 0.00 468 298 483 333 0.00 0.00 0.00 0.00 0.00 0.00 0.00
motor 0.00 0 0.00 380 378 402 419 0.00 0.00 0.00 0.00 0.00 0.00 0.00
people 0.00 0 0.00 483 388 502 423 0.00 0.00 0.00 0.00 0.00 0.00 0.00
motor 0.00 0 0.00 483 400 502 451 0.00 0.00 0.00 0.00 0.00 0.00 0.00
car 0.00 0 0.00 646 443 703 525 0.00 0.00 0.00 0.00 0.00 0.00 0.00
pedestrian 0.00 0 0.00 351 606 376 671 0.00 0.00 0.00 0.00 0.00 0.00 0.00
pedestrian 0.00 0 0.00 205 455 229 510 0.00 0.00 0.00 0.00 0.00 0.00 0.00
pedestrian 0.00 0 0.00 186 456 208 509 0.00 0.00 0.00 0.00 0.00 0.00 0.00
motor 0.00 0 0.00 338 458 370 502 0.00 0.00 0.00 0.00 0.00 0.00 0.00
motor 0.00 0 0.00 140 440 192 468 0.00 0.00 0.00 0.00 0.00 0.00 0.00
motor 0.00 0 0.00 178 411 233 440 0.00 0.00 0.00 0.00 0.00 0.00 0.00
pedestrian 0.00 0 0.00 236 179 254 216 0.00 0.00 0.00 0.00 0.00 0.00 0.00
pedestrian 0.00 0 0.00 290 144 304 175 0.00 0.00 0.00 0.00 0.00 0.00 0.00
pedestrian 0.00 0 0.00 320 143 332 179 0.00 0.00 0.00 0.00 0.00 0.00 0.00
pedestrian 0.00 0 0.00 358 161 372 194 0.00 0.00 0.00 0.00 0.00 0.00 0.00
people 0.00 0 0.00 350 169 361 192 0.00 0.00 0.00 0.00 0.00 0.00 0.00
car 0.00 0 0.00 284 172 380 221 0.00 0.00 0.00 0.00 0.00 0.00 0.00
car 0.00 0 0.00 213 113 297 144 0.00 0.00 0.00 0.00 0.00 0.00 0.00
pedestrian 0.00 0 0.00 351 51 359 68 0.00 0.00 0.00 0.00 0.00 0.00 0.00
pedestrian 0.00 0 0.00 298 81 309 107 0.00 0.00 0.00 0.00 0.00 0.00 0.00
pedestrian 0.00 0 0.00 289 79 300 106 0.00 0.00 0.00 0.00 0.00 0.00 0.00
pedestrian 0.00 0 0.00 280 80 290 107 0.00 0.00 0.00 0.00 0.00 0.00 0.00
car 0.00 0 0.00 214 76 271 102 0.00 0.00 0.00 0.00 0.00 0.00 0.00
tricycle 0.00 0 0.00 293 55 311 75 0.00 0.00 0.00 0.00 0.00 0.00 0.00
motor 0.00 0 0.00 381 49 400 64 0.00 0.00 0.00 0.00 0.00 0.00 0.00
pedestrian 0.00 0 0.00 372 48 382 73 0.00 0.00 0.00 0.00 0.00 0.00 0.00
pedestrian 0.00 0 0.00 347 40 356 64 0.00 0.00 0.00 0.00 0.00 0.00 0.00
pedestrian 0.00 0 0.00 450 31 458 54 0.00 0.00 0.00 0.00 0.00 0.00 0.00
pedestrian 0.00 0 0.00 445 30 451 49 0.00 0.00 0.00 0.00 0.00 0.00 0.00
pedestrian 0.00 0 0.00 445 36 451 54 0.00 0.00 0.00 0.00 0.00 0.00 0.00
pedestrian 0.00 0 0.00 442 36 449 55 0.00 0.00 0.00 0.00 0.00 0.00 0.00
motor 0.00 0 0.00 390 71 411 84 0.00 0.00 0.00 0.00 0.00 0.00 0.00
motor 0.00 0 0.00 408 78 431 90 0.00 0.00 0.00 0.00 0.00 0.00 0.00
motor 0.00 0 0.00 436 61 454 73 0.00 0.00 0.00 0.00 0.00 0.00 0.00
motor 0.00 0 0.00 431 54 452 68 0.00 0.00 0.00 0.00 0.00 0.00 0.00
bicycle 0.00 0 0.00 416 39 436 50 0.00 0.00 0.00 0.00 0.00 0.00 0.00
bicycle 0.00 0 0.00 413 35 434 46 0.00 0.00 0.00 0.00 0.00 0.00 0.00
people 0.00 0 0.00 779 534 798 585 0.00 0.00 0.00 0.00 0.00 0.00 0.00
motor 0.00 0 0.00 773 545 796 605 0.00 0.00 0.00 0.00 0.00 0.00 0.00
motor 0.00 0 0.00 945 505 1014 540 0.00 0.00 0.00 0.00 0.00 0.00 0.00
tricycle 0.00 0 0.00 912 603 973 690 0.00 0.00 0.00 0.00 0.00 0.00 0.00
