car 0.00 0 0.00 499 542 597 638 0.00 0.00 0.00 0.00 0.00 0.00 0.00
car 0.00 0 0.00 412 454 497 532 0.00 0.00 0.00 0.00 0.00 0.00 0.00
pedestrian 0.00 0 0.00 600 431 616 469 0.00 0.00 0.00 0.00 0.00 0.00 0.00
car 0.00 0 0.00 310 359 383 429 0.00 0.00 0.00 0.00 0.00 0.00 0.00
tricycle 0.00 0 0.00 293 437 351 491 0.00 0.00 0.00 0.00 0.00 0.00 0.00
car 0.00 0 0.00 255 294 323 365 0.00 0.00 0.00 0.00 0.00 0.00 0.00
car 0.00 0 0.00 216 251 274 307 0.00 0.00 0.00 0.00 0.00 0.00 0.00
car 0.00 0 0.00 112 577 183 668 0.00 0.00 0.00 0.00 0.00 0.00 0.00
car 0.00 0 0.00 39 519 113 606 0.00 0.00 0.00 0.00 0.00 0.00 0.00
pedestrian 0.00 0 0.00 1 265 22 302 0.00 0.00 0.00 0.00 0.00 0.00 0.00
car 0.00 0 0.00 36 81 85 119 0.00 0.00 0.00 0.00 0.00 0.00 0.00
motor 0.00 0 0.00 137 703 168 763 0.00 0.00 0.00 0.00 0.00 0.00 0.00
van 0.00 0 0.00 1205 331 1280 391 0.00 0.00 0.00 0.00 0.00 0.00 0.00
van 0.00 0 0.00 1294 306 1357 374 0.00 0.00 0.00 0.00 0.00 0.00 0.00
van 0.00 0 0.00 1257 274 1328 341 0.00 0.00 0.00 0.00 0.00 0.00 0.00
pedestrian 0.00 0 0.00 1291 574 1317 619 0.00 0.00 0.00 0.00 0.00 0.00 0.00
motor 0.00 0 0.00 1117 636 1145 681 0.00 0.00 0.00 0.00 0.00 0.00 0.00
people 0.00 0 0.00 1121 628 1146 665 0.00 0.00 0.00 0.00 0.00 0.00 0.00
motor 0.00 0 0.00 1203 461 1234 488 0.00 0.00 0.00 0.00 0.00 0.00 0.00
people 0.00 0 0.00 1214 453 1233 483 0.00 0.00 0.00 0.00 0.00 0.00 0.00
van 0.00 0 0.00 898 420 1000 487 0.00 0.00 0.00 0.00 0.00 0.00 0.00
car 0.00 0 0.00 559 209 622 251 0.00 0.00 0.00 0.00 0.00 0.00 0.00
car 0.00 0 0.00 697 133 757 158 0.00 0.00 0.00 0.00 0.00 0.00 0.00
car 0.00 0 0.00 856 122 901 157 0.00 0.00 0.00 0.00 0.00 0.00 0.00
car 0.00 0 0.00 827 116 876 146 0.00 0.00 0.00 0.00 0.00 0.00 0.00
car 0.00 0 0.00 791 102 855 136 0.00 0.00 0.00 0.00 0.00 0.00 0.00
car 0.00 0 0.00 670 115 729 147 0.00 0.00 0.00 0.00 0.00 0.00 0.00
car 0.00 0 0.00 775 93 826 123 0.00 0.00 0.00 0.00 0.00 0.00 0.00
car 0.00 0 0.00 767 80 817 109 0.00 0.00 0.00 0.00 0.00 0.00 0.00
car 0.00 0 0.00 715 67 765 98 0.00 0.00 0.00 0.00 0.00 0.00 0.00
car 0.00 0 0.00 494 106 551 137 0.00 0.00 0.00 0.00 0.00 0.00 0.00
pedestrian 0.00 0 0.00 479 112 495 137 0.00 0.00 0.00 0.00 0.00 0.00 0.00
truck 0.00 0 0.00 455 72 519 107 0.00 0.00 0.00 0.00 0.00 0.00 0.00
car 0.00 0 0.00 567 77 630 103 0.00 0.00 0.00 0.00 0.00 0.00 0.00
car 0.00 0 0.00 637 32 689 59 0.00 0.00 0.00 0.00 0.00 0.00 0.00
car 0.00 0 0.00 628 60 680 84 0.00 0.00 0.00 0.00 0.00 0.00 0.00
car 0.00 0 0.00 681 48 725 74 0.00 0.00 0.00 0.00 0.00 0.00 0.00
pedestrian 0.00 0 0.00 431 122 446 150 0.00 0.00 0.00 0.00 0.00 0.00 0.00
pedestrian 0.00 0 0.00 427 107 439 140 0.00 0.00 0.00 0.00 0.00 0.00 0.00
pedestrian 0.00 0 0.00 440 106 457 144 0.00 0.00 0.00 0.00 0.00 0.00 0.00
tricycle 0.00 0 0.00 374 71 405 102 0.00 0.00 0.00 0.00 0.00 0.00 0.00
pedestrian 0.00 0 0.00 351 71 366 96 0.00 0.00 0.00 0.00 0.00 0.00 0.00
car 0.00 0 0.00 498 42 551 75 0.00 0.00 0.00 0.00 0.00 0.00 0.00
truck 0.00 0 0.00 427 9 488 49 0.00 0.00 0.00 0.00 0.00 0.00 0.00
car 0.00 0 0.00 546 0 585 21 0.00 0.00 0.00 0.00 0.00 0.00 0.00
