pedestrian 0.00 0 0.00 316 246 363 346 0.00 0.00 0.00 0.00 0.00 0.00 0.00
pedestrian 0.00 0 0.00 339 196 373 270 0.00 0.00 0.00 0.00 0.00 0.00 0.00
pedestrian 0.00 0 0.00 441 177 472 239 0.00 0.00 0.00 0.00 0.00 0.00 0.00
people 0.00 0 0.00 656 182 673 209 0.00 0.00 0.00 0.00 0.00 0.00 0.00
people 0.00 0 0.00 551 154 564 188 0.00 0.00 0.00 0.00 0.00 0.00 0.00
people 0.00 0 0.00 540 147 565 191 0.00 0.00 0.00 0.00 0.00 0.00 0.00
motor 0.00 0 0.00 547 166 561 196 0.00 0.00 0.00 0.00 0.00 0.00 0.00
people 0.00 0 0.00 597 151 621 198 0.00 0.00 0.00 0.00 0.00 0.00 0.00
motor 0.00 0 0.00 604 166 618 201 0.00 0.00 0.00 0.00 0.00 0.00 0.00
people 0.00 0 0.00 629 137 646 184 0.00 0.00 0.00 0.00 0.00 0.00 0.00
motor 0.00 0 0.00 618 158 655 189 0.00 0.00 0.00 0.00 0.00 0.00 0.00
people 0.00 0 0.00 647 110 659 132 0.00 0.00 0.00 0.00 0.00 0.00 0.00
people 0.00 0 0.00 647 105 662 129 0.00 0.00 0.00 0.00 0.00 0.00 0.00
pedestrian 0.00 0 0.00 698 89 711 116 0.00 0.00 0.00 0.00 0.00 0.00 0.00
people 0.00 0 0.00 746 125 762 145 0.00 0.00 0.00 0.00 0.00 0.00 0.00
motor 0.00 0 0.00 711 116 728 147 0.00 0.00 0.00 0.00 0.00 0.00 0.00
awning-tricycle 0.00 0 0.00 651 75 684 98 0.00 0.00 0.00 0.00 0.00 0.00 0.00
pedestrian 0.00 0 0.00 770 156 787 195 0.00 0.00 0.00 0.00 0.00 0.00 0.00
pedestrian 0.00 0 0.00 783 160 797 195 0.00 0.00 0.00 0.00 0.00 0.00 0.00
pedestrian 0.00 0 0.00 788 156 803 191 0.00 0.00 0.00 0.00 0.00 0.00 0.00
pedestrian 0.00 0 0.00 659 129 673 163 0.00 0.00 0.00 0.00 0.00 0.00 0.00
people 0.00 0 0.00 649 142 665 175 0.00 0.00 0.00 0.00 0.00 0.00 0.00
motor 0.00 0 0.00 643 159 669 183 0.00 0.00 0.00 0.00 0.00 0.00 0.00
motor 0.00 0 0.00 684 130 714 155 0.00 0.00 0.00 0.00 0.00 0.00 0.00
motor 0.00 0 0.00 675 136 706 163 0.00 0.00 0.00 0.00 0.00 0.00 0.00
pedestrian 0.00 0 0.00 719 91 729 117 0.00 0.00 0.00 0.00 0.00 0.00 0.00
pedestrian 0.00 0 0.00 710 89 722 116 0.00 0.00 0.00 0.00 0.00 0.00 0.00
pedestrian 0.00 0 0.00 774 105 785 134 0.00 0.00 0.00 0.00 0.00 0.00 0.00
pedestrian 0.00 0 0.00 736 97 746 123 0.00 0.00 0.00 0.00 0.00 0.00 0.00
pedestrian 0.00 0 0.00 734 98 742 123 0.00 0.00 0.00 0.00 0.00 0.00 0.00
pedestrian 0.00 0 0.00 787 79 795 98 0.00 0.00 0.00 0.00 0.00 0.00 0.00
pedestrian 0.00 0 0.00 773 77 784 99 0.00 0.00 0.00 0.00 0.00 0.00 0.00
pedestrian 0.00 0 0.00 786 138 795 159 0.00 0.00 0.00 0.00 0.00 0.00 0.00
pedestrian 0.00 0 0.00 801 133 810 160 0.00 0.00 0.00 0.00 0.00 0.00 0.00
pedestrian 0.00 0 0.00 821 152 835 180 0.00 0.00 0.00 0.00 0.00 0.00 0.00
people 0.00 0 0.00 795 117 809 135 0.00 0.00 0.00 0.00 0.00 0.00 0.00
pedestrian 0.00 0 0.00 810 121 820 142 0.00 0.00 0.00 0.00 0.00 0.00 0.00
pedestrian 0.00 0 0.00 812 138 822 161 0.00 0.00 0.00 0.00 0.00 0.00 0.00
pedestrian 0.00 0 0.00 832 125 844 153 0.00 0.00 0.00 0.00 0.00 0.00 0.00
pedestrian 0.00 0 0.00 821 125 831 146 0.00 0.00 0.00 0.00 0.00 0.00 0.00
pedestrian 0.00 0 0.00 820 110 831 133 0.00 0.00 0.00 0.00 0.00 0.00 0.00
pedestrian 0.00 0 0.00 831 105 840 124 0.00 0.00 0.00 0.00 0.00 0.00 0.00
pedestrian 0.00 0 0.00 841 101 850 121 0.00 0.00 0.00 0.00 0.00 0.00 0.00
motor 0.00 0 0.00 614 97 635 121 0.00 0.00 0.00 0.00 0.00 0.00 0.00
motor 0.00 0 0.00 593 104 622 126 0.00 0.00 0.00 0.00 0.00 0.00 0.00
people 0.00 0 0.00 748 141 768 167 0.00 0.00 0.00 0.00 0.00 0.00 0.00
