pedestrian 0.00 0 0.00 154 387 165 413 0.00 0.00 0.00 0.00 0.00 0.00 0.00
motor 0.00 0 0.00 169 435 207 479 0.00 0.00 0.00 0.00 0.00 0.00 0.00
car 0.00 0 0.00 170 496 252 540 0.00 0.00 0.00 0.00 0.00 0.00 0.00
car 0.00 0 0.00 196 454 253 507 0.00 0.00 0.00 0.00 0.00 0.00 0.00
car 0.00 0 0.00 254 397 298 444 0.00 0.00 0.00 0.00 0.00 0.00 0.00
car 0.00 0 0.00 353 398 388 449 0.00 0.00 0.00 0.00 0.00 0.00 0.00
car 0.00 0 0.00 384 250 397 265 0.00 0.00 0.00 0.00 0.00 0.00 0.00
car 0.00 0 0.00 377 307 401 333 0.00 0.00 0.00 0.00 0.00 0.00 0.00
car 0.00 0 0.00 403 259 421 277 0.00 0.00 0.00 0.00 0.00 0.00 0.00
car 0.00 0 0.00 415 235 428 251 0.00 0.00 0.00 0.00 0.00 0.00 0.00
car 0.00 0 0.00 434 211 445 220 0.00 0.00 0.00 0.00 0.00 0.00 0.00
truck 0.00 0 0.00 421 204 431 218 0.00 0.00 0.00 0.00 0.00 0.00 0.00
van 0.00 0 0.00 406 200 419 210 0.00 0.00 0.00 0.00 0.00 0.00 0.00
awning-tricycle 0.00 0 0.00 397 222 409 233 0.00 0.00 0.00 0.00 0.00 0.00 0.00
pedestrian 0.00 0 0.00 579 303 584 318 0.00 0.00 0.00 0.00 0.00 0.00 0.00
pedestrian 0.00 0 0.00 581 295 587 311 0.00 0.00 0.00 0.00 0.00 0.00 0.00
people 0.00 0 0.00 603 314 610 328 0.00 0.00 0.00 0.00 0.00 0.00 0.00
car 0.00 0 0.00 500 296 522 317 0.00 0.00 0.00 0.00 0.00 0.00 0.00
pedestrian 0.00 0 0.00 545 213 548 222 0.00 0.00 0.00 0.00 0.00 0.00 0.00
pedestrian 0.00 0 0.00 541 245 545 257 0.00 0.00 0.00 0.00 0.00 0.00 0.00
pedestrian 0.00 0 0.00 535 243 540 255 0.00 0.00 0.00 0.00 0.00 0.00 0.00
car 0.00 0 0.00 549 209 571 217 0.00 0.00 0.00 0.00 0.00 0.00 0.00
car 0.00 0 0.00 511 208 533 217 0.00 0.00 0.00 0.00 0.00 0.00 0.00
car 0.00 0 0.00 498 205 516 212 0.00 0.00 0.00 0.00 0.00 0.00 0.00
van 0.00 0 0.00 484 205 504 215 0.00 0.00 0.00 0.00 0.00 0.00 0.00
car 0.00 0 0.00 461 205 480 212 0.00 0.00 0.00 0.00 0.00 0.00 0.00
pedestrian 0.00 0 0.00 475 202 478 210 0.00 0.00 0.00 0.00 0.00 0.00 0.00
car 0.00 0 0.00 477 212 488 222 0.00 0.00 0.00 0.00 0.00 0.00 0.00
car 0.00 0 0.00 472 208 479 215 0.00 0.00 0.00 0.00 0.00 0.00 0.00
