car 0.00 0 0.00 449 892 850 1080 0.00 0.00 0.00 0.00 0.00 0.00 0.00
people 0.00 0 0.00 1533 838 1633 1072 0.00 0.00 0.00 0.00 0.00 0.00 0.00
bicycle 0.00 0 0.00 1512 916 1630 1080 0.00 0.00 0.00 0.00 0.00 0.00 0.00
bicycle 0.00 0 0.00 5 790 110 916 0.00 0.00 0.00 0.00 0.00 0.00 0.00
pedestrian 0.00 0 0.00 130 737 242 955 0.00 0.00 0.00 0.00 0.00 0.00 0.00
pedestrian 0.00 0 0.00 146 715 227 892 0.00 0.00 0.00 0.00 0.00 0.00 0.00
pedestrian 0.00 0 0.00 237 678 327 851 0.00 0.00 0.00 0.00 0.00 0.00 0.00
pedestrian 0.00 0 0.00 399 695 467 892 0.00 0.00 0.00 0.00 0.00 0.00 0.00
people 0.00 0 0.00 471 740 539 908 0.00 0.00 0.00 0.00 0.00 0.00 0.00
bicycle 0.00 0 0.00 446 834 541 953 0.00 0.00 0.00 0.00 0.00 0.00 0.00
car 0.00 0 0.00 719 693 885 839 0.00 0.00 0.00 0.00 0.00 0.00 0.00
car 0.00 0 0.00 950 648 1077 775 0.00 0.00 0.00 0.00 0.00 0.00 0.00
bicycle 0.00 0 0.00 554 624 590 676 0.00 0.00 0.00 0.00 0.00 0.00 0.00
motor 0.00 0 0.00 600 603 650 660 0.00 0.00 0.00 0.00 0.00 0.00 0.00
people 0.00 0 0.00 655 627 696 700 0.00 0.00 0.00 0.00 0.00 0.00 0.00
bicycle 0.00 0 0.00 655 669 686 739 0.00 0.00 0.00 0.00 0.00 0.00 0.00
car 0.00 0 0.00 819 614 911 694 0.00 0.00 0.00 0.00 0.00 0.00 0.00
car 0.00 0 0.00 958 609 1046 669 0.00 0.00 0.00 0.00 0.00 0.00 0.00
car 0.00 0 0.00 957 597 1024 640 0.00 0.00 0.00 0.00 0.00 0.00 0.00
car 0.00 0 0.00 954 585 1017 623 0.00 0.00 0.00 0.00 0.00 0.00 0.00
car 0.00 0 0.00 845 589 913 635 0.00 0.00 0.00 0.00 0.00 0.00 0.00
car 0.00 0 0.00 868 577 921 617 0.00 0.00 0.00 0.00 0.00 0.00 0.00
car 0.00 0 0.00 892 564 935 595 0.00 0.00 0.00 0.00 0.00 0.00 0.00
car 0.00 0 0.00 905 546 935 575 0.00 0.00 0.00 0.00 0.00 0.00 0.00
van 0.00 0 0.00 910 536 939 573 0.00 0.00 0.00 0.00 0.00 0.00 0.00
car 0.00 0 0.00 939 552 970 576 0.00 0.00 0.00 0.00 0.00 0.00 0.00
car 0.00 0 0.00 946 545 963 561 0.00 0.00 0.00 0.00 0.00 0.00 0.00
van 0.00 0 0.00 945 536 965 556 0.00 0.00 0.00 0.00 0.00 0.00 0.00
people 0.00 0 0.00 744 554 757 589 0.00 0.00 0.00 0.00 0.00 0.00 0.00
bicycle 0.00 0 0.00 742 575 758 600 0.00 0.00 0.00 0.00 0.00 0.00 0.00
people 0.00 0 0.00 765 560 777 589 0.00 0.00 0.00 0.00 0.00 0.00 0.00
motor 0.00 0 0.00 759 577 794 604 0.00 0.00 0.00 0.00 0.00 0.00 0.00
people 0.00 0 0.00 838 564 847 578 0.00 0.00 0.00 0.00 0.00 0.00 0.00
people 0.00 0 0.00 838 554 849 575 0.00 0.00 0.00 0.00 0.00 0.00 0.00
bicycle 0.00 0 0.00 837 568 847 588 0.00 0.00 0.00 0.00 0.00 0.00 0.00
people 0.00 0 0.00 1158 659 1196 760 0.00 0.00 0.00 0.00 0.00 0.00 0.00
bicycle 0.00 0 0.00 1162 698 1183 774 0.00 0.00 0.00 0.00 0.00 0.00 0.00
people 0.00 0 0.00 1209 663 1249 756 0.00 0.00 0.00 0.00 0.00 0.00 0.00
bicycle 0.00 0 0.00 1207 697 1251 774 0.00 0.00 0.00 0.00 0.00 0.00 0.00
people 0.00 0 0.00 1078 624 1112 679 0.00 0.00 0.00 0.00 0.00 0.00 0.00
motor 0.00 0 0.00 1074 640 1105 703 0.00 0.00 0.00 0.00 0.00 0.00 0.00
people 0.00 0 0.00 1142 622 1169 688 0.00 0.00 0.00 0.00 0.00 0.00 0.00
bicycle 0.00 0 0.00 1140 647 1164 702 0.00 0.00 0.00 0.00 0.00 0.00 0.00
people 0.00 0 0.00 1076 590 1094 641 0.00 0.00 0.00 0.00 0.00 0.00 0.00
bicycle 0.00 0 0.00 1075 615 1088 649 0.00 0.00 0.00 0.00 0.00 0.00 0.00
car 0.00 0 0.00 1075 575 1178 619 0.00 0.00 0.00 0.00 0.00 0.00 0.00
car 0.00 0 0.00 1147 558 1223 595 0.00 0.00 0.00 0.00 0.00 0.00 0.00
people 0.00 0 0.00 1242 575 1257 606 0.00 0.00 0.00 0.00 0.00 0.00 0.00
car 0.00 0 0.00 1100 554 1167 582 0.00 0.00 0.00 0.00 0.00 0.00 0.00
car 0.00 0 0.00 1088 553 1142 582 0.00 0.00 0.00 0.00 0.00 0.00 0.00
car 0.00 0 0.00 1078 552 1127 574 0.00 0.00 0.00 0.00 0.00 0.00 0.00
people 0.00 0 0.00 1058 551 1068 573 0.00 0.00 0.00 0.00 0.00 0.00 0.00
bicycle 0.00 0 0.00 1059 566 1066 586 0.00 0.00 0.00 0.00 0.00 0.00 0.00
car 0.00 0 0.00 1054 551 1098 569 0.00 0.00 0.00 0.00 0.00 0.00 0.00
car 0.00 0 0.00 1047 543 1091 564 0.00 0.00 0.00 0.00 0.00 0.00 0.00
people 0.00 0 0.00 1044 566 1053 588 0.00 0.00 0.00 0.00 0.00 0.00 0.00
bicycle 0.00 0 0.00 1043 579 1051 601 0.00 0.00 0.00 0.00 0.00 0.00 0.00
people 0.00 0 0.00 1021 564 1032 585 0.00 0.00 0.00 0.00 0.00 0.00 0.00
people 0.00 0 0.00 1030 561 1037 581 0.00 0.00 0.00 0.00 0.00 0.00 0.00
bicycle 0.00 0 0.00 1021 579 1030 599 0.00 0.00 0.00 0.00 0.00 0.00 0.00
bicycle 0.00 0 0.00 1029 574 1037 594 0.00 0.00 0.00 0.00 0.00 0.00 0.00
people 0.00 0 0.00 1010 560 1020 577 0.00 0.00 0.00 0.00 0.00 0.00 0.00
bicycle 0.00 0 0.00 1010 573 1018 590 0.00 0.00 0.00 0.00 0.00 0.00 0.00
people 0.00 0 0.00 1000 562 1007 580 0.00 0.00 0.00 0.00 0.00 0.00 0.00
bicycle 0.00 0 0.00 1001 576 1008 590 0.00 0.00 0.00 0.00 0.00 0.00 0.00
people 0.00 0 0.00 987 550 995 570 0.00 0.00 0.00 0.00 0.00 0.00 0.00
motor 0.00 0 0.00 987 562 994 577 0.00 0.00 0.00 0.00 0.00 0.00 0.00
people 0.00 0 0.00 979 549 990 564 0.00 0.00 0.00 0.00 0.00 0.00 0.00
bicycle 0.00 0 0.00 980 561 987 575 0.00 0.00 0.00 0.00 0.00 0.00 0.00
