pedestrian 0.00 0 0.00 789 621 804 663 0.00 0.00 0.00 0.00 0.00 0.00 0.00
bicycle 0.00 0 0.00 789 626 805 667 0.00 0.00 0.00 0.00 0.00 0.00 0.00
pedestrian 0.00 0 0.00 1264 486 1278 522 0.00 0.00 0.00 0.00 0.00 0.00 0.00
pedestrian 0.00 0 0.00 1201 453 1221 476 0.00 0.00 0.00 0.00 0.00 0.00 0.00
pedestrian 0.00 0 0.00 1157 413 1171 444 0.00 0.00 0.00 0.00 0.00 0.00 0.00
bicycle 0.00 0 0.00 1189 424 1212 442 0.00 0.00 0.00 0.00 0.00 0.00 0.00
bicycle 0.00 0 0.00 1148 378 1157 401 0.00 0.00 0.00 0.00 0.00 0.00 0.00
pedestrian 0.00 0 0.00 796 606 810 644 0.00 0.00 0.00 0.00 0.00 0.00 0.00
bicycle 0.00 0 0.00 156 698 192 725 0.00 0.00 0.00 0.00 0.00 0.00 0.00
pedestrian 0.00 0 0.00 330 396 340 425 0.00 0.00 0.00 0.00 0.00 0.00 0.00
pedestrian 0.00 0 0.00 343 400 353 425 0.00 0.00 0.00 0.00 0.00 0.00 0.00
pedestrian 0.00 0 0.00 761 388 777 415 0.00 0.00 0.00 0.00 0.00 0.00 0.00
bicycle 0.00 0 0.00 674 326 686 347 0.00 0.00 0.00 0.00 0.00 0.00 0.00
bicycle 0.00 0 0.00 726 327 738 346 0.00 0.00 0.00 0.00 0.00 0.00 0.00
pedestrian 0.00 0 0.00 718 247 728 269 0.00 0.00 0.00 0.00 0.00 0.00 0.00
bicycle 0.00 0 0.00 591 234 598 248 0.00 0.00 0.00 0.00 0.00 0.00 0.00
pedestrian 0.00 0 0.00 688 188 696 205 0.00 0.00 0.00 0.00 0.00 0.00 0.00
pedestrian 0.00 0 0.00 667 148 672 161 0.00 0.00 0.00 0.00 0.00 0.00 0.00
pedestrian 0.00 0 0.00 448 206 454 227 0.00 0.00 0.00 0.00 0.00 0.00 0.00
bicycle 0.00 0 0.00 614 122 623 131 0.00 0.00 0.00 0.00 0.00 0.00 0.00
pedestrian 0.00 0 0.00 521 83 527 94 0.00 0.00 0.00 0.00 0.00 0.00 0.00
pedestrian 0.00 0 0.00 521 76 527 87 0.00 0.00 0.00 0.00 0.00 0.00 0.00
