van 0.00 0 0.00 459 199 470 211 0.00 0.00 0.00 0.00 0.00 0.00 0.00
car 0.00 0 0.00 452 245 467 263 0.00 0.00 0.00 0.00 0.00 0.00 0.00
car 0.00 0 0.00 477 267 494 283 0.00 0.00 0.00 0.00 0.00 0.00 0.00
tricycle 0.00 0 0.00 502 264 513 280 0.00 0.00 0.00 0.00 0.00 0.00 0.00
van 0.00 0 0.00 432 275 447 299 0.00 0.00 0.00 0.00 0.00 0.00 0.00
car 0.00 0 0.00 453 326 476 356 0.00 0.00 0.00 0.00 0.00 0.00 0.00
tricycle 0.00 0 0.00 505 389 531 429 0.00 0.00 0.00 0.00 0.00 0.00 0.00
people 0.00 0 0.00 512 388 523 412 0.00 0.00 0.00 0.00 0.00 0.00 0.00
people 0.00 0 0.00 509 390 520 408 0.00 0.00 0.00 0.00 0.00 0.00 0.00
truck 0.00 0 0.00 564 465 639 540 0.00 0.00 0.00 0.00 0.00 0.00 0.00
