people 0.00 0 0.00 569 559 618 623 0.00 0.00 0.00 0.00 0.00 0.00 0.00
people 0.00 0 0.00 666 492 702 551 0.00 0.00 0.00 0.00 0.00 0.00 0.00
people 0.00 0 0.00 665 491 701 550 0.00 0.00 0.00 0.00 0.00 0.00 0.00
people 0.00 0 0.00 514 629 557 689 0.00 0.00 0.00 0.00 0.00 0.00 0.00
people 0.00 0 0.00 468 673 504 726 0.00 0.00 0.00 0.00 0.00 0.00 0.00
people 0.00 0 0.00 491 659 527 712 0.00 0.00 0.00 0.00 0.00 0.00 0.00
pedestrian 0.00 0 0.00 254 420 279 472 0.00 0.00 0.00 0.00 0.00 0.00 0.00
motor 0.00 0 0.00 707 473 742 524 0.00 0.00 0.00 0.00 0.00 0.00 0.00
motor 0.00 0 0.00 708 428 764 473 0.00 0.00 0.00 0.00 0.00 0.00 0.00
motor 0.00 0 0.00 698 457 726 493 0.00 0.00 0.00 0.00 0.00 0.00 0.00
pedestrian 0.00 0 0.00 822 378 852 434 0.00 0.00 0.00 0.00 0.00 0.00 0.00
people 0.00 0 0.00 660 408 686 441 0.00 0.00 0.00 0.00 0.00 0.00 0.00
pedestrian 0.00 0 0.00 466 365 495 416 0.00 0.00 0.00 0.00 0.00 0.00 0.00
pedestrian 0.00 0 0.00 447 365 469 410 0.00 0.00 0.00 0.00 0.00 0.00 0.00
pedestrian 0.00 0 0.00 1056 313 1080 359 0.00 0.00 0.00 0.00 0.00 0.00 0.00
pedestrian 0.00 0 0.00 1088 303 1111 349 0.00 0.00 0.00 0.00 0.00 0.00 0.00
pedestrian 0.00 0 0.00 1201 250 1228 288 0.00 0.00 0.00 0.00 0.00 0.00 0.00
pedestrian 0.00 0 0.00 1170 246 1191 281 0.00 0.00 0.00 0.00 0.00 0.00 0.00
pedestrian 0.00 0 0.00 912 303 935 349 0.00 0.00 0.00 0.00 0.00 0.00 0.00
pedestrian 0.00 0 0.00 869 316 891 358 0.00 0.00 0.00 0.00 0.00 0.00 0.00
pedestrian 0.00 0 0.00 742 307 765 353 0.00 0.00 0.00 0.00 0.00 0.00 0.00
people 0.00 0 0.00 713 309 733 342 0.00 0.00 0.00 0.00 0.00 0.00 0.00
pedestrian 0.00 0 0.00 980 320 1013 368 0.00 0.00 0.00 0.00 0.00 0.00 0.00
pedestrian 0.00 0 0.00 999 311 1024 359 0.00 0.00 0.00 0.00 0.00 0.00 0.00
pedestrian 0.00 0 0.00 1236 299 1258 345 0.00 0.00 0.00 0.00 0.00 0.00 0.00
pedestrian 0.00 0 0.00 1249 304 1265 339 0.00 0.00 0.00 0.00 0.00 0.00 0.00
people 0.00 0 0.00 424 353 448 388 0.00 0.00 0.00 0.00 0.00 0.00 0.00
tricycle 0.00 0 0.00 196 479 305 524 0.00 0.00 0.00 0.00 0.00 0.00 0.00
car 0.00 0 0.00 507 320 634 382 0.00 0.00 0.00 0.00 0.00 0.00 0.00
people 0.00 0 0.00 759 282 771 304 0.00 0.00 0.00 0.00 0.00 0.00 0.00
people 0.00 0 0.00 771 279 787 305 0.00 0.00 0.00 0.00 0.00 0.00 0.00
people 0.00 0 0.00 741 272 762 296 0.00 0.00 0.00 0.00 0.00 0.00 0.00
pedestrian 0.00 0 0.00 942 251 954 292 0.00 0.00 0.00 0.00 0.00 0.00 0.00
people 0.00 0 0.00 960 273 982 295 0.00 0.00 0.00 0.00 0.00 0.00 0.00
pedestrian 0.00 0 0.00 957 251 969 292 0.00 0.00 0.00 0.00 0.00 0.00 0.00
pedestrian 0.00 0 0.00 1061 252 1070 266 0.00 0.00 0.00 0.00 0.00 0.00 0.00
pedestrian 0.00 0 0.00 1185 221 1198 259 0.00 0.00 0.00 0.00 0.00 0.00 0.00
pedestrian 0.00 0 0.00 1198 207 1213 244 0.00 0.00 0.00 0.00 0.00 0.00 0.00
pedestrian 0.00 0 0.00 1189 199 1204 236 0.00 0.00 0.00 0.00 0.00 0.00 0.00
bicycle 0.00 0 0.00 1202 211 1228 240 0.00 0.00 0.00 0.00 0.00 0.00 0.00
bicycle 0.00 0 0.00 1209 210 1242 239 0.00 0.00 0.00 0.00 0.00 0.00 0.00
bicycle 0.00 0 0.00 1231 201 1245 234 0.00 0.00 0.00 0.00 0.00 0.00 0.00
car 0.00 0 0.00 1177 79 1224 122 0.00 0.00 0.00 0.00 0.00 0.00 0.00
car 0.00 0 0.00 1215 79 1292 118 0.00 0.00 0.00 0.00 0.00 0.00 0.00
pedestrian 0.00 0 0.00 1289 690 1327 756 0.00 0.00 0.00 0.00 0.00 0.00 0.00
pedestrian 0.00 0 0.00 1307 686 1358 753 0.00 0.00 0.00 0.00 0.00 0.00 0.00
