car 0.00 0 0.00 163 278 226 336 0.00 0.00 0.00 0.00 0.00 0.00 0.00
car 0.00 0 0.00 326 281 414 348 0.00 0.00 0.00 0.00 0.00 0.00 0.00
car 0.00 0 0.00 243 346 318 423 0.00 0.00 0.00 0.00 0.00 0.00 0.00
tricycle 0.00 0 0.00 486 88 525 126 0.00 0.00 0.00 0.00 0.00 0.00 0.00
tricycle 0.00 0 0.00 519 146 568 186 0.00 0.00 0.00 0.00 0.00 0.00 0.00
motor 0.00 0 0.00 375 231 399 256 0.00 0.00 0.00 0.00 0.00 0.00 0.00
people 0.00 0 0.00 91 206 107 221 0.00 0.00 0.00 0.00 0.00 0.00 0.00
motor 0.00 0 0.00 92 209 111 226 0.00 0.00 0.00 0.00 0.00 0.00 0.00
car 0.00 0 0.00 37 139 82 183 0.00 0.00 0.00 0.00 0.00 0.00 0.00
tricycle 0.00 0 0.00 207 0 233 13 0.00 0.00 0.00 0.00 0.00 0.00 0.00
pedestrian 0.00 0 0.00 795 305 811 325 0.00 0.00 0.00 0.00 0.00 0.00 0.00
car 0.00 0 0.00 875 146 916 193 0.00 0.00 0.00 0.00 0.00 0.00 0.00
van 0.00 0 0.00 762 36 806 77 0.00 0.00 0.00 0.00 0.00 0.00 0.00
awning-tricycle 0.00 0 0.00 843 25 871 52 0.00 0.00 0.00 0.00 0.00 0.00 0.00
car 0.00 0 0.00 657 38 700 69 0.00 0.00 0.00 0.00 0.00 0.00 0.00
car 0.00 0 0.00 694 10 746 37 0.00 0.00 0.00 0.00 0.00 0.00 0.00
car 0.00 0 0.00 718 47 758 80 0.00 0.00 0.00 0.00 0.00 0.00 0.00
car 0.00 0 0.00 137 476 246 540 0.00 0.00 0.00 0.00 0.00 0.00 0.00
car 0.00 0 0.00 389 511 446 540 0.00 0.00 0.00 0.00 0.00 0.00 0.00
car 0.00 0 0.00 856 497 920 540 0.00 0.00 0.00 0.00 0.00 0.00 0.00
