bicycle 0.00 0 0.00 647 402 662 441 0.00 0.00 0.00 0.00 0.00 0.00 0.00
pedestrian 0.00 0 0.00 1244 651 1275 666 0.00 0.00 0.00 0.00 0.00 0.00 0.00
pedestrian 0.00 0 0.00 478 76 511 112 0.00 0.00 0.00 0.00 0.00 0.00 0.00
bicycle 0.00 0 0.00 472 106 501 124 0.00 0.00 0.00 0.00 0.00 0.00 0.00
bicycle 0.00 0 0.00 501 134 530 151 0.00 0.00 0.00 0.00 0.00 0.00 0.00
bicycle 0.00 0 0.00 559 155 582 183 0.00 0.00 0.00 0.00 0.00 0.00 0.00
bicycle 0.00 0 0.00 229 46 262 58 0.00 0.00 0.00 0.00 0.00 0.00 0.00
pedestrian 0.00 0 0.00 308 26 322 58 0.00 0.00 0.00 0.00 0.00 0.00 0.00
pedestrian 0.00 0 0.00 343 56 355 78 0.00 0.00 0.00 0.00 0.00 0.00 0.00
pedestrian 0.00 0 0.00 405 589 419 605 0.00 0.00 0.00 0.00 0.00 0.00 0.00
pedestrian 0.00 0 0.00 440 584 450 598 0.00 0.00 0.00 0.00 0.00 0.00 0.00
bicycle 0.00 0 0.00 471 641 486 666 0.00 0.00 0.00 0.00 0.00 0.00 0.00
bicycle 0.00 0 0.00 457 587 478 619 0.00 0.00 0.00 0.00 0.00 0.00 0.00
