pedestrian 0.00 0 0.00 136 480 174 540 0.00 0.00 0.00 0.00 0.00 0.00 0.00
pedestrian 0.00 0 0.00 128 437 150 501 0.00 0.00 0.00 0.00 0.00 0.00 0.00
pedestrian 0.00 0 0.00 133 415 167 485 0.00 0.00 0.00 0.00 0.00 0.00 0.00
pedestrian 0.00 0 0.00 330 425 353 497 0.00 0.00 0.00 0.00 0.00 0.00 0.00
pedestrian 0.00 0 0.00 312 400 334 464 0.00 0.00 0.00 0.00 0.00 0.00 0.00
pedestrian 0.00 0 0.00 318 374 335 434 0.00 0.00 0.00 0.00 0.00 0.00 0.00
pedestrian 0.00 0 0.00 309 352 326 401 0.00 0.00 0.00 0.00 0.00 0.00 0.00
pedestrian 0.00 0 0.00 315 316 335 362 0.00 0.00 0.00 0.00 0.00 0.00 0.00
pedestrian 0.00 0 0.00 335 307 363 363 0.00 0.00 0.00 0.00 0.00 0.00 0.00
pedestrian 0.00 0 0.00 386 270 406 315 0.00 0.00 0.00 0.00 0.00 0.00 0.00
people 0.00 0 0.00 369 275 387 311 0.00 0.00 0.00 0.00 0.00 0.00 0.00
motor 0.00 0 0.00 365 286 385 326 0.00 0.00 0.00 0.00 0.00 0.00 0.00
awning-tricycle 0.00 0 0.00 190 422 312 540 0.00 0.00 0.00 0.00 0.00 0.00 0.00
pedestrian 0.00 0 0.00 716 386 734 445 0.00 0.00 0.00 0.00 0.00 0.00 0.00
pedestrian 0.00 0 0.00 683 383 705 435 0.00 0.00 0.00 0.00 0.00 0.00 0.00
pedestrian 0.00 0 0.00 630 391 649 451 0.00 0.00 0.00 0.00 0.00 0.00 0.00
pedestrian 0.00 0 0.00 544 385 565 450 0.00 0.00 0.00 0.00 0.00 0.00 0.00
motor 0.00 0 0.00 563 421 622 471 0.00 0.00 0.00 0.00 0.00 0.00 0.00
motor 0.00 0 0.00 554 368 585 435 0.00 0.00 0.00 0.00 0.00 0.00 0.00
people 0.00 0 0.00 608 335 628 372 0.00 0.00 0.00 0.00 0.00 0.00 0.00
tricycle 0.00 0 0.00 576 319 674 367 0.00 0.00 0.00 0.00 0.00 0.00 0.00
motor 0.00 0 0.00 760 265 802 298 0.00 0.00 0.00 0.00 0.00 0.00 0.00
awning-tricycle 0.00 0 0.00 867 265 948 324 0.00 0.00 0.00 0.00 0.00 0.00 0.00
pedestrian 0.00 0 0.00 680 235 689 258 0.00 0.00 0.00 0.00 0.00 0.00 0.00
people 0.00 0 0.00 673 234 681 245 0.00 0.00 0.00 0.00 0.00 0.00 0.00
pedestrian 0.00 0 0.00 673 209 685 242 0.00 0.00 0.00 0.00 0.00 0.00 0.00
people 0.00 0 0.00 746 225 758 248 0.00 0.00 0.00 0.00 0.00 0.00 0.00
people 0.00 0 0.00 780 226 792 248 0.00 0.00 0.00 0.00 0.00 0.00 0.00
people 0.00 0 0.00 757 219 775 243 0.00 0.00 0.00 0.00 0.00 0.00 0.00
car 0.00 0 0.00 832 189 864 211 0.00 0.00 0.00 0.00 0.00 0.00 0.00
car 0.00 0 0.00 880 180 890 214 0.00 0.00 0.00 0.00 0.00 0.00 0.00
tricycle 0.00 0 0.00 712 171 750 202 0.00 0.00 0.00 0.00 0.00 0.00 0.00
people 0.00 0 0.00 605 247 621 273 0.00 0.00 0.00 0.00 0.00 0.00 0.00
tricycle 0.00 0 0.00 577 256 658 294 0.00 0.00 0.00 0.00 0.00 0.00 0.00
tricycle 0.00 0 0.00 578 228 657 266 0.00 0.00 0.00 0.00 0.00 0.00 0.00
pedestrian 0.00 0 0.00 585 223 599 250 0.00 0.00 0.00 0.00 0.00 0.00 0.00
tricycle 0.00 0 0.00 570 220 640 247 0.00 0.00 0.00 0.00 0.00 0.00 0.00
tricycle 0.00 0 0.00 561 206 629 236 0.00 0.00 0.00 0.00 0.00 0.00 0.00
tricycle 0.00 0 0.00 557 192 623 218 0.00 0.00 0.00 0.00 0.00 0.00 0.00
people 0.00 0 0.00 594 182 609 213 0.00 0.00 0.00 0.00 0.00 0.00 0.00
truck 0.00 0 0.00 649 101 788 192 0.00 0.00 0.00 0.00 0.00 0.00 0.00
people 0.00 0 0.00 471 35 475 42 0.00 0.00 0.00 0.00 0.00 0.00 0.00
motor 0.00 0 0.00 471 38 476 45 0.00 0.00 0.00 0.00 0.00 0.00 0.00
van 0.00 0 0.00 452 35 464 47 0.00 0.00 0.00 0.00 0.00 0.00 0.00
people 0.00 0 0.00 473 43 478 53 0.00 0.00 0.00 0.00 0.00 0.00 0.00
motor 0.00 0 0.00 472 48 477 56 0.00 0.00 0.00 0.00 0.00 0.00 0.00
motor 0.00 0 0.00 550 171 564 190 0.00 0.00 0.00 0.00 0.00 0.00 0.00
tricycle 0.00 0 0.00 539 183 594 209 0.00 0.00 0.00 0.00 0.00 0.00 0.00
people 0.00 0 0.00 487 184 500 209 0.00 0.00 0.00 0.00 0.00 0.00 0.00
motor 0.00 0 0.00 488 202 499 219 0.00 0.00 0.00 0.00 0.00 0.00 0.00
people 0.00 0 0.00 452 208 465 235 0.00 0.00 0.00 0.00 0.00 0.00 0.00
motor 0.00 0 0.00 452 225 466 247 0.00 0.00 0.00 0.00 0.00 0.00 0.00
motor 0.00 0 0.00 495 165 525 188 0.00 0.00 0.00 0.00 0.00 0.00 0.00
people 0.00 0 0.00 424 218 434 243 0.00 0.00 0.00 0.00 0.00 0.00 0.00
tricycle 0.00 0 0.00 420 231 437 260 0.00 0.00 0.00 0.00 0.00 0.00 0.00
people 0.00 0 0.00 406 193 418 218 0.00 0.00 0.00 0.00 0.00 0.00 0.00
motor 0.00 0 0.00 405 203 417 229 0.00 0.00 0.00 0.00 0.00 0.00 0.00
pedestrian 0.00 0 0.00 234 324 251 373 0.00 0.00 0.00 0.00 0.00 0.00 0.00
pedestrian 0.00 0 0.00 222 315 238 367 0.00 0.00 0.00 0.00 0.00 0.00 0.00
tricycle 0.00 0 0.00 172 316 268 357 0.00 0.00 0.00 0.00 0.00 0.00 0.00
pedestrian 0.00 0 0.00 323 268 341 312 0.00 0.00 0.00 0.00 0.00 0.00 0.00
people 0.00 0 0.00 346 249 362 280 0.00 0.00 0.00 0.00 0.00 0.00 0.00
people 0.00 0 0.00 347 258 359 274 0.00 0.00 0.00 0.00 0.00 0.00 0.00
bicycle 0.00 0 0.00 344 266 362 289 0.00 0.00 0.00 0.00 0.00 0.00 0.00
pedestrian 0.00 0 0.00 257 274 272 308 0.00 0.00 0.00 0.00 0.00 0.00 0.00
pedestrian 0.00 0 0.00 533 154 542 183 0.00 0.00 0.00 0.00 0.00 0.00 0.00
pedestrian 0.00 0 0.00 513 152 522 177 0.00 0.00 0.00 0.00 0.00 0.00 0.00
people 0.00 0 0.00 505 146 517 168 0.00 0.00 0.00 0.00 0.00 0.00 0.00
motor 0.00 0 0.00 504 155 517 169 0.00 0.00 0.00 0.00 0.00 0.00 0.00
truck 0.00 0 0.00 452 131 480 171 0.00 0.00 0.00 0.00 0.00 0.00 0.00
pedestrian 0.00 0 0.00 426 129 434 152 0.00 0.00 0.00 0.00 0.00 0.00 0.00
people 0.00 0 0.00 407 132 416 155 0.00 0.00 0.00 0.00 0.00 0.00 0.00
people 0.00 0 0.00 527 73 535 87 0.00 0.00 0.00 0.00 0.00 0.00 0.00
pedestrian 0.00 0 0.00 488 56 493 67 0.00 0.00 0.00 0.00 0.00 0.00 0.00
people 0.00 0 0.00 479 52 486 60 0.00 0.00 0.00 0.00 0.00 0.00 0.00
bicycle 0.00 0 0.00 479 57 486 66 0.00 0.00 0.00 0.00 0.00 0.00 0.00
van 0.00 0 0.00 503 47 533 58 0.00 0.00 0.00 0.00 0.00 0.00 0.00
van 0.00 0 0.00 518 44 546 56 0.00 0.00 0.00 0.00 0.00 0.00 0.00
truck 0.00 0 0.00 512 32 543 47 0.00 0.00 0.00 0.00 0.00 0.00 0.00
people 0.00 0 0.00 445 60 451 73 0.00 0.00 0.00 0.00 0.00 0.00 0.00
bicycle 0.00 0 0.00 446 66 451 77 0.00 0.00 0.00 0.00 0.00 0.00 0.00
people 0.00 0 0.00 477 80 483 92 0.00 0.00 0.00 0.00 0.00 0.00 0.00
people 0.00 0 0.00 490 77 495 88 0.00 0.00 0.00 0.00 0.00 0.00 0.00
motor 0.00 0 0.00 490 82 496 93 0.00 0.00 0.00 0.00 0.00 0.00 0.00
motor 0.00 0 0.00 476 86 482 98 0.00 0.00 0.00 0.00 0.00 0.00 0.00
pedestrian 0.00 0 0.00 426 73 431 89 0.00 0.00 0.00 0.00 0.00 0.00 0.00
truck 0.00 0 0.00 410 56 426 72 0.00 0.00 0.00 0.00 0.00 0.00 0.00
people 0.00 0 0.00 443 100 454 119 0.00 0.00 0.00 0.00 0.00 0.00 0.00
motor 0.00 0 0.00 445 106 451 121 0.00 0.00 0.00 0.00 0.00 0.00 0.00
people 0.00 0 0.00 430 102 437 116 0.00 0.00 0.00 0.00 0.00 0.00 0.00
tricycle 0.00 0 0.00 429 110 439 124 0.00 0.00 0.00 0.00 0.00 0.00 0.00
car 0.00 0 0.00 335 63 373 81 0.00 0.00 0.00 0.00 0.00 0.00 0.00
car 0.00 0 0.00 377 70 420 88 0.00 0.00 0.00 0.00 0.00 0.00 0.00
awning-tricycle 0.00 0 0.00 380 84 415 102 0.00 0.00 0.00 0.00 0.00 0.00 0.00
people 0.00 0 0.00 330 211 343 235 0.00 0.00 0.00 0.00 0.00 0.00 0.00
tricycle 0.00 0 0.00 311 222 359 250 0.00 0.00 0.00 0.00 0.00 0.00 0.00
awning-tricycle 0.00 0 0.00 212 218 310 267 0.00 0.00 0.00 0.00 0.00 0.00 0.00
