awning-tricycle 0.00 0 0.00 118 448 200 513 0.00 0.00 0.00 0.00 0.00 0.00 0.00
car 0.00 0 0.00 285 376 341 449 0.00 0.00 0.00 0.00 0.00 0.00 0.00
pedestrian 0.00 0 0.00 392 379 406 426 0.00 0.00 0.00 0.00 0.00 0.00 0.00
people 0.00 0 0.00 394 388 403 405 0.00 0.00 0.00 0.00 0.00 0.00 0.00
pedestrian 0.00 0 0.00 476 310 492 343 0.00 0.00 0.00 0.00 0.00 0.00 0.00
pedestrian 0.00 0 0.00 542 432 566 482 0.00 0.00 0.00 0.00 0.00 0.00 0.00
pedestrian 0.00 0 0.00 547 349 560 389 0.00 0.00 0.00 0.00 0.00 0.00 0.00
tricycle 0.00 0 0.00 531 307 558 345 0.00 0.00 0.00 0.00 0.00 0.00 0.00
tricycle 0.00 0 0.00 496 312 522 347 0.00 0.00 0.00 0.00 0.00 0.00 0.00
pedestrian 0.00 0 0.00 546 288 557 320 0.00 0.00 0.00 0.00 0.00 0.00 0.00
pedestrian 0.00 0 0.00 570 289 581 317 0.00 0.00 0.00 0.00 0.00 0.00 0.00
motor 0.00 0 0.00 504 289 519 314 0.00 0.00 0.00 0.00 0.00 0.00 0.00
people 0.00 0 0.00 504 282 521 314 0.00 0.00 0.00 0.00 0.00 0.00 0.00
tricycle 0.00 0 0.00 512 273 544 295 0.00 0.00 0.00 0.00 0.00 0.00 0.00
people 0.00 0 0.00 525 266 539 292 0.00 0.00 0.00 0.00 0.00 0.00 0.00
pedestrian 0.00 0 0.00 406 266 416 290 0.00 0.00 0.00 0.00 0.00 0.00 0.00
tricycle 0.00 0 0.00 361 270 411 293 0.00 0.00 0.00 0.00 0.00 0.00 0.00
awning-tricycle 0.00 0 0.00 437 235 460 269 0.00 0.00 0.00 0.00 0.00 0.00 0.00
pedestrian 0.00 0 0.00 405 250 414 275 0.00 0.00 0.00 0.00 0.00 0.00 0.00
motor 0.00 0 0.00 407 245 419 263 0.00 0.00 0.00 0.00 0.00 0.00 0.00
pedestrian 0.00 0 0.00 498 196 505 215 0.00 0.00 0.00 0.00 0.00 0.00 0.00
pedestrian 0.00 0 0.00 555 207 561 229 0.00 0.00 0.00 0.00 0.00 0.00 0.00
pedestrian 0.00 0 0.00 540 216 549 235 0.00 0.00 0.00 0.00 0.00 0.00 0.00
tricycle 0.00 0 0.00 538 213 554 233 0.00 0.00 0.00 0.00 0.00 0.00 0.00
people 0.00 0 0.00 541 211 548 223 0.00 0.00 0.00 0.00 0.00 0.00 0.00
motor 0.00 0 0.00 451 209 458 225 0.00 0.00 0.00 0.00 0.00 0.00 0.00
people 0.00 0 0.00 451 204 458 222 0.00 0.00 0.00 0.00 0.00 0.00 0.00
truck 0.00 0 0.00 383 182 430 209 0.00 0.00 0.00 0.00 0.00 0.00 0.00
truck 0.00 0 0.00 564 188 613 209 0.00 0.00 0.00 0.00 0.00 0.00 0.00
tricycle 0.00 0 0.00 520 197 536 219 0.00 0.00 0.00 0.00 0.00 0.00 0.00
tricycle 0.00 0 0.00 508 188 522 203 0.00 0.00 0.00 0.00 0.00 0.00 0.00
motor 0.00 0 0.00 498 181 506 193 0.00 0.00 0.00 0.00 0.00 0.00 0.00
people 0.00 0 0.00 500 178 506 189 0.00 0.00 0.00 0.00 0.00 0.00 0.00
pedestrian 0.00 0 0.00 506 164 513 178 0.00 0.00 0.00 0.00 0.00 0.00 0.00
tricycle 0.00 0 0.00 416 165 434 178 0.00 0.00 0.00 0.00 0.00 0.00 0.00
tricycle 0.00 0 0.00 444 159 454 172 0.00 0.00 0.00 0.00 0.00 0.00 0.00
motor 0.00 0 0.00 493 154 497 162 0.00 0.00 0.00 0.00 0.00 0.00 0.00
motor 0.00 0 0.00 489 167 495 176 0.00 0.00 0.00 0.00 0.00 0.00 0.00
motor 0.00 0 0.00 476 153 480 161 0.00 0.00 0.00 0.00 0.00 0.00 0.00
motor 0.00 0 0.00 468 153 474 162 0.00 0.00 0.00 0.00 0.00 0.00 0.00
people 0.00 0 0.00 489 164 495 174 0.00 0.00 0.00 0.00 0.00 0.00 0.00
people 0.00 0 0.00 493 152 497 161 0.00 0.00 0.00 0.00 0.00 0.00 0.00
people 0.00 0 0.00 475 151 480 161 0.00 0.00 0.00 0.00 0.00 0.00 0.00
people 0.00 0 0.00 468 150 474 159 0.00 0.00 0.00 0.00 0.00 0.00 0.00
tricycle 0.00 0 0.00 502 147 511 158 0.00 0.00 0.00 0.00 0.00 0.00 0.00
