pedestrian 0.00 0 0.00 432 694 452 750 0.00 0.00 0.00 0.00 0.00 0.00 0.00
pedestrian 0.00 0 0.00 461 687 486 735 0.00 0.00 0.00 0.00 0.00 0.00 0.00
pedestrian 0.00 0 0.00 603 515 614 554 0.00 0.00 0.00 0.00 0.00 0.00 0.00
pedestrian 0.00 0 0.00 616 518 630 556 0.00 0.00 0.00 0.00 0.00 0.00 0.00
pedestrian 0.00 0 0.00 998 658 1012 701 0.00 0.00 0.00 0.00 0.00 0.00 0.00
pedestrian 0.00 0 0.00 981 657 1001 701 0.00 0.00 0.00 0.00 0.00 0.00 0.00
bicycle 0.00 0 0.00 359 799 388 842 0.00 0.00 0.00 0.00 0.00 0.00 0.00
bicycle 0.00 0 0.00 457 780 483 821 0.00 0.00 0.00 0.00 0.00 0.00 0.00
pedestrian 0.00 0 0.00 652 468 659 499 0.00 0.00 0.00 0.00 0.00 0.00 0.00
pedestrian 0.00 0 0.00 661 475 668 500 0.00 0.00 0.00 0.00 0.00 0.00 0.00
pedestrian 0.00 0 0.00 643 465 653 498 0.00 0.00 0.00 0.00 0.00 0.00 0.00
pedestrian 0.00 0 0.00 657 466 666 496 0.00 0.00 0.00 0.00 0.00 0.00 0.00
pedestrian 0.00 0 0.00 889 523 900 558 0.00 0.00 0.00 0.00 0.00 0.00 0.00
