car 0.00 0 0.00 389 828 553 968 0.00 0.00 0.00 0.00 0.00 0.00 0.00
motor 0.00 0 0.00 531 777 574 851 0.00 0.00 0.00 0.00 0.00 0.00 0.00
motor 0.00 0 0.00 512 774 552 830 0.00 0.00 0.00 0.00 0.00 0.00 0.00
car 0.00 0 0.00 1151 923 1350 1080 0.00 0.00 0.00 0.00 0.00 0.00 0.00
bicycle 0.00 0 0.00 1025 953 1083 1080 0.00 0.00 0.00 0.00 0.00 0.00 0.00
people 0.00 0 0.00 1026 915 1085 1053 0.00 0.00 0.00 0.00 0.00 0.00 0.00
car 0.00 0 0.00 606 775 747 876 0.00 0.00 0.00 0.00 0.00 0.00 0.00
car 0.00 0 0.00 796 773 916 871 0.00 0.00 0.00 0.00 0.00 0.00 0.00
car 0.00 0 0.00 732 708 816 781 0.00 0.00 0.00 0.00 0.00 0.00 0.00
car 0.00 0 0.00 675 662 802 711 0.00 0.00 0.00 0.00 0.00 0.00 0.00
car 0.00 0 0.00 1106 825 1244 948 0.00 0.00 0.00 0.00 0.00 0.00 0.00
car 0.00 0 0.00 1075 757 1201 862 0.00 0.00 0.00 0.00 0.00 0.00 0.00
car 0.00 0 0.00 1066 729 1158 790 0.00 0.00 0.00 0.00 0.00 0.00 0.00
car 0.00 0 0.00 1054 700 1135 763 0.00 0.00 0.00 0.00 0.00 0.00 0.00
car 0.00 0 0.00 1048 681 1118 731 0.00 0.00 0.00 0.00 0.00 0.00 0.00
car 0.00 0 0.00 1051 661 1108 701 0.00 0.00 0.00 0.00 0.00 0.00 0.00
car 0.00 0 0.00 1034 629 1078 667 0.00 0.00 0.00 0.00 0.00 0.00 0.00
car 0.00 0 0.00 870 685 943 740 0.00 0.00 0.00 0.00 0.00 0.00 0.00
car 0.00 0 0.00 845 629 890 666 0.00 0.00 0.00 0.00 0.00 0.00 0.00
car 0.00 0 0.00 898 647 953 693 0.00 0.00 0.00 0.00 0.00 0.00 0.00
car 0.00 0 0.00 943 610 978 639 0.00 0.00 0.00 0.00 0.00 0.00 0.00
car 0.00 0 0.00 967 617 1010 655 0.00 0.00 0.00 0.00 0.00 0.00 0.00
bicycle 0.00 0 0.00 895 636 909 662 0.00 0.00 0.00 0.00 0.00 0.00 0.00
people 0.00 0 0.00 889 626 909 659 0.00 0.00 0.00 0.00 0.00 0.00 0.00
car 0.00 0 0.00 868 615 911 647 0.00 0.00 0.00 0.00 0.00 0.00 0.00
car 0.00 0 0.00 878 609 914 634 0.00 0.00 0.00 0.00 0.00 0.00 0.00
bicycle 0.00 0 0.00 993 664 1012 699 0.00 0.00 0.00 0.00 0.00 0.00 0.00
people 0.00 0 0.00 995 649 1012 690 0.00 0.00 0.00 0.00 0.00 0.00 0.00
motor 0.00 0 0.00 1015 618 1031 640 0.00 0.00 0.00 0.00 0.00 0.00 0.00
people 0.00 0 0.00 1016 610 1030 637 0.00 0.00 0.00 0.00 0.00 0.00 0.00
bicycle 0.00 0 0.00 1018 659 1034 695 0.00 0.00 0.00 0.00 0.00 0.00 0.00
people 0.00 0 0.00 1019 645 1035 686 0.00 0.00 0.00 0.00 0.00 0.00 0.00
bicycle 0.00 0 0.00 1014 643 1030 669 0.00 0.00 0.00 0.00 0.00 0.00 0.00
people 0.00 0 0.00 1017 635 1029 657 0.00 0.00 0.00 0.00 0.00 0.00 0.00
car 0.00 0 0.00 611 1002 841 1080 0.00 0.00 0.00 0.00 0.00 0.00 0.00
