pedestrian 0.00 0 0.00 352 507 371 557 0.00 0.00 0.00 0.00 0.00 0.00 0.00
pedestrian 0.00 0 0.00 201 447 217 492 0.00 0.00 0.00 0.00 0.00 0.00 0.00
bicycle 0.00 0 0.00 112 625 146 685 0.00 0.00 0.00 0.00 0.00 0.00 0.00
bicycle 0.00 0 0.00 318 411 335 442 0.00 0.00 0.00 0.00 0.00 0.00 0.00
bicycle 0.00 0 0.00 359 369 373 395 0.00 0.00 0.00 0.00 0.00 0.00 0.00
bicycle 0.00 0 0.00 387 359 400 383 0.00 0.00 0.00 0.00 0.00 0.00 0.00
bicycle 0.00 0 0.00 402 343 412 369 0.00 0.00 0.00 0.00 0.00 0.00 0.00
bicycle 0.00 0 0.00 385 311 397 329 0.00 0.00 0.00 0.00 0.00 0.00 0.00
bicycle 0.00 0 0.00 365 311 377 331 0.00 0.00 0.00 0.00 0.00 0.00 0.00
bicycle 0.00 0 0.00 402 297 412 315 0.00 0.00 0.00 0.00 0.00 0.00 0.00
bicycle 0.00 0 0.00 379 299 388 319 0.00 0.00 0.00 0.00 0.00 0.00 0.00
bicycle 0.00 0 0.00 100 348 132 369 0.00 0.00 0.00 0.00 0.00 0.00 0.00
bicycle 0.00 0 0.00 125 340 152 360 0.00 0.00 0.00 0.00 0.00 0.00 0.00
bicycle 0.00 0 0.00 78 328 107 348 0.00 0.00 0.00 0.00 0.00 0.00 0.00
bicycle 0.00 0 0.00 94 335 126 353 0.00 0.00 0.00 0.00 0.00 0.00 0.00
pedestrian 0.00 0 0.00 454 222 460 235 0.00 0.00 0.00 0.00 0.00 0.00 0.00
pedestrian 0.00 0 0.00 458 229 464 247 0.00 0.00 0.00 0.00 0.00 0.00 0.00
pedestrian 0.00 0 0.00 430 244 438 264 0.00 0.00 0.00 0.00 0.00 0.00 0.00
pedestrian 0.00 0 0.00 435 240 443 261 0.00 0.00 0.00 0.00 0.00 0.00 0.00
bicycle 0.00 0 0.00 1300 497 1336 538 0.00 0.00 0.00 0.00 0.00 0.00 0.00
bicycle 0.00 0 0.00 1128 437 1156 470 0.00 0.00 0.00 0.00 0.00 0.00 0.00
bicycle 0.00 0 0.00 1132 427 1163 459 0.00 0.00 0.00 0.00 0.00 0.00 0.00
bicycle 0.00 0 0.00 1200 413 1244 444 0.00 0.00 0.00 0.00 0.00 0.00 0.00
bicycle 0.00 0 0.00 1172 394 1199 425 0.00 0.00 0.00 0.00 0.00 0.00 0.00
bicycle 0.00 0 0.00 1123 390 1151 417 0.00 0.00 0.00 0.00 0.00 0.00 0.00
bicycle 0.00 0 0.00 1113 349 1128 374 0.00 0.00 0.00 0.00 0.00 0.00 0.00
bicycle 0.00 0 0.00 1090 347 1120 369 0.00 0.00 0.00 0.00 0.00 0.00 0.00
bicycle 0.00 0 0.00 1124 333 1151 350 0.00 0.00 0.00 0.00 0.00 0.00 0.00
bicycle 0.00 0 0.00 1151 337 1174 357 0.00 0.00 0.00 0.00 0.00 0.00 0.00
pedestrian 0.00 0 0.00 1074 331 1084 355 0.00 0.00 0.00 0.00 0.00 0.00 0.00
pedestrian 0.00 0 0.00 1082 327 1094 358 0.00 0.00 0.00 0.00 0.00 0.00 0.00
pedestrian 0.00 0 0.00 1215 353 1229 388 0.00 0.00 0.00 0.00 0.00 0.00 0.00
bicycle 0.00 0 0.00 1239 365 1255 393 0.00 0.00 0.00 0.00 0.00 0.00 0.00
