people 0.00 0 0.00 211 399 222 414 0.00 0.00 0.00 0.00 0.00 0.00 0.00
people 0.00 0 0.00 274 350 286 364 0.00 0.00 0.00 0.00 0.00 0.00 0.00
people 0.00 0 0.00 279 348 290 363 0.00 0.00 0.00 0.00 0.00 0.00 0.00
people 0.00 0 0.00 255 411 267 428 0.00 0.00 0.00 0.00 0.00 0.00 0.00
people 0.00 0 0.00 410 290 417 302 0.00 0.00 0.00 0.00 0.00 0.00 0.00
people 0.00 0 0.00 413 288 420 300 0.00 0.00 0.00 0.00 0.00 0.00 0.00
people 0.00 0 0.00 723 205 728 214 0.00 0.00 0.00 0.00 0.00 0.00 0.00
people 0.00 0 0.00 752 195 758 205 0.00 0.00 0.00 0.00 0.00 0.00 0.00
people 0.00 0 0.00 776 140 780 146 0.00 0.00 0.00 0.00 0.00 0.00 0.00
pedestrian 0.00 0 0.00 110 486 124 513 0.00 0.00 0.00 0.00 0.00 0.00 0.00
pedestrian 0.00 0 0.00 138 424 149 446 0.00 0.00 0.00 0.00 0.00 0.00 0.00
people 0.00 0 0.00 564 175 570 184 0.00 0.00 0.00 0.00 0.00 0.00 0.00
people 0.00 0 0.00 623 169 628 178 0.00 0.00 0.00 0.00 0.00 0.00 0.00
pedestrian 0.00 0 0.00 569 126 573 135 0.00 0.00 0.00 0.00 0.00 0.00 0.00
pedestrian 0.00 0 0.00 308 162 311 174 0.00 0.00 0.00 0.00 0.00 0.00 0.00
pedestrian 0.00 0 0.00 309 164 313 175 0.00 0.00 0.00 0.00 0.00 0.00 0.00
pedestrian 0.00 0 0.00 295 164 300 177 0.00 0.00 0.00 0.00 0.00 0.00 0.00
pedestrian 0.00 0 0.00 293 163 298 176 0.00 0.00 0.00 0.00 0.00 0.00 0.00
car 0.00 0 0.00 95 294 151 321 0.00 0.00 0.00 0.00 0.00 0.00 0.00
truck 0.00 0 0.00 312 219 450 277 0.00 0.00 0.00 0.00 0.00 0.00 0.00
truck 0.00 0 0.00 592 173 680 218 0.00 0.00 0.00 0.00 0.00 0.00 0.00
truck 0.00 0 0.00 709 177 745 201 0.00 0.00 0.00 0.00 0.00 0.00 0.00
car 0.00 0 0.00 810 161 832 172 0.00 0.00 0.00 0.00 0.00 0.00 0.00
car 0.00 0 0.00 865 150 886 160 0.00 0.00 0.00 0.00 0.00 0.00 0.00
car 0.00 0 0.00 877 139 899 147 0.00 0.00 0.00 0.00 0.00 0.00 0.00
people 0.00 0 0.00 901 152 906 160 0.00 0.00 0.00 0.00 0.00 0.00 0.00
people 0.00 0 0.00 939 111 956 118 0.00 0.00 0.00 0.00 0.00 0.00 0.00
car 0.00 0 0.00 289 357 349 386 0.00 0.00 0.00 0.00 0.00 0.00 0.00
car 0.00 0 0.00 340 360 398 399 0.00 0.00 0.00 0.00 0.00 0.00 0.00
motor 0.00 0 0.00 277 352 294 367 0.00 0.00 0.00 0.00 0.00 0.00 0.00
motor 0.00 0 0.00 247 416 268 433 0.00 0.00 0.00 0.00 0.00 0.00 0.00
bicycle 0.00 0 0.00 103 493 137 517 0.00 0.00 0.00 0.00 0.00 0.00 0.00
tricycle 0.00 0 0.00 183 400 211 426 0.00 0.00 0.00 0.00 0.00 0.00 0.00
motor 0.00 0 0.00 563 179 571 185 0.00 0.00 0.00 0.00 0.00 0.00 0.00
motor 0.00 0 0.00 620 172 629 180 0.00 0.00 0.00 0.00 0.00 0.00 0.00
motor 0.00 0 0.00 721 208 729 216 0.00 0.00 0.00 0.00 0.00 0.00 0.00
motor 0.00 0 0.00 751 199 758 207 0.00 0.00 0.00 0.00 0.00 0.00 0.00
motor 0.00 0 0.00 774 141 781 147 0.00 0.00 0.00 0.00 0.00 0.00 0.00
motor 0.00 0 0.00 899 155 906 161 0.00 0.00 0.00 0.00 0.00 0.00 0.00
