pedestrian 0.00 0 0.00 846 178 852 199 0.00 0.00 0.00 0.00 0.00 0.00 0.00
pedestrian 0.00 0 0.00 110 724 139 765 0.00 0.00 0.00 0.00 0.00 0.00 0.00
pedestrian 0.00 0 0.00 335 405 351 444 0.00 0.00 0.00 0.00 0.00 0.00 0.00
pedestrian 0.00 0 0.00 349 408 367 443 0.00 0.00 0.00 0.00 0.00 0.00 0.00
pedestrian 0.00 0 0.00 373 411 390 448 0.00 0.00 0.00 0.00 0.00 0.00 0.00
bicycle 0.00 0 0.00 605 113 612 128 0.00 0.00 0.00 0.00 0.00 0.00 0.00
pedestrian 0.00 0 0.00 746 115 756 130 0.00 0.00 0.00 0.00 0.00 0.00 0.00
pedestrian 0.00 0 0.00 635 62 643 75 0.00 0.00 0.00 0.00 0.00 0.00 0.00
pedestrian 0.00 0 0.00 419 296 432 328 0.00 0.00 0.00 0.00 0.00 0.00 0.00
pedestrian 0.00 0 0.00 413 303 422 325 0.00 0.00 0.00 0.00 0.00 0.00 0.00
