car 0.00 0 0.00 681 266 700 284 0.00 0.00 0.00 0.00 0.00 0.00 0.00
van 0.00 0 0.00 653 246 669 266 0.00 0.00 0.00 0.00 0.00 0.00 0.00
car 0.00 0 0.00 664 215 678 229 0.00 0.00 0.00 0.00 0.00 0.00 0.00
truck 0.00 0 0.00 745 164 766 194 0.00 0.00 0.00 0.00 0.00 0.00 0.00
car 0.00 0 0.00 698 160 707 168 0.00 0.00 0.00 0.00 0.00 0.00 0.00
car 0.00 0 0.00 668 200 680 209 0.00 0.00 0.00 0.00 0.00 0.00 0.00
car 0.00 0 0.00 865 197 877 209 0.00 0.00 0.00 0.00 0.00 0.00 0.00
car 0.00 0 0.00 827 190 842 200 0.00 0.00 0.00 0.00 0.00 0.00 0.00
van 0.00 0 0.00 713 147 723 160 0.00 0.00 0.00 0.00 0.00 0.00 0.00
truck 0.00 0 0.00 884 164 900 186 0.00 0.00 0.00 0.00 0.00 0.00 0.00
truck 0.00 0 0.00 867 167 881 187 0.00 0.00 0.00 0.00 0.00 0.00 0.00
truck 0.00 0 0.00 850 170 864 186 0.00 0.00 0.00 0.00 0.00 0.00 0.00
car 0.00 0 0.00 847 184 859 193 0.00 0.00 0.00 0.00 0.00 0.00 0.00
car 0.00 0 0.00 838 188 850 196 0.00 0.00 0.00 0.00 0.00 0.00 0.00
