truck 0.00 0 0.00 571 421 849 542 0.00 0.00 0.00 0.00 0.00 0.00 0.00
truck 0.00 0 0.00 481 307 759 434 0.00 0.00 0.00 0.00 0.00 0.00 0.00
car 0.00 0 0.00 525 310 634 351 0.00 0.00 0.00 0.00 0.00 0.00 0.00
car 0.00 0 0.00 521 268 625 315 0.00 0.00 0.00 0.00 0.00 0.00 0.00
car 0.00 0 0.00 504 246 607 293 0.00 0.00 0.00 0.00 0.00 0.00 0.00
car 0.00 0 0.00 474 222 568 271 0.00 0.00 0.00 0.00 0.00 0.00 0.00
car 0.00 0 0.00 452 208 536 251 0.00 0.00 0.00 0.00 0.00 0.00 0.00
truck 0.00 0 0.00 385 126 588 227 0.00 0.00 0.00 0.00 0.00 0.00 0.00
van 0.00 0 0.00 362 140 424 189 0.00 0.00 0.00 0.00 0.00 0.00 0.00
car 0.00 0 0.00 110 66 143 97 0.00 0.00 0.00 0.00 0.00 0.00 0.00
truck 0.00 0 0.00 528 519 793 665 0.00 0.00 0.00 0.00 0.00 0.00 0.00
car 0.00 0 0.00 608 707 777 765 0.00 0.00 0.00 0.00 0.00 0.00 0.00
truck 0.00 0 0.00 1067 282 1360 382 0.00 0.00 0.00 0.00 0.00 0.00 0.00
truck 0.00 0 0.00 952 146 1271 240 0.00 0.00 0.00 0.00 0.00 0.00 0.00
truck 0.00 0 0.00 312 24 443 133 0.00 0.00 0.00 0.00 0.00 0.00 0.00
truck 0.00 0 0.00 375 12 501 119 0.00 0.00 0.00 0.00 0.00 0.00 0.00
truck 0.00 0 0.00 432 3 545 109 0.00 0.00 0.00 0.00 0.00 0.00 0.00
truck 0.00 0 0.00 533 0 639 92 0.00 0.00 0.00 0.00 0.00 0.00 0.00
truck 0.00 0 0.00 580 0 680 78 0.00 0.00 0.00 0.00 0.00 0.00 0.00
truck 0.00 0 0.00 665 0 772 72 0.00 0.00 0.00 0.00 0.00 0.00 0.00
truck 0.00 0 0.00 698 0 798 54 0.00 0.00 0.00 0.00 0.00 0.00 0.00
truck 0.00 0 0.00 804 0 888 58 0.00 0.00 0.00 0.00 0.00 0.00 0.00
car 0.00 0 0.00 1116 80 1160 109 0.00 0.00 0.00 0.00 0.00 0.00 0.00
car 0.00 0 0.00 1129 71 1173 101 0.00 0.00 0.00 0.00 0.00 0.00 0.00
van 0.00 0 0.00 1140 57 1189 96 0.00 0.00 0.00 0.00 0.00 0.00 0.00
car 0.00 0 0.00 1150 51 1194 80 0.00 0.00 0.00 0.00 0.00 0.00 0.00
truck 0.00 0 0.00 1172 9 1360 76 0.00 0.00 0.00 0.00 0.00 0.00 0.00
