pedestrian 0.00 0 0.00 75 671 102 730 0.00 0.00 0.00 0.00 0.00 0.00 0.00
pedestrian 0.00 0 0.00 107 679 132 734 0.00 0.00 0.00 0.00 0.00 0.00 0.00
pedestrian 0.00 0 0.00 159 591 183 634 0.00 0.00 0.00 0.00 0.00 0.00 0.00
pedestrian 0.00 0 0.00 178 586 200 637 0.00 0.00 0.00 0.00 0.00 0.00 0.00
motor 0.00 0 0.00 157 691 200 741 0.00 0.00 0.00 0.00 0.00 0.00 0.00
pedestrian 0.00 0 0.00 160 672 197 734 0.00 0.00 0.00 0.00 0.00 0.00 0.00
car 0.00 0 0.00 0 483 80 562 0.00 0.00 0.00 0.00 0.00 0.00 0.00
car 0.00 0 0.00 163 375 217 414 0.00 0.00 0.00 0.00 0.00 0.00 0.00
car 0.00 0 0.00 251 304 298 345 0.00 0.00 0.00 0.00 0.00 0.00 0.00
car 0.00 0 0.00 293 267 358 294 0.00 0.00 0.00 0.00 0.00 0.00 0.00
car 0.00 0 0.00 315 250 345 280 0.00 0.00 0.00 0.00 0.00 0.00 0.00
tricycle 0.00 0 0.00 132 296 170 325 0.00 0.00 0.00 0.00 0.00 0.00 0.00
people 0.00 0 0.00 195 281 204 301 0.00 0.00 0.00 0.00 0.00 0.00 0.00
people 0.00 0 0.00 212 283 222 302 0.00 0.00 0.00 0.00 0.00 0.00 0.00
people 0.00 0 0.00 220 286 230 304 0.00 0.00 0.00 0.00 0.00 0.00 0.00
people 0.00 0 0.00 232 287 242 304 0.00 0.00 0.00 0.00 0.00 0.00 0.00
people 0.00 0 0.00 224 279 233 294 0.00 0.00 0.00 0.00 0.00 0.00 0.00
people 0.00 0 0.00 235 277 246 296 0.00 0.00 0.00 0.00 0.00 0.00 0.00
people 0.00 0 0.00 238 283 247 302 0.00 0.00 0.00 0.00 0.00 0.00 0.00
van 0.00 0 0.00 360 220 392 252 0.00 0.00 0.00 0.00 0.00 0.00 0.00
van 0.00 0 0.00 376 210 399 239 0.00 0.00 0.00 0.00 0.00 0.00 0.00
motor 0.00 0 0.00 429 293 438 309 0.00 0.00 0.00 0.00 0.00 0.00 0.00
people 0.00 0 0.00 429 285 438 301 0.00 0.00 0.00 0.00 0.00 0.00 0.00
car 0.00 0 0.00 470 214 498 236 0.00 0.00 0.00 0.00 0.00 0.00 0.00
car 0.00 0 0.00 507 170 525 186 0.00 0.00 0.00 0.00 0.00 0.00 0.00
bicycle 0.00 0 0.00 234 216 254 231 0.00 0.00 0.00 0.00 0.00 0.00 0.00
pedestrian 0.00 0 0.00 301 188 310 207 0.00 0.00 0.00 0.00 0.00 0.00 0.00
pedestrian 0.00 0 0.00 322 187 329 204 0.00 0.00 0.00 0.00 0.00 0.00 0.00
people 0.00 0 0.00 353 165 360 175 0.00 0.00 0.00 0.00 0.00 0.00 0.00
car 0.00 0 0.00 367 160 389 175 0.00 0.00 0.00 0.00 0.00 0.00 0.00
pedestrian 0.00 0 0.00 400 151 405 164 0.00 0.00 0.00 0.00 0.00 0.00 0.00
pedestrian 0.00 0 0.00 423 163 430 179 0.00 0.00 0.00 0.00 0.00 0.00 0.00
car 0.00 0 0.00 426 173 451 192 0.00 0.00 0.00 0.00 0.00 0.00 0.00
car 0.00 0 0.00 440 160 459 177 0.00 0.00 0.00 0.00 0.00 0.00 0.00
car 0.00 0 0.00 475 135 494 150 0.00 0.00 0.00 0.00 0.00 0.00 0.00
truck 0.00 0 0.00 521 134 546 165 0.00 0.00 0.00 0.00 0.00 0.00 0.00
car 0.00 0 0.00 442 112 459 124 0.00 0.00 0.00 0.00 0.00 0.00 0.00
pedestrian 0.00 0 0.00 470 112 475 123 0.00 0.00 0.00 0.00 0.00 0.00 0.00
pedestrian 0.00 0 0.00 469 127 475 140 0.00 0.00 0.00 0.00 0.00 0.00 0.00
truck 0.00 0 0.00 477 100 531 119 0.00 0.00 0.00 0.00 0.00 0.00 0.00
car 0.00 0 0.00 520 104 544 115 0.00 0.00 0.00 0.00 0.00 0.00 0.00
car 0.00 0 0.00 462 101 489 111 0.00 0.00 0.00 0.00 0.00 0.00 0.00
car 0.00 0 0.00 482 90 494 99 0.00 0.00 0.00 0.00 0.00 0.00 0.00
pedestrian 0.00 0 0.00 505 90 509 102 0.00 0.00 0.00 0.00 0.00 0.00 0.00
pedestrian 0.00 0 0.00 509 91 511 101 0.00 0.00 0.00 0.00 0.00 0.00 0.00
pedestrian 0.00 0 0.00 514 84 518 94 0.00 0.00 0.00 0.00 0.00 0.00 0.00
pedestrian 0.00 0 0.00 520 91 523 101 0.00 0.00 0.00 0.00 0.00 0.00 0.00
car 0.00 0 0.00 525 88 535 96 0.00 0.00 0.00 0.00 0.00 0.00 0.00
van 0.00 0 0.00 515 71 523 79 0.00 0.00 0.00 0.00 0.00 0.00 0.00
car 0.00 0 0.00 659 59 665 66 0.00 0.00 0.00 0.00 0.00 0.00 0.00
car 0.00 0 0.00 664 65 671 71 0.00 0.00 0.00 0.00 0.00 0.00 0.00
car 0.00 0 0.00 659 76 666 82 0.00 0.00 0.00 0.00 0.00 0.00 0.00
car 0.00 0 0.00 659 71 665 78 0.00 0.00 0.00 0.00 0.00 0.00 0.00
car 0.00 0 0.00 685 83 693 91 0.00 0.00 0.00 0.00 0.00 0.00 0.00
car 0.00 0 0.00 627 58 634 63 0.00 0.00 0.00 0.00 0.00 0.00 0.00
van 0.00 0 0.00 633 87 642 97 0.00 0.00 0.00 0.00 0.00 0.00 0.00
awning-tricycle 0.00 0 0.00 630 97 637 107 0.00 0.00 0.00 0.00 0.00 0.00 0.00
car 0.00 0 0.00 635 67 642 74 0.00 0.00 0.00 0.00 0.00 0.00 0.00
car 0.00 0 0.00 643 69 650 76 0.00 0.00 0.00 0.00 0.00 0.00 0.00
car 0.00 0 0.00 644 79 651 86 0.00 0.00 0.00 0.00 0.00 0.00 0.00
car 0.00 0 0.00 658 89 665 97 0.00 0.00 0.00 0.00 0.00 0.00 0.00
van 0.00 0 0.00 642 109 654 122 0.00 0.00 0.00 0.00 0.00 0.00 0.00
car 0.00 0 0.00 647 116 661 127 0.00 0.00 0.00 0.00 0.00 0.00 0.00
van 0.00 0 0.00 661 108 670 119 0.00 0.00 0.00 0.00 0.00 0.00 0.00
car 0.00 0 0.00 664 116 676 125 0.00 0.00 0.00 0.00 0.00 0.00 0.00
truck 0.00 0 0.00 689 92 701 108 0.00 0.00 0.00 0.00 0.00 0.00 0.00
car 0.00 0 0.00 693 105 704 114 0.00 0.00 0.00 0.00 0.00 0.00 0.00
van 0.00 0 0.00 696 117 706 130 0.00 0.00 0.00 0.00 0.00 0.00 0.00
car 0.00 0 0.00 702 129 714 143 0.00 0.00 0.00 0.00 0.00 0.00 0.00
car 0.00 0 0.00 706 133 723 147 0.00 0.00 0.00 0.00 0.00 0.00 0.00
car 0.00 0 0.00 697 191 716 207 0.00 0.00 0.00 0.00 0.00 0.00 0.00
car 0.00 0 0.00 681 228 704 249 0.00 0.00 0.00 0.00 0.00 0.00 0.00
car 0.00 0 0.00 593 150 608 165 0.00 0.00 0.00 0.00 0.00 0.00 0.00
car 0.00 0 0.00 598 141 614 153 0.00 0.00 0.00 0.00 0.00 0.00 0.00
car 0.00 0 0.00 598 131 613 144 0.00 0.00 0.00 0.00 0.00 0.00 0.00
car 0.00 0 0.00 601 127 611 138 0.00 0.00 0.00 0.00 0.00 0.00 0.00
pedestrian 0.00 0 0.00 354 345 365 374 0.00 0.00 0.00 0.00 0.00 0.00 0.00
motor 0.00 0 0.00 585 298 595 320 0.00 0.00 0.00 0.00 0.00 0.00 0.00
people 0.00 0 0.00 585 291 595 312 0.00 0.00 0.00 0.00 0.00 0.00 0.00
motor 0.00 0 0.00 592 211 600 225 0.00 0.00 0.00 0.00 0.00 0.00 0.00
people 0.00 0 0.00 592 207 600 222 0.00 0.00 0.00 0.00 0.00 0.00 0.00
motor 0.00 0 0.00 743 255 752 273 0.00 0.00 0.00 0.00 0.00 0.00 0.00
people 0.00 0 0.00 742 251 752 270 0.00 0.00 0.00 0.00 0.00 0.00 0.00
car 0.00 0 0.00 745 228 769 248 0.00 0.00 0.00 0.00 0.00 0.00 0.00
car 0.00 0 0.00 738 206 759 228 0.00 0.00 0.00 0.00 0.00 0.00 0.00
car 0.00 0 0.00 736 198 754 214 0.00 0.00 0.00 0.00 0.00 0.00 0.00
van 0.00 0 0.00 729 178 745 197 0.00 0.00 0.00 0.00 0.00 0.00 0.00
car 0.00 0 0.00 727 172 742 189 0.00 0.00 0.00 0.00 0.00 0.00 0.00
car 0.00 0 0.00 719 160 737 174 0.00 0.00 0.00 0.00 0.00 0.00 0.00
car 0.00 0 0.00 716 150 731 162 0.00 0.00 0.00 0.00 0.00 0.00 0.00
motor 0.00 0 0.00 816 362 828 386 0.00 0.00 0.00 0.00 0.00 0.00 0.00
pedestrian 0.00 0 0.00 816 356 827 380 0.00 0.00 0.00 0.00 0.00 0.00 0.00
car 0.00 0 0.00 1191 596 1313 690 0.00 0.00 0.00 0.00 0.00 0.00 0.00
car 0.00 0 0.00 1184 470 1279 519 0.00 0.00 0.00 0.00 0.00 0.00 0.00
car 0.00 0 0.00 1225 407 1301 474 0.00 0.00 0.00 0.00 0.00 0.00 0.00
pedestrian 0.00 0 0.00 1012 411 1029 448 0.00 0.00 0.00 0.00 0.00 0.00 0.00
truck 0.00 0 0.00 998 332 1145 490 0.00 0.00 0.00 0.00 0.00 0.00 0.00
people 0.00 0 0.00 1306 380 1319 397 0.00 0.00 0.00 0.00 0.00 0.00 0.00
motor 0.00 0 0.00 1217 312 1231 331 0.00 0.00 0.00 0.00 0.00 0.00 0.00
van 0.00 0 0.00 1135 339 1187 392 0.00 0.00 0.00 0.00 0.00 0.00 0.00
pedestrian 0.00 0 0.00 1119 307 1128 325 0.00 0.00 0.00 0.00 0.00 0.00 0.00
pedestrian 0.00 0 0.00 1107 300 1118 328 0.00 0.00 0.00 0.00 0.00 0.00 0.00
pedestrian 0.00 0 0.00 1083 302 1094 329 0.00 0.00 0.00 0.00 0.00 0.00 0.00
car 0.00 0 0.00 1005 281 1076 306 0.00 0.00 0.00 0.00 0.00 0.00 0.00
pedestrian 0.00 0 0.00 1001 247 1008 264 0.00 0.00 0.00 0.00 0.00 0.00 0.00
motor 0.00 0 0.00 1026 221 1036 234 0.00 0.00 0.00 0.00 0.00 0.00 0.00
truck 0.00 0 0.00 857 203 903 253 0.00 0.00 0.00 0.00 0.00 0.00 0.00
car 0.00 0 0.00 811 190 834 209 0.00 0.00 0.00 0.00 0.00 0.00 0.00
