van 0.00 0 0.00 526 285 596 325 0.00 0.00 0.00 0.00 0.00 0.00 0.00
car 0.00 0 0.00 454 120 463 130 0.00 0.00 0.00 0.00 0.00 0.00 0.00
car 0.00 0 0.00 446 142 454 151 0.00 0.00 0.00 0.00 0.00 0.00 0.00
awning-tricycle 0.00 0 0.00 493 197 503 214 0.00 0.00 0.00 0.00 0.00 0.00 0.00
awning-tricycle 0.00 0 0.00 421 200 431 214 0.00 0.00 0.00 0.00 0.00 0.00 0.00
awning-tricycle 0.00 0 0.00 416 165 423 177 0.00 0.00 0.00 0.00 0.00 0.00 0.00
van 0.00 0 0.00 224 229 258 251 0.00 0.00 0.00 0.00 0.00 0.00 0.00
van 0.00 0 0.00 282 227 299 245 0.00 0.00 0.00 0.00 0.00 0.00 0.00
van 0.00 0 0.00 292 208 311 231 0.00 0.00 0.00 0.00 0.00 0.00 0.00
truck 0.00 0 0.00 96 183 149 200 0.00 0.00 0.00 0.00 0.00 0.00 0.00
car 0.00 0 0.00 136 190 164 204 0.00 0.00 0.00 0.00 0.00 0.00 0.00
car 0.00 0 0.00 182 188 204 200 0.00 0.00 0.00 0.00 0.00 0.00 0.00
car 0.00 0 0.00 194 190 232 203 0.00 0.00 0.00 0.00 0.00 0.00 0.00
awning-tricycle 0.00 0 0.00 187 293 234 320 0.00 0.00 0.00 0.00 0.00 0.00 0.00
motor 0.00 0 0.00 258 289 271 312 0.00 0.00 0.00 0.00 0.00 0.00 0.00
people 0.00 0 0.00 259 287 268 301 0.00 0.00 0.00 0.00 0.00 0.00 0.00
people 0.00 0 0.00 489 335 496 351 0.00 0.00 0.00 0.00 0.00 0.00 0.00
people 0.00 0 0.00 515 330 521 347 0.00 0.00 0.00 0.00 0.00 0.00 0.00
people 0.00 0 0.00 443 323 450 337 0.00 0.00 0.00 0.00 0.00 0.00 0.00
awning-tricycle 0.00 0 0.00 328 348 354 387 0.00 0.00 0.00 0.00 0.00 0.00 0.00
motor 0.00 0 0.00 434 332 457 342 0.00 0.00 0.00 0.00 0.00 0.00 0.00
bicycle 0.00 0 0.00 491 348 498 358 0.00 0.00 0.00 0.00 0.00 0.00 0.00
bicycle 0.00 0 0.00 513 340 521 354 0.00 0.00 0.00 0.00 0.00 0.00 0.00
tricycle 0.00 0 0.00 589 336 603 360 0.00 0.00 0.00 0.00 0.00 0.00 0.00
motor 0.00 0 0.00 503 258 512 279 0.00 0.00 0.00 0.00 0.00 0.00 0.00
motor 0.00 0 0.00 513 272 522 298 0.00 0.00 0.00 0.00 0.00 0.00 0.00
people 0.00 0 0.00 370 237 377 251 0.00 0.00 0.00 0.00 0.00 0.00 0.00
people 0.00 0 0.00 400 219 404 233 0.00 0.00 0.00 0.00 0.00 0.00 0.00
people 0.00 0 0.00 388 201 394 211 0.00 0.00 0.00 0.00 0.00 0.00 0.00
people 0.00 0 0.00 411 176 416 188 0.00 0.00 0.00 0.00 0.00 0.00 0.00
people 0.00 0 0.00 505 149 510 162 0.00 0.00 0.00 0.00 0.00 0.00 0.00
car 0.00 0 0.00 506 133 515 145 0.00 0.00 0.00 0.00 0.00 0.00 0.00
motor 0.00 0 0.00 512 173 517 184 0.00 0.00 0.00 0.00 0.00 0.00 0.00
bicycle 0.00 0 0.00 522 176 527 189 0.00 0.00 0.00 0.00 0.00 0.00 0.00
motor 0.00 0 0.00 530 200 536 213 0.00 0.00 0.00 0.00 0.00 0.00 0.00
motor 0.00 0 0.00 389 208 397 209 0.00 0.00 0.00 0.00 0.00 0.00 0.00
