van 0.00 0 0.00 969 362 1057 467 0.00 0.00 0.00 0.00 0.00 0.00 0.00
van 0.00 0 0.00 1011 284 1081 356 0.00 0.00 0.00 0.00 0.00 0.00 0.00
car 0.00 0 0.00 306 477 446 555 0.00 0.00 0.00 0.00 0.00 0.00 0.00
van 0.00 0 0.00 0 230 94 293 0.00 0.00 0.00 0.00 0.00 0.00 0.00
car 0.00 0 0.00 275 209 353 252 0.00 0.00 0.00 0.00 0.00 0.00 0.00
pedestrian 0.00 0 0.00 260 354 282 395 0.00 0.00 0.00 0.00 0.00 0.00 0.00
truck 0.00 0 0.00 603 307 772 509 0.00 0.00 0.00 0.00 0.00 0.00 0.00
van 0.00 0 0.00 755 296 805 358 0.00 0.00 0.00 0.00 0.00 0.00 0.00
van 0.00 0 0.00 530 408 616 487 0.00 0.00 0.00 0.00 0.00 0.00 0.00
car 0.00 0 0.00 464 388 561 464 0.00 0.00 0.00 0.00 0.00 0.00 0.00
pedestrian 0.00 0 0.00 458 449 476 493 0.00 0.00 0.00 0.00 0.00 0.00 0.00
truck 0.00 0 0.00 342 354 490 467 0.00 0.00 0.00 0.00 0.00 0.00 0.00
van 0.00 0 0.00 417 313 509 371 0.00 0.00 0.00 0.00 0.00 0.00 0.00
car 0.00 0 0.00 515 281 593 328 0.00 0.00 0.00 0.00 0.00 0.00 0.00
van 0.00 0 0.00 581 323 654 387 0.00 0.00 0.00 0.00 0.00 0.00 0.00
car 0.00 0 0.00 579 294 650 340 0.00 0.00 0.00 0.00 0.00 0.00 0.00
truck 0.00 0 0.00 612 183 727 286 0.00 0.00 0.00 0.00 0.00 0.00 0.00
car 0.00 0 0.00 1 165 52 200 0.00 0.00 0.00 0.00 0.00 0.00 0.00
car 0.00 0 0.00 41 155 112 193 0.00 0.00 0.00 0.00 0.00 0.00 0.00
car 0.00 0 0.00 83 118 153 150 0.00 0.00 0.00 0.00 0.00 0.00 0.00
car 0.00 0 0.00 1 142 53 173 0.00 0.00 0.00 0.00 0.00 0.00 0.00
car 0.00 0 0.00 20 107 84 135 0.00 0.00 0.00 0.00 0.00 0.00 0.00
car 0.00 0 0.00 61 100 115 121 0.00 0.00 0.00 0.00 0.00 0.00 0.00
car 0.00 0 0.00 97 91 148 111 0.00 0.00 0.00 0.00 0.00 0.00 0.00
bicycle 0.00 0 0.00 156 127 177 146 0.00 0.00 0.00 0.00 0.00 0.00 0.00
car 0.00 0 0.00 128 51 184 72 0.00 0.00 0.00 0.00 0.00 0.00 0.00
car 0.00 0 0.00 95 56 152 80 0.00 0.00 0.00 0.00 0.00 0.00 0.00
car 0.00 0 0.00 64 61 124 87 0.00 0.00 0.00 0.00 0.00 0.00 0.00
car 0.00 0 0.00 35 68 89 94 0.00 0.00 0.00 0.00 0.00 0.00 0.00
car 0.00 0 0.00 0 77 57 102 0.00 0.00 0.00 0.00 0.00 0.00 0.00
pedestrian 0.00 0 0.00 230 138 240 162 0.00 0.00 0.00 0.00 0.00 0.00 0.00
pedestrian 0.00 0 0.00 238 138 247 165 0.00 0.00 0.00 0.00 0.00 0.00 0.00
motor 0.00 0 0.00 248 155 269 173 0.00 0.00 0.00 0.00 0.00 0.00 0.00
people 0.00 0 0.00 253 144 264 167 0.00 0.00 0.00 0.00 0.00 0.00 0.00
car 0.00 0 0.00 225 112 296 153 0.00 0.00 0.00 0.00 0.00 0.00 0.00
car 0.00 0 0.00 298 102 352 129 0.00 0.00 0.00 0.00 0.00 0.00 0.00
van 0.00 0 0.00 376 20 425 45 0.00 0.00 0.00 0.00 0.00 0.00 0.00
van 0.00 0 0.00 429 28 468 47 0.00 0.00 0.00 0.00 0.00 0.00 0.00
pedestrian 0.00 0 0.00 528 70 542 92 0.00 0.00 0.00 0.00 0.00 0.00 0.00
car 0.00 0 0.00 502 58 547 81 0.00 0.00 0.00 0.00 0.00 0.00 0.00
motor 0.00 0 0.00 482 58 499 72 0.00 0.00 0.00 0.00 0.00 0.00 0.00
car 0.00 0 0.00 492 53 523 74 0.00 0.00 0.00 0.00 0.00 0.00 0.00
awning-tricycle 0.00 0 0.00 531 47 560 67 0.00 0.00 0.00 0.00 0.00 0.00 0.00
motor 0.00 0 0.00 566 39 584 49 0.00 0.00 0.00 0.00 0.00 0.00 0.00
people 0.00 0 0.00 571 32 579 50 0.00 0.00 0.00 0.00 0.00 0.00 0.00
car 0.00 0 0.00 509 34 542 56 0.00 0.00 0.00 0.00 0.00 0.00 0.00
van 0.00 0 0.00 385 0 418 14 0.00 0.00 0.00 0.00 0.00 0.00 0.00
van 0.00 0 0.00 446 0 462 16 0.00 0.00 0.00 0.00 0.00 0.00 0.00
car 0.00 0 0.00 443 16 483 32 0.00 0.00 0.00 0.00 0.00 0.00 0.00
pedestrian 0.00 0 0.00 524 7 530 23 0.00 0.00 0.00 0.00 0.00 0.00 0.00
pedestrian 0.00 0 0.00 529 6 534 22 0.00 0.00 0.00 0.00 0.00 0.00 0.00
car 0.00 0 0.00 468 2 497 17 0.00 0.00 0.00 0.00 0.00 0.00 0.00
tricycle 0.00 0 0.00 614 30 642 48 0.00 0.00 0.00 0.00 0.00 0.00 0.00
people 0.00 0 0.00 615 26 627 41 0.00 0.00 0.00 0.00 0.00 0.00 0.00
van 0.00 0 0.00 556 4 595 24 0.00 0.00 0.00 0.00 0.00 0.00 0.00
pedestrian 0.00 0 0.00 596 11 602 26 0.00 0.00 0.00 0.00 0.00 0.00 0.00
pedestrian 0.00 0 0.00 680 4 686 19 0.00 0.00 0.00 0.00 0.00 0.00 0.00
pedestrian 0.00 0 0.00 720 17 727 32 0.00 0.00 0.00 0.00 0.00 0.00 0.00
pedestrian 0.00 0 0.00 758 8 762 23 0.00 0.00 0.00 0.00 0.00 0.00 0.00
awning-tricycle 0.00 0 0.00 724 0 748 16 0.00 0.00 0.00 0.00 0.00 0.00 0.00
car 0.00 0 0.00 823 24 841 42 0.00 0.00 0.00 0.00 0.00 0.00 0.00
car 0.00 0 0.00 809 10 828 26 0.00 0.00 0.00 0.00 0.00 0.00 0.00
car 0.00 0 0.00 829 6 843 19 0.00 0.00 0.00 0.00 0.00 0.00 0.00
car 0.00 0 0.00 842 14 858 28 0.00 0.00 0.00 0.00 0.00 0.00 0.00
car 0.00 0 0.00 850 3 866 16 0.00 0.00 0.00 0.00 0.00 0.00 0.00
car 0.00 0 0.00 870 7 895 24 0.00 0.00 0.00 0.00 0.00 0.00 0.00
pedestrian 0.00 0 0.00 852 21 857 37 0.00 0.00 0.00 0.00 0.00 0.00 0.00
pedestrian 0.00 0 0.00 858 19 864 36 0.00 0.00 0.00 0.00 0.00 0.00 0.00
car 0.00 0 0.00 774 9 792 24 0.00 0.00 0.00 0.00 0.00 0.00 0.00
car 0.00 0 0.00 789 1 811 16 0.00 0.00 0.00 0.00 0.00 0.00 0.00
bicycle 0.00 0 0.00 786 60 801 74 0.00 0.00 0.00 0.00 0.00 0.00 0.00
people 0.00 0 0.00 792 55 798 74 0.00 0.00 0.00 0.00 0.00 0.00 0.00
pedestrian 0.00 0 0.00 830 73 837 95 0.00 0.00 0.00 0.00 0.00 0.00 0.00
truck 0.00 0 0.00 827 92 900 162 0.00 0.00 0.00 0.00 0.00 0.00 0.00
car 0.00 0 0.00 777 120 816 145 0.00 0.00 0.00 0.00 0.00 0.00 0.00
pedestrian 0.00 0 0.00 863 59 870 79 0.00 0.00 0.00 0.00 0.00 0.00 0.00
pedestrian 0.00 0 0.00 871 60 879 80 0.00 0.00 0.00 0.00 0.00 0.00 0.00
pedestrian 0.00 0 0.00 883 59 892 80 0.00 0.00 0.00 0.00 0.00 0.00 0.00
pedestrian 0.00 0 0.00 894 57 900 76 0.00 0.00 0.00 0.00 0.00 0.00 0.00
tricycle 0.00 0 0.00 966 42 1007 63 0.00 0.00 0.00 0.00 0.00 0.00 0.00
car 0.00 0 0.00 985 35 1024 54 0.00 0.00 0.00 0.00 0.00 0.00 0.00
car 0.00 0 0.00 1029 41 1062 60 0.00 0.00 0.00 0.00 0.00 0.00 0.00
car 0.00 0 0.00 985 54 1037 72 0.00 0.00 0.00 0.00 0.00 0.00 0.00
pedestrian 0.00 0 0.00 1009 73 1016 91 0.00 0.00 0.00 0.00 0.00 0.00 0.00
car 0.00 0 0.00 1014 73 1058 92 0.00 0.00 0.00 0.00 0.00 0.00 0.00
car 0.00 0 0.00 1041 84 1067 104 0.00 0.00 0.00 0.00 0.00 0.00 0.00
car 0.00 0 0.00 1075 40 1093 62 0.00 0.00 0.00 0.00 0.00 0.00 0.00
car 0.00 0 0.00 409 196 477 232 0.00 0.00 0.00 0.00 0.00 0.00 0.00
car 0.00 0 0.00 434 219 502 258 0.00 0.00 0.00 0.00 0.00 0.00 0.00
car 0.00 0 0.00 485 163 543 199 0.00 0.00 0.00 0.00 0.00 0.00 0.00
car 0.00 0 0.00 585 152 636 182 0.00 0.00 0.00 0.00 0.00 0.00 0.00
car 0.00 0 0.00 550 133 599 165 0.00 0.00 0.00 0.00 0.00 0.00 0.00
van 0.00 0 0.00 602 110 643 139 0.00 0.00 0.00 0.00 0.00 0.00 0.00
car 0.00 0 0.00 637 100 677 125 0.00 0.00 0.00 0.00 0.00 0.00 0.00
car 0.00 0 0.00 669 128 725 152 0.00 0.00 0.00 0.00 0.00 0.00 0.00
car 0.00 0 0.00 669 106 712 133 0.00 0.00 0.00 0.00 0.00 0.00 0.00
car 0.00 0 0.00 708 93 746 118 0.00 0.00 0.00 0.00 0.00 0.00 0.00
car 0.00 0 0.00 676 81 710 104 0.00 0.00 0.00 0.00 0.00 0.00 0.00
pedestrian 0.00 0 0.00 716 69 724 88 0.00 0.00 0.00 0.00 0.00 0.00 0.00
