van 0.00 0 0.00 231 228 264 240 0.00 0.00 0.00 0.00 0.00 0.00 0.00
truck 0.00 0 0.00 252 235 339 270 0.00 0.00 0.00 0.00 0.00 0.00 0.00
car 0.00 0 0.00 336 231 373 244 0.00 0.00 0.00 0.00 0.00 0.00 0.00
car 0.00 0 0.00 321 242 356 256 0.00 0.00 0.00 0.00 0.00 0.00 0.00
car 0.00 0 0.00 643 305 669 325 0.00 0.00 0.00 0.00 0.00 0.00 0.00
car 0.00 0 0.00 622 196 634 205 0.00 0.00 0.00 0.00 0.00 0.00 0.00
car 0.00 0 0.00 641 227 654 239 0.00 0.00 0.00 0.00 0.00 0.00 0.00
car 0.00 0 0.00 682 214 694 225 0.00 0.00 0.00 0.00 0.00 0.00 0.00
car 0.00 0 0.00 624 183 632 190 0.00 0.00 0.00 0.00 0.00 0.00 0.00
car 0.00 0 0.00 914 370 952 399 0.00 0.00 0.00 0.00 0.00 0.00 0.00
van 0.00 0 0.00 1016 359 1055 390 0.00 0.00 0.00 0.00 0.00 0.00 0.00
car 0.00 0 0.00 628 165 636 171 0.00 0.00 0.00 0.00 0.00 0.00 0.00
car 0.00 0 0.00 620 165 630 172 0.00 0.00 0.00 0.00 0.00 0.00 0.00
truck 0.00 0 0.00 639 157 662 172 0.00 0.00 0.00 0.00 0.00 0.00 0.00
truck 0.00 0 0.00 673 170 686 185 0.00 0.00 0.00 0.00 0.00 0.00 0.00
truck 0.00 0 0.00 756 216 793 264 0.00 0.00 0.00 0.00 0.00 0.00 0.00
car 0.00 0 0.00 809 230 825 242 0.00 0.00 0.00 0.00 0.00 0.00 0.00
car 0.00 0 0.00 895 228 907 239 0.00 0.00 0.00 0.00 0.00 0.00 0.00
car 0.00 0 0.00 710 160 724 166 0.00 0.00 0.00 0.00 0.00 0.00 0.00
car 0.00 0 0.00 696 159 711 165 0.00 0.00 0.00 0.00 0.00 0.00 0.00
car 0.00 0 0.00 706 163 714 169 0.00 0.00 0.00 0.00 0.00 0.00 0.00
truck 0.00 0 0.00 676 157 689 167 0.00 0.00 0.00 0.00 0.00 0.00 0.00
truck 0.00 0 0.00 691 161 706 180 0.00 0.00 0.00 0.00 0.00 0.00 0.00
van 0.00 0 0.00 700 174 711 188 0.00 0.00 0.00 0.00 0.00 0.00 0.00
car 0.00 0 0.00 739 164 747 170 0.00 0.00 0.00 0.00 0.00 0.00 0.00
car 0.00 0 0.00 746 167 753 174 0.00 0.00 0.00 0.00 0.00 0.00 0.00
car 0.00 0 0.00 851 237 868 251 0.00 0.00 0.00 0.00 0.00 0.00 0.00
car 0.00 0 0.00 836 231 850 242 0.00 0.00 0.00 0.00 0.00 0.00 0.00
car 0.00 0 0.00 831 224 846 236 0.00 0.00 0.00 0.00 0.00 0.00 0.00
truck 0.00 0 0.00 907 195 935 224 0.00 0.00 0.00 0.00 0.00 0.00 0.00
truck 0.00 0 0.00 891 180 918 203 0.00 0.00 0.00 0.00 0.00 0.00 0.00
truck 0.00 0 0.00 889 199 910 223 0.00 0.00 0.00 0.00 0.00 0.00 0.00
truck 0.00 0 0.00 873 178 899 200 0.00 0.00 0.00 0.00 0.00 0.00 0.00
car 0.00 0 0.00 860 231 876 243 0.00 0.00 0.00 0.00 0.00 0.00 0.00
car 0.00 0 0.00 869 226 887 237 0.00 0.00 0.00 0.00 0.00 0.00 0.00
car 0.00 0 0.00 864 220 876 232 0.00 0.00 0.00 0.00 0.00 0.00 0.00
car 0.00 0 0.00 851 227 864 237 0.00 0.00 0.00 0.00 0.00 0.00 0.00
car 0.00 0 0.00 845 222 859 234 0.00 0.00 0.00 0.00 0.00 0.00 0.00
car 0.00 0 0.00 854 215 866 227 0.00 0.00 0.00 0.00 0.00 0.00 0.00
car 0.00 0 0.00 821 221 835 231 0.00 0.00 0.00 0.00 0.00 0.00 0.00
car 0.00 0 0.00 816 215 830 228 0.00 0.00 0.00 0.00 0.00 0.00 0.00
car 0.00 0 0.00 835 217 849 228 0.00 0.00 0.00 0.00 0.00 0.00 0.00
car 0.00 0 0.00 833 213 844 222 0.00 0.00 0.00 0.00 0.00 0.00 0.00
car 0.00 0 0.00 809 213 823 222 0.00 0.00 0.00 0.00 0.00 0.00 0.00
car 0.00 0 0.00 846 211 857 220 0.00 0.00 0.00 0.00 0.00 0.00 0.00
car 0.00 0 0.00 840 207 850 217 0.00 0.00 0.00 0.00 0.00 0.00 0.00
car 0.00 0 0.00 828 208 841 222 0.00 0.00 0.00 0.00 0.00 0.00 0.00
truck 0.00 0 0.00 870 203 890 222 0.00 0.00 0.00 0.00 0.00 0.00 0.00
car 0.00 0 0.00 861 206 873 214 0.00 0.00 0.00 0.00 0.00 0.00 0.00
car 0.00 0 0.00 856 204 865 210 0.00 0.00 0.00 0.00 0.00 0.00 0.00
car 0.00 0 0.00 859 190 870 201 0.00 0.00 0.00 0.00 0.00 0.00 0.00
truck 0.00 0 0.00 831 182 861 204 0.00 0.00 0.00 0.00 0.00 0.00 0.00
