car 0.00 0 0.00 437 508 556 578 0.00 0.00 0.00 0.00 0.00 0.00 0.00
car 0.00 0 0.00 345 408 459 479 0.00 0.00 0.00 0.00 0.00 0.00 0.00
car 0.00 0 0.00 178 356 295 428 0.00 0.00 0.00 0.00 0.00 0.00 0.00
car 0.00 0 0.00 0 368 76 430 0.00 0.00 0.00 0.00 0.00 0.00 0.00
car 0.00 0 0.00 22 526 141 609 0.00 0.00 0.00 0.00 0.00 0.00 0.00
car 0.00 0 0.00 56 145 145 202 0.00 0.00 0.00 0.00 0.00 0.00 0.00
car 0.00 0 0.00 237 127 282 199 0.00 0.00 0.00 0.00 0.00 0.00 0.00
car 0.00 0 0.00 308 157 366 231 0.00 0.00 0.00 0.00 0.00 0.00 0.00
car 0.00 0 0.00 475 205 558 254 0.00 0.00 0.00 0.00 0.00 0.00 0.00
car 0.00 0 0.00 816 492 873 559 0.00 0.00 0.00 0.00 0.00 0.00 0.00
car 0.00 0 0.00 917 487 1030 559 0.00 0.00 0.00 0.00 0.00 0.00 0.00
car 0.00 0 0.00 1113 490 1226 557 0.00 0.00 0.00 0.00 0.00 0.00 0.00
car 0.00 0 0.00 1156 566 1290 647 0.00 0.00 0.00 0.00 0.00 0.00 0.00
car 0.00 0 0.00 912 98 960 159 0.00 0.00 0.00 0.00 0.00 0.00 0.00
car 0.00 0 0.00 970 1 1016 29 0.00 0.00 0.00 0.00 0.00 0.00 0.00
car 0.00 0 0.00 214 439 327 507 0.00 0.00 0.00 0.00 0.00 0.00 0.00
people 0.00 0 0.00 328 306 343 335 0.00 0.00 0.00 0.00 0.00 0.00 0.00
people 0.00 0 0.00 339 318 353 336 0.00 0.00 0.00 0.00 0.00 0.00 0.00
motor 0.00 0 0.00 322 311 353 337 0.00 0.00 0.00 0.00 0.00 0.00 0.00
people 0.00 0 0.00 630 319 648 341 0.00 0.00 0.00 0.00 0.00 0.00 0.00
motor 0.00 0 0.00 620 322 656 346 0.00 0.00 0.00 0.00 0.00 0.00 0.00
pedestrian 0.00 0 0.00 698 252 708 280 0.00 0.00 0.00 0.00 0.00 0.00 0.00
pedestrian 0.00 0 0.00 706 249 715 275 0.00 0.00 0.00 0.00 0.00 0.00 0.00
pedestrian 0.00 0 0.00 746 221 759 247 0.00 0.00 0.00 0.00 0.00 0.00 0.00
people 0.00 0 0.00 747 238 756 256 0.00 0.00 0.00 0.00 0.00 0.00 0.00
people 0.00 0 0.00 760 263 770 285 0.00 0.00 0.00 0.00 0.00 0.00 0.00
people 0.00 0 0.00 759 253 774 276 0.00 0.00 0.00 0.00 0.00 0.00 0.00
people 0.00 0 0.00 764 247 777 271 0.00 0.00 0.00 0.00 0.00 0.00 0.00
motor 0.00 0 0.00 760 251 775 286 0.00 0.00 0.00 0.00 0.00 0.00 0.00
people 0.00 0 0.00 802 368 816 397 0.00 0.00 0.00 0.00 0.00 0.00 0.00
bicycle 0.00 0 0.00 784 376 825 401 0.00 0.00 0.00 0.00 0.00 0.00 0.00
pedestrian 0.00 0 0.00 724 723 751 749 0.00 0.00 0.00 0.00 0.00 0.00 0.00
people 0.00 0 0.00 520 656 542 683 0.00 0.00 0.00 0.00 0.00 0.00 0.00
bicycle 0.00 0 0.00 512 662 556 690 0.00 0.00 0.00 0.00 0.00 0.00 0.00
people 0.00 0 0.00 448 581 468 610 0.00 0.00 0.00 0.00 0.00 0.00 0.00
people 0.00 0 0.00 433 580 451 603 0.00 0.00 0.00 0.00 0.00 0.00 0.00
people 0.00 0 0.00 428 548 445 576 0.00 0.00 0.00 0.00 0.00 0.00 0.00
motor 0.00 0 0.00 438 582 479 614 0.00 0.00 0.00 0.00 0.00 0.00 0.00
motor 0.00 0 0.00 411 554 464 579 0.00 0.00 0.00 0.00 0.00 0.00 0.00
motor 0.00 0 0.00 695 503 722 541 0.00 0.00 0.00 0.00 0.00 0.00 0.00
motor 0.00 0 0.00 960 301 974 333 0.00 0.00 0.00 0.00 0.00 0.00 0.00
people 0.00 0 0.00 702 498 724 526 0.00 0.00 0.00 0.00 0.00 0.00 0.00
people 0.00 0 0.00 961 298 977 328 0.00 0.00 0.00 0.00 0.00 0.00 0.00
people 0.00 0 0.00 774 106 787 129 0.00 0.00 0.00 0.00 0.00 0.00 0.00
people 0.00 0 0.00 776 100 790 123 0.00 0.00 0.00 0.00 0.00 0.00 0.00
motor 0.00 0 0.00 770 107 788 140 0.00 0.00 0.00 0.00 0.00 0.00 0.00
car 0.00 0 0.00 918 738 1065 765 0.00 0.00 0.00 0.00 0.00 0.00 0.00
