car 0.00 0 0.00 417 474 602 549 0.00 0.00 0.00 0.00 0.00 0.00 0.00
people 0.00 0 0.00 244 456 268 485 0.00 0.00 0.00 0.00 0.00 0.00 0.00
pedestrian 0.00 0 0.00 178 443 210 501 0.00 0.00 0.00 0.00 0.00 0.00 0.00
pedestrian 0.00 0 0.00 151 434 178 489 0.00 0.00 0.00 0.00 0.00 0.00 0.00
pedestrian 0.00 0 0.00 209 436 236 493 0.00 0.00 0.00 0.00 0.00 0.00 0.00
pedestrian 0.00 0 0.00 217 431 241 487 0.00 0.00 0.00 0.00 0.00 0.00 0.00
car 0.00 0 0.00 977 722 1321 903 0.00 0.00 0.00 0.00 0.00 0.00 0.00
van 0.00 0 0.00 775 439 924 522 0.00 0.00 0.00 0.00 0.00 0.00 0.00
car 0.00 0 0.00 1593 465 1729 531 0.00 0.00 0.00 0.00 0.00 0.00 0.00
truck 0.00 0 0.00 1514 366 1616 426 0.00 0.00 0.00 0.00 0.00 0.00 0.00
tricycle 0.00 0 0.00 1065 412 1137 458 0.00 0.00 0.00 0.00 0.00 0.00 0.00
people 0.00 0 0.00 1146 408 1173 443 0.00 0.00 0.00 0.00 0.00 0.00 0.00
people 0.00 0 0.00 1167 409 1188 439 0.00 0.00 0.00 0.00 0.00 0.00 0.00
people 0.00 0 0.00 1148 408 1173 441 0.00 0.00 0.00 0.00 0.00 0.00 0.00
bicycle 0.00 0 0.00 1200 392 1229 419 0.00 0.00 0.00 0.00 0.00 0.00 0.00
bicycle 0.00 0 0.00 1260 387 1303 415 0.00 0.00 0.00 0.00 0.00 0.00 0.00
car 0.00 0 0.00 1293 362 1347 413 0.00 0.00 0.00 0.00 0.00 0.00 0.00
car 0.00 0 0.00 1115 150 1220 196 0.00 0.00 0.00 0.00 0.00 0.00 0.00
