car 0.00 0 0.00 76 196 121 253 0.00 0.00 0.00 0.00 0.00 0.00 0.00
car 0.00 0 0.00 279 247 319 296 0.00 0.00 0.00 0.00 0.00 0.00 0.00
people 0.00 0 0.00 233 293 249 315 0.00 0.00 0.00 0.00 0.00 0.00 0.00
people 0.00 0 0.00 240 171 255 191 0.00 0.00 0.00 0.00 0.00 0.00 0.00
motor 0.00 0 0.00 241 178 255 200 0.00 0.00 0.00 0.00 0.00 0.00 0.00
motor 0.00 0 0.00 236 305 249 330 0.00 0.00 0.00 0.00 0.00 0.00 0.00
car 0.00 0 0.00 215 52 247 81 0.00 0.00 0.00 0.00 0.00 0.00 0.00
car 0.00 0 0.00 279 17 310 47 0.00 0.00 0.00 0.00 0.00 0.00 0.00
car 0.00 0 0.00 518 44 586 78 0.00 0.00 0.00 0.00 0.00 0.00 0.00
car 0.00 0 0.00 507 0 536 30 0.00 0.00 0.00 0.00 0.00 0.00 0.00
pedestrian 0.00 0 0.00 532 21 541 40 0.00 0.00 0.00 0.00 0.00 0.00 0.00
pedestrian 0.00 0 0.00 549 0 558 22 0.00 0.00 0.00 0.00 0.00 0.00 0.00
car 0.00 0 0.00 646 358 702 428 0.00 0.00 0.00 0.00 0.00 0.00 0.00
motor 0.00 0 0.00 815 378 831 413 0.00 0.00 0.00 0.00 0.00 0.00 0.00
car 0.00 0 0.00 735 346 794 411 0.00 0.00 0.00 0.00 0.00 0.00 0.00
car 0.00 0 0.00 725 516 801 624 0.00 0.00 0.00 0.00 0.00 0.00 0.00
