car 0.00 0 0.00 807 945 869 1042 0.00 0.00 0.00 0.00 0.00 0.00 0.00
car 0.00 0 0.00 1087 910 1161 1010 0.00 0.00 0.00 0.00 0.00 0.00 0.00
car 0.00 0 0.00 679 948 750 1074 0.00 0.00 0.00 0.00 0.00 0.00 0.00
car 0.00 0 0.00 822 837 877 924 0.00 0.00 0.00 0.00 0.00 0.00 0.00
car 0.00 0 0.00 1066 724 1121 787 0.00 0.00 0.00 0.00 0.00 0.00 0.00
car 0.00 0 0.00 970 673 1015 727 0.00 0.00 0.00 0.00 0.00 0.00 0.00
car 0.00 0 0.00 833 747 883 818 0.00 0.00 0.00 0.00 0.00 0.00 0.00
car 0.00 0 0.00 834 669 884 732 0.00 0.00 0.00 0.00 0.00 0.00 0.00
car 0.00 0 0.00 600 863 668 964 0.00 0.00 0.00 0.00 0.00 0.00 0.00
car 0.00 0 0.00 710 747 766 832 0.00 0.00 0.00 0.00 0.00 0.00 0.00
car 0.00 0 0.00 256 936 358 1060 0.00 0.00 0.00 0.00 0.00 0.00 0.00
car 0.00 0 0.00 506 835 573 930 0.00 0.00 0.00 0.00 0.00 0.00 0.00
car 0.00 0 0.00 564 690 623 762 0.00 0.00 0.00 0.00 0.00 0.00 0.00
car 0.00 0 0.00 645 646 693 711 0.00 0.00 0.00 0.00 0.00 0.00 0.00
car 0.00 0 0.00 687 583 735 636 0.00 0.00 0.00 0.00 0.00 0.00 0.00
car 0.00 0 0.00 593 571 639 627 0.00 0.00 0.00 0.00 0.00 0.00 0.00
car 0.00 0 0.00 669 501 713 554 0.00 0.00 0.00 0.00 0.00 0.00 0.00
car 0.00 0 0.00 896 582 937 625 0.00 0.00 0.00 0.00 0.00 0.00 0.00
bus 0.00 0 0.00 924 435 989 547 0.00 0.00 0.00 0.00 0.00 0.00 0.00
motor 0.00 0 0.00 428 876 458 917 0.00 0.00 0.00 0.00 0.00 0.00 0.00
people 0.00 0 0.00 431 868 453 902 0.00 0.00 0.00 0.00 0.00 0.00 0.00
bicycle 0.00 0 0.00 220 962 271 992 0.00 0.00 0.00 0.00 0.00 0.00 0.00
bicycle 0.00 0 0.00 224 948 276 972 0.00 0.00 0.00 0.00 0.00 0.00 0.00
bicycle 0.00 0 0.00 231 933 283 960 0.00 0.00 0.00 0.00 0.00 0.00 0.00
bicycle 0.00 0 0.00 242 912 296 941 0.00 0.00 0.00 0.00 0.00 0.00 0.00
bicycle 0.00 0 0.00 253 900 306 927 0.00 0.00 0.00 0.00 0.00 0.00 0.00
bicycle 0.00 0 0.00 283 854 328 882 0.00 0.00 0.00 0.00 0.00 0.00 0.00
bicycle 0.00 0 0.00 263 837 292 873 0.00 0.00 0.00 0.00 0.00 0.00 0.00
bicycle 0.00 0 0.00 307 809 351 836 0.00 0.00 0.00 0.00 0.00 0.00 0.00
pedestrian 0.00 0 0.00 238 667 255 705 0.00 0.00 0.00 0.00 0.00 0.00 0.00
pedestrian 0.00 0 0.00 84 700 107 740 0.00 0.00 0.00 0.00 0.00 0.00 0.00
bicycle 0.00 0 0.00 0 614 32 639 0.00 0.00 0.00 0.00 0.00 0.00 0.00
truck 0.00 0 0.00 1027 576 1092 660 0.00 0.00 0.00 0.00 0.00 0.00 0.00
pedestrian 0.00 0 0.00 1307 818 1324 865 0.00 0.00 0.00 0.00 0.00 0.00 0.00
pedestrian 0.00 0 0.00 1181 570 1192 601 0.00 0.00 0.00 0.00 0.00 0.00 0.00
pedestrian 0.00 0 0.00 1195 574 1208 605 0.00 0.00 0.00 0.00 0.00 0.00 0.00
pedestrian 0.00 0 0.00 1138 594 1152 625 0.00 0.00 0.00 0.00 0.00 0.00 0.00
pedestrian 0.00 0 0.00 1136 588 1146 615 0.00 0.00 0.00 0.00 0.00 0.00 0.00
pedestrian 0.00 0 0.00 1145 589 1154 616 0.00 0.00 0.00 0.00 0.00 0.00 0.00
motor 0.00 0 0.00 1102 548 1117 574 0.00 0.00 0.00 0.00 0.00 0.00 0.00
people 0.00 0 0.00 1103 544 1116 570 0.00 0.00 0.00 0.00 0.00 0.00 0.00
car 0.00 0 0.00 1112 476 1182 511 0.00 0.00 0.00 0.00 0.00 0.00 0.00
car 0.00 0 0.00 1505 1030 1650 1078 0.00 0.00 0.00 0.00 0.00 0.00 0.00
car 0.00 0 0.00 1454 965 1614 1036 0.00 0.00 0.00 0.00 0.00 0.00 0.00
car 0.00 0 0.00 1429 909 1578 972 0.00 0.00 0.00 0.00 0.00 0.00 0.00
car 0.00 0 0.00 1415 872 1533 928 0.00 0.00 0.00 0.00 0.00 0.00 0.00
car 0.00 0 0.00 1399 836 1527 891 0.00 0.00 0.00 0.00 0.00 0.00 0.00
car 0.00 0 0.00 1386 793 1501 847 0.00 0.00 0.00 0.00 0.00 0.00 0.00
car 0.00 0 0.00 1364 762 1474 811 0.00 0.00 0.00 0.00 0.00 0.00 0.00
car 0.00 0 0.00 1336 728 1448 776 0.00 0.00 0.00 0.00 0.00 0.00 0.00
car 0.00 0 0.00 1321 696 1422 741 0.00 0.00 0.00 0.00 0.00 0.00 0.00
car 0.00 0 0.00 1314 671 1406 710 0.00 0.00 0.00 0.00 0.00 0.00 0.00
car 0.00 0 0.00 1300 646 1390 684 0.00 0.00 0.00 0.00 0.00 0.00 0.00
van 0.00 0 0.00 1283 611 1362 653 0.00 0.00 0.00 0.00 0.00 0.00 0.00
car 0.00 0 0.00 1274 593 1354 634 0.00 0.00 0.00 0.00 0.00 0.00 0.00
car 0.00 0 0.00 1265 574 1338 607 0.00 0.00 0.00 0.00 0.00 0.00 0.00
car 0.00 0 0.00 1246 553 1334 591 0.00 0.00 0.00 0.00 0.00 0.00 0.00
car 0.00 0 0.00 1317 534 1398 579 0.00 0.00 0.00 0.00 0.00 0.00 0.00
car 0.00 0 0.00 1458 537 1552 569 0.00 0.00 0.00 0.00 0.00 0.00 0.00
car 0.00 0 0.00 1479 553 1571 588 0.00 0.00 0.00 0.00 0.00 0.00 0.00
car 0.00 0 0.00 1505 572 1605 606 0.00 0.00 0.00 0.00 0.00 0.00 0.00
car 0.00 0 0.00 1520 596 1616 634 0.00 0.00 0.00 0.00 0.00 0.00 0.00
car 0.00 0 0.00 1558 620 1643 652 0.00 0.00 0.00 0.00 0.00 0.00 0.00
car 0.00 0 0.00 1553 636 1654 680 0.00 0.00 0.00 0.00 0.00 0.00 0.00
car 0.00 0 0.00 1576 666 1686 714 0.00 0.00 0.00 0.00 0.00 0.00 0.00
car 0.00 0 0.00 1598 557 1669 602 0.00 0.00 0.00 0.00 0.00 0.00 0.00
car 0.00 0 0.00 1617 698 1734 744 0.00 0.00 0.00 0.00 0.00 0.00 0.00
car 0.00 0 0.00 1645 729 1770 776 0.00 0.00 0.00 0.00 0.00 0.00 0.00
car 0.00 0 0.00 1669 759 1801 810 0.00 0.00 0.00 0.00 0.00 0.00 0.00
car 0.00 0 0.00 1709 797 1840 850 0.00 0.00 0.00 0.00 0.00 0.00 0.00
car 0.00 0 0.00 1738 834 1886 892 0.00 0.00 0.00 0.00 0.00 0.00 0.00
car 0.00 0 0.00 1794 884 1920 941 0.00 0.00 0.00 0.00 0.00 0.00 0.00
car 0.00 0 0.00 1833 926 1920 984 0.00 0.00 0.00 0.00 0.00 0.00 0.00
car 0.00 0 0.00 1813 754 1919 823 0.00 0.00 0.00 0.00 0.00 0.00 0.00
car 0.00 0 0.00 1802 609 1881 647 0.00 0.00 0.00 0.00 0.00 0.00 0.00
car 0.00 0 0.00 1772 590 1854 627 0.00 0.00 0.00 0.00 0.00 0.00 0.00
car 0.00 0 0.00 1765 571 1833 604 0.00 0.00 0.00 0.00 0.00 0.00 0.00
car 0.00 0 0.00 1725 553 1826 588 0.00 0.00 0.00 0.00 0.00 0.00 0.00
car 0.00 0 0.00 1711 536 1796 568 0.00 0.00 0.00 0.00 0.00 0.00 0.00
car 0.00 0 0.00 1637 490 1724 528 0.00 0.00 0.00 0.00 0.00 0.00 0.00
pedestrian 0.00 0 0.00 1773 492 1792 520 0.00 0.00 0.00 0.00 0.00 0.00 0.00
car 0.00 0 0.00 1825 435 1894 466 0.00 0.00 0.00 0.00 0.00 0.00 0.00
car 0.00 0 0.00 1703 432 1785 463 0.00 0.00 0.00 0.00 0.00 0.00 0.00
car 0.00 0 0.00 1615 432 1692 465 0.00 0.00 0.00 0.00 0.00 0.00 0.00
car 0.00 0 0.00 1517 438 1591 465 0.00 0.00 0.00 0.00 0.00 0.00 0.00
car 0.00 0 0.00 1424 432 1506 463 0.00 0.00 0.00 0.00 0.00 0.00 0.00
car 0.00 0 0.00 1429 423 1501 451 0.00 0.00 0.00 0.00 0.00 0.00 0.00
car 0.00 0 0.00 1325 435 1401 464 0.00 0.00 0.00 0.00 0.00 0.00 0.00
car 0.00 0 0.00 1218 434 1281 461 0.00 0.00 0.00 0.00 0.00 0.00 0.00
bus 0.00 0 0.00 1233 399 1405 449 0.00 0.00 0.00 0.00 0.00 0.00 0.00
car 0.00 0 0.00 511 522 574 576 0.00 0.00 0.00 0.00 0.00 0.00 0.00
car 0.00 0 0.00 426 491 506 532 0.00 0.00 0.00 0.00 0.00 0.00 0.00
pedestrian 0.00 0 0.00 403 504 417 536 0.00 0.00 0.00 0.00 0.00 0.00 0.00
bicycle 0.00 0 0.00 466 609 477 638 0.00 0.00 0.00 0.00 0.00 0.00 0.00
bicycle 0.00 0 0.00 488 643 499 675 0.00 0.00 0.00 0.00 0.00 0.00 0.00
people 0.00 0 0.00 487 634 499 666 0.00 0.00 0.00 0.00 0.00 0.00 0.00
people 0.00 0 0.00 466 599 481 632 0.00 0.00 0.00 0.00 0.00 0.00 0.00
pedestrian 0.00 0 0.00 462 401 472 427 0.00 0.00 0.00 0.00 0.00 0.00 0.00
pedestrian 0.00 0 0.00 450 400 461 428 0.00 0.00 0.00 0.00 0.00 0.00 0.00
car 0.00 0 0.00 698 462 735 504 0.00 0.00 0.00 0.00 0.00 0.00 0.00
car 0.00 0 0.00 764 443 798 487 0.00 0.00 0.00 0.00 0.00 0.00 0.00
truck 0.00 0 0.00 649 336 701 425 0.00 0.00 0.00 0.00 0.00 0.00 0.00
car 0.00 0 0.00 888 369 922 398 0.00 0.00 0.00 0.00 0.00 0.00 0.00
car 0.00 0 0.00 841 365 874 394 0.00 0.00 0.00 0.00 0.00 0.00 0.00
car 0.00 0 0.00 965 353 1010 378 0.00 0.00 0.00 0.00 0.00 0.00 0.00
motor 0.00 0 0.00 1757 400 1789 417 0.00 0.00 0.00 0.00 0.00 0.00 0.00
pedestrian 0.00 0 0.00 1701 387 1713 410 0.00 0.00 0.00 0.00 0.00 0.00 0.00
pedestrian 0.00 0 0.00 1592 336 1609 359 0.00 0.00 0.00 0.00 0.00 0.00 0.00
bicycle 0.00 0 0.00 1639 393 1654 408 0.00 0.00 0.00 0.00 0.00 0.00 0.00
bicycle 0.00 0 0.00 1623 391 1637 408 0.00 0.00 0.00 0.00 0.00 0.00 0.00
bicycle 0.00 0 0.00 1602 390 1613 407 0.00 0.00 0.00 0.00 0.00 0.00 0.00
bicycle 0.00 0 0.00 1494 391 1512 407 0.00 0.00 0.00 0.00 0.00 0.00 0.00
bicycle 0.00 0 0.00 1479 390 1497 408 0.00 0.00 0.00 0.00 0.00 0.00 0.00
bicycle 0.00 0 0.00 1467 389 1488 404 0.00 0.00 0.00 0.00 0.00 0.00 0.00
bicycle 0.00 0 0.00 1467 392 1481 406 0.00 0.00 0.00 0.00 0.00 0.00 0.00
bicycle 0.00 0 0.00 1431 386 1447 405 0.00 0.00 0.00 0.00 0.00 0.00 0.00
bicycle 0.00 0 0.00 1419 385 1433 405 0.00 0.00 0.00 0.00 0.00 0.00 0.00
pedestrian 0.00 0 0.00 1429 390 1440 417 0.00 0.00 0.00 0.00 0.00 0.00 0.00
pedestrian 0.00 0 0.00 1466 394 1477 417 0.00 0.00 0.00 0.00 0.00 0.00 0.00
bicycle 0.00 0 0.00 1394 388 1408 404 0.00 0.00 0.00 0.00 0.00 0.00 0.00
bicycle 0.00 0 0.00 1314 385 1336 403 0.00 0.00 0.00 0.00 0.00 0.00 0.00
bicycle 0.00 0 0.00 1225 384 1244 400 0.00 0.00 0.00 0.00 0.00 0.00 0.00
pedestrian 0.00 0 0.00 1245 381 1253 403 0.00 0.00 0.00 0.00 0.00 0.00 0.00
pedestrian 0.00 0 0.00 1171 327 1179 348 0.00 0.00 0.00 0.00 0.00 0.00 0.00
car 0.00 0 0.00 1172 319 1203 347 0.00 0.00 0.00 0.00 0.00 0.00 0.00
bicycle 0.00 0 0.00 1158 381 1168 398 0.00 0.00 0.00 0.00 0.00 0.00 0.00
bicycle 0.00 0 0.00 1146 377 1155 396 0.00 0.00 0.00 0.00 0.00 0.00 0.00
bicycle 0.00 0 0.00 1155 378 1162 394 0.00 0.00 0.00 0.00 0.00 0.00 0.00
pedestrian 0.00 0 0.00 413 332 422 354 0.00 0.00 0.00 0.00 0.00 0.00 0.00
pedestrian 0.00 0 0.00 420 334 429 356 0.00 0.00 0.00 0.00 0.00 0.00 0.00
bicycle 0.00 0 0.00 570 332 579 350 0.00 0.00 0.00 0.00 0.00 0.00 0.00
people 0.00 0 0.00 571 328 579 347 0.00 0.00 0.00 0.00 0.00 0.00 0.00
car 0.00 0 0.00 303 485 389 516 0.00 0.00 0.00 0.00 0.00 0.00 0.00
car 0.00 0 0.00 291 462 378 492 0.00 0.00 0.00 0.00 0.00 0.00 0.00
car 0.00 0 0.00 308 447 388 475 0.00 0.00 0.00 0.00 0.00 0.00 0.00
car 0.00 0 0.00 159 486 248 517 0.00 0.00 0.00 0.00 0.00 0.00 0.00
car 0.00 0 0.00 154 465 225 496 0.00 0.00 0.00 0.00 0.00 0.00 0.00
motor 0.00 0 0.00 172 367 198 381 0.00 0.00 0.00 0.00 0.00 0.00 0.00
bicycle 0.00 0 0.00 1081 363 1087 382 0.00 0.00 0.00 0.00 0.00 0.00 0.00
bicycle 0.00 0 0.00 1077 360 1097 376 0.00 0.00 0.00 0.00 0.00 0.00 0.00
bicycle 0.00 0 0.00 1072 362 1079 380 0.00 0.00 0.00 0.00 0.00 0.00 0.00
bicycle 0.00 0 0.00 1064 355 1079 373 0.00 0.00 0.00 0.00 0.00 0.00 0.00
bicycle 0.00 0 0.00 1053 346 1067 364 0.00 0.00 0.00 0.00 0.00 0.00 0.00
bicycle 0.00 0 0.00 1043 342 1058 359 0.00 0.00 0.00 0.00 0.00 0.00 0.00
car 0.00 0 0.00 1098 324 1148 348 0.00 0.00 0.00 0.00 0.00 0.00 0.00
car 0.00 0 0.00 1098 317 1126 336 0.00 0.00 0.00 0.00 0.00 0.00 0.00
car 0.00 0 0.00 1076 311 1132 333 0.00 0.00 0.00 0.00 0.00 0.00 0.00
car 0.00 0 0.00 1067 302 1119 321 0.00 0.00 0.00 0.00 0.00 0.00 0.00
car 0.00 0 0.00 1059 297 1100 315 0.00 0.00 0.00 0.00 0.00 0.00 0.00
car 0.00 0 0.00 1048 287 1101 305 0.00 0.00 0.00 0.00 0.00 0.00 0.00
car 0.00 0 0.00 1046 282 1079 299 0.00 0.00 0.00 0.00 0.00 0.00 0.00
car 0.00 0 0.00 1026 271 1071 286 0.00 0.00 0.00 0.00 0.00 0.00 0.00
van 0.00 0 0.00 1120 262 1143 287 0.00 0.00 0.00 0.00 0.00 0.00 0.00
car 0.00 0 0.00 1101 255 1149 274 0.00 0.00 0.00 0.00 0.00 0.00 0.00
car 0.00 0 0.00 953 303 983 328 0.00 0.00 0.00 0.00 0.00 0.00 0.00
car 0.00 0 0.00 937 290 963 310 0.00 0.00 0.00 0.00 0.00 0.00 0.00
van 0.00 0 0.00 920 276 950 296 0.00 0.00 0.00 0.00 0.00 0.00 0.00
car 0.00 0 0.00 908 266 935 285 0.00 0.00 0.00 0.00 0.00 0.00 0.00
car 0.00 0 0.00 892 254 918 272 0.00 0.00 0.00 0.00 0.00 0.00 0.00
car 0.00 0 0.00 824 335 851 357 0.00 0.00 0.00 0.00 0.00 0.00 0.00
car 0.00 0 0.00 827 293 857 316 0.00 0.00 0.00 0.00 0.00 0.00 0.00
van 0.00 0 0.00 839 261 870 284 0.00 0.00 0.00 0.00 0.00 0.00 0.00
car 0.00 0 0.00 853 249 883 267 0.00 0.00 0.00 0.00 0.00 0.00 0.00
car 0.00 0 0.00 808 260 834 280 0.00 0.00 0.00 0.00 0.00 0.00 0.00
bicycle 0.00 0 0.00 885 228 893 239 0.00 0.00 0.00 0.00 0.00 0.00 0.00
car 0.00 0 0.00 764 257 788 276 0.00 0.00 0.00 0.00 0.00 0.00 0.00
car 0.00 0 0.00 763 312 791 337 0.00 0.00 0.00 0.00 0.00 0.00 0.00
car 0.00 0 0.00 751 295 777 319 0.00 0.00 0.00 0.00 0.00 0.00 0.00
car 0.00 0 0.00 734 277 757 299 0.00 0.00 0.00 0.00 0.00 0.00 0.00
car 0.00 0 0.00 647 311 674 339 0.00 0.00 0.00 0.00 0.00 0.00 0.00
car 0.00 0 0.00 630 285 657 310 0.00 0.00 0.00 0.00 0.00 0.00 0.00
car 0.00 0 0.00 771 230 795 248 0.00 0.00 0.00 0.00 0.00 0.00 0.00
car 0.00 0 0.00 750 213 774 229 0.00 0.00 0.00 0.00 0.00 0.00 0.00
car 0.00 0 0.00 720 218 745 236 0.00 0.00 0.00 0.00 0.00 0.00 0.00
motor 0.00 0 0.00 775 186 781 197 0.00 0.00 0.00 0.00 0.00 0.00 0.00
people 0.00 0 0.00 776 183 781 194 0.00 0.00 0.00 0.00 0.00 0.00 0.00
car 0.00 0 0.00 732 181 755 197 0.00 0.00 0.00 0.00 0.00 0.00 0.00
car 0.00 0 0.00 708 183 731 199 0.00 0.00 0.00 0.00 0.00 0.00 0.00
car 0.00 0 0.00 686 188 708 205 0.00 0.00 0.00 0.00 0.00 0.00 0.00
car 0.00 0 0.00 684 169 705 184 0.00 0.00 0.00 0.00 0.00 0.00 0.00
car 0.00 0 0.00 657 167 679 182 0.00 0.00 0.00 0.00 0.00 0.00 0.00
car 0.00 0 0.00 671 152 692 167 0.00 0.00 0.00 0.00 0.00 0.00 0.00
car 0.00 0 0.00 622 254 645 275 0.00 0.00 0.00 0.00 0.00 0.00 0.00
car 0.00 0 0.00 598 225 621 244 0.00 0.00 0.00 0.00 0.00 0.00 0.00
car 0.00 0 0.00 614 198 635 218 0.00 0.00 0.00 0.00 0.00 0.00 0.00
car 0.00 0 0.00 585 207 606 225 0.00 0.00 0.00 0.00 0.00 0.00 0.00
car 0.00 0 0.00 520 153 538 170 0.00 0.00 0.00 0.00 0.00 0.00 0.00
car 0.00 0 0.00 500 132 518 146 0.00 0.00 0.00 0.00 0.00 0.00 0.00
car 0.00 0 0.00 596 129 615 143 0.00 0.00 0.00 0.00 0.00 0.00 0.00
van 0.00 0 0.00 968 172 999 194 0.00 0.00 0.00 0.00 0.00 0.00 0.00
car 0.00 0 0.00 938 179 965 196 0.00 0.00 0.00 0.00 0.00 0.00 0.00
car 0.00 0 0.00 912 181 942 196 0.00 0.00 0.00 0.00 0.00 0.00 0.00
car 0.00 0 0.00 886 180 916 197 0.00 0.00 0.00 0.00 0.00 0.00 0.00
pedestrian 0.00 0 0.00 877 210 884 228 0.00 0.00 0.00 0.00 0.00 0.00 0.00
car 0.00 0 0.00 846 219 870 239 0.00 0.00 0.00 0.00 0.00 0.00 0.00
car 0.00 0 0.00 834 211 857 229 0.00 0.00 0.00 0.00 0.00 0.00 0.00
car 0.00 0 0.00 818 201 843 219 0.00 0.00 0.00 0.00 0.00 0.00 0.00
car 0.00 0 0.00 888 171 921 183 0.00 0.00 0.00 0.00 0.00 0.00 0.00
car 0.00 0 0.00 902 167 934 178 0.00 0.00 0.00 0.00 0.00 0.00 0.00
car 0.00 0 0.00 890 164 913 174 0.00 0.00 0.00 0.00 0.00 0.00 0.00
bus 0.00 0 0.00 102 180 178 216 0.00 0.00 0.00 0.00 0.00 0.00 0.00
bus 0.00 0 0.00 119 113 151 146 0.00 0.00 0.00 0.00 0.00 0.00 0.00
bus 0.00 0 0.00 100 103 128 132 0.00 0.00 0.00 0.00 0.00 0.00 0.00
bus 0.00 0 0.00 69 101 103 128 0.00 0.00 0.00 0.00 0.00 0.00 0.00
bus 0.00 0 0.00 56 114 95 145 0.00 0.00 0.00 0.00 0.00 0.00 0.00
motor 0.00 0 0.00 49 183 68 196 0.00 0.00 0.00 0.00 0.00 0.00 0.00
bus 0.00 0 0.00 26 82 51 104 0.00 0.00 0.00 0.00 0.00 0.00 0.00
bus 0.00 0 0.00 1 84 24 110 0.00 0.00 0.00 0.00 0.00 0.00 0.00
car 0.00 0 0.00 78 88 101 98 0.00 0.00 0.00 0.00 0.00 0.00 0.00
car 0.00 0 0.00 74 87 96 97 0.00 0.00 0.00 0.00 0.00 0.00 0.00
car 0.00 0 0.00 734 161 757 173 0.00 0.00 0.00 0.00 0.00 0.00 0.00
car 0.00 0 0.00 785 167 817 179 0.00 0.00 0.00 0.00 0.00 0.00 0.00
car 0.00 0 0.00 778 162 808 175 0.00 0.00 0.00 0.00 0.00 0.00 0.00
car 0.00 0 0.00 755 151 776 164 0.00 0.00 0.00 0.00 0.00 0.00 0.00
van 0.00 0 0.00 721 155 743 167 0.00 0.00 0.00 0.00 0.00 0.00 0.00
car 0.00 0 0.00 708 149 730 162 0.00 0.00 0.00 0.00 0.00 0.00 0.00
car 0.00 0 0.00 727 146 748 157 0.00 0.00 0.00 0.00 0.00 0.00 0.00
car 0.00 0 0.00 693 142 714 157 0.00 0.00 0.00 0.00 0.00 0.00 0.00
car 0.00 0 0.00 794 149 813 161 0.00 0.00 0.00 0.00 0.00 0.00 0.00
car 0.00 0 0.00 780 143 803 155 0.00 0.00 0.00 0.00 0.00 0.00 0.00
car 0.00 0 0.00 773 136 799 147 0.00 0.00 0.00 0.00 0.00 0.00 0.00
car 0.00 0 0.00 786 135 811 146 0.00 0.00 0.00 0.00 0.00 0.00 0.00
car 0.00 0 0.00 639 122 661 136 0.00 0.00 0.00 0.00 0.00 0.00 0.00
van 0.00 0 0.00 624 117 646 132 0.00 0.00 0.00 0.00 0.00 0.00 0.00
car 0.00 0 0.00 612 115 629 126 0.00 0.00 0.00 0.00 0.00 0.00 0.00
car 0.00 0 0.00 599 110 617 123 0.00 0.00 0.00 0.00 0.00 0.00 0.00
car 0.00 0 0.00 587 106 605 118 0.00 0.00 0.00 0.00 0.00 0.00 0.00
car 0.00 0 0.00 571 103 590 114 0.00 0.00 0.00 0.00 0.00 0.00 0.00
car 0.00 0 0.00 523 112 543 125 0.00 0.00 0.00 0.00 0.00 0.00 0.00
car 0.00 0 0.00 506 108 523 119 0.00 0.00 0.00 0.00 0.00 0.00 0.00
car 0.00 0 0.00 488 102 505 114 0.00 0.00 0.00 0.00 0.00 0.00 0.00
car 0.00 0 0.00 475 97 491 108 0.00 0.00 0.00 0.00 0.00 0.00 0.00
car 0.00 0 0.00 462 93 478 103 0.00 0.00 0.00 0.00 0.00 0.00 0.00
car 0.00 0 0.00 471 89 490 101 0.00 0.00 0.00 0.00 0.00 0.00 0.00
bus 0.00 0 0.00 498 90 535 113 0.00 0.00 0.00 0.00 0.00 0.00 0.00
car 0.00 0 0.00 500 76 513 85 0.00 0.00 0.00 0.00 0.00 0.00 0.00
car 0.00 0 0.00 497 68 518 77 0.00 0.00 0.00 0.00 0.00 0.00 0.00
