car 0.00 0 0.00 405 456 526 596 0.00 0.00 0.00 0.00 0.00 0.00 0.00
car 0.00 0 0.00 565 442 658 559 0.00 0.00 0.00 0.00 0.00 0.00 0.00
car 0.00 0 0.00 516 356 598 431 0.00 0.00 0.00 0.00 0.00 0.00 0.00
car 0.00 0 0.00 643 352 703 419 0.00 0.00 0.00 0.00 0.00 0.00 0.00
car 0.00 0 0.00 782 295 830 351 0.00 0.00 0.00 0.00 0.00 0.00 0.00
car 0.00 0 0.00 896 292 943 334 0.00 0.00 0.00 0.00 0.00 0.00 0.00
car 0.00 0 0.00 1182 391 1289 469 0.00 0.00 0.00 0.00 0.00 0.00 0.00
car 0.00 0 0.00 58 423 175 494 0.00 0.00 0.00 0.00 0.00 0.00 0.00
car 0.00 0 0.00 164 353 276 424 0.00 0.00 0.00 0.00 0.00 0.00 0.00
car 0.00 0 0.00 189 227 254 263 0.00 0.00 0.00 0.00 0.00 0.00 0.00
car 0.00 0 0.00 801 127 819 148 0.00 0.00 0.00 0.00 0.00 0.00 0.00
car 0.00 0 0.00 815 96 833 108 0.00 0.00 0.00 0.00 0.00 0.00 0.00
car 0.00 0 0.00 1123 330 1204 389 0.00 0.00 0.00 0.00 0.00 0.00 0.00
car 0.00 0 0.00 684 139 708 170 0.00 0.00 0.00 0.00 0.00 0.00 0.00
car 0.00 0 0.00 700 134 715 156 0.00 0.00 0.00 0.00 0.00 0.00 0.00
car 0.00 0 0.00 697 121 726 138 0.00 0.00 0.00 0.00 0.00 0.00 0.00
van 0.00 0 0.00 286 245 333 301 0.00 0.00 0.00 0.00 0.00 0.00 0.00
car 0.00 0 0.00 272 302 343 360 0.00 0.00 0.00 0.00 0.00 0.00 0.00
car 0.00 0 0.00 344 263 418 312 0.00 0.00 0.00 0.00 0.00 0.00 0.00
car 0.00 0 0.00 364 212 421 249 0.00 0.00 0.00 0.00 0.00 0.00 0.00
van 0.00 0 0.00 250 195 301 238 0.00 0.00 0.00 0.00 0.00 0.00 0.00
car 0.00 0 0.00 300 184 355 220 0.00 0.00 0.00 0.00 0.00 0.00 0.00
pedestrian 0.00 0 0.00 664 192 675 221 0.00 0.00 0.00 0.00 0.00 0.00 0.00
people 0.00 0 0.00 571 733 612 765 0.00 0.00 0.00 0.00 0.00 0.00 0.00
pedestrian 0.00 0 0.00 0 440 22 502 0.00 0.00 0.00 0.00 0.00 0.00 0.00
tricycle 0.00 0 0.00 768 103 779 112 0.00 0.00 0.00 0.00 0.00 0.00 0.00
motor 0.00 0 0.00 198 301 219 331 0.00 0.00 0.00 0.00 0.00 0.00 0.00
motor 0.00 0 0.00 0 313 26 344 0.00 0.00 0.00 0.00 0.00 0.00 0.00
motor 0.00 0 0.00 11 296 43 334 0.00 0.00 0.00 0.00 0.00 0.00 0.00
motor 0.00 0 0.00 354 171 389 187 0.00 0.00 0.00 0.00 0.00 0.00 0.00
car 0.00 0 0.00 1066 176 1133 203 0.00 0.00 0.00 0.00 0.00 0.00 0.00
bus 0.00 0 0.00 811 37 822 51 0.00 0.00 0.00 0.00 0.00 0.00 0.00
car 0.00 0 0.00 828 45 841 53 0.00 0.00 0.00 0.00 0.00 0.00 0.00
car 0.00 0 0.00 504 168 550 210 0.00 0.00 0.00 0.00 0.00 0.00 0.00
car 0.00 0 0.00 533 147 599 179 0.00 0.00 0.00 0.00 0.00 0.00 0.00
people 0.00 0 0.00 771 98 778 108 0.00 0.00 0.00 0.00 0.00 0.00 0.00
people 0.00 0 0.00 750 108 754 116 0.00 0.00 0.00 0.00 0.00 0.00 0.00
people 0.00 0 0.00 736 99 742 113 0.00 0.00 0.00 0.00 0.00 0.00 0.00
motor 0.00 0 0.00 733 105 743 115 0.00 0.00 0.00 0.00 0.00 0.00 0.00
motor 0.00 0 0.00 749 110 755 120 0.00 0.00 0.00 0.00 0.00 0.00 0.00
