car 0.00 0 0.00 200 371 242 395 0.00 0.00 0.00 0.00 0.00 0.00 0.00
car 0.00 0 0.00 289 291 324 315 0.00 0.00 0.00 0.00 0.00 0.00 0.00
car 0.00 0 0.00 402 633 443 665 0.00 0.00 0.00 0.00 0.00 0.00 0.00
car 0.00 0 0.00 238 255 257 277 0.00 0.00 0.00 0.00 0.00 0.00 0.00
car 0.00 0 0.00 186 322 219 343 0.00 0.00 0.00 0.00 0.00 0.00 0.00
car 0.00 0 0.00 323 223 356 239 0.00 0.00 0.00 0.00 0.00 0.00 0.00
car 0.00 0 0.00 393 221 426 241 0.00 0.00 0.00 0.00 0.00 0.00 0.00
car 0.00 0 0.00 440 312 470 333 0.00 0.00 0.00 0.00 0.00 0.00 0.00
car 0.00 0 0.00 421 276 455 294 0.00 0.00 0.00 0.00 0.00 0.00 0.00
car 0.00 0 0.00 282 270 314 291 0.00 0.00 0.00 0.00 0.00 0.00 0.00
car 0.00 0 0.00 345 325 379 345 0.00 0.00 0.00 0.00 0.00 0.00 0.00
car 0.00 0 0.00 340 306 375 327 0.00 0.00 0.00 0.00 0.00 0.00 0.00
car 0.00 0 0.00 337 272 369 287 0.00 0.00 0.00 0.00 0.00 0.00 0.00
car 0.00 0 0.00 413 259 446 282 0.00 0.00 0.00 0.00 0.00 0.00 0.00
car 0.00 0 0.00 329 247 366 263 0.00 0.00 0.00 0.00 0.00 0.00 0.00
car 0.00 0 0.00 334 258 368 274 0.00 0.00 0.00 0.00 0.00 0.00 0.00
car 0.00 0 0.00 203 389 242 414 0.00 0.00 0.00 0.00 0.00 0.00 0.00
car 0.00 0 0.00 639 240 660 267 0.00 0.00 0.00 0.00 0.00 0.00 0.00
car 0.00 0 0.00 615 204 636 229 0.00 0.00 0.00 0.00 0.00 0.00 0.00
car 0.00 0 0.00 591 163 611 188 0.00 0.00 0.00 0.00 0.00 0.00 0.00
car 0.00 0 0.00 701 355 727 385 0.00 0.00 0.00 0.00 0.00 0.00 0.00
car 0.00 0 0.00 728 392 751 423 0.00 0.00 0.00 0.00 0.00 0.00 0.00
car 0.00 0 0.00 746 427 773 458 0.00 0.00 0.00 0.00 0.00 0.00 0.00
car 0.00 0 0.00 772 464 799 498 0.00 0.00 0.00 0.00 0.00 0.00 0.00
car 0.00 0 0.00 796 504 823 543 0.00 0.00 0.00 0.00 0.00 0.00 0.00
car 0.00 0 0.00 835 524 865 560 0.00 0.00 0.00 0.00 0.00 0.00 0.00
car 0.00 0 0.00 810 483 841 522 0.00 0.00 0.00 0.00 0.00 0.00 0.00
car 0.00 0 0.00 854 602 886 643 0.00 0.00 0.00 0.00 0.00 0.00 0.00
car 0.00 0 0.00 823 556 855 594 0.00 0.00 0.00 0.00 0.00 0.00 0.00
car 0.00 0 0.00 913 651 945 693 0.00 0.00 0.00 0.00 0.00 0.00 0.00
car 0.00 0 0.00 945 698 980 741 0.00 0.00 0.00 0.00 0.00 0.00 0.00
car 0.00 0 0.00 908 706 942 749 0.00 0.00 0.00 0.00 0.00 0.00 0.00
car 0.00 0 0.00 888 604 922 647 0.00 0.00 0.00 0.00 0.00 0.00 0.00
car 0.00 0 0.00 861 557 891 603 0.00 0.00 0.00 0.00 0.00 0.00 0.00
car 0.00 0 0.00 784 438 812 473 0.00 0.00 0.00 0.00 0.00 0.00 0.00
car 0.00 0 0.00 707 317 733 346 0.00 0.00 0.00 0.00 0.00 0.00 0.00
car 0.00 0 0.00 930 220 958 245 0.00 0.00 0.00 0.00 0.00 0.00 0.00
car 0.00 0 0.00 571 122 592 145 0.00 0.00 0.00 0.00 0.00 0.00 0.00
car 0.00 0 0.00 527 71 545 93 0.00 0.00 0.00 0.00 0.00 0.00 0.00
car 0.00 0 0.00 549 53 566 76 0.00 0.00 0.00 0.00 0.00 0.00 0.00
van 0.00 0 0.00 701 140 720 164 0.00 0.00 0.00 0.00 0.00 0.00 0.00
van 0.00 0 0.00 751 390 778 425 0.00 0.00 0.00 0.00 0.00 0.00 0.00
van 0.00 0 0.00 727 351 751 380 0.00 0.00 0.00 0.00 0.00 0.00 0.00
van 0.00 0 0.00 872 645 908 693 0.00 0.00 0.00 0.00 0.00 0.00 0.00
car 0.00 0 0.00 690 283 711 309 0.00 0.00 0.00 0.00 0.00 0.00 0.00
car 0.00 0 0.00 669 253 692 280 0.00 0.00 0.00 0.00 0.00 0.00 0.00
car 0.00 0 0.00 656 226 676 252 0.00 0.00 0.00 0.00 0.00 0.00 0.00
pedestrian 0.00 0 0.00 536 32 543 44 0.00 0.00 0.00 0.00 0.00 0.00 0.00
car 0.00 0 0.00 516 42 534 64 0.00 0.00 0.00 0.00 0.00 0.00 0.00
car 0.00 0 0.00 532 42 549 62 0.00 0.00 0.00 0.00 0.00 0.00 0.00
car 0.00 0 0.00 496 36 513 53 0.00 0.00 0.00 0.00 0.00 0.00 0.00
van 0.00 0 0.00 501 18 519 41 0.00 0.00 0.00 0.00 0.00 0.00 0.00
van 0.00 0 0.00 486 0 507 17 0.00 0.00 0.00 0.00 0.00 0.00 0.00
car 0.00 0 0.00 1145 564 1184 617 0.00 0.00 0.00 0.00 0.00 0.00 0.00
van 0.00 0 0.00 275 652 340 687 0.00 0.00 0.00 0.00 0.00 0.00 0.00
van 0.00 0 0.00 251 528 292 555 0.00 0.00 0.00 0.00 0.00 0.00 0.00
car 0.00 0 0.00 360 489 400 516 0.00 0.00 0.00 0.00 0.00 0.00 0.00
car 0.00 0 0.00 375 539 416 566 0.00 0.00 0.00 0.00 0.00 0.00 0.00
car 0.00 0 0.00 382 560 420 585 0.00 0.00 0.00 0.00 0.00 0.00 0.00
pedestrian 0.00 0 0.00 415 684 427 700 0.00 0.00 0.00 0.00 0.00 0.00 0.00
pedestrian 0.00 0 0.00 417 379 423 392 0.00 0.00 0.00 0.00 0.00 0.00 0.00
pedestrian 0.00 0 0.00 412 377 418 389 0.00 0.00 0.00 0.00 0.00 0.00 0.00
pedestrian 0.00 0 0.00 403 395 409 403 0.00 0.00 0.00 0.00 0.00 0.00 0.00
pedestrian 0.00 0 0.00 410 390 418 402 0.00 0.00 0.00 0.00 0.00 0.00 0.00
pedestrian 0.00 0 0.00 492 609 499 621 0.00 0.00 0.00 0.00 0.00 0.00 0.00
pedestrian 0.00 0 0.00 475 610 482 622 0.00 0.00 0.00 0.00 0.00 0.00 0.00
pedestrian 0.00 0 0.00 484 606 489 618 0.00 0.00 0.00 0.00 0.00 0.00 0.00
pedestrian 0.00 0 0.00 545 551 553 569 0.00 0.00 0.00 0.00 0.00 0.00 0.00
pedestrian 0.00 0 0.00 555 549 561 565 0.00 0.00 0.00 0.00 0.00 0.00 0.00
pedestrian 0.00 0 0.00 517 478 522 491 0.00 0.00 0.00 0.00 0.00 0.00 0.00
pedestrian 0.00 0 0.00 310 327 319 340 0.00 0.00 0.00 0.00 0.00 0.00 0.00
pedestrian 0.00 0 0.00 489 747 496 754 0.00 0.00 0.00 0.00 0.00 0.00 0.00
pedestrian 0.00 0 0.00 496 747 501 755 0.00 0.00 0.00 0.00 0.00 0.00 0.00
truck 0.00 0 0.00 612 687 645 750 0.00 0.00 0.00 0.00 0.00 0.00 0.00
van 0.00 0 0.00 485 675 526 704 0.00 0.00 0.00 0.00 0.00 0.00 0.00
car 0.00 0 0.00 273 594 317 620 0.00 0.00 0.00 0.00 0.00 0.00 0.00
car 0.00 0 0.00 283 614 327 639 0.00 0.00 0.00 0.00 0.00 0.00 0.00
car 0.00 0 0.00 422 673 465 700 0.00 0.00 0.00 0.00 0.00 0.00 0.00
car 0.00 0 0.00 427 694 474 723 0.00 0.00 0.00 0.00 0.00 0.00 0.00
car 0.00 0 0.00 265 568 311 594 0.00 0.00 0.00 0.00 0.00 0.00 0.00
car 0.00 0 0.00 419 525 457 550 0.00 0.00 0.00 0.00 0.00 0.00 0.00
car 0.00 0 0.00 384 420 425 448 0.00 0.00 0.00 0.00 0.00 0.00 0.00
car 0.00 0 0.00 261 548 305 574 0.00 0.00 0.00 0.00 0.00 0.00 0.00
car 0.00 0 0.00 394 459 432 481 0.00 0.00 0.00 0.00 0.00 0.00 0.00
car 0.00 0 0.00 400 473 434 498 0.00 0.00 0.00 0.00 0.00 0.00 0.00
car 0.00 0 0.00 405 489 441 513 0.00 0.00 0.00 0.00 0.00 0.00 0.00
car 0.00 0 0.00 413 507 449 529 0.00 0.00 0.00 0.00 0.00 0.00 0.00
car 0.00 0 0.00 281 640 324 666 0.00 0.00 0.00 0.00 0.00 0.00 0.00
car 0.00 0 0.00 306 703 353 734 0.00 0.00 0.00 0.00 0.00 0.00 0.00
van 0.00 0 0.00 304 674 354 706 0.00 0.00 0.00 0.00 0.00 0.00 0.00
car 0.00 0 0.00 432 561 472 584 0.00 0.00 0.00 0.00 0.00 0.00 0.00
car 0.00 0 0.00 442 577 481 604 0.00 0.00 0.00 0.00 0.00 0.00 0.00
car 0.00 0 0.00 441 597 481 622 0.00 0.00 0.00 0.00 0.00 0.00 0.00
car 0.00 0 0.00 454 616 496 643 0.00 0.00 0.00 0.00 0.00 0.00 0.00
car 0.00 0 0.00 457 639 499 666 0.00 0.00 0.00 0.00 0.00 0.00 0.00
car 0.00 0 0.00 471 656 512 685 0.00 0.00 0.00 0.00 0.00 0.00 0.00
car 0.00 0 0.00 438 714 484 748 0.00 0.00 0.00 0.00 0.00 0.00 0.00
car 0.00 0 0.00 442 735 491 763 0.00 0.00 0.00 0.00 0.00 0.00 0.00
car 0.00 0 0.00 336 754 373 765 0.00 0.00 0.00 0.00 0.00 0.00 0.00
car 0.00 0 0.00 460 754 497 765 0.00 0.00 0.00 0.00 0.00 0.00 0.00
van 0.00 0 0.00 491 714 532 742 0.00 0.00 0.00 0.00 0.00 0.00 0.00
car 0.00 0 0.00 504 741 548 765 0.00 0.00 0.00 0.00 0.00 0.00 0.00
car 0.00 0 0.00 367 371 402 392 0.00 0.00 0.00 0.00 0.00 0.00 0.00
car 0.00 0 0.00 379 384 414 405 0.00 0.00 0.00 0.00 0.00 0.00 0.00
van 0.00 0 0.00 383 404 419 424 0.00 0.00 0.00 0.00 0.00 0.00 0.00
car 0.00 0 0.00 471 392 504 415 0.00 0.00 0.00 0.00 0.00 0.00 0.00
car 0.00 0 0.00 471 378 504 396 0.00 0.00 0.00 0.00 0.00 0.00 0.00
car 0.00 0 0.00 472 411 505 431 0.00 0.00 0.00 0.00 0.00 0.00 0.00
car 0.00 0 0.00 489 426 526 448 0.00 0.00 0.00 0.00 0.00 0.00 0.00
car 0.00 0 0.00 496 444 535 466 0.00 0.00 0.00 0.00 0.00 0.00 0.00
car 0.00 0 0.00 506 462 542 486 0.00 0.00 0.00 0.00 0.00 0.00 0.00
car 0.00 0 0.00 512 480 549 504 0.00 0.00 0.00 0.00 0.00 0.00 0.00
car 0.00 0 0.00 519 497 556 521 0.00 0.00 0.00 0.00 0.00 0.00 0.00
car 0.00 0 0.00 524 516 567 541 0.00 0.00 0.00 0.00 0.00 0.00 0.00
car 0.00 0 0.00 528 539 567 564 0.00 0.00 0.00 0.00 0.00 0.00 0.00
car 0.00 0 0.00 547 557 584 582 0.00 0.00 0.00 0.00 0.00 0.00 0.00
car 0.00 0 0.00 553 573 594 599 0.00 0.00 0.00 0.00 0.00 0.00 0.00
car 0.00 0 0.00 559 593 598 622 0.00 0.00 0.00 0.00 0.00 0.00 0.00
car 0.00 0 0.00 569 616 608 645 0.00 0.00 0.00 0.00 0.00 0.00 0.00
car 0.00 0 0.00 578 636 614 674 0.00 0.00 0.00 0.00 0.00 0.00 0.00
car 0.00 0 0.00 585 655 624 691 0.00 0.00 0.00 0.00 0.00 0.00 0.00
car 0.00 0 0.00 608 675 638 713 0.00 0.00 0.00 0.00 0.00 0.00 0.00
van 0.00 0 0.00 360 156 384 182 0.00 0.00 0.00 0.00 0.00 0.00 0.00
van 0.00 0 0.00 234 475 288 503 0.00 0.00 0.00 0.00 0.00 0.00 0.00
