car 0.00 0 0.00 207 372 284 412 0.00 0.00 0.00 0.00 0.00 0.00 0.00
car 0.00 0 0.00 77 40 128 71 0.00 0.00 0.00 0.00 0.00 0.00 0.00
car 0.00 0 0.00 0 133 46 169 0.00 0.00 0.00 0.00 0.00 0.00 0.00
car 0.00 0 0.00 59 161 123 194 0.00 0.00 0.00 0.00 0.00 0.00 0.00
car 0.00 0 0.00 85 94 141 127 0.00 0.00 0.00 0.00 0.00 0.00 0.00
car 0.00 0 0.00 131 144 186 177 0.00 0.00 0.00 0.00 0.00 0.00 0.00
car 0.00 0 0.00 192 117 254 154 0.00 0.00 0.00 0.00 0.00 0.00 0.00
car 0.00 0 0.00 157 189 224 224 0.00 0.00 0.00 0.00 0.00 0.00 0.00
car 0.00 0 0.00 293 144 359 180 0.00 0.00 0.00 0.00 0.00 0.00 0.00
car 0.00 0 0.00 0 312 63 345 0.00 0.00 0.00 0.00 0.00 0.00 0.00
truck 0.00 0 0.00 87 295 144 327 0.00 0.00 0.00 0.00 0.00 0.00 0.00
van 0.00 0 0.00 252 314 318 350 0.00 0.00 0.00 0.00 0.00 0.00 0.00
car 0.00 0 0.00 227 259 290 296 0.00 0.00 0.00 0.00 0.00 0.00 0.00
car 0.00 0 0.00 313 284 369 318 0.00 0.00 0.00 0.00 0.00 0.00 0.00
car 0.00 0 0.00 400 315 464 350 0.00 0.00 0.00 0.00 0.00 0.00 0.00
car 0.00 0 0.00 339 373 398 410 0.00 0.00 0.00 0.00 0.00 0.00 0.00
car 0.00 0 0.00 341 419 412 452 0.00 0.00 0.00 0.00 0.00 0.00 0.00
car 0.00 0 0.00 449 454 506 494 0.00 0.00 0.00 0.00 0.00 0.00 0.00
car 0.00 0 0.00 448 365 517 403 0.00 0.00 0.00 0.00 0.00 0.00 0.00
car 0.00 0 0.00 385 260 443 294 0.00 0.00 0.00 0.00 0.00 0.00 0.00
bus 0.00 0 0.00 549 439 689 510 0.00 0.00 0.00 0.00 0.00 0.00 0.00
car 0.00 0 0.00 590 413 657 448 0.00 0.00 0.00 0.00 0.00 0.00 0.00
car 0.00 0 0.00 649 343 710 378 0.00 0.00 0.00 0.00 0.00 0.00 0.00
car 0.00 0 0.00 694 315 759 348 0.00 0.00 0.00 0.00 0.00 0.00 0.00
motor 0.00 0 0.00 814 233 836 260 0.00 0.00 0.00 0.00 0.00 0.00 0.00
motor 0.00 0 0.00 787 290 815 310 0.00 0.00 0.00 0.00 0.00 0.00 0.00
car 0.00 0 0.00 862 580 928 614 0.00 0.00 0.00 0.00 0.00 0.00 0.00
car 0.00 0 0.00 910 524 975 558 0.00 0.00 0.00 0.00 0.00 0.00 0.00
car 0.00 0 0.00 757 484 815 521 0.00 0.00 0.00 0.00 0.00 0.00 0.00
car 0.00 0 0.00 860 462 918 490 0.00 0.00 0.00 0.00 0.00 0.00 0.00
car 0.00 0 0.00 895 422 949 458 0.00 0.00 0.00 0.00 0.00 0.00 0.00
car 0.00 0 0.00 513 565 546 627 0.00 0.00 0.00 0.00 0.00 0.00 0.00
van 0.00 0 0.00 545 727 582 764 0.00 0.00 0.00 0.00 0.00 0.00 0.00
truck 0.00 0 0.00 584 731 622 765 0.00 0.00 0.00 0.00 0.00 0.00 0.00
car 0.00 0 0.00 622 728 665 765 0.00 0.00 0.00 0.00 0.00 0.00 0.00
car 0.00 0 0.00 1055 433 1110 471 0.00 0.00 0.00 0.00 0.00 0.00 0.00
car 0.00 0 0.00 999 498 1059 535 0.00 0.00 0.00 0.00 0.00 0.00 0.00
car 0.00 0 0.00 1062 520 1108 551 0.00 0.00 0.00 0.00 0.00 0.00 0.00
car 0.00 0 0.00 1116 538 1176 574 0.00 0.00 0.00 0.00 0.00 0.00 0.00
van 0.00 0 0.00 1124 418 1196 455 0.00 0.00 0.00 0.00 0.00 0.00 0.00
car 0.00 0 0.00 1273 473 1340 504 0.00 0.00 0.00 0.00 0.00 0.00 0.00
car 0.00 0 0.00 1267 508 1336 542 0.00 0.00 0.00 0.00 0.00 0.00 0.00
car 0.00 0 0.00 1191 563 1250 601 0.00 0.00 0.00 0.00 0.00 0.00 0.00
car 0.00 0 0.00 1254 584 1323 621 0.00 0.00 0.00 0.00 0.00 0.00 0.00
car 0.00 0 0.00 1331 607 1360 636 0.00 0.00 0.00 0.00 0.00 0.00 0.00
car 0.00 0 0.00 874 115 913 172 0.00 0.00 0.00 0.00 0.00 0.00 0.00
car 0.00 0 0.00 835 95 880 153 0.00 0.00 0.00 0.00 0.00 0.00 0.00
car 0.00 0 0.00 912 64 952 120 0.00 0.00 0.00 0.00 0.00 0.00 0.00
car 0.00 0 0.00 1000 20 1042 86 0.00 0.00 0.00 0.00 0.00 0.00 0.00
car 0.00 0 0.00 880 39 918 93 0.00 0.00 0.00 0.00 0.00 0.00 0.00
car 0.00 0 0.00 945 0 985 53 0.00 0.00 0.00 0.00 0.00 0.00 0.00
car 0.00 0 0.00 909 0 944 36 0.00 0.00 0.00 0.00 0.00 0.00 0.00
motor 0.00 0 0.00 1037 344 1068 362 0.00 0.00 0.00 0.00 0.00 0.00 0.00
car 0.00 0 0.00 1247 668 1312 709 0.00 0.00 0.00 0.00 0.00 0.00 0.00
