people 0.00 0 0.00 496 501 507 521 0.00 0.00 0.00 0.00 0.00 0.00 0.00
people 0.00 0 0.00 497 490 509 513 0.00 0.00 0.00 0.00 0.00 0.00 0.00
people 0.00 0 0.00 388 471 402 500 0.00 0.00 0.00 0.00 0.00 0.00 0.00
people 0.00 0 0.00 434 488 445 510 0.00 0.00 0.00 0.00 0.00 0.00 0.00
people 0.00 0 0.00 436 481 448 512 0.00 0.00 0.00 0.00 0.00 0.00 0.00
people 0.00 0 0.00 564 429 577 445 0.00 0.00 0.00 0.00 0.00 0.00 0.00
people 0.00 0 0.00 562 422 579 449 0.00 0.00 0.00 0.00 0.00 0.00 0.00
people 0.00 0 0.00 500 318 507 333 0.00 0.00 0.00 0.00 0.00 0.00 0.00
people 0.00 0 0.00 493 303 499 317 0.00 0.00 0.00 0.00 0.00 0.00 0.00
people 0.00 0 0.00 506 290 515 305 0.00 0.00 0.00 0.00 0.00 0.00 0.00
people 0.00 0 0.00 538 318 544 332 0.00 0.00 0.00 0.00 0.00 0.00 0.00
people 0.00 0 0.00 555 282 559 298 0.00 0.00 0.00 0.00 0.00 0.00 0.00
people 0.00 0 0.00 395 526 410 540 0.00 0.00 0.00 0.00 0.00 0.00 0.00
motor 0.00 0 0.00 431 485 448 521 0.00 0.00 0.00 0.00 0.00 0.00 0.00
motor 0.00 0 0.00 496 491 509 523 0.00 0.00 0.00 0.00 0.00 0.00 0.00
motor 0.00 0 0.00 387 480 400 506 0.00 0.00 0.00 0.00 0.00 0.00 0.00
motor 0.00 0 0.00 547 496 584 529 0.00 0.00 0.00 0.00 0.00 0.00 0.00
motor 0.00 0 0.00 570 468 595 497 0.00 0.00 0.00 0.00 0.00 0.00 0.00
motor 0.00 0 0.00 565 425 576 452 0.00 0.00 0.00 0.00 0.00 0.00 0.00
motor 0.00 0 0.00 537 319 547 338 0.00 0.00 0.00 0.00 0.00 0.00 0.00
motor 0.00 0 0.00 499 321 506 337 0.00 0.00 0.00 0.00 0.00 0.00 0.00
motor 0.00 0 0.00 492 305 499 319 0.00 0.00 0.00 0.00 0.00 0.00 0.00
motor 0.00 0 0.00 506 292 514 306 0.00 0.00 0.00 0.00 0.00 0.00 0.00
motor 0.00 0 0.00 511 262 516 272 0.00 0.00 0.00 0.00 0.00 0.00 0.00
motor 0.00 0 0.00 525 239 531 253 0.00 0.00 0.00 0.00 0.00 0.00 0.00
motor 0.00 0 0.00 567 309 581 322 0.00 0.00 0.00 0.00 0.00 0.00 0.00
people 0.00 0 0.00 511 258 516 270 0.00 0.00 0.00 0.00 0.00 0.00 0.00
people 0.00 0 0.00 569 304 576 315 0.00 0.00 0.00 0.00 0.00 0.00 0.00
car 0.00 0 0.00 485 252 513 267 0.00 0.00 0.00 0.00 0.00 0.00 0.00
car 0.00 0 0.00 485 240 515 252 0.00 0.00 0.00 0.00 0.00 0.00 0.00
car 0.00 0 0.00 539 213 551 223 0.00 0.00 0.00 0.00 0.00 0.00 0.00
car 0.00 0 0.00 532 195 541 204 0.00 0.00 0.00 0.00 0.00 0.00 0.00
car 0.00 0 0.00 573 260 590 277 0.00 0.00 0.00 0.00 0.00 0.00 0.00
tricycle 0.00 0 0.00 548 266 560 280 0.00 0.00 0.00 0.00 0.00 0.00 0.00
awning-tricycle 0.00 0 0.00 561 276 585 297 0.00 0.00 0.00 0.00 0.00 0.00 0.00
pedestrian 0.00 0 0.00 582 314 589 331 0.00 0.00 0.00 0.00 0.00 0.00 0.00
pedestrian 0.00 0 0.00 126 299 132 318 0.00 0.00 0.00 0.00 0.00 0.00 0.00
car 0.00 0 0.00 509 393 543 431 0.00 0.00 0.00 0.00 0.00 0.00 0.00
