car 0.00 0 0.00 790 213 807 227 0.00 0.00 0.00 0.00 0.00 0.00 0.00
truck 0.00 0 0.00 797 213 821 232 0.00 0.00 0.00 0.00 0.00 0.00 0.00
car 0.00 0 0.00 827 214 848 232 0.00 0.00 0.00 0.00 0.00 0.00 0.00
car 0.00 0 0.00 763 237 797 252 0.00 0.00 0.00 0.00 0.00 0.00 0.00
van 0.00 0 0.00 889 210 911 228 0.00 0.00 0.00 0.00 0.00 0.00 0.00
van 0.00 0 0.00 857 229 893 255 0.00 0.00 0.00 0.00 0.00 0.00 0.00
car 0.00 0 0.00 861 259 884 278 0.00 0.00 0.00 0.00 0.00 0.00 0.00
van 0.00 0 0.00 852 263 874 291 0.00 0.00 0.00 0.00 0.00 0.00 0.00
car 0.00 0 0.00 858 290 886 314 0.00 0.00 0.00 0.00 0.00 0.00 0.00
car 0.00 0 0.00 911 235 946 255 0.00 0.00 0.00 0.00 0.00 0.00 0.00
car 0.00 0 0.00 946 243 986 260 0.00 0.00 0.00 0.00 0.00 0.00 0.00
van 0.00 0 0.00 945 260 972 287 0.00 0.00 0.00 0.00 0.00 0.00 0.00
car 0.00 0 0.00 953 271 981 295 0.00 0.00 0.00 0.00 0.00 0.00 0.00
car 0.00 0 0.00 966 294 998 321 0.00 0.00 0.00 0.00 0.00 0.00 0.00
car 0.00 0 0.00 909 318 941 347 0.00 0.00 0.00 0.00 0.00 0.00 0.00
van 0.00 0 0.00 787 396 844 460 0.00 0.00 0.00 0.00 0.00 0.00 0.00
car 0.00 0 0.00 1040 252 1080 271 0.00 0.00 0.00 0.00 0.00 0.00 0.00
car 0.00 0 0.00 1029 245 1067 263 0.00 0.00 0.00 0.00 0.00 0.00 0.00
bus 0.00 0 0.00 994 242 1043 294 0.00 0.00 0.00 0.00 0.00 0.00 0.00
car 0.00 0 0.00 1008 282 1037 306 0.00 0.00 0.00 0.00 0.00 0.00 0.00
car 0.00 0 0.00 1020 293 1053 322 0.00 0.00 0.00 0.00 0.00 0.00 0.00
car 0.00 0 0.00 1034 317 1066 353 0.00 0.00 0.00 0.00 0.00 0.00 0.00
people 0.00 0 0.00 1056 269 1065 287 0.00 0.00 0.00 0.00 0.00 0.00 0.00
motor 0.00 0 0.00 1054 274 1066 290 0.00 0.00 0.00 0.00 0.00 0.00 0.00
pedestrian 0.00 0 0.00 1075 271 1082 289 0.00 0.00 0.00 0.00 0.00 0.00 0.00
people 0.00 0 0.00 1080 275 1088 288 0.00 0.00 0.00 0.00 0.00 0.00 0.00
bicycle 0.00 0 0.00 1080 278 1086 290 0.00 0.00 0.00 0.00 0.00 0.00 0.00
van 0.00 0 0.00 1097 514 1160 589 0.00 0.00 0.00 0.00 0.00 0.00 0.00
car 0.00 0 0.00 680 517 768 602 0.00 0.00 0.00 0.00 0.00 0.00 0.00
car 0.00 0 0.00 526 758 672 910 0.00 0.00 0.00 0.00 0.00 0.00 0.00
car 0.00 0 0.00 1325 588 1422 669 0.00 0.00 0.00 0.00 0.00 0.00 0.00
bicycle 0.00 0 0.00 1291 514 1314 560 0.00 0.00 0.00 0.00 0.00 0.00 0.00
car 0.00 0 0.00 1481 594 1666 670 0.00 0.00 0.00 0.00 0.00 0.00 0.00
bicycle 0.00 0 0.00 610 439 628 470 0.00 0.00 0.00 0.00 0.00 0.00 0.00
bicycle 0.00 0 0.00 658 401 688 428 0.00 0.00 0.00 0.00 0.00 0.00 0.00
pedestrian 0.00 0 0.00 690 390 702 426 0.00 0.00 0.00 0.00 0.00 0.00 0.00
pedestrian 0.00 0 0.00 677 385 689 423 0.00 0.00 0.00 0.00 0.00 0.00 0.00
pedestrian 0.00 0 0.00 693 376 704 410 0.00 0.00 0.00 0.00 0.00 0.00 0.00
pedestrian 0.00 0 0.00 678 377 689 414 0.00 0.00 0.00 0.00 0.00 0.00 0.00
tricycle 0.00 0 0.00 1181 340 1202 371 0.00 0.00 0.00 0.00 0.00 0.00 0.00
pedestrian 0.00 0 0.00 1204 344 1216 373 0.00 0.00 0.00 0.00 0.00 0.00 0.00
pedestrian 0.00 0 0.00 1209 339 1220 369 0.00 0.00 0.00 0.00 0.00 0.00 0.00
