bicycle 0.00 0 0.00 0 344 38 373 0.00 0.00 0.00 0.00 0.00 0.00 0.00
awning-tricycle 0.00 0 0.00 8 315 48 356 0.00 0.00 0.00 0.00 0.00 0.00 0.00
pedestrian 0.00 0 0.00 610 562 625 599 0.00 0.00 0.00 0.00 0.00 0.00 0.00
pedestrian 0.00 0 0.00 645 455 664 506 0.00 0.00 0.00 0.00 0.00 0.00 0.00
pedestrian 0.00 0 0.00 698 540 720 603 0.00 0.00 0.00 0.00 0.00 0.00 0.00
pedestrian 0.00 0 0.00 751 556 764 597 0.00 0.00 0.00 0.00 0.00 0.00 0.00
pedestrian 0.00 0 0.00 639 56 648 89 0.00 0.00 0.00 0.00 0.00 0.00 0.00
people 0.00 0 0.00 458 300 476 342 0.00 0.00 0.00 0.00 0.00 0.00 0.00
people 0.00 0 0.00 533 330 552 377 0.00 0.00 0.00 0.00 0.00 0.00 0.00
people 0.00 0 0.00 563 332 589 368 0.00 0.00 0.00 0.00 0.00 0.00 0.00
people 0.00 0 0.00 572 319 601 361 0.00 0.00 0.00 0.00 0.00 0.00 0.00
people 0.00 0 0.00 588 311 603 349 0.00 0.00 0.00 0.00 0.00 0.00 0.00
people 0.00 0 0.00 601 307 617 341 0.00 0.00 0.00 0.00 0.00 0.00 0.00
people 0.00 0 0.00 610 276 624 303 0.00 0.00 0.00 0.00 0.00 0.00 0.00
people 0.00 0 0.00 619 287 644 328 0.00 0.00 0.00 0.00 0.00 0.00 0.00
people 0.00 0 0.00 827 374 851 398 0.00 0.00 0.00 0.00 0.00 0.00 0.00
people 0.00 0 0.00 788 424 802 458 0.00 0.00 0.00 0.00 0.00 0.00 0.00
pedestrian 0.00 0 0.00 805 404 818 442 0.00 0.00 0.00 0.00 0.00 0.00 0.00
pedestrian 0.00 0 0.00 822 410 836 451 0.00 0.00 0.00 0.00 0.00 0.00 0.00
pedestrian 0.00 0 0.00 1032 346 1047 384 0.00 0.00 0.00 0.00 0.00 0.00 0.00
people 0.00 0 0.00 627 215 638 227 0.00 0.00 0.00 0.00 0.00 0.00 0.00
people 0.00 0 0.00 562 200 575 224 0.00 0.00 0.00 0.00 0.00 0.00 0.00
people 0.00 0 0.00 34 261 55 286 0.00 0.00 0.00 0.00 0.00 0.00 0.00
