pedestrian 0.00 0 0.00 173 658 197 742 0.00 0.00 0.00 0.00 0.00 0.00 0.00
pedestrian 0.00 0 0.00 1448 476 1463 515 0.00 0.00 0.00 0.00 0.00 0.00 0.00
pedestrian 0.00 0 0.00 1524 498 1540 534 0.00 0.00 0.00 0.00 0.00 0.00 0.00
pedestrian 0.00 0 0.00 203 650 239 732 0.00 0.00 0.00 0.00 0.00 0.00 0.00
pedestrian 0.00 0 0.00 215 651 240 731 0.00 0.00 0.00 0.00 0.00 0.00 0.00
pedestrian 0.00 0 0.00 233 644 253 716 0.00 0.00 0.00 0.00 0.00 0.00 0.00
pedestrian 0.00 0 0.00 178 625 215 698 0.00 0.00 0.00 0.00 0.00 0.00 0.00
pedestrian 0.00 0 0.00 290 575 315 635 0.00 0.00 0.00 0.00 0.00 0.00 0.00
pedestrian 0.00 0 0.00 260 572 286 638 0.00 0.00 0.00 0.00 0.00 0.00 0.00
pedestrian 0.00 0 0.00 245 562 273 628 0.00 0.00 0.00 0.00 0.00 0.00 0.00
pedestrian 0.00 0 0.00 263 529 277 576 0.00 0.00 0.00 0.00 0.00 0.00 0.00
pedestrian 0.00 0 0.00 245 531 259 578 0.00 0.00 0.00 0.00 0.00 0.00 0.00
pedestrian 0.00 0 0.00 234 526 248 577 0.00 0.00 0.00 0.00 0.00 0.00 0.00
bicycle 0.00 0 0.00 194 540 249 570 0.00 0.00 0.00 0.00 0.00 0.00 0.00
bicycle 0.00 0 0.00 331 644 370 692 0.00 0.00 0.00 0.00 0.00 0.00 0.00
pedestrian 0.00 0 0.00 465 462 482 498 0.00 0.00 0.00 0.00 0.00 0.00 0.00
pedestrian 0.00 0 0.00 340 503 360 548 0.00 0.00 0.00 0.00 0.00 0.00 0.00
bicycle 0.00 0 0.00 329 543 363 574 0.00 0.00 0.00 0.00 0.00 0.00 0.00
bicycle 0.00 0 0.00 294 540 314 572 0.00 0.00 0.00 0.00 0.00 0.00 0.00
bicycle 0.00 0 0.00 1601 683 1665 715 0.00 0.00 0.00 0.00 0.00 0.00 0.00
pedestrian 0.00 0 0.00 1078 473 1092 500 0.00 0.00 0.00 0.00 0.00 0.00 0.00
bicycle 0.00 0 0.00 1326 661 1389 699 0.00 0.00 0.00 0.00 0.00 0.00 0.00
bicycle 0.00 0 0.00 1195 682 1231 741 0.00 0.00 0.00 0.00 0.00 0.00 0.00
pedestrian 0.00 0 0.00 1053 596 1076 659 0.00 0.00 0.00 0.00 0.00 0.00 0.00
bicycle 0.00 0 0.00 912 509 926 524 0.00 0.00 0.00 0.00 0.00 0.00 0.00
bicycle 0.00 0 0.00 661 482 671 503 0.00 0.00 0.00 0.00 0.00 0.00 0.00
