pedestrian 0.00 0 0.00 973 306 990 345 0.00 0.00 0.00 0.00 0.00 0.00 0.00
pedestrian 0.00 0 0.00 834 108 843 140 0.00 0.00 0.00 0.00 0.00 0.00 0.00
pedestrian 0.00 0 0.00 847 115 856 146 0.00 0.00 0.00 0.00 0.00 0.00 0.00
bicycle 0.00 0 0.00 853 115 878 137 0.00 0.00 0.00 0.00 0.00 0.00 0.00
pedestrian 0.00 0 0.00 775 474 791 517 0.00 0.00 0.00 0.00 0.00 0.00 0.00
pedestrian 0.00 0 0.00 769 451 787 502 0.00 0.00 0.00 0.00 0.00 0.00 0.00
pedestrian 0.00 0 0.00 854 92 866 126 0.00 0.00 0.00 0.00 0.00 0.00 0.00
pedestrian 0.00 0 0.00 888 75 905 102 0.00 0.00 0.00 0.00 0.00 0.00 0.00
pedestrian 0.00 0 0.00 854 26 866 53 0.00 0.00 0.00 0.00 0.00 0.00 0.00
bicycle 0.00 0 0.00 394 51 417 71 0.00 0.00 0.00 0.00 0.00 0.00 0.00
pedestrian 0.00 0 0.00 340 66 351 98 0.00 0.00 0.00 0.00 0.00 0.00 0.00
pedestrian 0.00 0 0.00 421 449 446 493 0.00 0.00 0.00 0.00 0.00 0.00 0.00
pedestrian 0.00 0 0.00 308 670 330 721 0.00 0.00 0.00 0.00 0.00 0.00 0.00
