pedestrian 0.00 0 0.00 177 432 189 464 0.00 0.00 0.00 0.00 0.00 0.00 0.00
people 0.00 0 0.00 178 437 189 457 0.00 0.00 0.00 0.00 0.00 0.00 0.00
people 0.00 0 0.00 169 498 203 524 0.00 0.00 0.00 0.00 0.00 0.00 0.00
pedestrian 0.00 0 0.00 203 425 222 452 0.00 0.00 0.00 0.00 0.00 0.00 0.00
pedestrian 0.00 0 0.00 206 439 220 468 0.00 0.00 0.00 0.00 0.00 0.00 0.00
people 0.00 0 0.00 210 436 225 456 0.00 0.00 0.00 0.00 0.00 0.00 0.00
pedestrian 0.00 0 0.00 219 385 237 421 0.00 0.00 0.00 0.00 0.00 0.00 0.00
pedestrian 0.00 0 0.00 234 378 252 414 0.00 0.00 0.00 0.00 0.00 0.00 0.00
pedestrian 0.00 0 0.00 222 360 237 390 0.00 0.00 0.00 0.00 0.00 0.00 0.00
pedestrian 0.00 0 0.00 230 364 241 384 0.00 0.00 0.00 0.00 0.00 0.00 0.00
pedestrian 0.00 0 0.00 42 306 58 340 0.00 0.00 0.00 0.00 0.00 0.00 0.00
pedestrian 0.00 0 0.00 355 323 370 353 0.00 0.00 0.00 0.00 0.00 0.00 0.00
pedestrian 0.00 0 0.00 400 322 410 343 0.00 0.00 0.00 0.00 0.00 0.00 0.00
pedestrian 0.00 0 0.00 387 307 395 332 0.00 0.00 0.00 0.00 0.00 0.00 0.00
pedestrian 0.00 0 0.00 386 298 395 322 0.00 0.00 0.00 0.00 0.00 0.00 0.00
pedestrian 0.00 0 0.00 391 297 402 323 0.00 0.00 0.00 0.00 0.00 0.00 0.00
pedestrian 0.00 0 0.00 481 359 499 386 0.00 0.00 0.00 0.00 0.00 0.00 0.00
pedestrian 0.00 0 0.00 486 302 501 331 0.00 0.00 0.00 0.00 0.00 0.00 0.00
pedestrian 0.00 0 0.00 471 326 488 357 0.00 0.00 0.00 0.00 0.00 0.00 0.00
pedestrian 0.00 0 0.00 421 260 432 287 0.00 0.00 0.00 0.00 0.00 0.00 0.00
pedestrian 0.00 0 0.00 458 338 472 369 0.00 0.00 0.00 0.00 0.00 0.00 0.00
pedestrian 0.00 0 0.00 465 345 476 375 0.00 0.00 0.00 0.00 0.00 0.00 0.00
pedestrian 0.00 0 0.00 454 353 465 374 0.00 0.00 0.00 0.00 0.00 0.00 0.00
pedestrian 0.00 0 0.00 548 329 561 361 0.00 0.00 0.00 0.00 0.00 0.00 0.00
people 0.00 0 0.00 532 367 545 392 0.00 0.00 0.00 0.00 0.00 0.00 0.00
bicycle 0.00 0 0.00 530 374 547 395 0.00 0.00 0.00 0.00 0.00 0.00 0.00
pedestrian 0.00 0 0.00 511 420 533 459 0.00 0.00 0.00 0.00 0.00 0.00 0.00
pedestrian 0.00 0 0.00 548 418 567 445 0.00 0.00 0.00 0.00 0.00 0.00 0.00
pedestrian 0.00 0 0.00 435 473 454 510 0.00 0.00 0.00 0.00 0.00 0.00 0.00
pedestrian 0.00 0 0.00 447 484 466 512 0.00 0.00 0.00 0.00 0.00 0.00 0.00
pedestrian 0.00 0 0.00 457 502 477 538 0.00 0.00 0.00 0.00 0.00 0.00 0.00
pedestrian 0.00 0 0.00 606 471 619 503 0.00 0.00 0.00 0.00 0.00 0.00 0.00
pedestrian 0.00 0 0.00 726 444 743 488 0.00 0.00 0.00 0.00 0.00 0.00 0.00
pedestrian 0.00 0 0.00 631 364 643 394 0.00 0.00 0.00 0.00 0.00 0.00 0.00
pedestrian 0.00 0 0.00 628 397 640 428 0.00 0.00 0.00 0.00 0.00 0.00 0.00
pedestrian 0.00 0 0.00 775 377 792 408 0.00 0.00 0.00 0.00 0.00 0.00 0.00
pedestrian 0.00 0 0.00 646 411 662 447 0.00 0.00 0.00 0.00 0.00 0.00 0.00
pedestrian 0.00 0 0.00 606 319 619 352 0.00 0.00 0.00 0.00 0.00 0.00 0.00
pedestrian 0.00 0 0.00 608 326 620 352 0.00 0.00 0.00 0.00 0.00 0.00 0.00
pedestrian 0.00 0 0.00 527 334 538 357 0.00 0.00 0.00 0.00 0.00 0.00 0.00
pedestrian 0.00 0 0.00 534 339 545 358 0.00 0.00 0.00 0.00 0.00 0.00 0.00
pedestrian 0.00 0 0.00 530 447 543 470 0.00 0.00 0.00 0.00 0.00 0.00 0.00
pedestrian 0.00 0 0.00 571 458 591 494 0.00 0.00 0.00 0.00 0.00 0.00 0.00
pedestrian 0.00 0 0.00 554 473 568 498 0.00 0.00 0.00 0.00 0.00 0.00 0.00
pedestrian 0.00 0 0.00 516 483 533 517 0.00 0.00 0.00 0.00 0.00 0.00 0.00
pedestrian 0.00 0 0.00 512 478 528 509 0.00 0.00 0.00 0.00 0.00 0.00 0.00
pedestrian 0.00 0 0.00 523 476 535 512 0.00 0.00 0.00 0.00 0.00 0.00 0.00
pedestrian 0.00 0 0.00 534 484 550 524 0.00 0.00 0.00 0.00 0.00 0.00 0.00
pedestrian 0.00 0 0.00 544 498 558 528 0.00 0.00 0.00 0.00 0.00 0.00 0.00
bicycle 0.00 0 0.00 475 439 509 467 0.00 0.00 0.00 0.00 0.00 0.00 0.00
pedestrian 0.00 0 0.00 837 371 854 408 0.00 0.00 0.00 0.00 0.00 0.00 0.00
pedestrian 0.00 0 0.00 847 387 860 415 0.00 0.00 0.00 0.00 0.00 0.00 0.00
pedestrian 0.00 0 0.00 768 332 784 363 0.00 0.00 0.00 0.00 0.00 0.00 0.00
pedestrian 0.00 0 0.00 699 310 715 342 0.00 0.00 0.00 0.00 0.00 0.00 0.00
pedestrian 0.00 0 0.00 653 238 664 265 0.00 0.00 0.00 0.00 0.00 0.00 0.00
people 0.00 0 0.00 727 277 742 297 0.00 0.00 0.00 0.00 0.00 0.00 0.00
people 0.00 0 0.00 724 302 737 322 0.00 0.00 0.00 0.00 0.00 0.00 0.00
pedestrian 0.00 0 0.00 648 290 662 319 0.00 0.00 0.00 0.00 0.00 0.00 0.00
pedestrian 0.00 0 0.00 871 257 884 285 0.00 0.00 0.00 0.00 0.00 0.00 0.00
pedestrian 0.00 0 0.00 902 258 915 286 0.00 0.00 0.00 0.00 0.00 0.00 0.00
pedestrian 0.00 0 0.00 928 230 939 254 0.00 0.00 0.00 0.00 0.00 0.00 0.00
pedestrian 0.00 0 0.00 661 185 670 206 0.00 0.00 0.00 0.00 0.00 0.00 0.00
pedestrian 0.00 0 0.00 655 188 665 209 0.00 0.00 0.00 0.00 0.00 0.00 0.00
pedestrian 0.00 0 0.00 674 205 683 227 0.00 0.00 0.00 0.00 0.00 0.00 0.00
people 0.00 0 0.00 608 370 621 390 0.00 0.00 0.00 0.00 0.00 0.00 0.00
pedestrian 0.00 0 0.00 818 265 830 284 0.00 0.00 0.00 0.00 0.00 0.00 0.00
people 0.00 0 0.00 798 288 808 306 0.00 0.00 0.00 0.00 0.00 0.00 0.00
people 0.00 0 0.00 815 292 827 310 0.00 0.00 0.00 0.00 0.00 0.00 0.00
people 0.00 0 0.00 826 297 838 315 0.00 0.00 0.00 0.00 0.00 0.00 0.00
people 0.00 0 0.00 872 289 883 305 0.00 0.00 0.00 0.00 0.00 0.00 0.00
pedestrian 0.00 0 0.00 206 248 217 273 0.00 0.00 0.00 0.00 0.00 0.00 0.00
pedestrian 0.00 0 0.00 211 248 224 272 0.00 0.00 0.00 0.00 0.00 0.00 0.00
pedestrian 0.00 0 0.00 614 264 626 289 0.00 0.00 0.00 0.00 0.00 0.00 0.00
people 0.00 0 0.00 639 262 651 281 0.00 0.00 0.00 0.00 0.00 0.00 0.00
pedestrian 0.00 0 0.00 484 257 492 275 0.00 0.00 0.00 0.00 0.00 0.00 0.00
pedestrian 0.00 0 0.00 495 263 505 282 0.00 0.00 0.00 0.00 0.00 0.00 0.00
pedestrian 0.00 0 0.00 501 259 512 283 0.00 0.00 0.00 0.00 0.00 0.00 0.00
pedestrian 0.00 0 0.00 628 238 638 257 0.00 0.00 0.00 0.00 0.00 0.00 0.00
pedestrian 0.00 0 0.00 567 228 577 251 0.00 0.00 0.00 0.00 0.00 0.00 0.00
people 0.00 0 0.00 567 230 574 244 0.00 0.00 0.00 0.00 0.00 0.00 0.00
pedestrian 0.00 0 0.00 816 202 828 226 0.00 0.00 0.00 0.00 0.00 0.00 0.00
pedestrian 0.00 0 0.00 838 217 846 238 0.00 0.00 0.00 0.00 0.00 0.00 0.00
pedestrian 0.00 0 0.00 750 188 760 209 0.00 0.00 0.00 0.00 0.00 0.00 0.00
pedestrian 0.00 0 0.00 758 191 767 211 0.00 0.00 0.00 0.00 0.00 0.00 0.00
pedestrian 0.00 0 0.00 844 219 851 237 0.00 0.00 0.00 0.00 0.00 0.00 0.00
pedestrian 0.00 0 0.00 899 193 908 212 0.00 0.00 0.00 0.00 0.00 0.00 0.00
pedestrian 0.00 0 0.00 808 217 815 233 0.00 0.00 0.00 0.00 0.00 0.00 0.00
pedestrian 0.00 0 0.00 801 180 809 198 0.00 0.00 0.00 0.00 0.00 0.00 0.00
pedestrian 0.00 0 0.00 810 186 817 198 0.00 0.00 0.00 0.00 0.00 0.00 0.00
pedestrian 0.00 0 0.00 839 160 848 177 0.00 0.00 0.00 0.00 0.00 0.00 0.00
pedestrian 0.00 0 0.00 853 161 862 180 0.00 0.00 0.00 0.00 0.00 0.00 0.00
pedestrian 0.00 0 0.00 686 212 696 228 0.00 0.00 0.00 0.00 0.00 0.00 0.00
pedestrian 0.00 0 0.00 583 199 592 215 0.00 0.00 0.00 0.00 0.00 0.00 0.00
pedestrian 0.00 0 0.00 570 178 581 196 0.00 0.00 0.00 0.00 0.00 0.00 0.00
pedestrian 0.00 0 0.00 446 233 457 258 0.00 0.00 0.00 0.00 0.00 0.00 0.00
pedestrian 0.00 0 0.00 409 249 420 274 0.00 0.00 0.00 0.00 0.00 0.00 0.00
pedestrian 0.00 0 0.00 461 221 472 242 0.00 0.00 0.00 0.00 0.00 0.00 0.00
pedestrian 0.00 0 0.00 469 235 480 257 0.00 0.00 0.00 0.00 0.00 0.00 0.00
pedestrian 0.00 0 0.00 455 231 466 257 0.00 0.00 0.00 0.00 0.00 0.00 0.00
pedestrian 0.00 0 0.00 496 235 507 256 0.00 0.00 0.00 0.00 0.00 0.00 0.00
pedestrian 0.00 0 0.00 478 226 486 240 0.00 0.00 0.00 0.00 0.00 0.00 0.00
pedestrian 0.00 0 0.00 501 196 511 213 0.00 0.00 0.00 0.00 0.00 0.00 0.00
pedestrian 0.00 0 0.00 500 226 510 247 0.00 0.00 0.00 0.00 0.00 0.00 0.00
pedestrian 0.00 0 0.00 508 227 518 247 0.00 0.00 0.00 0.00 0.00 0.00 0.00
pedestrian 0.00 0 0.00 617 249 625 272 0.00 0.00 0.00 0.00 0.00 0.00 0.00
pedestrian 0.00 0 0.00 622 250 630 269 0.00 0.00 0.00 0.00 0.00 0.00 0.00
pedestrian 0.00 0 0.00 595 190 601 206 0.00 0.00 0.00 0.00 0.00 0.00 0.00
pedestrian 0.00 0 0.00 570 196 575 213 0.00 0.00 0.00 0.00 0.00 0.00 0.00
pedestrian 0.00 0 0.00 584 181 590 198 0.00 0.00 0.00 0.00 0.00 0.00 0.00
pedestrian 0.00 0 0.00 591 179 598 195 0.00 0.00 0.00 0.00 0.00 0.00 0.00
pedestrian 0.00 0 0.00 575 198 581 212 0.00 0.00 0.00 0.00 0.00 0.00 0.00
people 0.00 0 0.00 501 216 508 226 0.00 0.00 0.00 0.00 0.00 0.00 0.00
people 0.00 0 0.00 513 209 521 220 0.00 0.00 0.00 0.00 0.00 0.00 0.00
tricycle 0.00 0 0.00 510 208 537 231 0.00 0.00 0.00 0.00 0.00 0.00 0.00
pedestrian 0.00 0 0.00 513 217 520 236 0.00 0.00 0.00 0.00 0.00 0.00 0.00
pedestrian 0.00 0 0.00 444 169 451 185 0.00 0.00 0.00 0.00 0.00 0.00 0.00
pedestrian 0.00 0 0.00 248 203 259 224 0.00 0.00 0.00 0.00 0.00 0.00 0.00
pedestrian 0.00 0 0.00 182 228 193 248 0.00 0.00 0.00 0.00 0.00 0.00 0.00
people 0.00 0 0.00 197 219 209 231 0.00 0.00 0.00 0.00 0.00 0.00 0.00
people 0.00 0 0.00 212 215 221 232 0.00 0.00 0.00 0.00 0.00 0.00 0.00
pedestrian 0.00 0 0.00 190 201 200 221 0.00 0.00 0.00 0.00 0.00 0.00 0.00
pedestrian 0.00 0 0.00 191 232 200 246 0.00 0.00 0.00 0.00 0.00 0.00 0.00
pedestrian 0.00 0 0.00 187 223 195 239 0.00 0.00 0.00 0.00 0.00 0.00 0.00
tricycle 0.00 0 0.00 115 244 149 263 0.00 0.00 0.00 0.00 0.00 0.00 0.00
awning-tricycle 0.00 0 0.00 128 231 153 259 0.00 0.00 0.00 0.00 0.00 0.00 0.00
van 0.00 0 0.00 50 202 85 240 0.00 0.00 0.00 0.00 0.00 0.00 0.00
pedestrian 0.00 0 0.00 373 234 384 254 0.00 0.00 0.00 0.00 0.00 0.00 0.00
pedestrian 0.00 0 0.00 356 241 364 261 0.00 0.00 0.00 0.00 0.00 0.00 0.00
people 0.00 0 0.00 367 251 376 264 0.00 0.00 0.00 0.00 0.00 0.00 0.00
pedestrian 0.00 0 0.00 387 261 394 275 0.00 0.00 0.00 0.00 0.00 0.00 0.00
pedestrian 0.00 0 0.00 383 246 388 258 0.00 0.00 0.00 0.00 0.00 0.00 0.00
pedestrian 0.00 0 0.00 354 209 363 228 0.00 0.00 0.00 0.00 0.00 0.00 0.00
pedestrian 0.00 0 0.00 343 211 350 227 0.00 0.00 0.00 0.00 0.00 0.00 0.00
pedestrian 0.00 0 0.00 332 211 340 227 0.00 0.00 0.00 0.00 0.00 0.00 0.00
motor 0.00 0 0.00 275 198 286 212 0.00 0.00 0.00 0.00 0.00 0.00 0.00
motor 0.00 0 0.00 288 196 300 209 0.00 0.00 0.00 0.00 0.00 0.00 0.00
people 0.00 0 0.00 161 236 173 253 0.00 0.00 0.00 0.00 0.00 0.00 0.00
pedestrian 0.00 0 0.00 512 178 519 193 0.00 0.00 0.00 0.00 0.00 0.00 0.00
motor 0.00 0 0.00 228 212 240 225 0.00 0.00 0.00 0.00 0.00 0.00 0.00
pedestrian 0.00 0 0.00 374 200 382 217 0.00 0.00 0.00 0.00 0.00 0.00 0.00
pedestrian 0.00 0 0.00 383 193 391 211 0.00 0.00 0.00 0.00 0.00 0.00 0.00
pedestrian 0.00 0 0.00 337 197 344 212 0.00 0.00 0.00 0.00 0.00 0.00 0.00
people 0.00 0 0.00 343 185 350 197 0.00 0.00 0.00 0.00 0.00 0.00 0.00
pedestrian 0.00 0 0.00 320 190 328 208 0.00 0.00 0.00 0.00 0.00 0.00 0.00
pedestrian 0.00 0 0.00 292 181 298 197 0.00 0.00 0.00 0.00 0.00 0.00 0.00
people 0.00 0 0.00 256 180 264 192 0.00 0.00 0.00 0.00 0.00 0.00 0.00
people 0.00 0 0.00 250 180 256 192 0.00 0.00 0.00 0.00 0.00 0.00 0.00
pedestrian 0.00 0 0.00 131 203 139 219 0.00 0.00 0.00 0.00 0.00 0.00 0.00
people 0.00 0 0.00 142 201 151 215 0.00 0.00 0.00 0.00 0.00 0.00 0.00
pedestrian 0.00 0 0.00 150 193 158 207 0.00 0.00 0.00 0.00 0.00 0.00 0.00
