tricycle 0.00 0 0.00 115 668 149 696 0.00 0.00 0.00 0.00 0.00 0.00 0.00
tricycle 0.00 0 0.00 222 684 252 715 0.00 0.00 0.00 0.00 0.00 0.00 0.00
bicycle 0.00 0 0.00 149 658 165 672 0.00 0.00 0.00 0.00 0.00 0.00 0.00
bicycle 0.00 0 0.00 164 654 179 674 0.00 0.00 0.00 0.00 0.00 0.00 0.00
bicycle 0.00 0 0.00 171 655 183 677 0.00 0.00 0.00 0.00 0.00 0.00 0.00
motor 0.00 0 0.00 287 656 295 675 0.00 0.00 0.00 0.00 0.00 0.00 0.00
motor 0.00 0 0.00 261 659 275 678 0.00 0.00 0.00 0.00 0.00 0.00 0.00
car 0.00 0 0.00 146 680 190 713 0.00 0.00 0.00 0.00 0.00 0.00 0.00
car 0.00 0 0.00 276 698 305 731 0.00 0.00 0.00 0.00 0.00 0.00 0.00
van 0.00 0 0.00 381 750 432 765 0.00 0.00 0.00 0.00 0.00 0.00 0.00
car 0.00 0 0.00 492 649 541 668 0.00 0.00 0.00 0.00 0.00 0.00 0.00
car 0.00 0 0.00 506 632 539 652 0.00 0.00 0.00 0.00 0.00 0.00 0.00
truck 0.00 0 0.00 498 606 566 640 0.00 0.00 0.00 0.00 0.00 0.00 0.00
awning-tricycle 0.00 0 0.00 576 618 596 645 0.00 0.00 0.00 0.00 0.00 0.00 0.00
car 0.00 0 0.00 533 601 589 623 0.00 0.00 0.00 0.00 0.00 0.00 0.00
car 0.00 0 0.00 698 646 723 679 0.00 0.00 0.00 0.00 0.00 0.00 0.00
car 0.00 0 0.00 606 571 626 594 0.00 0.00 0.00 0.00 0.00 0.00 0.00
car 0.00 0 0.00 545 573 596 592 0.00 0.00 0.00 0.00 0.00 0.00 0.00
van 0.00 0 0.00 1001 733 1075 765 0.00 0.00 0.00 0.00 0.00 0.00 0.00
pedestrian 0.00 0 0.00 1060 732 1071 754 0.00 0.00 0.00 0.00 0.00 0.00 0.00
pedestrian 0.00 0 0.00 1060 725 1067 740 0.00 0.00 0.00 0.00 0.00 0.00 0.00
pedestrian 0.00 0 0.00 1015 711 1019 730 0.00 0.00 0.00 0.00 0.00 0.00 0.00
motor 0.00 0 0.00 1019 709 1031 724 0.00 0.00 0.00 0.00 0.00 0.00 0.00
pedestrian 0.00 0 0.00 863 675 870 696 0.00 0.00 0.00 0.00 0.00 0.00 0.00
pedestrian 0.00 0 0.00 826 677 833 690 0.00 0.00 0.00 0.00 0.00 0.00 0.00
pedestrian 0.00 0 0.00 902 656 912 679 0.00 0.00 0.00 0.00 0.00 0.00 0.00
tricycle 0.00 0 0.00 919 665 947 685 0.00 0.00 0.00 0.00 0.00 0.00 0.00
van 0.00 0 0.00 815 657 866 683 0.00 0.00 0.00 0.00 0.00 0.00 0.00
van 0.00 0 0.00 811 644 859 667 0.00 0.00 0.00 0.00 0.00 0.00 0.00
car 0.00 0 0.00 805 634 856 656 0.00 0.00 0.00 0.00 0.00 0.00 0.00
car 0.00 0 0.00 789 611 844 633 0.00 0.00 0.00 0.00 0.00 0.00 0.00
van 0.00 0 0.00 755 561 779 593 0.00 0.00 0.00 0.00 0.00 0.00 0.00
pedestrian 0.00 0 0.00 746 561 753 580 0.00 0.00 0.00 0.00 0.00 0.00 0.00
car 0.00 0 0.00 784 544 826 565 0.00 0.00 0.00 0.00 0.00 0.00 0.00
car 0.00 0 0.00 715 501 732 518 0.00 0.00 0.00 0.00 0.00 0.00 0.00
tricycle 0.00 0 0.00 753 464 762 476 0.00 0.00 0.00 0.00 0.00 0.00 0.00
car 0.00 0 0.00 731 450 746 463 0.00 0.00 0.00 0.00 0.00 0.00 0.00
car 0.00 0 0.00 695 459 710 475 0.00 0.00 0.00 0.00 0.00 0.00 0.00
car 0.00 0 0.00 754 441 769 454 0.00 0.00 0.00 0.00 0.00 0.00 0.00
car 0.00 0 0.00 765 429 778 441 0.00 0.00 0.00 0.00 0.00 0.00 0.00
van 0.00 0 0.00 754 416 768 430 0.00 0.00 0.00 0.00 0.00 0.00 0.00
pedestrian 0.00 0 0.00 753 431 757 441 0.00 0.00 0.00 0.00 0.00 0.00 0.00
pedestrian 0.00 0 0.00 627 529 631 541 0.00 0.00 0.00 0.00 0.00 0.00 0.00
pedestrian 0.00 0 0.00 607 524 613 538 0.00 0.00 0.00 0.00 0.00 0.00 0.00
motor 0.00 0 0.00 633 505 643 514 0.00 0.00 0.00 0.00 0.00 0.00 0.00
bicycle 0.00 0 0.00 635 501 647 510 0.00 0.00 0.00 0.00 0.00 0.00 0.00
awning-tricycle 0.00 0 0.00 644 488 656 504 0.00 0.00 0.00 0.00 0.00 0.00 0.00
car 0.00 0 0.00 658 482 676 497 0.00 0.00 0.00 0.00 0.00 0.00 0.00
car 0.00 0 0.00 630 472 657 488 0.00 0.00 0.00 0.00 0.00 0.00 0.00
car 0.00 0 0.00 599 490 637 508 0.00 0.00 0.00 0.00 0.00 0.00 0.00
car 0.00 0 0.00 632 452 664 463 0.00 0.00 0.00 0.00 0.00 0.00 0.00
car 0.00 0 0.00 661 436 673 451 0.00 0.00 0.00 0.00 0.00 0.00 0.00
awning-tricycle 0.00 0 0.00 661 431 680 443 0.00 0.00 0.00 0.00 0.00 0.00 0.00
car 0.00 0 0.00 666 426 678 437 0.00 0.00 0.00 0.00 0.00 0.00 0.00
pedestrian 0.00 0 0.00 680 422 685 432 0.00 0.00 0.00 0.00 0.00 0.00 0.00
pedestrian 0.00 0 0.00 687 422 691 432 0.00 0.00 0.00 0.00 0.00 0.00 0.00
car 0.00 0 0.00 704 411 715 423 0.00 0.00 0.00 0.00 0.00 0.00 0.00
car 0.00 0 0.00 735 391 745 402 0.00 0.00 0.00 0.00 0.00 0.00 0.00
car 0.00 0 0.00 646 415 674 427 0.00 0.00 0.00 0.00 0.00 0.00 0.00
car 0.00 0 0.00 657 412 683 422 0.00 0.00 0.00 0.00 0.00 0.00 0.00
car 0.00 0 0.00 653 407 677 414 0.00 0.00 0.00 0.00 0.00 0.00 0.00
car 0.00 0 0.00 651 402 677 410 0.00 0.00 0.00 0.00 0.00 0.00 0.00
car 0.00 0 0.00 657 396 681 406 0.00 0.00 0.00 0.00 0.00 0.00 0.00
car 0.00 0 0.00 670 395 688 403 0.00 0.00 0.00 0.00 0.00 0.00 0.00
car 0.00 0 0.00 672 390 696 400 0.00 0.00 0.00 0.00 0.00 0.00 0.00
car 0.00 0 0.00 677 388 693 394 0.00 0.00 0.00 0.00 0.00 0.00 0.00
car 0.00 0 0.00 667 379 688 388 0.00 0.00 0.00 0.00 0.00 0.00 0.00
car 0.00 0 0.00 694 367 704 378 0.00 0.00 0.00 0.00 0.00 0.00 0.00
car 0.00 0 0.00 722 375 731 385 0.00 0.00 0.00 0.00 0.00 0.00 0.00
car 0.00 0 0.00 719 353 728 362 0.00 0.00 0.00 0.00 0.00 0.00 0.00
van 0.00 0 0.00 769 344 776 351 0.00 0.00 0.00 0.00 0.00 0.00 0.00
car 0.00 0 0.00 753 349 761 358 0.00 0.00 0.00 0.00 0.00 0.00 0.00
car 0.00 0 0.00 767 355 777 364 0.00 0.00 0.00 0.00 0.00 0.00 0.00
van 0.00 0 0.00 765 364 773 372 0.00 0.00 0.00 0.00 0.00 0.00 0.00
car 0.00 0 0.00 759 370 781 380 0.00 0.00 0.00 0.00 0.00 0.00 0.00
car 0.00 0 0.00 756 375 778 384 0.00 0.00 0.00 0.00 0.00 0.00 0.00
car 0.00 0 0.00 759 382 777 391 0.00 0.00 0.00 0.00 0.00 0.00 0.00
car 0.00 0 0.00 782 363 802 371 0.00 0.00 0.00 0.00 0.00 0.00 0.00
car 0.00 0 0.00 787 359 808 366 0.00 0.00 0.00 0.00 0.00 0.00 0.00
car 0.00 0 0.00 789 458 817 470 0.00 0.00 0.00 0.00 0.00 0.00 0.00
car 0.00 0 0.00 1101 376 1123 385 0.00 0.00 0.00 0.00 0.00 0.00 0.00
