car 0.00 0 0.00 759 808 832 876 0.00 0.00 0.00 0.00 0.00 0.00 0.00
car 0.00 0 0.00 850 692 892 736 0.00 0.00 0.00 0.00 0.00 0.00 0.00
car 0.00 0 0.00 495 916 625 1017 0.00 0.00 0.00 0.00 0.00 0.00 0.00
car 0.00 0 0.00 559 846 661 936 0.00 0.00 0.00 0.00 0.00 0.00 0.00
car 0.00 0 0.00 774 701 822 742 0.00 0.00 0.00 0.00 0.00 0.00 0.00
car 0.00 0 0.00 805 674 840 709 0.00 0.00 0.00 0.00 0.00 0.00 0.00
car 0.00 0 0.00 696 717 746 761 0.00 0.00 0.00 0.00 0.00 0.00 0.00
car 0.00 0 0.00 702 703 755 737 0.00 0.00 0.00 0.00 0.00 0.00 0.00
car 0.00 0 0.00 739 666 776 696 0.00 0.00 0.00 0.00 0.00 0.00 0.00
car 0.00 0 0.00 805 649 833 679 0.00 0.00 0.00 0.00 0.00 0.00 0.00
car 0.00 0 0.00 856 615 879 634 0.00 0.00 0.00 0.00 0.00 0.00 0.00
car 0.00 0 0.00 814 632 839 653 0.00 0.00 0.00 0.00 0.00 0.00 0.00
car 0.00 0 0.00 814 613 839 634 0.00 0.00 0.00 0.00 0.00 0.00 0.00
car 0.00 0 0.00 846 605 869 623 0.00 0.00 0.00 0.00 0.00 0.00 0.00
car 0.00 0 0.00 838 592 858 606 0.00 0.00 0.00 0.00 0.00 0.00 0.00
car 0.00 0 0.00 890 598 910 615 0.00 0.00 0.00 0.00 0.00 0.00 0.00
pedestrian 0.00 0 0.00 713 657 724 688 0.00 0.00 0.00 0.00 0.00 0.00 0.00
bicycle 0.00 0 0.00 884 675 895 691 0.00 0.00 0.00 0.00 0.00 0.00 0.00
bicycle 0.00 0 0.00 901 670 913 692 0.00 0.00 0.00 0.00 0.00 0.00 0.00
bicycle 0.00 0 0.00 910 695 919 715 0.00 0.00 0.00 0.00 0.00 0.00 0.00
bicycle 0.00 0 0.00 919 689 928 708 0.00 0.00 0.00 0.00 0.00 0.00 0.00
bicycle 0.00 0 0.00 921 670 931 688 0.00 0.00 0.00 0.00 0.00 0.00 0.00
bicycle 0.00 0 0.00 913 664 924 681 0.00 0.00 0.00 0.00 0.00 0.00 0.00
pedestrian 0.00 0 0.00 885 665 893 686 0.00 0.00 0.00 0.00 0.00 0.00 0.00
pedestrian 0.00 0 0.00 909 683 919 705 0.00 0.00 0.00 0.00 0.00 0.00 0.00
pedestrian 0.00 0 0.00 922 677 928 699 0.00 0.00 0.00 0.00 0.00 0.00 0.00
pedestrian 0.00 0 0.00 903 661 911 682 0.00 0.00 0.00 0.00 0.00 0.00 0.00
pedestrian 0.00 0 0.00 915 656 923 674 0.00 0.00 0.00 0.00 0.00 0.00 0.00
pedestrian 0.00 0 0.00 877 594 884 607 0.00 0.00 0.00 0.00 0.00 0.00 0.00
bicycle 0.00 0 0.00 877 599 884 611 0.00 0.00 0.00 0.00 0.00 0.00 0.00
bicycle 0.00 0 0.00 969 751 983 782 0.00 0.00 0.00 0.00 0.00 0.00 0.00
pedestrian 0.00 0 0.00 967 739 985 768 0.00 0.00 0.00 0.00 0.00 0.00 0.00
bicycle 0.00 0 0.00 706 748 725 785 0.00 0.00 0.00 0.00 0.00 0.00 0.00
pedestrian 0.00 0 0.00 708 735 726 780 0.00 0.00 0.00 0.00 0.00 0.00 0.00
pedestrian 0.00 0 0.00 473 878 502 961 0.00 0.00 0.00 0.00 0.00 0.00 0.00
bicycle 0.00 0 0.00 513 824 572 865 0.00 0.00 0.00 0.00 0.00 0.00 0.00
bicycle 0.00 0 0.00 610 742 648 773 0.00 0.00 0.00 0.00 0.00 0.00 0.00
bicycle 0.00 0 0.00 638 725 663 758 0.00 0.00 0.00 0.00 0.00 0.00 0.00
van 0.00 0 0.00 1105 837 1179 909 0.00 0.00 0.00 0.00 0.00 0.00 0.00
truck 0.00 0 0.00 1073 711 1141 829 0.00 0.00 0.00 0.00 0.00 0.00 0.00
