car 0.00 0 0.00 939 767 1027 884 0.00 0.00 0.00 0.00 0.00 0.00 0.00
car 0.00 0 0.00 806 682 876 778 0.00 0.00 0.00 0.00 0.00 0.00 0.00
car 0.00 0 0.00 589 717 665 819 0.00 0.00 0.00 0.00 0.00 0.00 0.00
car 0.00 0 0.00 523 579 587 645 0.00 0.00 0.00 0.00 0.00 0.00 0.00
car 0.00 0 0.00 806 472 846 520 0.00 0.00 0.00 0.00 0.00 0.00 0.00
car 0.00 0 0.00 742 394 776 434 0.00 0.00 0.00 0.00 0.00 0.00 0.00
car 0.00 0 0.00 807 387 838 419 0.00 0.00 0.00 0.00 0.00 0.00 0.00
car 0.00 0 0.00 966 898 1072 1057 0.00 0.00 0.00 0.00 0.00 0.00 0.00
car 0.00 0 0.00 1334 920 1479 1053 0.00 0.00 0.00 0.00 0.00 0.00 0.00
car 0.00 0 0.00 1054 550 1119 603 0.00 0.00 0.00 0.00 0.00 0.00 0.00
car 0.00 0 0.00 963 466 1007 499 0.00 0.00 0.00 0.00 0.00 0.00 0.00
car 0.00 0 0.00 1076 453 1128 492 0.00 0.00 0.00 0.00 0.00 0.00 0.00
car 0.00 0 0.00 977 394 1015 426 0.00 0.00 0.00 0.00 0.00 0.00 0.00
car 0.00 0 0.00 903 362 932 387 0.00 0.00 0.00 0.00 0.00 0.00 0.00
car 0.00 0 0.00 890 323 920 348 0.00 0.00 0.00 0.00 0.00 0.00 0.00
car 0.00 0 0.00 912 287 933 305 0.00 0.00 0.00 0.00 0.00 0.00 0.00
car 0.00 0 0.00 865 273 883 288 0.00 0.00 0.00 0.00 0.00 0.00 0.00
car 0.00 0 0.00 918 258 937 274 0.00 0.00 0.00 0.00 0.00 0.00 0.00
car 0.00 0 0.00 878 249 894 265 0.00 0.00 0.00 0.00 0.00 0.00 0.00
car 0.00 0 0.00 855 252 869 266 0.00 0.00 0.00 0.00 0.00 0.00 0.00
car 0.00 0 0.00 799 241 814 255 0.00 0.00 0.00 0.00 0.00 0.00 0.00
car 0.00 0 0.00 769 245 783 259 0.00 0.00 0.00 0.00 0.00 0.00 0.00
car 0.00 0 0.00 774 226 788 238 0.00 0.00 0.00 0.00 0.00 0.00 0.00
car 0.00 0 0.00 792 219 805 232 0.00 0.00 0.00 0.00 0.00 0.00 0.00
car 0.00 0 0.00 864 221 876 231 0.00 0.00 0.00 0.00 0.00 0.00 0.00
car 0.00 0 0.00 869 202 881 212 0.00 0.00 0.00 0.00 0.00 0.00 0.00
car 0.00 0 0.00 852 202 864 212 0.00 0.00 0.00 0.00 0.00 0.00 0.00
car 0.00 0 0.00 882 218 894 228 0.00 0.00 0.00 0.00 0.00 0.00 0.00
car 0.00 0 0.00 772 201 783 213 0.00 0.00 0.00 0.00 0.00 0.00 0.00
car 0.00 0 0.00 937 686 1007 774 0.00 0.00 0.00 0.00 0.00 0.00 0.00
car 0.00 0 0.00 922 628 982 701 0.00 0.00 0.00 0.00 0.00 0.00 0.00
car 0.00 0 0.00 901 571 956 635 0.00 0.00 0.00 0.00 0.00 0.00 0.00
car 0.00 0 0.00 894 515 943 576 0.00 0.00 0.00 0.00 0.00 0.00 0.00
car 0.00 0 0.00 888 483 932 527 0.00 0.00 0.00 0.00 0.00 0.00 0.00
car 0.00 0 0.00 872 450 912 493 0.00 0.00 0.00 0.00 0.00 0.00 0.00
car 0.00 0 0.00 862 195 870 203 0.00 0.00 0.00 0.00 0.00 0.00 0.00
car 0.00 0 0.00 857 182 865 189 0.00 0.00 0.00 0.00 0.00 0.00 0.00
car 0.00 0 0.00 841 180 849 188 0.00 0.00 0.00 0.00 0.00 0.00 0.00
car 0.00 0 0.00 850 168 858 175 0.00 0.00 0.00 0.00 0.00 0.00 0.00
car 0.00 0 0.00 842 171 848 175 0.00 0.00 0.00 0.00 0.00 0.00 0.00
car 0.00 0 0.00 847 195 855 203 0.00 0.00 0.00 0.00 0.00 0.00 0.00
car 0.00 0 0.00 844 191 852 199 0.00 0.00 0.00 0.00 0.00 0.00 0.00
car 0.00 0 0.00 862 169 869 175 0.00 0.00 0.00 0.00 0.00 0.00 0.00
car 0.00 0 0.00 862 166 868 172 0.00 0.00 0.00 0.00 0.00 0.00 0.00
tricycle 0.00 0 0.00 991 294 1004 311 0.00 0.00 0.00 0.00 0.00 0.00 0.00
pedestrian 0.00 0 0.00 993 294 1000 305 0.00 0.00 0.00 0.00 0.00 0.00 0.00
pedestrian 0.00 0 0.00 1044 336 1051 353 0.00 0.00 0.00 0.00 0.00 0.00 0.00
bicycle 0.00 0 0.00 1043 342 1054 358 0.00 0.00 0.00 0.00 0.00 0.00 0.00
tricycle 0.00 0 0.00 1331 605 1360 649 0.00 0.00 0.00 0.00 0.00 0.00 0.00
pedestrian 0.00 0 0.00 1331 600 1353 636 0.00 0.00 0.00 0.00 0.00 0.00 0.00
pedestrian 0.00 0 0.00 1520 797 1545 840 0.00 0.00 0.00 0.00 0.00 0.00 0.00
pedestrian 0.00 0 0.00 1515 781 1541 828 0.00 0.00 0.00 0.00 0.00 0.00 0.00
motor 0.00 0 0.00 1507 787 1542 849 0.00 0.00 0.00 0.00 0.00 0.00 0.00
van 0.00 0 0.00 888 309 907 331 0.00 0.00 0.00 0.00 0.00 0.00 0.00
