car 0.00 0 0.00 588 0 612 42 0.00 0.00 0.00 0.00 0.00 0.00 0.00
car 0.00 0 0.00 642 65 662 113 0.00 0.00 0.00 0.00 0.00 0.00 0.00
car 0.00 0 0.00 606 90 628 141 0.00 0.00 0.00 0.00 0.00 0.00 0.00
car 0.00 0 0.00 584 239 604 289 0.00 0.00 0.00 0.00 0.00 0.00 0.00
car 0.00 0 0.00 616 264 639 313 0.00 0.00 0.00 0.00 0.00 0.00 0.00
car 0.00 0 0.00 659 222 680 269 0.00 0.00 0.00 0.00 0.00 0.00 0.00
car 0.00 0 0.00 517 426 570 465 0.00 0.00 0.00 0.00 0.00 0.00 0.00
car 0.00 0 0.00 668 404 693 455 0.00 0.00 0.00 0.00 0.00 0.00 0.00
car 0.00 0 0.00 591 325 612 376 0.00 0.00 0.00 0.00 0.00 0.00 0.00
car 0.00 0 0.00 501 110 554 134 0.00 0.00 0.00 0.00 0.00 0.00 0.00
car 0.00 0 0.00 493 144 542 172 0.00 0.00 0.00 0.00 0.00 0.00 0.00
car 0.00 0 0.00 503 37 549 67 0.00 0.00 0.00 0.00 0.00 0.00 0.00
car 0.00 0 0.00 562 0 582 19 0.00 0.00 0.00 0.00 0.00 0.00 0.00
car 0.00 0 0.00 512 328 566 358 0.00 0.00 0.00 0.00 0.00 0.00 0.00
motor 0.00 0 0.00 485 107 493 126 0.00 0.00 0.00 0.00 0.00 0.00 0.00
pedestrian 0.00 0 0.00 488 132 497 142 0.00 0.00 0.00 0.00 0.00 0.00 0.00
motor 0.00 0 0.00 567 132 576 149 0.00 0.00 0.00 0.00 0.00 0.00 0.00
people 0.00 0 0.00 568 135 576 142 0.00 0.00 0.00 0.00 0.00 0.00 0.00
pedestrian 0.00 0 0.00 695 202 703 211 0.00 0.00 0.00 0.00 0.00 0.00 0.00
pedestrian 0.00 0 0.00 699 217 706 225 0.00 0.00 0.00 0.00 0.00 0.00 0.00
people 0.00 0 0.00 706 186 713 197 0.00 0.00 0.00 0.00 0.00 0.00 0.00
bicycle 0.00 0 0.00 706 185 713 201 0.00 0.00 0.00 0.00 0.00 0.00 0.00
people 0.00 0 0.00 689 340 697 348 0.00 0.00 0.00 0.00 0.00 0.00 0.00
motor 0.00 0 0.00 689 335 697 352 0.00 0.00 0.00 0.00 0.00 0.00 0.00
car 0.00 0 0.00 0 539 19 560 0.00 0.00 0.00 0.00 0.00 0.00 0.00
van 0.00 0 0.00 67 536 121 560 0.00 0.00 0.00 0.00 0.00 0.00 0.00
car 0.00 0 0.00 154 469 182 525 0.00 0.00 0.00 0.00 0.00 0.00 0.00
car 0.00 0 0.00 193 464 220 517 0.00 0.00 0.00 0.00 0.00 0.00 0.00
car 0.00 0 0.00 221 474 247 525 0.00 0.00 0.00 0.00 0.00 0.00 0.00
car 0.00 0 0.00 251 469 276 526 0.00 0.00 0.00 0.00 0.00 0.00 0.00
car 0.00 0 0.00 281 469 305 522 0.00 0.00 0.00 0.00 0.00 0.00 0.00
car 0.00 0 0.00 209 575 266 599 0.00 0.00 0.00 0.00 0.00 0.00 0.00
car 0.00 0 0.00 91 593 124 610 0.00 0.00 0.00 0.00 0.00 0.00 0.00
car 0.00 0 0.00 309 509 359 533 0.00 0.00 0.00 0.00 0.00 0.00 0.00
car 0.00 0 0.00 327 574 380 600 0.00 0.00 0.00 0.00 0.00 0.00 0.00
car 0.00 0 0.00 631 451 654 500 0.00 0.00 0.00 0.00 0.00 0.00 0.00
car 0.00 0 0.00 594 458 619 509 0.00 0.00 0.00 0.00 0.00 0.00 0.00
car 0.00 0 0.00 748 444 798 470 0.00 0.00 0.00 0.00 0.00 0.00 0.00
car 0.00 0 0.00 731 518 753 562 0.00 0.00 0.00 0.00 0.00 0.00 0.00
car 0.00 0 0.00 758 649 810 682 0.00 0.00 0.00 0.00 0.00 0.00 0.00
car 0.00 0 0.00 731 176 774 214 0.00 0.00 0.00 0.00 0.00 0.00 0.00
car 0.00 0 0.00 705 203 728 252 0.00 0.00 0.00 0.00 0.00 0.00 0.00
car 0.00 0 0.00 701 267 724 317 0.00 0.00 0.00 0.00 0.00 0.00 0.00
car 0.00 0 0.00 742 216 783 247 0.00 0.00 0.00 0.00 0.00 0.00 0.00
car 0.00 0 0.00 717 380 741 429 0.00 0.00 0.00 0.00 0.00 0.00 0.00
pedestrian 0.00 0 0.00 564 228 570 238 0.00 0.00 0.00 0.00 0.00 0.00 0.00
van 0.00 0 0.00 526 393 571 422 0.00 0.00 0.00 0.00 0.00 0.00 0.00
motor 0.00 0 0.00 606 408 616 426 0.00 0.00 0.00 0.00 0.00 0.00 0.00
people 0.00 0 0.00 606 412 615 421 0.00 0.00 0.00 0.00 0.00 0.00 0.00
pedestrian 0.00 0 0.00 558 541 566 547 0.00 0.00 0.00 0.00 0.00 0.00 0.00
pedestrian 0.00 0 0.00 528 639 533 651 0.00 0.00 0.00 0.00 0.00 0.00 0.00
pedestrian 0.00 0 0.00 517 643 524 650 0.00 0.00 0.00 0.00 0.00 0.00 0.00
motor 0.00 0 0.00 702 475 709 491 0.00 0.00 0.00 0.00 0.00 0.00 0.00
people 0.00 0 0.00 702 477 708 485 0.00 0.00 0.00 0.00 0.00 0.00 0.00
car 0.00 0 0.00 679 547 702 595 0.00 0.00 0.00 0.00 0.00 0.00 0.00
car 0.00 0 0.00 640 614 664 669 0.00 0.00 0.00 0.00 0.00 0.00 0.00
car 0.00 0 0.00 604 653 625 709 0.00 0.00 0.00 0.00 0.00 0.00 0.00
car 0.00 0 0.00 649 704 674 755 0.00 0.00 0.00 0.00 0.00 0.00 0.00
car 0.00 0 0.00 542 672 565 727 0.00 0.00 0.00 0.00 0.00 0.00 0.00
van 0.00 0 0.00 546 604 564 653 0.00 0.00 0.00 0.00 0.00 0.00 0.00
motor 0.00 0 0.00 732 679 739 697 0.00 0.00 0.00 0.00 0.00 0.00 0.00
people 0.00 0 0.00 731 685 739 693 0.00 0.00 0.00 0.00 0.00 0.00 0.00
pedestrian 0.00 0 0.00 1216 509 1227 514 0.00 0.00 0.00 0.00 0.00 0.00 0.00
pedestrian 0.00 0 0.00 1030 755 1042 762 0.00 0.00 0.00 0.00 0.00 0.00 0.00
pedestrian 0.00 0 0.00 813 746 823 755 0.00 0.00 0.00 0.00 0.00 0.00 0.00
pedestrian 0.00 0 0.00 822 742 829 751 0.00 0.00 0.00 0.00 0.00 0.00 0.00
pedestrian 0.00 0 0.00 821 669 826 677 0.00 0.00 0.00 0.00 0.00 0.00 0.00
