people 0.00 0 0.00 223 330 243 359 0.00 0.00 0.00 0.00 0.00 0.00 0.00
people 0.00 0 0.00 254 325 269 351 0.00 0.00 0.00 0.00 0.00 0.00 0.00
pedestrian 0.00 0 0.00 259 328 266 351 0.00 0.00 0.00 0.00 0.00 0.00 0.00
pedestrian 0.00 0 0.00 337 238 348 264 0.00 0.00 0.00 0.00 0.00 0.00 0.00
pedestrian 0.00 0 0.00 463 246 474 279 0.00 0.00 0.00 0.00 0.00 0.00 0.00
pedestrian 0.00 0 0.00 476 256 489 289 0.00 0.00 0.00 0.00 0.00 0.00 0.00
pedestrian 0.00 0 0.00 493 245 503 277 0.00 0.00 0.00 0.00 0.00 0.00 0.00
pedestrian 0.00 0 0.00 502 250 511 279 0.00 0.00 0.00 0.00 0.00 0.00 0.00
pedestrian 0.00 0 0.00 510 244 521 273 0.00 0.00 0.00 0.00 0.00 0.00 0.00
pedestrian 0.00 0 0.00 520 251 530 279 0.00 0.00 0.00 0.00 0.00 0.00 0.00
pedestrian 0.00 0 0.00 803 217 813 235 0.00 0.00 0.00 0.00 0.00 0.00 0.00
pedestrian 0.00 0 0.00 810 217 820 237 0.00 0.00 0.00 0.00 0.00 0.00 0.00
pedestrian 0.00 0 0.00 936 219 945 238 0.00 0.00 0.00 0.00 0.00 0.00 0.00
car 0.00 0 0.00 858 201 894 218 0.00 0.00 0.00 0.00 0.00 0.00 0.00
van 0.00 0 0.00 889 198 927 219 0.00 0.00 0.00 0.00 0.00 0.00 0.00
car 0.00 0 0.00 927 203 960 218 0.00 0.00 0.00 0.00 0.00 0.00 0.00
van 0.00 0 0.00 933 195 960 212 0.00 0.00 0.00 0.00 0.00 0.00 0.00
