pedestrian 0.00 0 0.00 457 529 472 568 0.00 0.00 0.00 0.00 0.00 0.00 0.00
pedestrian 0.00 0 0.00 383 539 404 583 0.00 0.00 0.00 0.00 0.00 0.00 0.00
people 0.00 0 0.00 327 550 349 585 0.00 0.00 0.00 0.00 0.00 0.00 0.00
bicycle 0.00 0 0.00 30 632 88 677 0.00 0.00 0.00 0.00 0.00 0.00 0.00
bicycle 0.00 0 0.00 19 626 70 670 0.00 0.00 0.00 0.00 0.00 0.00 0.00
bicycle 0.00 0 0.00 40 629 100 668 0.00 0.00 0.00 0.00 0.00 0.00 0.00
bicycle 0.00 0 0.00 50 617 103 661 0.00 0.00 0.00 0.00 0.00 0.00 0.00
bicycle 0.00 0 0.00 79 612 127 661 0.00 0.00 0.00 0.00 0.00 0.00 0.00
bicycle 0.00 0 0.00 85 616 132 658 0.00 0.00 0.00 0.00 0.00 0.00 0.00
bicycle 0.00 0 0.00 101 611 151 653 0.00 0.00 0.00 0.00 0.00 0.00 0.00
bicycle 0.00 0 0.00 106 608 152 650 0.00 0.00 0.00 0.00 0.00 0.00 0.00
bicycle 0.00 0 0.00 120 607 167 648 0.00 0.00 0.00 0.00 0.00 0.00 0.00
bicycle 0.00 0 0.00 127 602 176 646 0.00 0.00 0.00 0.00 0.00 0.00 0.00
bicycle 0.00 0 0.00 133 603 182 642 0.00 0.00 0.00 0.00 0.00 0.00 0.00
bicycle 0.00 0 0.00 145 601 192 642 0.00 0.00 0.00 0.00 0.00 0.00 0.00
bicycle 0.00 0 0.00 150 600 198 640 0.00 0.00 0.00 0.00 0.00 0.00 0.00
bicycle 0.00 0 0.00 190 592 233 639 0.00 0.00 0.00 0.00 0.00 0.00 0.00
bicycle 0.00 0 0.00 206 592 248 633 0.00 0.00 0.00 0.00 0.00 0.00 0.00
bicycle 0.00 0 0.00 219 590 265 630 0.00 0.00 0.00 0.00 0.00 0.00 0.00
bicycle 0.00 0 0.00 236 587 280 627 0.00 0.00 0.00 0.00 0.00 0.00 0.00
bicycle 0.00 0 0.00 243 587 285 624 0.00 0.00 0.00 0.00 0.00 0.00 0.00
bicycle 0.00 0 0.00 259 585 300 622 0.00 0.00 0.00 0.00 0.00 0.00 0.00
bicycle 0.00 0 0.00 259 585 306 621 0.00 0.00 0.00 0.00 0.00 0.00 0.00
bicycle 0.00 0 0.00 285 580 333 613 0.00 0.00 0.00 0.00 0.00 0.00 0.00
bicycle 0.00 0 0.00 320 565 353 597 0.00 0.00 0.00 0.00 0.00 0.00 0.00
bicycle 0.00 0 0.00 398 556 437 589 0.00 0.00 0.00 0.00 0.00 0.00 0.00
bicycle 0.00 0 0.00 415 555 448 588 0.00 0.00 0.00 0.00 0.00 0.00 0.00
bicycle 0.00 0 0.00 378 558 403 584 0.00 0.00 0.00 0.00 0.00 0.00 0.00
car 0.00 0 0.00 316 611 458 680 0.00 0.00 0.00 0.00 0.00 0.00 0.00
car 0.00 0 0.00 72 657 265 742 0.00 0.00 0.00 0.00 0.00 0.00 0.00
car 0.00 0 0.00 0 708 64 783 0.00 0.00 0.00 0.00 0.00 0.00 0.00
car 0.00 0 0.00 0 761 53 836 0.00 0.00 0.00 0.00 0.00 0.00 0.00
car 0.00 0 0.00 56 713 312 844 0.00 0.00 0.00 0.00 0.00 0.00 0.00
people 0.00 0 0.00 481 472 494 492 0.00 0.00 0.00 0.00 0.00 0.00 0.00
pedestrian 0.00 0 0.00 510 477 534 512 0.00 0.00 0.00 0.00 0.00 0.00 0.00
pedestrian 0.00 0 0.00 533 469 547 503 0.00 0.00 0.00 0.00 0.00 0.00 0.00
pedestrian 0.00 0 0.00 5 1001 50 1080 0.00 0.00 0.00 0.00 0.00 0.00 0.00
pedestrian 0.00 0 0.00 87 1006 134 1080 0.00 0.00 0.00 0.00 0.00 0.00 0.00
pedestrian 0.00 0 0.00 82 969 130 1069 0.00 0.00 0.00 0.00 0.00 0.00 0.00
pedestrian 0.00 0 0.00 179 985 231 1080 0.00 0.00 0.00 0.00 0.00 0.00 0.00
pedestrian 0.00 0 0.00 395 998 443 1080 0.00 0.00 0.00 0.00 0.00 0.00 0.00
pedestrian 0.00 0 0.00 551 1014 598 1080 0.00 0.00 0.00 0.00 0.00 0.00 0.00
pedestrian 0.00 0 0.00 579 987 622 1080 0.00 0.00 0.00 0.00 0.00 0.00 0.00
pedestrian 0.00 0 0.00 620 1015 663 1080 0.00 0.00 0.00 0.00 0.00 0.00 0.00
people 0.00 0 0.00 658 983 710 1080 0.00 0.00 0.00 0.00 0.00 0.00 0.00
bicycle 0.00 0 0.00 659 1023 704 1080 0.00 0.00 0.00 0.00 0.00 0.00 0.00
pedestrian 0.00 0 0.00 1006 1002 1035 1080 0.00 0.00 0.00 0.00 0.00 0.00 0.00
pedestrian 0.00 0 0.00 1180 1015 1221 1080 0.00 0.00 0.00 0.00 0.00 0.00 0.00
pedestrian 0.00 0 0.00 1195 976 1231 1080 0.00 0.00 0.00 0.00 0.00 0.00 0.00
pedestrian 0.00 0 0.00 1187 983 1222 1080 0.00 0.00 0.00 0.00 0.00 0.00 0.00
pedestrian 0.00 0 0.00 996 949 1032 1075 0.00 0.00 0.00 0.00 0.00 0.00 0.00
pedestrian 0.00 0 0.00 1015 930 1048 1040 0.00 0.00 0.00 0.00 0.00 0.00 0.00
pedestrian 0.00 0 0.00 1199 858 1242 966 0.00 0.00 0.00 0.00 0.00 0.00 0.00
bicycle 0.00 0 0.00 725 965 768 1063 0.00 0.00 0.00 0.00 0.00 0.00 0.00
people 0.00 0 0.00 725 942 783 1052 0.00 0.00 0.00 0.00 0.00 0.00 0.00
bicycle 0.00 0 0.00 763 923 807 1024 0.00 0.00 0.00 0.00 0.00 0.00 0.00
people 0.00 0 0.00 766 894 808 1014 0.00 0.00 0.00 0.00 0.00 0.00 0.00
bicycle 0.00 0 0.00 827 935 889 1030 0.00 0.00 0.00 0.00 0.00 0.00 0.00
people 0.00 0 0.00 838 905 884 1024 0.00 0.00 0.00 0.00 0.00 0.00 0.00
bicycle 0.00 0 0.00 935 944 973 1036 0.00 0.00 0.00 0.00 0.00 0.00 0.00
bicycle 0.00 0 0.00 1196 846 1293 912 0.00 0.00 0.00 0.00 0.00 0.00 0.00
bicycle 0.00 0 0.00 998 899 1098 966 0.00 0.00 0.00 0.00 0.00 0.00 0.00
bicycle 0.00 0 0.00 1008 890 1103 945 0.00 0.00 0.00 0.00 0.00 0.00 0.00
bicycle 0.00 0 0.00 1040 858 1138 931 0.00 0.00 0.00 0.00 0.00 0.00 0.00
bicycle 0.00 0 0.00 1038 838 1130 900 0.00 0.00 0.00 0.00 0.00 0.00 0.00
bicycle 0.00 0 0.00 1080 829 1167 900 0.00 0.00 0.00 0.00 0.00 0.00 0.00
bicycle 0.00 0 0.00 1065 810 1149 883 0.00 0.00 0.00 0.00 0.00 0.00 0.00
bicycle 0.00 0 0.00 1076 801 1158 866 0.00 0.00 0.00 0.00 0.00 0.00 0.00
bicycle 0.00 0 0.00 1085 783 1176 838 0.00 0.00 0.00 0.00 0.00 0.00 0.00
bicycle 0.00 0 0.00 1153 710 1227 762 0.00 0.00 0.00 0.00 0.00 0.00 0.00
pedestrian 0.00 0 0.00 1133 708 1164 788 0.00 0.00 0.00 0.00 0.00 0.00 0.00
pedestrian 0.00 0 0.00 1152 762 1185 845 0.00 0.00 0.00 0.00 0.00 0.00 0.00
pedestrian 0.00 0 0.00 1158 808 1182 906 0.00 0.00 0.00 0.00 0.00 0.00 0.00
pedestrian 0.00 0 0.00 1813 995 1864 1080 0.00 0.00 0.00 0.00 0.00 0.00 0.00
pedestrian 0.00 0 0.00 1868 951 1920 1078 0.00 0.00 0.00 0.00 0.00 0.00 0.00
pedestrian 0.00 0 0.00 1576 785 1611 888 0.00 0.00 0.00 0.00 0.00 0.00 0.00
pedestrian 0.00 0 0.00 1570 777 1610 875 0.00 0.00 0.00 0.00 0.00 0.00 0.00
pedestrian 0.00 0 0.00 1229 820 1268 923 0.00 0.00 0.00 0.00 0.00 0.00 0.00
pedestrian 0.00 0 0.00 1537 654 1565 733 0.00 0.00 0.00 0.00 0.00 0.00 0.00
pedestrian 0.00 0 0.00 1525 639 1550 699 0.00 0.00 0.00 0.00 0.00 0.00 0.00
people 0.00 0 0.00 1885 456 1920 525 0.00 0.00 0.00 0.00 0.00 0.00 0.00
people 0.00 0 0.00 1820 454 1853 500 0.00 0.00 0.00 0.00 0.00 0.00 0.00
people 0.00 0 0.00 1695 451 1754 507 0.00 0.00 0.00 0.00 0.00 0.00 0.00
people 0.00 0 0.00 1651 440 1697 511 0.00 0.00 0.00 0.00 0.00 0.00 0.00
people 0.00 0 0.00 1412 430 1452 476 0.00 0.00 0.00 0.00 0.00 0.00 0.00
people 0.00 0 0.00 1400 423 1427 474 0.00 0.00 0.00 0.00 0.00 0.00 0.00
people 0.00 0 0.00 1475 430 1511 495 0.00 0.00 0.00 0.00 0.00 0.00 0.00
people 0.00 0 0.00 1743 430 1785 479 0.00 0.00 0.00 0.00 0.00 0.00 0.00
people 0.00 0 0.00 1844 440 1885 487 0.00 0.00 0.00 0.00 0.00 0.00 0.00
people 0.00 0 0.00 1787 435 1825 484 0.00 0.00 0.00 0.00 0.00 0.00 0.00
car 0.00 0 0.00 856 796 1027 927 0.00 0.00 0.00 0.00 0.00 0.00 0.00
car 0.00 0 0.00 980 726 1105 818 0.00 0.00 0.00 0.00 0.00 0.00 0.00
car 0.00 0 0.00 1059 682 1158 753 0.00 0.00 0.00 0.00 0.00 0.00 0.00
car 0.00 0 0.00 1093 642 1184 702 0.00 0.00 0.00 0.00 0.00 0.00 0.00
car 0.00 0 0.00 1137 615 1212 674 0.00 0.00 0.00 0.00 0.00 0.00 0.00
car 0.00 0 0.00 1174 592 1239 644 0.00 0.00 0.00 0.00 0.00 0.00 0.00
car 0.00 0 0.00 1193 569 1252 616 0.00 0.00 0.00 0.00 0.00 0.00 0.00
car 0.00 0 0.00 1212 556 1266 603 0.00 0.00 0.00 0.00 0.00 0.00 0.00
car 0.00 0 0.00 1235 545 1281 583 0.00 0.00 0.00 0.00 0.00 0.00 0.00
car 0.00 0 0.00 1248 531 1291 570 0.00 0.00 0.00 0.00 0.00 0.00 0.00
car 0.00 0 0.00 1265 523 1305 556 0.00 0.00 0.00 0.00 0.00 0.00 0.00
car 0.00 0 0.00 1274 512 1316 545 0.00 0.00 0.00 0.00 0.00 0.00 0.00
car 0.00 0 0.00 1284 503 1320 531 0.00 0.00 0.00 0.00 0.00 0.00 0.00
car 0.00 0 0.00 1290 494 1329 524 0.00 0.00 0.00 0.00 0.00 0.00 0.00
car 0.00 0 0.00 1306 489 1336 519 0.00 0.00 0.00 0.00 0.00 0.00 0.00
car 0.00 0 0.00 1313 485 1342 511 0.00 0.00 0.00 0.00 0.00 0.00 0.00
car 0.00 0 0.00 1319 473 1350 498 0.00 0.00 0.00 0.00 0.00 0.00 0.00
car 0.00 0 0.00 1330 468 1357 491 0.00 0.00 0.00 0.00 0.00 0.00 0.00
pedestrian 0.00 0 0.00 1239 597 1260 651 0.00 0.00 0.00 0.00 0.00 0.00 0.00
bicycle 0.00 0 0.00 1281 566 1295 589 0.00 0.00 0.00 0.00 0.00 0.00 0.00
bicycle 0.00 0 0.00 1298 549 1320 575 0.00 0.00 0.00 0.00 0.00 0.00 0.00
bicycle 0.00 0 0.00 1340 530 1361 553 0.00 0.00 0.00 0.00 0.00 0.00 0.00
bicycle 0.00 0 0.00 1348 525 1364 550 0.00 0.00 0.00 0.00 0.00 0.00 0.00
pedestrian 0.00 0 0.00 1335 556 1351 590 0.00 0.00 0.00 0.00 0.00 0.00 0.00
motor 0.00 0 0.00 1323 584 1353 627 0.00 0.00 0.00 0.00 0.00 0.00 0.00
pedestrian 0.00 0 0.00 1331 539 1345 578 0.00 0.00 0.00 0.00 0.00 0.00 0.00
pedestrian 0.00 0 0.00 1317 540 1330 578 0.00 0.00 0.00 0.00 0.00 0.00 0.00
people 0.00 0 0.00 1354 538 1371 557 0.00 0.00 0.00 0.00 0.00 0.00 0.00
people 0.00 0 0.00 1358 535 1372 553 0.00 0.00 0.00 0.00 0.00 0.00 0.00
pedestrian 0.00 0 0.00 1345 500 1356 529 0.00 0.00 0.00 0.00 0.00 0.00 0.00
people 0.00 0 0.00 1319 455 1326 475 0.00 0.00 0.00 0.00 0.00 0.00 0.00
bicycle 0.00 0 0.00 1318 461 1327 476 0.00 0.00 0.00 0.00 0.00 0.00 0.00
car 0.00 0 0.00 1149 553 1207 592 0.00 0.00 0.00 0.00 0.00 0.00 0.00
car 0.00 0 0.00 1150 518 1198 549 0.00 0.00 0.00 0.00 0.00 0.00 0.00
car 0.00 0 0.00 1177 500 1217 528 0.00 0.00 0.00 0.00 0.00 0.00 0.00
car 0.00 0 0.00 1200 493 1234 518 0.00 0.00 0.00 0.00 0.00 0.00 0.00
car 0.00 0 0.00 1180 485 1225 505 0.00 0.00 0.00 0.00 0.00 0.00 0.00
car 0.00 0 0.00 1233 477 1266 500 0.00 0.00 0.00 0.00 0.00 0.00 0.00
car 0.00 0 0.00 1252 490 1286 520 0.00 0.00 0.00 0.00 0.00 0.00 0.00
car 0.00 0 0.00 1268 484 1299 511 0.00 0.00 0.00 0.00 0.00 0.00 0.00
car 0.00 0 0.00 1278 455 1300 475 0.00 0.00 0.00 0.00 0.00 0.00 0.00
car 0.00 0 0.00 1261 466 1287 486 0.00 0.00 0.00 0.00 0.00 0.00 0.00
car 0.00 0 0.00 1248 452 1271 472 0.00 0.00 0.00 0.00 0.00 0.00 0.00
car 0.00 0 0.00 1234 459 1260 479 0.00 0.00 0.00 0.00 0.00 0.00 0.00
car 0.00 0 0.00 1224 464 1251 484 0.00 0.00 0.00 0.00 0.00 0.00 0.00
car 0.00 0 0.00 1214 470 1241 489 0.00 0.00 0.00 0.00 0.00 0.00 0.00
van 0.00 0 0.00 1195 469 1226 492 0.00 0.00 0.00 0.00 0.00 0.00 0.00
car 0.00 0 0.00 1178 479 1208 503 0.00 0.00 0.00 0.00 0.00 0.00 0.00
car 0.00 0 0.00 1146 492 1181 519 0.00 0.00 0.00 0.00 0.00 0.00 0.00
car 0.00 0 0.00 1117 500 1162 531 0.00 0.00 0.00 0.00 0.00 0.00 0.00
car 0.00 0 0.00 1078 519 1130 557 0.00 0.00 0.00 0.00 0.00 0.00 0.00
car 0.00 0 0.00 980 565 1046 608 0.00 0.00 0.00 0.00 0.00 0.00 0.00
people 0.00 0 0.00 1320 441 1327 452 0.00 0.00 0.00 0.00 0.00 0.00 0.00
motor 0.00 0 0.00 1320 444 1327 455 0.00 0.00 0.00 0.00 0.00 0.00 0.00
car 0.00 0 0.00 1271 427 1287 439 0.00 0.00 0.00 0.00 0.00 0.00 0.00
car 0.00 0 0.00 1256 426 1270 438 0.00 0.00 0.00 0.00 0.00 0.00 0.00
car 0.00 0 0.00 933 556 983 596 0.00 0.00 0.00 0.00 0.00 0.00 0.00
car 0.00 0 0.00 938 539 1004 577 0.00 0.00 0.00 0.00 0.00 0.00 0.00
car 0.00 0 0.00 981 528 1036 563 0.00 0.00 0.00 0.00 0.00 0.00 0.00
car 0.00 0 0.00 1026 517 1074 548 0.00 0.00 0.00 0.00 0.00 0.00 0.00
car 0.00 0 0.00 1099 493 1130 518 0.00 0.00 0.00 0.00 0.00 0.00 0.00
van 0.00 0 0.00 1049 499 1096 536 0.00 0.00 0.00 0.00 0.00 0.00 0.00
van 0.00 0 0.00 1075 489 1118 523 0.00 0.00 0.00 0.00 0.00 0.00 0.00
car 0.00 0 0.00 1117 485 1150 506 0.00 0.00 0.00 0.00 0.00 0.00 0.00
car 0.00 0 0.00 1137 478 1171 500 0.00 0.00 0.00 0.00 0.00 0.00 0.00
car 0.00 0 0.00 1149 472 1184 496 0.00 0.00 0.00 0.00 0.00 0.00 0.00
car 0.00 0 0.00 1168 466 1199 489 0.00 0.00 0.00 0.00 0.00 0.00 0.00
car 0.00 0 0.00 1189 458 1219 479 0.00 0.00 0.00 0.00 0.00 0.00 0.00
car 0.00 0 0.00 1202 456 1226 475 0.00 0.00 0.00 0.00 0.00 0.00 0.00
car 0.00 0 0.00 1214 453 1240 471 0.00 0.00 0.00 0.00 0.00 0.00 0.00
car 0.00 0 0.00 1218 439 1241 453 0.00 0.00 0.00 0.00 0.00 0.00 0.00
car 0.00 0 0.00 1194 446 1218 464 0.00 0.00 0.00 0.00 0.00 0.00 0.00
car 0.00 0 0.00 1163 440 1183 462 0.00 0.00 0.00 0.00 0.00 0.00 0.00
van 0.00 0 0.00 1089 416 1112 430 0.00 0.00 0.00 0.00 0.00 0.00 0.00
van 0.00 0 0.00 1106 419 1134 434 0.00 0.00 0.00 0.00 0.00 0.00 0.00
car 0.00 0 0.00 1139 422 1167 435 0.00 0.00 0.00 0.00 0.00 0.00 0.00
car 0.00 0 0.00 1144 420 1184 433 0.00 0.00 0.00 0.00 0.00 0.00 0.00
bicycle 0.00 0 0.00 1129 450 1137 464 0.00 0.00 0.00 0.00 0.00 0.00 0.00
people 0.00 0 0.00 1128 446 1135 456 0.00 0.00 0.00 0.00 0.00 0.00 0.00
motor 0.00 0 0.00 1117 449 1125 462 0.00 0.00 0.00 0.00 0.00 0.00 0.00
people 0.00 0 0.00 1117 444 1124 459 0.00 0.00 0.00 0.00 0.00 0.00 0.00
car 0.00 0 0.00 1061 474 1093 496 0.00 0.00 0.00 0.00 0.00 0.00 0.00
car 0.00 0 0.00 1014 487 1058 518 0.00 0.00 0.00 0.00 0.00 0.00 0.00
car 0.00 0 0.00 1087 445 1116 464 0.00 0.00 0.00 0.00 0.00 0.00 0.00
car 0.00 0 0.00 1069 453 1094 470 0.00 0.00 0.00 0.00 0.00 0.00 0.00
van 0.00 0 0.00 1056 442 1087 465 0.00 0.00 0.00 0.00 0.00 0.00 0.00
motor 0.00 0 0.00 1050 467 1058 483 0.00 0.00 0.00 0.00 0.00 0.00 0.00
people 0.00 0 0.00 1050 463 1060 481 0.00 0.00 0.00 0.00 0.00 0.00 0.00
car 0.00 0 0.00 1186 439 1206 455 0.00 0.00 0.00 0.00 0.00 0.00 0.00
van 0.00 0 0.00 1139 455 1170 480 0.00 0.00 0.00 0.00 0.00 0.00 0.00
van 0.00 0 0.00 1136 450 1163 471 0.00 0.00 0.00 0.00 0.00 0.00 0.00
car 0.00 0 0.00 1005 473 1044 496 0.00 0.00 0.00 0.00 0.00 0.00 0.00
car 0.00 0 0.00 1020 455 1048 473 0.00 0.00 0.00 0.00 0.00 0.00 0.00
bicycle 0.00 0 0.00 1100 459 1108 469 0.00 0.00 0.00 0.00 0.00 0.00 0.00
people 0.00 0 0.00 1101 450 1108 462 0.00 0.00 0.00 0.00 0.00 0.00 0.00
car 0.00 0 0.00 999 459 1025 478 0.00 0.00 0.00 0.00 0.00 0.00 0.00
car 0.00 0 0.00 967 480 1009 506 0.00 0.00 0.00 0.00 0.00 0.00 0.00
car 0.00 0 0.00 973 461 1006 484 0.00 0.00 0.00 0.00 0.00 0.00 0.00
car 0.00 0 0.00 935 467 968 487 0.00 0.00 0.00 0.00 0.00 0.00 0.00
car 0.00 0 0.00 910 496 969 527 0.00 0.00 0.00 0.00 0.00 0.00 0.00
car 0.00 0 0.00 863 500 909 536 0.00 0.00 0.00 0.00 0.00 0.00 0.00
car 0.00 0 0.00 821 513 881 548 0.00 0.00 0.00 0.00 0.00 0.00 0.00
car 0.00 0 0.00 775 508 839 540 0.00 0.00 0.00 0.00 0.00 0.00 0.00
car 0.00 0 0.00 750 524 816 563 0.00 0.00 0.00 0.00 0.00 0.00 0.00
car 0.00 0 0.00 664 540 744 581 0.00 0.00 0.00 0.00 0.00 0.00 0.00
car 0.00 0 0.00 584 557 675 605 0.00 0.00 0.00 0.00 0.00 0.00 0.00
van 0.00 0 0.00 510 604 635 698 0.00 0.00 0.00 0.00 0.00 0.00 0.00
car 0.00 0 0.00 474 577 584 633 0.00 0.00 0.00 0.00 0.00 0.00 0.00
car 0.00 0 0.00 464 548 555 591 0.00 0.00 0.00 0.00 0.00 0.00 0.00
car 0.00 0 0.00 347 663 511 756 0.00 0.00 0.00 0.00 0.00 0.00 0.00
car 0.00 0 0.00 613 523 688 560 0.00 0.00 0.00 0.00 0.00 0.00 0.00
bicycle 0.00 0 0.00 576 529 612 555 0.00 0.00 0.00 0.00 0.00 0.00 0.00
bicycle 0.00 0 0.00 719 509 744 528 0.00 0.00 0.00 0.00 0.00 0.00 0.00
bicycle 0.00 0 0.00 712 511 736 530 0.00 0.00 0.00 0.00 0.00 0.00 0.00
bicycle 0.00 0 0.00 701 509 728 531 0.00 0.00 0.00 0.00 0.00 0.00 0.00
bicycle 0.00 0 0.00 692 507 717 528 0.00 0.00 0.00 0.00 0.00 0.00 0.00
bicycle 0.00 0 0.00 688 513 715 533 0.00 0.00 0.00 0.00 0.00 0.00 0.00
bicycle 0.00 0 0.00 683 516 710 535 0.00 0.00 0.00 0.00 0.00 0.00 0.00
bicycle 0.00 0 0.00 677 516 701 536 0.00 0.00 0.00 0.00 0.00 0.00 0.00
car 0.00 0 0.00 812 486 863 517 0.00 0.00 0.00 0.00 0.00 0.00 0.00
car 0.00 0 0.00 846 567 925 619 0.00 0.00 0.00 0.00 0.00 0.00 0.00
pedestrian 0.00 0 0.00 1243 513 1254 549 0.00 0.00 0.00 0.00 0.00 0.00 0.00
people 0.00 0 0.00 1203 523 1217 547 0.00 0.00 0.00 0.00 0.00 0.00 0.00
people 0.00 0 0.00 1123 555 1138 594 0.00 0.00 0.00 0.00 0.00 0.00 0.00
people 0.00 0 0.00 1174 534 1190 560 0.00 0.00 0.00 0.00 0.00 0.00 0.00
people 0.00 0 0.00 1143 539 1160 568 0.00 0.00 0.00 0.00 0.00 0.00 0.00
people 0.00 0 0.00 1112 567 1128 600 0.00 0.00 0.00 0.00 0.00 0.00 0.00
people 0.00 0 0.00 1081 559 1096 600 0.00 0.00 0.00 0.00 0.00 0.00 0.00
bicycle 0.00 0 0.00 1080 571 1095 604 0.00 0.00 0.00 0.00 0.00 0.00 0.00
bicycle 0.00 0 0.00 1111 575 1126 608 0.00 0.00 0.00 0.00 0.00 0.00 0.00
bicycle 0.00 0 0.00 1123 568 1138 601 0.00 0.00 0.00 0.00 0.00 0.00 0.00
motor 0.00 0 0.00 1143 547 1157 573 0.00 0.00 0.00 0.00 0.00 0.00 0.00
motor 0.00 0 0.00 1203 532 1218 554 0.00 0.00 0.00 0.00 0.00 0.00 0.00
people 0.00 0 0.00 1240 489 1251 509 0.00 0.00 0.00 0.00 0.00 0.00 0.00
bicycle 0.00 0 0.00 1241 498 1251 518 0.00 0.00 0.00 0.00 0.00 0.00 0.00
pedestrian 0.00 0 0.00 909 459 917 486 0.00 0.00 0.00 0.00 0.00 0.00 0.00
pedestrian 0.00 0 0.00 924 447 934 469 0.00 0.00 0.00 0.00 0.00 0.00 0.00
people 0.00 0 0.00 890 490 902 510 0.00 0.00 0.00 0.00 0.00 0.00 0.00
motor 0.00 0 0.00 892 498 903 514 0.00 0.00 0.00 0.00 0.00 0.00 0.00
people 0.00 0 0.00 849 493 860 515 0.00 0.00 0.00 0.00 0.00 0.00 0.00
motor 0.00 0 0.00 848 503 861 519 0.00 0.00 0.00 0.00 0.00 0.00 0.00
bicycle 0.00 0 0.00 885 482 907 498 0.00 0.00 0.00 0.00 0.00 0.00 0.00
car 0.00 0 0.00 911 476 954 502 0.00 0.00 0.00 0.00 0.00 0.00 0.00
people 0.00 0 0.00 919 479 928 501 0.00 0.00 0.00 0.00 0.00 0.00 0.00
people 0.00 0 0.00 889 473 897 489 0.00 0.00 0.00 0.00 0.00 0.00 0.00
pedestrian 0.00 0 0.00 798 434 807 453 0.00 0.00 0.00 0.00 0.00 0.00 0.00
pedestrian 0.00 0 0.00 607 499 616 529 0.00 0.00 0.00 0.00 0.00 0.00 0.00
pedestrian 0.00 0 0.00 723 495 732 519 0.00 0.00 0.00 0.00 0.00 0.00 0.00
pedestrian 0.00 0 0.00 679 454 687 482 0.00 0.00 0.00 0.00 0.00 0.00 0.00
pedestrian 0.00 0 0.00 663 457 673 486 0.00 0.00 0.00 0.00 0.00 0.00 0.00
pedestrian 0.00 0 0.00 863 431 869 447 0.00 0.00 0.00 0.00 0.00 0.00 0.00
people 0.00 0 0.00 507 465 519 481 0.00 0.00 0.00 0.00 0.00 0.00 0.00
