car 0.00 0 0.00 839 539 850 551 0.00 0.00 0.00 0.00 0.00 0.00 0.00
tricycle 0.00 0 0.00 895 552 906 565 0.00 0.00 0.00 0.00 0.00 0.00 0.00
car 0.00 0 0.00 913 550 932 565 0.00 0.00 0.00 0.00 0.00 0.00 0.00
car 0.00 0 0.00 921 561 941 579 0.00 0.00 0.00 0.00 0.00 0.00 0.00
people 0.00 0 0.00 939 550 946 560 0.00 0.00 0.00 0.00 0.00 0.00 0.00
motor 0.00 0 0.00 940 554 945 563 0.00 0.00 0.00 0.00 0.00 0.00 0.00
people 0.00 0 0.00 944 569 951 582 0.00 0.00 0.00 0.00 0.00 0.00 0.00
motor 0.00 0 0.00 945 571 951 585 0.00 0.00 0.00 0.00 0.00 0.00 0.00
truck 0.00 0 0.00 962 558 987 587 0.00 0.00 0.00 0.00 0.00 0.00 0.00
pedestrian 0.00 0 0.00 996 587 1005 607 0.00 0.00 0.00 0.00 0.00 0.00 0.00
car 0.00 0 0.00 1018 588 1047 611 0.00 0.00 0.00 0.00 0.00 0.00 0.00
car 0.00 0 0.00 905 598 931 618 0.00 0.00 0.00 0.00 0.00 0.00 0.00
people 0.00 0 0.00 953 602 963 620 0.00 0.00 0.00 0.00 0.00 0.00 0.00
motor 0.00 0 0.00 954 608 962 623 0.00 0.00 0.00 0.00 0.00 0.00 0.00
people 0.00 0 0.00 1007 624 1019 643 0.00 0.00 0.00 0.00 0.00 0.00 0.00
motor 0.00 0 0.00 1007 627 1018 647 0.00 0.00 0.00 0.00 0.00 0.00 0.00
awning-tricycle 0.00 0 0.00 1078 665 1102 703 0.00 0.00 0.00 0.00 0.00 0.00 0.00
tricycle 0.00 0 0.00 1099 699 1121 730 0.00 0.00 0.00 0.00 0.00 0.00 0.00
car 0.00 0 0.00 1092 729 1154 771 0.00 0.00 0.00 0.00 0.00 0.00 0.00
people 0.00 0 0.00 1190 781 1212 819 0.00 0.00 0.00 0.00 0.00 0.00 0.00
motor 0.00 0 0.00 1181 793 1216 830 0.00 0.00 0.00 0.00 0.00 0.00 0.00
people 0.00 0 0.00 1249 826 1279 873 0.00 0.00 0.00 0.00 0.00 0.00 0.00
motor 0.00 0 0.00 1233 836 1296 881 0.00 0.00 0.00 0.00 0.00 0.00 0.00
people 0.00 0 0.00 1370 861 1407 923 0.00 0.00 0.00 0.00 0.00 0.00 0.00
motor 0.00 0 0.00 1345 871 1420 923 0.00 0.00 0.00 0.00 0.00 0.00 0.00
car 0.00 0 0.00 1484 852 1644 923 0.00 0.00 0.00 0.00 0.00 0.00 0.00
car 0.00 0 0.00 1441 753 1523 846 0.00 0.00 0.00 0.00 0.00 0.00 0.00
car 0.00 0 0.00 1297 763 1444 832 0.00 0.00 0.00 0.00 0.00 0.00 0.00
bicycle 0.00 0 0.00 1422 748 1456 777 0.00 0.00 0.00 0.00 0.00 0.00 0.00
motor 0.00 0 0.00 1401 736 1438 766 0.00 0.00 0.00 0.00 0.00 0.00 0.00
pedestrian 0.00 0 0.00 1293 737 1305 784 0.00 0.00 0.00 0.00 0.00 0.00 0.00
people 0.00 0 0.00 1282 728 1298 760 0.00 0.00 0.00 0.00 0.00 0.00 0.00
motor 0.00 0 0.00 1278 725 1313 752 0.00 0.00 0.00 0.00 0.00 0.00 0.00
people 0.00 0 0.00 1225 732 1242 766 0.00 0.00 0.00 0.00 0.00 0.00 0.00
motor 0.00 0 0.00 1222 739 1243 775 0.00 0.00 0.00 0.00 0.00 0.00 0.00
motor 0.00 0 0.00 1232 691 1259 715 0.00 0.00 0.00 0.00 0.00 0.00 0.00
motor 0.00 0 0.00 1204 676 1239 698 0.00 0.00 0.00 0.00 0.00 0.00 0.00
people 0.00 0 0.00 1193 700 1207 727 0.00 0.00 0.00 0.00 0.00 0.00 0.00
motor 0.00 0 0.00 1192 708 1209 732 0.00 0.00 0.00 0.00 0.00 0.00 0.00
awning-tricycle 0.00 0 0.00 1179 721 1215 778 0.00 0.00 0.00 0.00 0.00 0.00 0.00
motor 0.00 0 0.00 1417 953 1481 1002 0.00 0.00 0.00 0.00 0.00 0.00 0.00
car 0.00 0 0.00 1305 964 1440 1065 0.00 0.00 0.00 0.00 0.00 0.00 0.00
people 0.00 0 0.00 1121 819 1147 861 0.00 0.00 0.00 0.00 0.00 0.00 0.00
people 0.00 0 0.00 1142 831 1153 864 0.00 0.00 0.00 0.00 0.00 0.00 0.00
motor 0.00 0 0.00 1109 833 1152 870 0.00 0.00 0.00 0.00 0.00 0.00 0.00
people 0.00 0 0.00 949 791 974 842 0.00 0.00 0.00 0.00 0.00 0.00 0.00
motor 0.00 0 0.00 934 804 987 840 0.00 0.00 0.00 0.00 0.00 0.00 0.00
people 0.00 0 0.00 930 778 952 825 0.00 0.00 0.00 0.00 0.00 0.00 0.00
motor 0.00 0 0.00 913 783 963 826 0.00 0.00 0.00 0.00 0.00 0.00 0.00
awning-tricycle 0.00 0 0.00 871 788 938 854 0.00 0.00 0.00 0.00 0.00 0.00 0.00
people 0.00 0 0.00 788 803 808 848 0.00 0.00 0.00 0.00 0.00 0.00 0.00
motor 0.00 0 0.00 786 816 810 860 0.00 0.00 0.00 0.00 0.00 0.00 0.00
motor 0.00 0 0.00 688 881 715 930 0.00 0.00 0.00 0.00 0.00 0.00 0.00
people 0.00 0 0.00 692 861 717 916 0.00 0.00 0.00 0.00 0.00 0.00 0.00
people 0.00 0 0.00 618 951 641 999 0.00 0.00 0.00 0.00 0.00 0.00 0.00
people 0.00 0 0.00 635 942 661 998 0.00 0.00 0.00 0.00 0.00 0.00 0.00
pedestrian 0.00 0 0.00 617 971 653 1028 0.00 0.00 0.00 0.00 0.00 0.00 0.00
tricycle 0.00 0 0.00 609 958 669 1063 0.00 0.00 0.00 0.00 0.00 0.00 0.00
car 0.00 0 0.00 475 923 591 1024 0.00 0.00 0.00 0.00 0.00 0.00 0.00
car 0.00 0 0.00 543 830 610 914 0.00 0.00 0.00 0.00 0.00 0.00 0.00
tricycle 0.00 0 0.00 626 743 667 799 0.00 0.00 0.00 0.00 0.00 0.00 0.00
car 0.00 0 0.00 669 707 706 752 0.00 0.00 0.00 0.00 0.00 0.00 0.00
people 0.00 0 0.00 795 688 810 719 0.00 0.00 0.00 0.00 0.00 0.00 0.00
motor 0.00 0 0.00 794 698 808 726 0.00 0.00 0.00 0.00 0.00 0.00 0.00
pedestrian 0.00 0 0.00 750 650 762 678 0.00 0.00 0.00 0.00 0.00 0.00 0.00
car 0.00 0 0.00 789 650 825 684 0.00 0.00 0.00 0.00 0.00 0.00 0.00
people 0.00 0 0.00 763 670 776 695 0.00 0.00 0.00 0.00 0.00 0.00 0.00
motor 0.00 0 0.00 764 677 775 701 0.00 0.00 0.00 0.00 0.00 0.00 0.00
people 0.00 0 0.00 851 652 861 673 0.00 0.00 0.00 0.00 0.00 0.00 0.00
awning-tricycle 0.00 0 0.00 845 642 866 680 0.00 0.00 0.00 0.00 0.00 0.00 0.00
car 0.00 0 0.00 849 627 883 656 0.00 0.00 0.00 0.00 0.00 0.00 0.00
people 0.00 0 0.00 818 623 830 644 0.00 0.00 0.00 0.00 0.00 0.00 0.00
motor 0.00 0 0.00 817 627 829 648 0.00 0.00 0.00 0.00 0.00 0.00 0.00
people 0.00 0 0.00 774 632 784 653 0.00 0.00 0.00 0.00 0.00 0.00 0.00
motor 0.00 0 0.00 771 638 784 657 0.00 0.00 0.00 0.00 0.00 0.00 0.00
tricycle 0.00 0 0.00 735 631 771 653 0.00 0.00 0.00 0.00 0.00 0.00 0.00
awning-tricycle 0.00 0 0.00 753 605 770 635 0.00 0.00 0.00 0.00 0.00 0.00 0.00
awning-tricycle 0.00 0 0.00 763 603 779 629 0.00 0.00 0.00 0.00 0.00 0.00 0.00
awning-tricycle 0.00 0 0.00 764 592 790 617 0.00 0.00 0.00 0.00 0.00 0.00 0.00
awning-tricycle 0.00 0 0.00 802 573 814 591 0.00 0.00 0.00 0.00 0.00 0.00 0.00
people 0.00 0 0.00 866 600 876 620 0.00 0.00 0.00 0.00 0.00 0.00 0.00
motor 0.00 0 0.00 866 605 875 622 0.00 0.00 0.00 0.00 0.00 0.00 0.00
people 0.00 0 0.00 837 568 846 582 0.00 0.00 0.00 0.00 0.00 0.00 0.00
motor 0.00 0 0.00 836 571 845 584 0.00 0.00 0.00 0.00 0.00 0.00 0.00
car 0.00 0 0.00 847 572 866 590 0.00 0.00 0.00 0.00 0.00 0.00 0.00
car 0.00 0 0.00 858 564 880 583 0.00 0.00 0.00 0.00 0.00 0.00 0.00
people 0.00 0 0.00 809 557 817 569 0.00 0.00 0.00 0.00 0.00 0.00 0.00
motor 0.00 0 0.00 810 560 817 571 0.00 0.00 0.00 0.00 0.00 0.00 0.00
motor 0.00 0 0.00 293 1001 396 1074 0.00 0.00 0.00 0.00 0.00 0.00 0.00
awning-tricycle 0.00 0 0.00 125 987 263 1080 0.00 0.00 0.00 0.00 0.00 0.00 0.00
tricycle 0.00 0 0.00 393 910 461 983 0.00 0.00 0.00 0.00 0.00 0.00 0.00
car 0.00 0 0.00 443 815 530 909 0.00 0.00 0.00 0.00 0.00 0.00 0.00
car 0.00 0 0.00 550 731 625 796 0.00 0.00 0.00 0.00 0.00 0.00 0.00
car 0.00 0 0.00 742 543 770 564 0.00 0.00 0.00 0.00 0.00 0.00 0.00
