car 0.00 0 0.00 1158 878 1228 915 0.00 0.00 0.00 0.00 0.00 0.00 0.00
car 0.00 0 0.00 1165 819 1223 868 0.00 0.00 0.00 0.00 0.00 0.00 0.00
car 0.00 0 0.00 1196 732 1231 804 0.00 0.00 0.00 0.00 0.00 0.00 0.00
car 0.00 0 0.00 1196 626 1233 690 0.00 0.00 0.00 0.00 0.00 0.00 0.00
car 0.00 0 0.00 1165 546 1201 605 0.00 0.00 0.00 0.00 0.00 0.00 0.00
car 0.00 0 0.00 1150 373 1178 437 0.00 0.00 0.00 0.00 0.00 0.00 0.00
car 0.00 0 0.00 1145 218 1174 269 0.00 0.00 0.00 0.00 0.00 0.00 0.00
car 0.00 0 0.00 1138 100 1169 150 0.00 0.00 0.00 0.00 0.00 0.00 0.00
car 0.00 0 0.00 1020 110 1046 161 0.00 0.00 0.00 0.00 0.00 0.00 0.00
car 0.00 0 0.00 977 22 1031 73 0.00 0.00 0.00 0.00 0.00 0.00 0.00
car 0.00 0 0.00 1018 215 1043 273 0.00 0.00 0.00 0.00 0.00 0.00 0.00
car 0.00 0 0.00 1000 326 1028 390 0.00 0.00 0.00 0.00 0.00 0.00 0.00
car 0.00 0 0.00 992 406 1025 469 0.00 0.00 0.00 0.00 0.00 0.00 0.00
car 0.00 0 0.00 1000 487 1028 549 0.00 0.00 0.00 0.00 0.00 0.00 0.00
car 0.00 0 0.00 997 586 1028 652 0.00 0.00 0.00 0.00 0.00 0.00 0.00
car 0.00 0 0.00 995 683 1027 749 0.00 0.00 0.00 0.00 0.00 0.00 0.00
car 0.00 0 0.00 991 779 1038 849 0.00 0.00 0.00 0.00 0.00 0.00 0.00
car 0.00 0 0.00 1049 842 1123 902 0.00 0.00 0.00 0.00 0.00 0.00 0.00
car 0.00 0 0.00 677 763 704 820 0.00 0.00 0.00 0.00 0.00 0.00 0.00
car 0.00 0 0.00 769 934 800 992 0.00 0.00 0.00 0.00 0.00 0.00 0.00
car 0.00 0 0.00 617 860 645 928 0.00 0.00 0.00 0.00 0.00 0.00 0.00
car 0.00 0 0.00 617 620 647 683 0.00 0.00 0.00 0.00 0.00 0.00 0.00
car 0.00 0 0.00 683 479 710 542 0.00 0.00 0.00 0.00 0.00 0.00 0.00
car 0.00 0 0.00 681 388 710 443 0.00 0.00 0.00 0.00 0.00 0.00 0.00
car 0.00 0 0.00 695 287 720 347 0.00 0.00 0.00 0.00 0.00 0.00 0.00
car 0.00 0 0.00 693 201 722 263 0.00 0.00 0.00 0.00 0.00 0.00 0.00
car 0.00 0 0.00 701 120 727 176 0.00 0.00 0.00 0.00 0.00 0.00 0.00
car 0.00 0 0.00 723 26 765 82 0.00 0.00 0.00 0.00 0.00 0.00 0.00
car 0.00 0 0.00 511 176 542 236 0.00 0.00 0.00 0.00 0.00 0.00 0.00
car 0.00 0 0.00 551 341 581 408 0.00 0.00 0.00 0.00 0.00 0.00 0.00
car 0.00 0 0.00 542 438 568 497 0.00 0.00 0.00 0.00 0.00 0.00 0.00
car 0.00 0 0.00 540 518 565 582 0.00 0.00 0.00 0.00 0.00 0.00 0.00
car 0.00 0 0.00 533 610 564 677 0.00 0.00 0.00 0.00 0.00 0.00 0.00
car 0.00 0 0.00 525 697 573 756 0.00 0.00 0.00 0.00 0.00 0.00 0.00
car 0.00 0 0.00 533 758 563 823 0.00 0.00 0.00 0.00 0.00 0.00 0.00
car 0.00 0 0.00 534 832 560 904 0.00 0.00 0.00 0.00 0.00 0.00 0.00
car 0.00 0 0.00 587 1000 614 1065 0.00 0.00 0.00 0.00 0.00 0.00 0.00
car 0.00 0 0.00 520 1046 549 1080 0.00 0.00 0.00 0.00 0.00 0.00 0.00
car 0.00 0 0.00 425 982 459 1064 0.00 0.00 0.00 0.00 0.00 0.00 0.00
car 0.00 0 0.00 525 943 555 1015 0.00 0.00 0.00 0.00 0.00 0.00 0.00
car 0.00 0 0.00 337 802 370 872 0.00 0.00 0.00 0.00 0.00 0.00 0.00
car 0.00 0 0.00 347 720 386 788 0.00 0.00 0.00 0.00 0.00 0.00 0.00
car 0.00 0 0.00 363 645 391 711 0.00 0.00 0.00 0.00 0.00 0.00 0.00
car 0.00 0 0.00 468 473 501 534 0.00 0.00 0.00 0.00 0.00 0.00 0.00
car 0.00 0 0.00 414 446 452 506 0.00 0.00 0.00 0.00 0.00 0.00 0.00
car 0.00 0 0.00 405 387 434 437 0.00 0.00 0.00 0.00 0.00 0.00 0.00
car 0.00 0 0.00 410 318 441 374 0.00 0.00 0.00 0.00 0.00 0.00 0.00
car 0.00 0 0.00 422 247 450 313 0.00 0.00 0.00 0.00 0.00 0.00 0.00
car 0.00 0 0.00 429 187 460 251 0.00 0.00 0.00 0.00 0.00 0.00 0.00
car 0.00 0 0.00 437 128 465 184 0.00 0.00 0.00 0.00 0.00 0.00 0.00
car 0.00 0 0.00 443 73 472 120 0.00 0.00 0.00 0.00 0.00 0.00 0.00
car 0.00 0 0.00 454 17 482 73 0.00 0.00 0.00 0.00 0.00 0.00 0.00
car 0.00 0 0.00 323 534 377 572 0.00 0.00 0.00 0.00 0.00 0.00 0.00
car 0.00 0 0.00 182 513 245 563 0.00 0.00 0.00 0.00 0.00 0.00 0.00
car 0.00 0 0.00 184 414 211 463 0.00 0.00 0.00 0.00 0.00 0.00 0.00
car 0.00 0 0.00 191 332 222 391 0.00 0.00 0.00 0.00 0.00 0.00 0.00
car 0.00 0 0.00 209 233 242 291 0.00 0.00 0.00 0.00 0.00 0.00 0.00
car 0.00 0 0.00 224 143 260 201 0.00 0.00 0.00 0.00 0.00 0.00 0.00
car 0.00 0 0.00 249 76 277 129 0.00 0.00 0.00 0.00 0.00 0.00 0.00
car 0.00 0 0.00 97 4 149 59 0.00 0.00 0.00 0.00 0.00 0.00 0.00
car 0.00 0 0.00 81 109 127 163 0.00 0.00 0.00 0.00 0.00 0.00 0.00
car 0.00 0 0.00 64 179 118 238 0.00 0.00 0.00 0.00 0.00 0.00 0.00
car 0.00 0 0.00 45 265 92 315 0.00 0.00 0.00 0.00 0.00 0.00 0.00
car 0.00 0 0.00 34 306 74 365 0.00 0.00 0.00 0.00 0.00 0.00 0.00
car 0.00 0 0.00 19 379 58 428 0.00 0.00 0.00 0.00 0.00 0.00 0.00
car 0.00 0 0.00 81 482 149 514 0.00 0.00 0.00 0.00 0.00 0.00 0.00
car 0.00 0 0.00 79 549 141 579 0.00 0.00 0.00 0.00 0.00 0.00 0.00
car 0.00 0 0.00 70 596 143 624 0.00 0.00 0.00 0.00 0.00 0.00 0.00
car 0.00 0 0.00 69 634 141 661 0.00 0.00 0.00 0.00 0.00 0.00 0.00
car 0.00 0 0.00 60 667 124 692 0.00 0.00 0.00 0.00 0.00 0.00 0.00
car 0.00 0 0.00 46 697 118 726 0.00 0.00 0.00 0.00 0.00 0.00 0.00
car 0.00 0 0.00 41 727 118 752 0.00 0.00 0.00 0.00 0.00 0.00 0.00
car 0.00 0 0.00 40 768 110 799 0.00 0.00 0.00 0.00 0.00 0.00 0.00
car 0.00 0 0.00 206 740 282 774 0.00 0.00 0.00 0.00 0.00 0.00 0.00
car 0.00 0 0.00 227 673 292 702 0.00 0.00 0.00 0.00 0.00 0.00 0.00
car 0.00 0 0.00 242 632 301 661 0.00 0.00 0.00 0.00 0.00 0.00 0.00
car 0.00 0 0.00 236 599 305 627 0.00 0.00 0.00 0.00 0.00 0.00 0.00
car 0.00 0 0.00 218 787 284 818 0.00 0.00 0.00 0.00 0.00 0.00 0.00
car 0.00 0 0.00 217 828 279 855 0.00 0.00 0.00 0.00 0.00 0.00 0.00
car 0.00 0 0.00 197 881 265 909 0.00 0.00 0.00 0.00 0.00 0.00 0.00
car 0.00 0 0.00 195 918 264 949 0.00 0.00 0.00 0.00 0.00 0.00 0.00
car 0.00 0 0.00 191 956 269 991 0.00 0.00 0.00 0.00 0.00 0.00 0.00
car 0.00 0 0.00 182 995 260 1029 0.00 0.00 0.00 0.00 0.00 0.00 0.00
car 0.00 0 0.00 169 1046 243 1080 0.00 0.00 0.00 0.00 0.00 0.00 0.00
car 0.00 0 0.00 90 878 125 940 0.00 0.00 0.00 0.00 0.00 0.00 0.00
car 0.00 0 0.00 33 804 106 836 0.00 0.00 0.00 0.00 0.00 0.00 0.00
car 0.00 0 0.00 18 850 95 881 0.00 0.00 0.00 0.00 0.00 0.00 0.00
car 0.00 0 0.00 15 893 84 920 0.00 0.00 0.00 0.00 0.00 0.00 0.00
car 0.00 0 0.00 28 586 61 645 0.00 0.00 0.00 0.00 0.00 0.00 0.00
car 0.00 0 0.00 2 672 40 732 0.00 0.00 0.00 0.00 0.00 0.00 0.00
car 0.00 0 0.00 99 437 175 468 0.00 0.00 0.00 0.00 0.00 0.00 0.00
car 0.00 0 0.00 1 945 69 976 0.00 0.00 0.00 0.00 0.00 0.00 0.00
car 0.00 0 0.00 0 987 63 1023 0.00 0.00 0.00 0.00 0.00 0.00 0.00
car 0.00 0 0.00 0 1029 55 1059 0.00 0.00 0.00 0.00 0.00 0.00 0.00
car 0.00 0 0.00 109 405 175 434 0.00 0.00 0.00 0.00 0.00 0.00 0.00
car 0.00 0 0.00 122 372 183 397 0.00 0.00 0.00 0.00 0.00 0.00 0.00
car 0.00 0 0.00 127 341 190 370 0.00 0.00 0.00 0.00 0.00 0.00 0.00
car 0.00 0 0.00 132 304 200 333 0.00 0.00 0.00 0.00 0.00 0.00 0.00
car 0.00 0 0.00 140 274 206 304 0.00 0.00 0.00 0.00 0.00 0.00 0.00
car 0.00 0 0.00 142 245 209 277 0.00 0.00 0.00 0.00 0.00 0.00 0.00
car 0.00 0 0.00 146 217 208 247 0.00 0.00 0.00 0.00 0.00 0.00 0.00
car 0.00 0 0.00 150 191 210 214 0.00 0.00 0.00 0.00 0.00 0.00 0.00
car 0.00 0 0.00 158 163 218 193 0.00 0.00 0.00 0.00 0.00 0.00 0.00
car 0.00 0 0.00 173 132 233 163 0.00 0.00 0.00 0.00 0.00 0.00 0.00
car 0.00 0 0.00 167 101 238 131 0.00 0.00 0.00 0.00 0.00 0.00 0.00
car 0.00 0 0.00 177 69 240 104 0.00 0.00 0.00 0.00 0.00 0.00 0.00
car 0.00 0 0.00 187 41 246 73 0.00 0.00 0.00 0.00 0.00 0.00 0.00
car 0.00 0 0.00 188 17 247 46 0.00 0.00 0.00 0.00 0.00 0.00 0.00
car 0.00 0 0.00 262 0 288 45 0.00 0.00 0.00 0.00 0.00 0.00 0.00
car 0.00 0 0.00 0 745 28 808 0.00 0.00 0.00 0.00 0.00 0.00 0.00
car 0.00 0 0.00 349 1 401 20 0.00 0.00 0.00 0.00 0.00 0.00 0.00
car 0.00 0 0.00 349 26 399 47 0.00 0.00 0.00 0.00 0.00 0.00 0.00
car 0.00 0 0.00 342 47 397 76 0.00 0.00 0.00 0.00 0.00 0.00 0.00
car 0.00 0 0.00 334 81 390 106 0.00 0.00 0.00 0.00 0.00 0.00 0.00
car 0.00 0 0.00 341 105 387 133 0.00 0.00 0.00 0.00 0.00 0.00 0.00
car 0.00 0 0.00 327 138 381 163 0.00 0.00 0.00 0.00 0.00 0.00 0.00
car 0.00 0 0.00 319 165 379 193 0.00 0.00 0.00 0.00 0.00 0.00 0.00
car 0.00 0 0.00 320 199 374 222 0.00 0.00 0.00 0.00 0.00 0.00 0.00
car 0.00 0 0.00 318 224 370 247 0.00 0.00 0.00 0.00 0.00 0.00 0.00
van 0.00 0 0.00 315 254 365 279 0.00 0.00 0.00 0.00 0.00 0.00 0.00
car 0.00 0 0.00 311 290 363 313 0.00 0.00 0.00 0.00 0.00 0.00 0.00
car 0.00 0 0.00 295 318 360 346 0.00 0.00 0.00 0.00 0.00 0.00 0.00
car 0.00 0 0.00 299 349 360 373 0.00 0.00 0.00 0.00 0.00 0.00 0.00
car 0.00 0 0.00 292 376 347 399 0.00 0.00 0.00 0.00 0.00 0.00 0.00
car 0.00 0 0.00 1141 40 1168 74 0.00 0.00 0.00 0.00 0.00 0.00 0.00
bicycle 0.00 0 0.00 458 450 471 472 0.00 0.00 0.00 0.00 0.00 0.00 0.00
pedestrian 0.00 0 0.00 253 478 269 494 0.00 0.00 0.00 0.00 0.00 0.00 0.00
pedestrian 0.00 0 0.00 237 498 258 512 0.00 0.00 0.00 0.00 0.00 0.00 0.00
car 0.00 0 0.00 808 0 864 24 0.00 0.00 0.00 0.00 0.00 0.00 0.00
bicycle 0.00 0 0.00 866 459 886 476 0.00 0.00 0.00 0.00 0.00 0.00 0.00
bicycle 0.00 0 0.00 860 486 881 507 0.00 0.00 0.00 0.00 0.00 0.00 0.00
bicycle 0.00 0 0.00 859 535 882 549 0.00 0.00 0.00 0.00 0.00 0.00 0.00
motor 0.00 0 0.00 862 421 881 444 0.00 0.00 0.00 0.00 0.00 0.00 0.00
bicycle 0.00 0 0.00 754 980 767 1008 0.00 0.00 0.00 0.00 0.00 0.00 0.00
pedestrian 0.00 0 0.00 1176 916 1189 932 0.00 0.00 0.00 0.00 0.00 0.00 0.00
