car 0.00 0 0.00 248 724 385 765 0.00 0.00 0.00 0.00 0.00 0.00 0.00
car 0.00 0 0.00 275 672 395 727 0.00 0.00 0.00 0.00 0.00 0.00 0.00
pedestrian 0.00 0 0.00 431 584 445 615 0.00 0.00 0.00 0.00 0.00 0.00 0.00
car 0.00 0 0.00 9 557 90 658 0.00 0.00 0.00 0.00 0.00 0.00 0.00
car 0.00 0 0.00 0 559 28 612 0.00 0.00 0.00 0.00 0.00 0.00 0.00
pedestrian 0.00 0 0.00 191 358 210 389 0.00 0.00 0.00 0.00 0.00 0.00 0.00
pedestrian 0.00 0 0.00 282 328 297 358 0.00 0.00 0.00 0.00 0.00 0.00 0.00
pedestrian 0.00 0 0.00 299 334 314 364 0.00 0.00 0.00 0.00 0.00 0.00 0.00
truck 0.00 0 0.00 122 289 233 336 0.00 0.00 0.00 0.00 0.00 0.00 0.00
pedestrian 0.00 0 0.00 321 311 336 338 0.00 0.00 0.00 0.00 0.00 0.00 0.00
car 0.00 0 0.00 262 302 336 333 0.00 0.00 0.00 0.00 0.00 0.00 0.00
van 0.00 0 0.00 423 281 517 319 0.00 0.00 0.00 0.00 0.00 0.00 0.00
people 0.00 0 0.00 523 284 536 306 0.00 0.00 0.00 0.00 0.00 0.00 0.00
people 0.00 0 0.00 549 278 564 296 0.00 0.00 0.00 0.00 0.00 0.00 0.00
people 0.00 0 0.00 535 282 548 310 0.00 0.00 0.00 0.00 0.00 0.00 0.00
people 0.00 0 0.00 539 285 549 300 0.00 0.00 0.00 0.00 0.00 0.00 0.00
car 0.00 0 0.00 524 719 574 765 0.00 0.00 0.00 0.00 0.00 0.00 0.00
car 0.00 0 0.00 539 565 582 641 0.00 0.00 0.00 0.00 0.00 0.00 0.00
car 0.00 0 0.00 637 487 680 558 0.00 0.00 0.00 0.00 0.00 0.00 0.00
car 0.00 0 0.00 712 435 750 493 0.00 0.00 0.00 0.00 0.00 0.00 0.00
car 0.00 0 0.00 792 527 839 592 0.00 0.00 0.00 0.00 0.00 0.00 0.00
car 0.00 0 0.00 774 373 810 423 0.00 0.00 0.00 0.00 0.00 0.00 0.00
car 0.00 0 0.00 728 358 760 399 0.00 0.00 0.00 0.00 0.00 0.00 0.00
car 0.00 0 0.00 765 294 797 338 0.00 0.00 0.00 0.00 0.00 0.00 0.00
car 0.00 0 0.00 746 218 774 251 0.00 0.00 0.00 0.00 0.00 0.00 0.00
car 0.00 0 0.00 705 196 731 225 0.00 0.00 0.00 0.00 0.00 0.00 0.00
car 0.00 0 0.00 647 164 674 196 0.00 0.00 0.00 0.00 0.00 0.00 0.00
car 0.00 0 0.00 704 154 728 179 0.00 0.00 0.00 0.00 0.00 0.00 0.00
car 0.00 0 0.00 637 59 657 81 0.00 0.00 0.00 0.00 0.00 0.00 0.00
people 0.00 0 0.00 630 103 638 118 0.00 0.00 0.00 0.00 0.00 0.00 0.00
people 0.00 0 0.00 619 88 628 104 0.00 0.00 0.00 0.00 0.00 0.00 0.00
bicycle 0.00 0 0.00 632 111 640 124 0.00 0.00 0.00 0.00 0.00 0.00 0.00
motor 0.00 0 0.00 621 95 628 107 0.00 0.00 0.00 0.00 0.00 0.00 0.00
car 0.00 0 0.00 686 79 709 102 0.00 0.00 0.00 0.00 0.00 0.00 0.00
car 0.00 0 0.00 660 47 688 66 0.00 0.00 0.00 0.00 0.00 0.00 0.00
van 0.00 0 0.00 701 54 719 77 0.00 0.00 0.00 0.00 0.00 0.00 0.00
van 0.00 0 0.00 734 117 754 144 0.00 0.00 0.00 0.00 0.00 0.00 0.00
bus 0.00 0 0.00 732 62 763 116 0.00 0.00 0.00 0.00 0.00 0.00 0.00
bus 0.00 0 0.00 726 13 752 58 0.00 0.00 0.00 0.00 0.00 0.00 0.00
car 0.00 0 0.00 627 25 645 42 0.00 0.00 0.00 0.00 0.00 0.00 0.00
car 0.00 0 0.00 655 22 673 39 0.00 0.00 0.00 0.00 0.00 0.00 0.00
car 0.00 0 0.00 679 4 695 21 0.00 0.00 0.00 0.00 0.00 0.00 0.00
car 0.00 0 0.00 690 18 717 36 0.00 0.00 0.00 0.00 0.00 0.00 0.00
car 0.00 0 0.00 702 0 723 14 0.00 0.00 0.00 0.00 0.00 0.00 0.00
car 0.00 0 0.00 20 49 77 67 0.00 0.00 0.00 0.00 0.00 0.00 0.00
car 0.00 0 0.00 94 48 142 66 0.00 0.00 0.00 0.00 0.00 0.00 0.00
car 0.00 0 0.00 152 45 201 63 0.00 0.00 0.00 0.00 0.00 0.00 0.00
car 0.00 0 0.00 224 58 273 77 0.00 0.00 0.00 0.00 0.00 0.00 0.00
car 0.00 0 0.00 207 53 255 71 0.00 0.00 0.00 0.00 0.00 0.00 0.00
car 0.00 0 0.00 207 44 251 59 0.00 0.00 0.00 0.00 0.00 0.00 0.00
car 0.00 0 0.00 290 56 335 74 0.00 0.00 0.00 0.00 0.00 0.00 0.00
car 0.00 0 0.00 269 48 317 66 0.00 0.00 0.00 0.00 0.00 0.00 0.00
car 0.00 0 0.00 264 40 305 58 0.00 0.00 0.00 0.00 0.00 0.00 0.00
car 0.00 0 0.00 313 37 357 54 0.00 0.00 0.00 0.00 0.00 0.00 0.00
car 0.00 0 0.00 349 46 387 60 0.00 0.00 0.00 0.00 0.00 0.00 0.00
car 0.00 0 0.00 348 56 395 71 0.00 0.00 0.00 0.00 0.00 0.00 0.00
car 0.00 0 0.00 420 63 462 78 0.00 0.00 0.00 0.00 0.00 0.00 0.00
car 0.00 0 0.00 415 53 456 68 0.00 0.00 0.00 0.00 0.00 0.00 0.00
car 0.00 0 0.00 406 43 448 58 0.00 0.00 0.00 0.00 0.00 0.00 0.00
car 0.00 0 0.00 368 40 409 55 0.00 0.00 0.00 0.00 0.00 0.00 0.00
car 0.00 0 0.00 424 37 463 51 0.00 0.00 0.00 0.00 0.00 0.00 0.00
car 0.00 0 0.00 476 48 515 65 0.00 0.00 0.00 0.00 0.00 0.00 0.00
car 0.00 0 0.00 461 43 511 60 0.00 0.00 0.00 0.00 0.00 0.00 0.00
car 0.00 0 0.00 471 34 520 51 0.00 0.00 0.00 0.00 0.00 0.00 0.00
car 0.00 0 0.00 385 26 425 42 0.00 0.00 0.00 0.00 0.00 0.00 0.00
car 0.00 0 0.00 52 40 101 54 0.00 0.00 0.00 0.00 0.00 0.00 0.00
car 0.00 0 0.00 656 4 670 19 0.00 0.00 0.00 0.00 0.00 0.00 0.00
car 0.00 0 0.00 751 0 799 17 0.00 0.00 0.00 0.00 0.00 0.00 0.00
car 0.00 0 0.00 827 4 861 20 0.00 0.00 0.00 0.00 0.00 0.00 0.00
car 0.00 0 0.00 863 5 894 22 0.00 0.00 0.00 0.00 0.00 0.00 0.00
car 0.00 0 0.00 897 2 924 18 0.00 0.00 0.00 0.00 0.00 0.00 0.00
car 0.00 0 0.00 913 5 944 19 0.00 0.00 0.00 0.00 0.00 0.00 0.00
van 0.00 0 0.00 941 0 980 15 0.00 0.00 0.00 0.00 0.00 0.00 0.00
car 0.00 0 0.00 969 12 1002 24 0.00 0.00 0.00 0.00 0.00 0.00 0.00
car 0.00 0 0.00 961 6 995 19 0.00 0.00 0.00 0.00 0.00 0.00 0.00
car 0.00 0 0.00 1014 9 1048 22 0.00 0.00 0.00 0.00 0.00 0.00 0.00
car 0.00 0 0.00 1003 5 1037 18 0.00 0.00 0.00 0.00 0.00 0.00 0.00
car 0.00 0 0.00 1009 0 1038 11 0.00 0.00 0.00 0.00 0.00 0.00 0.00
car 0.00 0 0.00 1056 0 1091 9 0.00 0.00 0.00 0.00 0.00 0.00 0.00
car 0.00 0 0.00 1110 0 1145 15 0.00 0.00 0.00 0.00 0.00 0.00 0.00
car 0.00 0 0.00 1155 0 1191 11 0.00 0.00 0.00 0.00 0.00 0.00 0.00
car 0.00 0 0.00 1181 9 1210 21 0.00 0.00 0.00 0.00 0.00 0.00 0.00
van 0.00 0 0.00 1211 5 1241 22 0.00 0.00 0.00 0.00 0.00 0.00 0.00
car 0.00 0 0.00 1261 5 1298 18 0.00 0.00 0.00 0.00 0.00 0.00 0.00
van 0.00 0 0.00 1286 22 1318 38 0.00 0.00 0.00 0.00 0.00 0.00 0.00
car 0.00 0 0.00 1335 16 1360 30 0.00 0.00 0.00 0.00 0.00 0.00 0.00
car 0.00 0 0.00 1339 2 1360 14 0.00 0.00 0.00 0.00 0.00 0.00 0.00
