car 0.00 0 0.00 758 720 801 752 0.00 0.00 0.00 0.00 0.00 0.00 0.00
car 0.00 0 0.00 751 638 806 667 0.00 0.00 0.00 0.00 0.00 0.00 0.00
car 0.00 0 0.00 767 599 816 632 0.00 0.00 0.00 0.00 0.00 0.00 0.00
pedestrian 0.00 0 0.00 815 655 821 671 0.00 0.00 0.00 0.00 0.00 0.00 0.00
motor 0.00 0 0.00 737 639 744 657 0.00 0.00 0.00 0.00 0.00 0.00 0.00
people 0.00 0 0.00 737 640 744 652 0.00 0.00 0.00 0.00 0.00 0.00 0.00
car 0.00 0 0.00 595 543 618 600 0.00 0.00 0.00 0.00 0.00 0.00 0.00
motor 0.00 0 0.00 632 524 641 541 0.00 0.00 0.00 0.00 0.00 0.00 0.00
motor 0.00 0 0.00 622 616 631 633 0.00 0.00 0.00 0.00 0.00 0.00 0.00
people 0.00 0 0.00 622 617 631 628 0.00 0.00 0.00 0.00 0.00 0.00 0.00
people 0.00 0 0.00 633 528 640 537 0.00 0.00 0.00 0.00 0.00 0.00 0.00
pedestrian 0.00 0 0.00 590 551 598 561 0.00 0.00 0.00 0.00 0.00 0.00 0.00
pedestrian 0.00 0 0.00 587 543 595 551 0.00 0.00 0.00 0.00 0.00 0.00 0.00
car 0.00 0 0.00 867 556 921 579 0.00 0.00 0.00 0.00 0.00 0.00 0.00
car 0.00 0 0.00 522 539 571 580 0.00 0.00 0.00 0.00 0.00 0.00 0.00
car 0.00 0 0.00 586 433 611 484 0.00 0.00 0.00 0.00 0.00 0.00 0.00
car 0.00 0 0.00 674 415 696 467 0.00 0.00 0.00 0.00 0.00 0.00 0.00
car 0.00 0 0.00 751 404 804 431 0.00 0.00 0.00 0.00 0.00 0.00 0.00
pedestrian 0.00 0 0.00 805 528 811 538 0.00 0.00 0.00 0.00 0.00 0.00 0.00
pedestrian 0.00 0 0.00 798 530 803 536 0.00 0.00 0.00 0.00 0.00 0.00 0.00
pedestrian 0.00 0 0.00 803 484 810 491 0.00 0.00 0.00 0.00 0.00 0.00 0.00
motor 0.00 0 0.00 627 459 635 474 0.00 0.00 0.00 0.00 0.00 0.00 0.00
motor 0.00 0 0.00 617 452 625 469 0.00 0.00 0.00 0.00 0.00 0.00 0.00
people 0.00 0 0.00 627 459 634 469 0.00 0.00 0.00 0.00 0.00 0.00 0.00
people 0.00 0 0.00 617 453 625 466 0.00 0.00 0.00 0.00 0.00 0.00 0.00
pedestrian 0.00 0 0.00 1246 606 1261 612 0.00 0.00 0.00 0.00 0.00 0.00 0.00
car 0.00 0 0.00 578 319 604 372 0.00 0.00 0.00 0.00 0.00 0.00 0.00
car 0.00 0 0.00 529 276 579 304 0.00 0.00 0.00 0.00 0.00 0.00 0.00
car 0.00 0 0.00 677 293 697 343 0.00 0.00 0.00 0.00 0.00 0.00 0.00
car 0.00 0 0.00 709 280 732 328 0.00 0.00 0.00 0.00 0.00 0.00 0.00
car 0.00 0 0.00 751 301 804 337 0.00 0.00 0.00 0.00 0.00 0.00 0.00
van 0.00 0 0.00 749 340 793 369 0.00 0.00 0.00 0.00 0.00 0.00 0.00
pedestrian 0.00 0 0.00 797 294 804 303 0.00 0.00 0.00 0.00 0.00 0.00 0.00
pedestrian 0.00 0 0.00 799 274 807 285 0.00 0.00 0.00 0.00 0.00 0.00 0.00
motor 0.00 0 0.00 770 292 789 301 0.00 0.00 0.00 0.00 0.00 0.00 0.00
motor 0.00 0 0.00 735 300 743 316 0.00 0.00 0.00 0.00 0.00 0.00 0.00
people 0.00 0 0.00 735 305 743 314 0.00 0.00 0.00 0.00 0.00 0.00 0.00
car 0.00 0 0.00 676 227 696 273 0.00 0.00 0.00 0.00 0.00 0.00 0.00
car 0.00 0 0.00 707 211 727 254 0.00 0.00 0.00 0.00 0.00 0.00 0.00
car 0.00 0 0.00 673 160 694 205 0.00 0.00 0.00 0.00 0.00 0.00 0.00
car 0.00 0 0.00 707 146 737 193 0.00 0.00 0.00 0.00 0.00 0.00 0.00
van 0.00 0 0.00 766 128 785 174 0.00 0.00 0.00 0.00 0.00 0.00 0.00
car 0.00 0 0.00 674 93 696 139 0.00 0.00 0.00 0.00 0.00 0.00 0.00
car 0.00 0 0.00 707 89 728 140 0.00 0.00 0.00 0.00 0.00 0.00 0.00
car 0.00 0 0.00 768 64 792 113 0.00 0.00 0.00 0.00 0.00 0.00 0.00
car 0.00 0 0.00 705 28 726 72 0.00 0.00 0.00 0.00 0.00 0.00 0.00
car 0.00 0 0.00 675 32 694 79 0.00 0.00 0.00 0.00 0.00 0.00 0.00
car 0.00 0 0.00 539 82 588 111 0.00 0.00 0.00 0.00 0.00 0.00 0.00
car 0.00 0 0.00 953 250 1001 273 0.00 0.00 0.00 0.00 0.00 0.00 0.00
car 0.00 0 0.00 943 192 986 214 0.00 0.00 0.00 0.00 0.00 0.00 0.00
car 0.00 0 0.00 1005 265 1028 312 0.00 0.00 0.00 0.00 0.00 0.00 0.00
car 0.00 0 0.00 1032 263 1055 315 0.00 0.00 0.00 0.00 0.00 0.00 0.00
car 0.00 0 0.00 1059 266 1085 313 0.00 0.00 0.00 0.00 0.00 0.00 0.00
car 0.00 0 0.00 1085 276 1109 324 0.00 0.00 0.00 0.00 0.00 0.00 0.00
car 0.00 0 0.00 1119 271 1145 321 0.00 0.00 0.00 0.00 0.00 0.00 0.00
car 0.00 0 0.00 1038 197 1092 222 0.00 0.00 0.00 0.00 0.00 0.00 0.00
car 0.00 0 0.00 1173 246 1221 267 0.00 0.00 0.00 0.00 0.00 0.00 0.00
car 0.00 0 0.00 1264 250 1311 273 0.00 0.00 0.00 0.00 0.00 0.00 0.00
awning-tricycle 0.00 0 0.00 1167 199 1197 216 0.00 0.00 0.00 0.00 0.00 0.00 0.00
tricycle 0.00 0 0.00 1163 287 1173 307 0.00 0.00 0.00 0.00 0.00 0.00 0.00
