car 0.00 0 0.00 195 930 345 1061 0.00 0.00 0.00 0.00 0.00 0.00 0.00
car 0.00 0 0.00 373 900 495 1027 0.00 0.00 0.00 0.00 0.00 0.00 0.00
car 0.00 0 0.00 561 847 654 942 0.00 0.00 0.00 0.00 0.00 0.00 0.00
car 0.00 0 0.00 630 746 711 827 0.00 0.00 0.00 0.00 0.00 0.00 0.00
car 0.00 0 0.00 1016 786 1074 848 0.00 0.00 0.00 0.00 0.00 0.00 0.00
pedestrian 0.00 0 0.00 977 772 988 815 0.00 0.00 0.00 0.00 0.00 0.00 0.00
pedestrian 0.00 0 0.00 997 754 1012 806 0.00 0.00 0.00 0.00 0.00 0.00 0.00
car 0.00 0 0.00 1019 702 1073 770 0.00 0.00 0.00 0.00 0.00 0.00 0.00
car 0.00 0 0.00 1023 641 1073 696 0.00 0.00 0.00 0.00 0.00 0.00 0.00
van 0.00 0 0.00 1017 585 1055 632 0.00 0.00 0.00 0.00 0.00 0.00 0.00
car 0.00 0 0.00 1022 546 1057 586 0.00 0.00 0.00 0.00 0.00 0.00 0.00
car 0.00 0 0.00 1028 519 1052 545 0.00 0.00 0.00 0.00 0.00 0.00 0.00
car 0.00 0 0.00 1019 483 1049 521 0.00 0.00 0.00 0.00 0.00 0.00 0.00
car 0.00 0 0.00 1021 462 1048 486 0.00 0.00 0.00 0.00 0.00 0.00 0.00
car 0.00 0 0.00 1022 448 1047 468 0.00 0.00 0.00 0.00 0.00 0.00 0.00
car 0.00 0 0.00 1016 427 1042 455 0.00 0.00 0.00 0.00 0.00 0.00 0.00
car 0.00 0 0.00 1020 412 1041 433 0.00 0.00 0.00 0.00 0.00 0.00 0.00
truck 0.00 0 0.00 711 452 793 559 0.00 0.00 0.00 0.00 0.00 0.00 0.00
car 0.00 0 0.00 522 567 587 618 0.00 0.00 0.00 0.00 0.00 0.00 0.00
motor 0.00 0 0.00 487 632 509 673 0.00 0.00 0.00 0.00 0.00 0.00 0.00
people 0.00 0 0.00 487 632 504 652 0.00 0.00 0.00 0.00 0.00 0.00 0.00
awning-tricycle 0.00 0 0.00 1029 1016 1080 1080 0.00 0.00 0.00 0.00 0.00 0.00 0.00
motor 0.00 0 0.00 781 400 791 421 0.00 0.00 0.00 0.00 0.00 0.00 0.00
truck 0.00 0 0.00 837 343 878 397 0.00 0.00 0.00 0.00 0.00 0.00 0.00
car 0.00 0 0.00 928 416 953 437 0.00 0.00 0.00 0.00 0.00 0.00 0.00
car 0.00 0 0.00 1002 332 1027 354 0.00 0.00 0.00 0.00 0.00 0.00 0.00
car 0.00 0 0.00 996 328 1012 344 0.00 0.00 0.00 0.00 0.00 0.00 0.00
van 0.00 0 0.00 998 318 1012 332 0.00 0.00 0.00 0.00 0.00 0.00 0.00
car 0.00 0 0.00 993 308 1008 320 0.00 0.00 0.00 0.00 0.00 0.00 0.00
car 0.00 0 0.00 982 294 996 306 0.00 0.00 0.00 0.00 0.00 0.00 0.00
van 0.00 0 0.00 992 301 1003 314 0.00 0.00 0.00 0.00 0.00 0.00 0.00
car 0.00 0 0.00 984 281 997 293 0.00 0.00 0.00 0.00 0.00 0.00 0.00
car 0.00 0 0.00 982 277 994 286 0.00 0.00 0.00 0.00 0.00 0.00 0.00
truck 0.00 0 0.00 875 304 909 344 0.00 0.00 0.00 0.00 0.00 0.00 0.00
car 0.00 0 0.00 888 268 905 284 0.00 0.00 0.00 0.00 0.00 0.00 0.00
car 0.00 0 0.00 897 239 913 256 0.00 0.00 0.00 0.00 0.00 0.00 0.00
motor 0.00 0 0.00 962 250 965 255 0.00 0.00 0.00 0.00 0.00 0.00 0.00
car 0.00 0 0.00 935 200 943 206 0.00 0.00 0.00 0.00 0.00 0.00 0.00
car 0.00 0 0.00 924 188 930 194 0.00 0.00 0.00 0.00 0.00 0.00 0.00
motor 0.00 0 0.00 968 313 972 322 0.00 0.00 0.00 0.00 0.00 0.00 0.00
motor 0.00 0 0.00 982 320 985 329 0.00 0.00 0.00 0.00 0.00 0.00 0.00
