van 0.00 0 0.00 241 460 369 546 0.00 0.00 0.00 0.00 0.00 0.00 0.00
bus 0.00 0 0.00 318 434 629 612 0.00 0.00 0.00 0.00 0.00 0.00 0.00
bus 0.00 0 0.00 298 483 697 731 0.00 0.00 0.00 0.00 0.00 0.00 0.00
car 0.00 0 0.00 983 295 1015 316 0.00 0.00 0.00 0.00 0.00 0.00 0.00
car 0.00 0 0.00 1132 248 1146 262 0.00 0.00 0.00 0.00 0.00 0.00 0.00
car 0.00 0 0.00 821 388 871 416 0.00 0.00 0.00 0.00 0.00 0.00 0.00
car 0.00 0 0.00 940 344 989 367 0.00 0.00 0.00 0.00 0.00 0.00 0.00
car 0.00 0 0.00 1084 266 1111 289 0.00 0.00 0.00 0.00 0.00 0.00 0.00
car 0.00 0 0.00 966 322 1005 350 0.00 0.00 0.00 0.00 0.00 0.00 0.00
car 0.00 0 0.00 1000 313 1029 335 0.00 0.00 0.00 0.00 0.00 0.00 0.00
car 0.00 0 0.00 1050 295 1078 321 0.00 0.00 0.00 0.00 0.00 0.00 0.00
car 0.00 0 0.00 1023 299 1053 330 0.00 0.00 0.00 0.00 0.00 0.00 0.00
pedestrian 0.00 0 0.00 605 327 618 360 0.00 0.00 0.00 0.00 0.00 0.00 0.00
car 0.00 0 0.00 1162 225 1188 238 0.00 0.00 0.00 0.00 0.00 0.00 0.00
car 0.00 0 0.00 1204 235 1217 244 0.00 0.00 0.00 0.00 0.00 0.00 0.00
tricycle 0.00 0 0.00 1018 254 1035 270 0.00 0.00 0.00 0.00 0.00 0.00 0.00
