van 0.00 0 0.00 345 697 459 765 0.00 0.00 0.00 0.00 0.00 0.00 0.00
car 0.00 0 0.00 979 626 1071 743 0.00 0.00 0.00 0.00 0.00 0.00 0.00
car 0.00 0 0.00 865 549 927 642 0.00 0.00 0.00 0.00 0.00 0.00 0.00
car 0.00 0 0.00 696 530 755 615 0.00 0.00 0.00 0.00 0.00 0.00 0.00
car 0.00 0 0.00 907 454 970 527 0.00 0.00 0.00 0.00 0.00 0.00 0.00
van 0.00 0 0.00 419 459 539 525 0.00 0.00 0.00 0.00 0.00 0.00 0.00
van 0.00 0 0.00 452 436 549 487 0.00 0.00 0.00 0.00 0.00 0.00 0.00
car 0.00 0 0.00 475 386 582 432 0.00 0.00 0.00 0.00 0.00 0.00 0.00
car 0.00 0 0.00 444 274 512 350 0.00 0.00 0.00 0.00 0.00 0.00 0.00
car 0.00 0 0.00 525 272 607 312 0.00 0.00 0.00 0.00 0.00 0.00 0.00
car 0.00 0 0.00 540 252 606 281 0.00 0.00 0.00 0.00 0.00 0.00 0.00
car 0.00 0 0.00 547 206 617 234 0.00 0.00 0.00 0.00 0.00 0.00 0.00
car 0.00 0 0.00 579 225 639 265 0.00 0.00 0.00 0.00 0.00 0.00 0.00
car 0.00 0 0.00 715 293 753 338 0.00 0.00 0.00 0.00 0.00 0.00 0.00
car 0.00 0 0.00 795 276 834 320 0.00 0.00 0.00 0.00 0.00 0.00 0.00
car 0.00 0 0.00 792 241 828 278 0.00 0.00 0.00 0.00 0.00 0.00 0.00
car 0.00 0 0.00 782 210 821 248 0.00 0.00 0.00 0.00 0.00 0.00 0.00
pedestrian 0.00 0 0.00 771 232 781 261 0.00 0.00 0.00 0.00 0.00 0.00 0.00
pedestrian 0.00 0 0.00 976 491 995 533 0.00 0.00 0.00 0.00 0.00 0.00 0.00
pedestrian 0.00 0 0.00 902 400 914 434 0.00 0.00 0.00 0.00 0.00 0.00 0.00
people 0.00 0 0.00 1005 464 1023 482 0.00 0.00 0.00 0.00 0.00 0.00 0.00
pedestrian 0.00 0 0.00 926 382 937 418 0.00 0.00 0.00 0.00 0.00 0.00 0.00
tricycle 0.00 0 0.00 887 313 936 337 0.00 0.00 0.00 0.00 0.00 0.00 0.00
pedestrian 0.00 0 0.00 820 195 830 215 0.00 0.00 0.00 0.00 0.00 0.00 0.00
pedestrian 0.00 0 0.00 890 189 899 212 0.00 0.00 0.00 0.00 0.00 0.00 0.00
car 0.00 0 0.00 780 139 803 162 0.00 0.00 0.00 0.00 0.00 0.00 0.00
car 0.00 0 0.00 775 120 801 142 0.00 0.00 0.00 0.00 0.00 0.00 0.00
car 0.00 0 0.00 772 100 795 122 0.00 0.00 0.00 0.00 0.00 0.00 0.00
car 0.00 0 0.00 764 76 784 98 0.00 0.00 0.00 0.00 0.00 0.00 0.00
car 0.00 0 0.00 765 68 787 84 0.00 0.00 0.00 0.00 0.00 0.00 0.00
truck 0.00 0 0.00 673 61 699 98 0.00 0.00 0.00 0.00 0.00 0.00 0.00
car 0.00 0 0.00 613 75 652 94 0.00 0.00 0.00 0.00 0.00 0.00 0.00
van 0.00 0 0.00 618 61 640 81 0.00 0.00 0.00 0.00 0.00 0.00 0.00
car 0.00 0 0.00 645 65 667 85 0.00 0.00 0.00 0.00 0.00 0.00 0.00
car 0.00 0 0.00 603 87 636 112 0.00 0.00 0.00 0.00 0.00 0.00 0.00
car 0.00 0 0.00 586 128 633 151 0.00 0.00 0.00 0.00 0.00 0.00 0.00
van 0.00 0 0.00 580 138 629 171 0.00 0.00 0.00 0.00 0.00 0.00 0.00
car 0.00 0 0.00 577 157 634 188 0.00 0.00 0.00 0.00 0.00 0.00 0.00
truck 0.00 0 0.00 507 174 604 216 0.00 0.00 0.00 0.00 0.00 0.00 0.00
motor 0.00 0 0.00 325 520 370 546 0.00 0.00 0.00 0.00 0.00 0.00 0.00
motor 0.00 0 0.00 339 502 377 520 0.00 0.00 0.00 0.00 0.00 0.00 0.00
bicycle 0.00 0 0.00 341 494 385 517 0.00 0.00 0.00 0.00 0.00 0.00 0.00
motor 0.00 0 0.00 963 427 990 452 0.00 0.00 0.00 0.00 0.00 0.00 0.00
people 0.00 0 0.00 525 286 540 309 0.00 0.00 0.00 0.00 0.00 0.00 0.00
awning-tricycle 0.00 0 0.00 801 184 846 216 0.00 0.00 0.00 0.00 0.00 0.00 0.00
people 0.00 0 0.00 738 126 748 140 0.00 0.00 0.00 0.00 0.00 0.00 0.00
motor 0.00 0 0.00 738 130 747 147 0.00 0.00 0.00 0.00 0.00 0.00 0.00
