car 0.00 0 0.00 1332 787 1433 908 0.00 0.00 0.00 0.00 0.00 0.00 0.00
car 0.00 0 0.00 1568 818 1672 940 0.00 0.00 0.00 0.00 0.00 0.00 0.00
car 0.00 0 0.00 1567 613 1642 684 0.00 0.00 0.00 0.00 0.00 0.00 0.00
van 0.00 0 0.00 1782 705 1859 801 0.00 0.00 0.00 0.00 0.00 0.00 0.00
car 0.00 0 0.00 1409 588 1488 663 0.00 0.00 0.00 0.00 0.00 0.00 0.00
car 0.00 0 0.00 1227 713 1334 801 0.00 0.00 0.00 0.00 0.00 0.00 0.00
car 0.00 0 0.00 1404 511 1465 573 0.00 0.00 0.00 0.00 0.00 0.00 0.00
car 0.00 0 0.00 1654 542 1720 601 0.00 0.00 0.00 0.00 0.00 0.00 0.00
car 0.00 0 0.00 1522 505 1575 561 0.00 0.00 0.00 0.00 0.00 0.00 0.00
car 0.00 0 0.00 1468 442 1520 486 0.00 0.00 0.00 0.00 0.00 0.00 0.00
car 0.00 0 0.00 1547 451 1596 493 0.00 0.00 0.00 0.00 0.00 0.00 0.00
van 0.00 0 0.00 1638 445 1684 499 0.00 0.00 0.00 0.00 0.00 0.00 0.00
car 0.00 0 0.00 1728 447 1786 495 0.00 0.00 0.00 0.00 0.00 0.00 0.00
car 0.00 0 0.00 1655 381 1692 406 0.00 0.00 0.00 0.00 0.00 0.00 0.00
car 0.00 0 0.00 1611 340 1641 365 0.00 0.00 0.00 0.00 0.00 0.00 0.00
car 0.00 0 0.00 1565 363 1597 393 0.00 0.00 0.00 0.00 0.00 0.00 0.00
car 0.00 0 0.00 1478 387 1519 420 0.00 0.00 0.00 0.00 0.00 0.00 0.00
car 0.00 0 0.00 1506 355 1542 390 0.00 0.00 0.00 0.00 0.00 0.00 0.00
car 0.00 0 0.00 1436 327 1468 359 0.00 0.00 0.00 0.00 0.00 0.00 0.00
truck 0.00 0 0.00 1550 326 1588 361 0.00 0.00 0.00 0.00 0.00 0.00 0.00
car 0.00 0 0.00 1488 324 1519 350 0.00 0.00 0.00 0.00 0.00 0.00 0.00
car 0.00 0 0.00 1520 317 1545 342 0.00 0.00 0.00 0.00 0.00 0.00 0.00
car 0.00 0 0.00 1529 300 1556 319 0.00 0.00 0.00 0.00 0.00 0.00 0.00
car 0.00 0 0.00 1481 287 1504 311 0.00 0.00 0.00 0.00 0.00 0.00 0.00
bus 0.00 0 0.00 1652 296 1717 363 0.00 0.00 0.00 0.00 0.00 0.00 0.00
car 0.00 0 0.00 1877 596 1917 665 0.00 0.00 0.00 0.00 0.00 0.00 0.00
truck 0.00 0 0.00 1031 473 1111 529 0.00 0.00 0.00 0.00 0.00 0.00 0.00
car 0.00 0 0.00 897 454 961 499 0.00 0.00 0.00 0.00 0.00 0.00 0.00
car 0.00 0 0.00 973 376 1025 410 0.00 0.00 0.00 0.00 0.00 0.00 0.00
car 0.00 0 0.00 1295 351 1352 386 0.00 0.00 0.00 0.00 0.00 0.00 0.00
car 0.00 0 0.00 1228 320 1265 350 0.00 0.00 0.00 0.00 0.00 0.00 0.00
truck 0.00 0 0.00 1249 267 1282 311 0.00 0.00 0.00 0.00 0.00 0.00 0.00
car 0.00 0 0.00 1533 282 1558 300 0.00 0.00 0.00 0.00 0.00 0.00 0.00
bicycle 0.00 0 0.00 1102 783 1129 826 0.00 0.00 0.00 0.00 0.00 0.00 0.00
pedestrian 0.00 0 0.00 1099 761 1127 810 0.00 0.00 0.00 0.00 0.00 0.00 0.00
bicycle 0.00 0 0.00 1055 781 1090 818 0.00 0.00 0.00 0.00 0.00 0.00 0.00
pedestrian 0.00 0 0.00 1061 756 1083 808 0.00 0.00 0.00 0.00 0.00 0.00 0.00
motor 0.00 0 0.00 869 950 908 1004 0.00 0.00 0.00 0.00 0.00 0.00 0.00
pedestrian 0.00 0 0.00 874 919 906 981 0.00 0.00 0.00 0.00 0.00 0.00 0.00
bus 0.00 0 0.00 465 175 500 205 0.00 0.00 0.00 0.00 0.00 0.00 0.00
