car 0.00 0 0.00 760 530 833 632 0.00 0.00 0.00 0.00 0.00 0.00 0.00
car 0.00 0 0.00 589 458 650 577 0.00 0.00 0.00 0.00 0.00 0.00 0.00
car 0.00 0 0.00 670 240 719 300 0.00 0.00 0.00 0.00 0.00 0.00 0.00
tricycle 0.00 0 0.00 751 173 778 219 0.00 0.00 0.00 0.00 0.00 0.00 0.00
car 0.00 0 0.00 688 148 722 186 0.00 0.00 0.00 0.00 0.00 0.00 0.00
car 0.00 0 0.00 764 67 795 96 0.00 0.00 0.00 0.00 0.00 0.00 0.00
car 0.00 0 0.00 550 46 581 78 0.00 0.00 0.00 0.00 0.00 0.00 0.00
van 0.00 0 0.00 375 91 411 140 0.00 0.00 0.00 0.00 0.00 0.00 0.00
car 0.00 0 0.00 150 378 245 464 0.00 0.00 0.00 0.00 0.00 0.00 0.00
van 0.00 0 0.00 1099 80 1185 117 0.00 0.00 0.00 0.00 0.00 0.00 0.00
car 0.00 0 0.00 1079 251 1191 296 0.00 0.00 0.00 0.00 0.00 0.00 0.00
car 0.00 0 0.00 999 163 1092 196 0.00 0.00 0.00 0.00 0.00 0.00 0.00
car 0.00 0 0.00 987 127 1074 162 0.00 0.00 0.00 0.00 0.00 0.00 0.00
car 0.00 0 0.00 166 108 237 138 0.00 0.00 0.00 0.00 0.00 0.00 0.00
car 0.00 0 0.00 201 67 277 97 0.00 0.00 0.00 0.00 0.00 0.00 0.00
car 0.00 0 0.00 281 30 318 58 0.00 0.00 0.00 0.00 0.00 0.00 0.00
car 0.00 0 0.00 238 31 273 61 0.00 0.00 0.00 0.00 0.00 0.00 0.00
van 0.00 0 0.00 277 7 308 37 0.00 0.00 0.00 0.00 0.00 0.00 0.00
car 0.00 0 0.00 216 0 250 15 0.00 0.00 0.00 0.00 0.00 0.00 0.00
van 0.00 0 0.00 1312 228 1360 272 0.00 0.00 0.00 0.00 0.00 0.00 0.00
tricycle 0.00 0 0.00 1117 598 1195 709 0.00 0.00 0.00 0.00 0.00 0.00 0.00
pedestrian 0.00 0 0.00 1162 634 1191 688 0.00 0.00 0.00 0.00 0.00 0.00 0.00
car 0.00 0 0.00 743 9 765 36 0.00 0.00 0.00 0.00 0.00 0.00 0.00
pedestrian 0.00 0 0.00 253 11 264 34 0.00 0.00 0.00 0.00 0.00 0.00 0.00
pedestrian 0.00 0 0.00 235 9 246 35 0.00 0.00 0.00 0.00 0.00 0.00 0.00
pedestrian 0.00 0 0.00 207 20 213 41 0.00 0.00 0.00 0.00 0.00 0.00 0.00
motor 0.00 0 0.00 138 48 162 66 0.00 0.00 0.00 0.00 0.00 0.00 0.00
motor 0.00 0 0.00 104 66 116 98 0.00 0.00 0.00 0.00 0.00 0.00 0.00
motor 0.00 0 0.00 15 125 32 152 0.00 0.00 0.00 0.00 0.00 0.00 0.00
car 0.00 0 0.00 179 20 192 37 0.00 0.00 0.00 0.00 0.00 0.00 0.00
bicycle 0.00 0 0.00 414 132 427 152 0.00 0.00 0.00 0.00 0.00 0.00 0.00
pedestrian 0.00 0 0.00 413 121 425 147 0.00 0.00 0.00 0.00 0.00 0.00 0.00
motor 0.00 0 0.00 562 122 574 144 0.00 0.00 0.00 0.00 0.00 0.00 0.00
pedestrian 0.00 0 0.00 562 111 574 135 0.00 0.00 0.00 0.00 0.00 0.00 0.00
pedestrian 0.00 0 0.00 543 59 551 83 0.00 0.00 0.00 0.00 0.00 0.00 0.00
pedestrian 0.00 0 0.00 533 57 541 84 0.00 0.00 0.00 0.00 0.00 0.00 0.00
pedestrian 0.00 0 0.00 480 34 489 52 0.00 0.00 0.00 0.00 0.00 0.00 0.00
pedestrian 0.00 0 0.00 920 96 928 121 0.00 0.00 0.00 0.00 0.00 0.00 0.00
pedestrian 0.00 0 0.00 881 37 888 62 0.00 0.00 0.00 0.00 0.00 0.00 0.00
pedestrian 0.00 0 0.00 1146 142 1157 169 0.00 0.00 0.00 0.00 0.00 0.00 0.00
pedestrian 0.00 0 0.00 1064 67 1072 91 0.00 0.00 0.00 0.00 0.00 0.00 0.00
pedestrian 0.00 0 0.00 1054 68 1064 90 0.00 0.00 0.00 0.00 0.00 0.00 0.00
car 0.00 0 0.00 1014 47 1057 79 0.00 0.00 0.00 0.00 0.00 0.00 0.00
pedestrian 0.00 0 0.00 1030 28 1039 49 0.00 0.00 0.00 0.00 0.00 0.00 0.00
pedestrian 0.00 0 0.00 1029 19 1036 44 0.00 0.00 0.00 0.00 0.00 0.00 0.00
tricycle 0.00 0 0.00 1033 26 1079 53 0.00 0.00 0.00 0.00 0.00 0.00 0.00
