bicycle 0.00 0 0.00 753 453 789 479 0.00 0.00 0.00 0.00 0.00 0.00 0.00
pedestrian 0.00 0 0.00 636 339 648 360 0.00 0.00 0.00 0.00 0.00 0.00 0.00
pedestrian 0.00 0 0.00 638 327 649 350 0.00 0.00 0.00 0.00 0.00 0.00 0.00
pedestrian 0.00 0 0.00 706 240 716 262 0.00 0.00 0.00 0.00 0.00 0.00 0.00
pedestrian 0.00 0 0.00 713 229 721 252 0.00 0.00 0.00 0.00 0.00 0.00 0.00
pedestrian 0.00 0 0.00 648 153 657 173 0.00 0.00 0.00 0.00 0.00 0.00 0.00
bicycle 0.00 0 0.00 54 513 89 540 0.00 0.00 0.00 0.00 0.00 0.00 0.00
pedestrian 0.00 0 0.00 185 328 198 356 0.00 0.00 0.00 0.00 0.00 0.00 0.00
bicycle 0.00 0 0.00 83 261 106 278 0.00 0.00 0.00 0.00 0.00 0.00 0.00
pedestrian 0.00 0 0.00 435 75 440 86 0.00 0.00 0.00 0.00 0.00 0.00 0.00
pedestrian 0.00 0 0.00 464 40 466 45 0.00 0.00 0.00 0.00 0.00 0.00 0.00
pedestrian 0.00 0 0.00 523 56 526 62 0.00 0.00 0.00 0.00 0.00 0.00 0.00
pedestrian 0.00 0 0.00 524 55 529 63 0.00 0.00 0.00 0.00 0.00 0.00 0.00
pedestrian 0.00 0 0.00 506 29 509 35 0.00 0.00 0.00 0.00 0.00 0.00 0.00
