pedestrian 0.00 0 0.00 13 845 37 917 0.00 0.00 0.00 0.00 0.00 0.00 0.00
pedestrian 0.00 0 0.00 29 844 72 926 0.00 0.00 0.00 0.00 0.00 0.00 0.00
people 0.00 0 0.00 26 815 49 879 0.00 0.00 0.00 0.00 0.00 0.00 0.00
people 0.00 0 0.00 127 820 168 884 0.00 0.00 0.00 0.00 0.00 0.00 0.00
people 0.00 0 0.00 55 808 91 861 0.00 0.00 0.00 0.00 0.00 0.00 0.00
people 0.00 0 0.00 82 799 118 864 0.00 0.00 0.00 0.00 0.00 0.00 0.00
bicycle 0.00 0 0.00 7 842 79 890 0.00 0.00 0.00 0.00 0.00 0.00 0.00
motor 0.00 0 0.00 54 814 140 864 0.00 0.00 0.00 0.00 0.00 0.00 0.00
bicycle 0.00 0 0.00 111 837 194 891 0.00 0.00 0.00 0.00 0.00 0.00 0.00
people 0.00 0 0.00 205 673 228 723 0.00 0.00 0.00 0.00 0.00 0.00 0.00
bicycle 0.00 0 0.00 184 696 240 732 0.00 0.00 0.00 0.00 0.00 0.00 0.00
van 0.00 0 0.00 165 580 265 640 0.00 0.00 0.00 0.00 0.00 0.00 0.00
van 0.00 0 0.00 130 541 231 588 0.00 0.00 0.00 0.00 0.00 0.00 0.00
van 0.00 0 0.00 71 562 178 616 0.00 0.00 0.00 0.00 0.00 0.00 0.00
people 0.00 0 0.00 299 679 327 727 0.00 0.00 0.00 0.00 0.00 0.00 0.00
pedestrian 0.00 0 0.00 347 655 372 704 0.00 0.00 0.00 0.00 0.00 0.00 0.00
people 0.00 0 0.00 421 687 449 737 0.00 0.00 0.00 0.00 0.00 0.00 0.00
people 0.00 0 0.00 415 659 440 703 0.00 0.00 0.00 0.00 0.00 0.00 0.00
people 0.00 0 0.00 454 662 480 714 0.00 0.00 0.00 0.00 0.00 0.00 0.00
pedestrian 0.00 0 0.00 399 647 421 694 0.00 0.00 0.00 0.00 0.00 0.00 0.00
pedestrian 0.00 0 0.00 439 672 459 727 0.00 0.00 0.00 0.00 0.00 0.00 0.00
pedestrian 0.00 0 0.00 426 650 441 700 0.00 0.00 0.00 0.00 0.00 0.00 0.00
pedestrian 0.00 0 0.00 481 645 495 692 0.00 0.00 0.00 0.00 0.00 0.00 0.00
pedestrian 0.00 0 0.00 470 632 488 676 0.00 0.00 0.00 0.00 0.00 0.00 0.00
pedestrian 0.00 0 0.00 496 608 511 653 0.00 0.00 0.00 0.00 0.00 0.00 0.00
pedestrian 0.00 0 0.00 524 600 540 646 0.00 0.00 0.00 0.00 0.00 0.00 0.00
bicycle 0.00 0 0.00 286 692 343 733 0.00 0.00 0.00 0.00 0.00 0.00 0.00
bicycle 0.00 0 0.00 340 674 393 710 0.00 0.00 0.00 0.00 0.00 0.00 0.00
bicycle 0.00 0 0.00 393 664 437 697 0.00 0.00 0.00 0.00 0.00 0.00 0.00
bicycle 0.00 0 0.00 404 675 447 710 0.00 0.00 0.00 0.00 0.00 0.00 0.00
bicycle 0.00 0 0.00 412 700 469 743 0.00 0.00 0.00 0.00 0.00 0.00 0.00
motor 0.00 0 0.00 445 679 494 711 0.00 0.00 0.00 0.00 0.00 0.00 0.00
bicycle 0.00 0 0.00 462 646 510 683 0.00 0.00 0.00 0.00 0.00 0.00 0.00
bicycle 0.00 0 0.00 531 602 557 637 0.00 0.00 0.00 0.00 0.00 0.00 0.00
bicycle 0.00 0 0.00 343 551 455 600 0.00 0.00 0.00 0.00 0.00 0.00 0.00
car 0.00 0 0.00 414 741 544 833 0.00 0.00 0.00 0.00 0.00 0.00 0.00
car 0.00 0 0.00 423 803 566 922 0.00 0.00 0.00 0.00 0.00 0.00 0.00
car 0.00 0 0.00 242 919 433 1074 0.00 0.00 0.00 0.00 0.00 0.00 0.00
car 0.00 0 0.00 684 618 761 683 0.00 0.00 0.00 0.00 0.00 0.00 0.00
van 0.00 0 0.00 796 648 877 733 0.00 0.00 0.00 0.00 0.00 0.00 0.00
van 0.00 0 0.00 786 532 846 599 0.00 0.00 0.00 0.00 0.00 0.00 0.00
car 0.00 0 0.00 817 479 864 515 0.00 0.00 0.00 0.00 0.00 0.00 0.00
pedestrian 0.00 0 0.00 664 535 682 574 0.00 0.00 0.00 0.00 0.00 0.00 0.00
pedestrian 0.00 0 0.00 682 529 696 568 0.00 0.00 0.00 0.00 0.00 0.00 0.00
pedestrian 0.00 0 0.00 697 530 711 567 0.00 0.00 0.00 0.00 0.00 0.00 0.00
pedestrian 0.00 0 0.00 714 495 731 532 0.00 0.00 0.00 0.00 0.00 0.00 0.00
pedestrian 0.00 0 0.00 824 438 831 462 0.00 0.00 0.00 0.00 0.00 0.00 0.00
people 0.00 0 0.00 669 552 687 590 0.00 0.00 0.00 0.00 0.00 0.00 0.00
people 0.00 0 0.00 701 545 719 579 0.00 0.00 0.00 0.00 0.00 0.00 0.00
people 0.00 0 0.00 748 536 765 566 0.00 0.00 0.00 0.00 0.00 0.00 0.00
people 0.00 0 0.00 754 504 767 533 0.00 0.00 0.00 0.00 0.00 0.00 0.00
people 0.00 0 0.00 773 484 786 513 0.00 0.00 0.00 0.00 0.00 0.00 0.00
people 0.00 0 0.00 864 431 875 452 0.00 0.00 0.00 0.00 0.00 0.00 0.00
people 0.00 0 0.00 880 421 888 445 0.00 0.00 0.00 0.00 0.00 0.00 0.00
bicycle 0.00 0 0.00 670 565 684 594 0.00 0.00 0.00 0.00 0.00 0.00 0.00
bicycle 0.00 0 0.00 700 563 718 591 0.00 0.00 0.00 0.00 0.00 0.00 0.00
bicycle 0.00 0 0.00 753 515 766 538 0.00 0.00 0.00 0.00 0.00 0.00 0.00
bicycle 0.00 0 0.00 773 495 784 515 0.00 0.00 0.00 0.00 0.00 0.00 0.00
bicycle 0.00 0 0.00 879 431 888 448 0.00 0.00 0.00 0.00 0.00 0.00 0.00
motor 0.00 0 0.00 862 441 876 458 0.00 0.00 0.00 0.00 0.00 0.00 0.00
motor 0.00 0 0.00 747 543 766 573 0.00 0.00 0.00 0.00 0.00 0.00 0.00
car 0.00 0 0.00 839 773 919 861 0.00 0.00 0.00 0.00 0.00 0.00 0.00
car 0.00 0 0.00 1016 688 1089 763 0.00 0.00 0.00 0.00 0.00 0.00 0.00
car 0.00 0 0.00 896 563 946 611 0.00 0.00 0.00 0.00 0.00 0.00 0.00
car 0.00 0 0.00 908 482 946 513 0.00 0.00 0.00 0.00 0.00 0.00 0.00
car 0.00 0 0.00 938 506 979 547 0.00 0.00 0.00 0.00 0.00 0.00 0.00
car 0.00 0 0.00 1070 513 1112 556 0.00 0.00 0.00 0.00 0.00 0.00 0.00
car 0.00 0 0.00 1008 486 1047 522 0.00 0.00 0.00 0.00 0.00 0.00 0.00
car 0.00 0 0.00 947 458 981 488 0.00 0.00 0.00 0.00 0.00 0.00 0.00
car 0.00 0 0.00 899 433 937 463 0.00 0.00 0.00 0.00 0.00 0.00 0.00
car 0.00 0 0.00 969 425 999 453 0.00 0.00 0.00 0.00 0.00 0.00 0.00
car 0.00 0 0.00 924 411 954 436 0.00 0.00 0.00 0.00 0.00 0.00 0.00
car 0.00 0 0.00 947 391 973 414 0.00 0.00 0.00 0.00 0.00 0.00 0.00
car 0.00 0 0.00 985 390 1008 409 0.00 0.00 0.00 0.00 0.00 0.00 0.00
people 0.00 0 0.00 0 981 55 1070 0.00 0.00 0.00 0.00 0.00 0.00 0.00
bicycle 0.00 0 0.00 0 1022 64 1080 0.00 0.00 0.00 0.00 0.00 0.00 0.00
people 0.00 0 0.00 1041 784 1065 834 0.00 0.00 0.00 0.00 0.00 0.00 0.00
bicycle 0.00 0 0.00 1042 798 1065 851 0.00 0.00 0.00 0.00 0.00 0.00 0.00
bicycle 0.00 0 0.00 1128 658 1169 685 0.00 0.00 0.00 0.00 0.00 0.00 0.00
pedestrian 0.00 0 0.00 1161 531 1173 566 0.00 0.00 0.00 0.00 0.00 0.00 0.00
pedestrian 0.00 0 0.00 1120 504 1135 538 0.00 0.00 0.00 0.00 0.00 0.00 0.00
pedestrian 0.00 0 0.00 1131 486 1142 517 0.00 0.00 0.00 0.00 0.00 0.00 0.00
pedestrian 0.00 0 0.00 1134 464 1145 496 0.00 0.00 0.00 0.00 0.00 0.00 0.00
people 0.00 0 0.00 995 552 1008 589 0.00 0.00 0.00 0.00 0.00 0.00 0.00
bicycle 0.00 0 0.00 996 567 1009 595 0.00 0.00 0.00 0.00 0.00 0.00 0.00
people 0.00 0 0.00 998 456 1011 480 0.00 0.00 0.00 0.00 0.00 0.00 0.00
people 0.00 0 0.00 1008 438 1019 461 0.00 0.00 0.00 0.00 0.00 0.00 0.00
people 0.00 0 0.00 1024 433 1034 456 0.00 0.00 0.00 0.00 0.00 0.00 0.00
people 0.00 0 0.00 1027 415 1036 436 0.00 0.00 0.00 0.00 0.00 0.00 0.00
bicycle 0.00 0 0.00 999 465 1010 485 0.00 0.00 0.00 0.00 0.00 0.00 0.00
bicycle 0.00 0 0.00 1009 447 1017 467 0.00 0.00 0.00 0.00 0.00 0.00 0.00
bicycle 0.00 0 0.00 1024 440 1033 458 0.00 0.00 0.00 0.00 0.00 0.00 0.00
bicycle 0.00 0 0.00 1027 424 1035 440 0.00 0.00 0.00 0.00 0.00 0.00 0.00
car 0.00 0 0.00 878 411 907 439 0.00 0.00 0.00 0.00 0.00 0.00 0.00
car 0.00 0 0.00 916 398 941 421 0.00 0.00 0.00 0.00 0.00 0.00 0.00
car 0.00 0 0.00 921 386 944 408 0.00 0.00 0.00 0.00 0.00 0.00 0.00
car 0.00 0 0.00 930 375 951 396 0.00 0.00 0.00 0.00 0.00 0.00 0.00
car 0.00 0 0.00 954 378 979 399 0.00 0.00 0.00 0.00 0.00 0.00 0.00
car 0.00 0 0.00 963 369 983 390 0.00 0.00 0.00 0.00 0.00 0.00 0.00
car 0.00 0 0.00 975 349 994 370 0.00 0.00 0.00 0.00 0.00 0.00 0.00
car 0.00 0 0.00 949 362 963 376 0.00 0.00 0.00 0.00 0.00 0.00 0.00
car 0.00 0 0.00 957 365 974 382 0.00 0.00 0.00 0.00 0.00 0.00 0.00
car 0.00 0 0.00 952 354 968 368 0.00 0.00 0.00 0.00 0.00 0.00 0.00
car 0.00 0 0.00 975 337 990 351 0.00 0.00 0.00 0.00 0.00 0.00 0.00
truck 0.00 0 0.00 989 330 1007 353 0.00 0.00 0.00 0.00 0.00 0.00 0.00
car 0.00 0 0.00 997 302 1010 313 0.00 0.00 0.00 0.00 0.00 0.00 0.00
car 0.00 0 0.00 1017 303 1031 315 0.00 0.00 0.00 0.00 0.00 0.00 0.00
car 0.00 0 0.00 1009 299 1021 311 0.00 0.00 0.00 0.00 0.00 0.00 0.00
pedestrian 0.00 0 0.00 886 376 894 396 0.00 0.00 0.00 0.00 0.00 0.00 0.00
pedestrian 0.00 0 0.00 838 306 844 320 0.00 0.00 0.00 0.00 0.00 0.00 0.00
car 0.00 0 0.00 822 320 850 334 0.00 0.00 0.00 0.00 0.00 0.00 0.00
car 0.00 0 0.00 724 380 777 404 0.00 0.00 0.00 0.00 0.00 0.00 0.00
car 0.00 0 0.00 743 378 792 401 0.00 0.00 0.00 0.00 0.00 0.00 0.00
car 0.00 0 0.00 755 376 799 396 0.00 0.00 0.00 0.00 0.00 0.00 0.00
car 0.00 0 0.00 769 371 811 390 0.00 0.00 0.00 0.00 0.00 0.00 0.00
car 0.00 0 0.00 786 366 820 382 0.00 0.00 0.00 0.00 0.00 0.00 0.00
car 0.00 0 0.00 770 362 816 379 0.00 0.00 0.00 0.00 0.00 0.00 0.00
car 0.00 0 0.00 786 355 842 377 0.00 0.00 0.00 0.00 0.00 0.00 0.00
car 0.00 0 0.00 810 350 847 367 0.00 0.00 0.00 0.00 0.00 0.00 0.00
car 0.00 0 0.00 828 340 857 357 0.00 0.00 0.00 0.00 0.00 0.00 0.00
pedestrian 0.00 0 0.00 855 300 862 316 0.00 0.00 0.00 0.00 0.00 0.00 0.00
pedestrian 0.00 0 0.00 1120 380 1128 398 0.00 0.00 0.00 0.00 0.00 0.00 0.00
