car 0.00 0 0.00 139 483 216 514 0.00 0.00 0.00 0.00 0.00 0.00 0.00
people 0.00 0 0.00 186 518 204 529 0.00 0.00 0.00 0.00 0.00 0.00 0.00
motor 0.00 0 0.00 117 429 136 449 0.00 0.00 0.00 0.00 0.00 0.00 0.00
people 0.00 0 0.00 95 429 104 442 0.00 0.00 0.00 0.00 0.00 0.00 0.00
people 0.00 0 0.00 101 426 111 440 0.00 0.00 0.00 0.00 0.00 0.00 0.00
car 0.00 0 0.00 458 451 487 497 0.00 0.00 0.00 0.00 0.00 0.00 0.00
car 0.00 0 0.00 493 417 527 457 0.00 0.00 0.00 0.00 0.00 0.00 0.00
car 0.00 0 0.00 421 389 445 420 0.00 0.00 0.00 0.00 0.00 0.00 0.00
pedestrian 0.00 0 0.00 229 370 236 387 0.00 0.00 0.00 0.00 0.00 0.00 0.00
pedestrian 0.00 0 0.00 224 353 232 370 0.00 0.00 0.00 0.00 0.00 0.00 0.00
pedestrian 0.00 0 0.00 201 324 208 338 0.00 0.00 0.00 0.00 0.00 0.00 0.00
pedestrian 0.00 0 0.00 190 373 196 385 0.00 0.00 0.00 0.00 0.00 0.00 0.00
pedestrian 0.00 0 0.00 195 370 202 385 0.00 0.00 0.00 0.00 0.00 0.00 0.00
people 0.00 0 0.00 205 302 210 310 0.00 0.00 0.00 0.00 0.00 0.00 0.00
people 0.00 0 0.00 210 299 215 309 0.00 0.00 0.00 0.00 0.00 0.00 0.00
car 0.00 0 0.00 412 334 431 356 0.00 0.00 0.00 0.00 0.00 0.00 0.00
car 0.00 0 0.00 438 301 457 320 0.00 0.00 0.00 0.00 0.00 0.00 0.00
car 0.00 0 0.00 414 308 431 327 0.00 0.00 0.00 0.00 0.00 0.00 0.00
car 0.00 0 0.00 412 289 426 306 0.00 0.00 0.00 0.00 0.00 0.00 0.00
car 0.00 0 0.00 410 269 424 285 0.00 0.00 0.00 0.00 0.00 0.00 0.00
car 0.00 0 0.00 434 280 452 299 0.00 0.00 0.00 0.00 0.00 0.00 0.00
car 0.00 0 0.00 436 267 447 279 0.00 0.00 0.00 0.00 0.00 0.00 0.00
people 0.00 0 0.00 401 306 407 314 0.00 0.00 0.00 0.00 0.00 0.00 0.00
motor 0.00 0 0.00 402 309 407 320 0.00 0.00 0.00 0.00 0.00 0.00 0.00
people 0.00 0 0.00 463 261 469 271 0.00 0.00 0.00 0.00 0.00 0.00 0.00
motor 0.00 0 0.00 464 267 469 276 0.00 0.00 0.00 0.00 0.00 0.00 0.00
car 0.00 0 0.00 592 204 601 213 0.00 0.00 0.00 0.00 0.00 0.00 0.00
car 0.00 0 0.00 554 207 573 215 0.00 0.00 0.00 0.00 0.00 0.00 0.00
car 0.00 0 0.00 521 209 536 217 0.00 0.00 0.00 0.00 0.00 0.00 0.00
pedestrian 0.00 0 0.00 590 200 594 208 0.00 0.00 0.00 0.00 0.00 0.00 0.00
pedestrian 0.00 0 0.00 594 200 596 207 0.00 0.00 0.00 0.00 0.00 0.00 0.00
pedestrian 0.00 0 0.00 545 299 551 309 0.00 0.00 0.00 0.00 0.00 0.00 0.00
pedestrian 0.00 0 0.00 525 291 530 304 0.00 0.00 0.00 0.00 0.00 0.00 0.00
pedestrian 0.00 0 0.00 518 292 524 303 0.00 0.00 0.00 0.00 0.00 0.00 0.00
people 0.00 0 0.00 461 228 465 233 0.00 0.00 0.00 0.00 0.00 0.00 0.00
motor 0.00 0 0.00 461 231 465 237 0.00 0.00 0.00 0.00 0.00 0.00 0.00
car 0.00 0 0.00 435 213 455 223 0.00 0.00 0.00 0.00 0.00 0.00 0.00
car 0.00 0 0.00 407 221 426 231 0.00 0.00 0.00 0.00 0.00 0.00 0.00
car 0.00 0 0.00 372 227 394 237 0.00 0.00 0.00 0.00 0.00 0.00 0.00
car 0.00 0 0.00 385 216 403 226 0.00 0.00 0.00 0.00 0.00 0.00 0.00
truck 0.00 0 0.00 359 213 383 222 0.00 0.00 0.00 0.00 0.00 0.00 0.00
car 0.00 0 0.00 324 233 344 241 0.00 0.00 0.00 0.00 0.00 0.00 0.00
awning-tricycle 0.00 0 0.00 264 248 280 259 0.00 0.00 0.00 0.00 0.00 0.00 0.00
people 0.00 0 0.00 305 224 308 231 0.00 0.00 0.00 0.00 0.00 0.00 0.00
bicycle 0.00 0 0.00 304 228 308 234 0.00 0.00 0.00 0.00 0.00 0.00 0.00
people 0.00 0 0.00 316 219 319 225 0.00 0.00 0.00 0.00 0.00 0.00 0.00
bicycle 0.00 0 0.00 313 223 322 228 0.00 0.00 0.00 0.00 0.00 0.00 0.00
car 0.00 0 0.00 363 197 371 206 0.00 0.00 0.00 0.00 0.00 0.00 0.00
car 0.00 0 0.00 369 178 377 187 0.00 0.00 0.00 0.00 0.00 0.00 0.00
car 0.00 0 0.00 374 159 380 166 0.00 0.00 0.00 0.00 0.00 0.00 0.00
car 0.00 0 0.00 376 153 381 158 0.00 0.00 0.00 0.00 0.00 0.00 0.00
car 0.00 0 0.00 386 148 392 152 0.00 0.00 0.00 0.00 0.00 0.00 0.00
car 0.00 0 0.00 411 150 417 156 0.00 0.00 0.00 0.00 0.00 0.00 0.00
car 0.00 0 0.00 409 142 415 147 0.00 0.00 0.00 0.00 0.00 0.00 0.00
van 0.00 0 0.00 388 138 392 142 0.00 0.00 0.00 0.00 0.00 0.00 0.00
