tricycle 0.00 0 0.00 1841 571 1876 608 0.00 0.00 0.00 0.00 0.00 0.00 0.00
people 0.00 0 0.00 1888 613 1914 641 0.00 0.00 0.00 0.00 0.00 0.00 0.00
people 0.00 0 0.00 1890 660 1919 687 0.00 0.00 0.00 0.00 0.00 0.00 0.00
people 0.00 0 0.00 1877 656 1896 683 0.00 0.00 0.00 0.00 0.00 0.00 0.00
people 0.00 0 0.00 1873 652 1889 680 0.00 0.00 0.00 0.00 0.00 0.00 0.00
motor 0.00 0 0.00 1082 1017 1111 1080 0.00 0.00 0.00 0.00 0.00 0.00 0.00
people 0.00 0 0.00 1082 1008 1111 1061 0.00 0.00 0.00 0.00 0.00 0.00 0.00
pedestrian 0.00 0 0.00 1114 794 1136 838 0.00 0.00 0.00 0.00 0.00 0.00 0.00
car 0.00 0 0.00 1063 733 1127 803 0.00 0.00 0.00 0.00 0.00 0.00 0.00
motor 0.00 0 0.00 863 749 886 813 0.00 0.00 0.00 0.00 0.00 0.00 0.00
motor 0.00 0 0.00 1006 765 1026 812 0.00 0.00 0.00 0.00 0.00 0.00 0.00
people 0.00 0 0.00 1006 764 1025 799 0.00 0.00 0.00 0.00 0.00 0.00 0.00
awning-tricycle 0.00 0 0.00 1031 836 1061 902 0.00 0.00 0.00 0.00 0.00 0.00 0.00
people 0.00 0 0.00 1036 857 1054 896 0.00 0.00 0.00 0.00 0.00 0.00 0.00
people 0.00 0 0.00 1033 850 1055 886 0.00 0.00 0.00 0.00 0.00 0.00 0.00
bicycle 0.00 0 0.00 1038 629 1055 658 0.00 0.00 0.00 0.00 0.00 0.00 0.00
pedestrian 0.00 0 0.00 1039 619 1058 654 0.00 0.00 0.00 0.00 0.00 0.00 0.00
motor 0.00 0 0.00 986 639 1002 669 0.00 0.00 0.00 0.00 0.00 0.00 0.00
people 0.00 0 0.00 987 632 1002 658 0.00 0.00 0.00 0.00 0.00 0.00 0.00
bicycle 0.00 0 0.00 1005 627 1022 665 0.00 0.00 0.00 0.00 0.00 0.00 0.00
people 0.00 0 0.00 1007 630 1021 656 0.00 0.00 0.00 0.00 0.00 0.00 0.00
car 0.00 0 0.00 869 586 905 635 0.00 0.00 0.00 0.00 0.00 0.00 0.00
pedestrian 0.00 0 0.00 924 483 932 508 0.00 0.00 0.00 0.00 0.00 0.00 0.00
motor 0.00 0 0.00 908 515 923 538 0.00 0.00 0.00 0.00 0.00 0.00 0.00
people 0.00 0 0.00 909 509 922 532 0.00 0.00 0.00 0.00 0.00 0.00 0.00
car 0.00 0 0.00 852 477 884 507 0.00 0.00 0.00 0.00 0.00 0.00 0.00
car 0.00 0 0.00 1022 507 1051 537 0.00 0.00 0.00 0.00 0.00 0.00 0.00
motor 0.00 0 0.00 904 450 914 472 0.00 0.00 0.00 0.00 0.00 0.00 0.00
awning-tricycle 0.00 0 0.00 939 498 961 540 0.00 0.00 0.00 0.00 0.00 0.00 0.00
people 0.00 0 0.00 944 511 955 531 0.00 0.00 0.00 0.00 0.00 0.00 0.00
car 0.00 0 0.00 1023 459 1050 492 0.00 0.00 0.00 0.00 0.00 0.00 0.00
car 0.00 0 0.00 1003 442 1039 475 0.00 0.00 0.00 0.00 0.00 0.00 0.00
bicycle 0.00 0 0.00 990 461 998 482 0.00 0.00 0.00 0.00 0.00 0.00 0.00
people 0.00 0 0.00 988 455 999 479 0.00 0.00 0.00 0.00 0.00 0.00 0.00
car 0.00 0 0.00 1042 399 1067 426 0.00 0.00 0.00 0.00 0.00 0.00 0.00
bicycle 0.00 0 0.00 973 458 983 478 0.00 0.00 0.00 0.00 0.00 0.00 0.00
people 0.00 0 0.00 974 453 983 472 0.00 0.00 0.00 0.00 0.00 0.00 0.00
car 0.00 0 0.00 1001 406 1029 430 0.00 0.00 0.00 0.00 0.00 0.00 0.00
car 0.00 0 0.00 991 387 1017 410 0.00 0.00 0.00 0.00 0.00 0.00 0.00
car 0.00 0 0.00 996 377 1021 400 0.00 0.00 0.00 0.00 0.00 0.00 0.00
car 0.00 0 0.00 1027 380 1050 400 0.00 0.00 0.00 0.00 0.00 0.00 0.00
car 0.00 0 0.00 1011 364 1047 385 0.00 0.00 0.00 0.00 0.00 0.00 0.00
car 0.00 0 0.00 1020 351 1042 370 0.00 0.00 0.00 0.00 0.00 0.00 0.00
car 0.00 0 0.00 1007 321 1043 342 0.00 0.00 0.00 0.00 0.00 0.00 0.00
motor 0.00 0 0.00 974 428 982 445 0.00 0.00 0.00 0.00 0.00 0.00 0.00
people 0.00 0 0.00 973 422 982 442 0.00 0.00 0.00 0.00 0.00 0.00 0.00
car 0.00 0 0.00 986 337 1008 359 0.00 0.00 0.00 0.00 0.00 0.00 0.00
car 0.00 0 0.00 989 332 1009 351 0.00 0.00 0.00 0.00 0.00 0.00 0.00
motor 0.00 0 0.00 992 358 1009 373 0.00 0.00 0.00 0.00 0.00 0.00 0.00
people 0.00 0 0.00 996 355 1004 368 0.00 0.00 0.00 0.00 0.00 0.00 0.00
bicycle 0.00 0 0.00 897 346 904 362 0.00 0.00 0.00 0.00 0.00 0.00 0.00
people 0.00 0 0.00 898 343 903 359 0.00 0.00 0.00 0.00 0.00 0.00 0.00
motor 0.00 0 0.00 955 366 965 382 0.00 0.00 0.00 0.00 0.00 0.00 0.00
people 0.00 0 0.00 955 363 964 380 0.00 0.00 0.00 0.00 0.00 0.00 0.00
motor 0.00 0 0.00 975 368 983 383 0.00 0.00 0.00 0.00 0.00 0.00 0.00
people 0.00 0 0.00 977 370 983 381 0.00 0.00 0.00 0.00 0.00 0.00 0.00
people 0.00 0 0.00 976 364 983 380 0.00 0.00 0.00 0.00 0.00 0.00 0.00
motor 0.00 0 0.00 911 326 918 338 0.00 0.00 0.00 0.00 0.00 0.00 0.00
people 0.00 0 0.00 912 323 917 336 0.00 0.00 0.00 0.00 0.00 0.00 0.00
