motor 0.00 0 0.00 354 411 371 445 0.00 0.00 0.00 0.00 0.00 0.00 0.00
awning-tricycle 0.00 0 0.00 497 350 509 376 0.00 0.00 0.00 0.00 0.00 0.00 0.00
motor 0.00 0 0.00 390 278 406 290 0.00 0.00 0.00 0.00 0.00 0.00 0.00
motor 0.00 0 0.00 345 375 362 401 0.00 0.00 0.00 0.00 0.00 0.00 0.00
motor 0.00 0 0.00 471 407 481 422 0.00 0.00 0.00 0.00 0.00 0.00 0.00
motor 0.00 0 0.00 481 306 491 320 0.00 0.00 0.00 0.00 0.00 0.00 0.00
car 0.00 0 0.00 378 289 404 314 0.00 0.00 0.00 0.00 0.00 0.00 0.00
car 0.00 0 0.00 343 346 374 380 0.00 0.00 0.00 0.00 0.00 0.00 0.00
car 0.00 0 0.00 474 236 486 248 0.00 0.00 0.00 0.00 0.00 0.00 0.00
car 0.00 0 0.00 430 231 444 246 0.00 0.00 0.00 0.00 0.00 0.00 0.00
bus 0.00 0 0.00 405 244 423 270 0.00 0.00 0.00 0.00 0.00 0.00 0.00
people 0.00 0 0.00 500 241 507 254 0.00 0.00 0.00 0.00 0.00 0.00 0.00
people 0.00 0 0.00 479 301 492 310 0.00 0.00 0.00 0.00 0.00 0.00 0.00
people 0.00 0 0.00 469 396 480 415 0.00 0.00 0.00 0.00 0.00 0.00 0.00
people 0.00 0 0.00 488 212 494 220 0.00 0.00 0.00 0.00 0.00 0.00 0.00
people 0.00 0 0.00 437 216 445 225 0.00 0.00 0.00 0.00 0.00 0.00 0.00
car 0.00 0 0.00 523 294 537 310 0.00 0.00 0.00 0.00 0.00 0.00 0.00
people 0.00 0 0.00 357 418 370 436 0.00 0.00 0.00 0.00 0.00 0.00 0.00
