awning-tricycle 0.00 0 0.00 840 104 873 128 0.00 0.00 0.00 0.00 0.00 0.00 0.00
tricycle 0.00 0 0.00 862 97 886 119 0.00 0.00 0.00 0.00 0.00 0.00 0.00
car 0.00 0 0.00 694 248 780 301 0.00 0.00 0.00 0.00 0.00 0.00 0.00
tricycle 0.00 0 0.00 769 136 800 163 0.00 0.00 0.00 0.00 0.00 0.00 0.00
tricycle 0.00 0 0.00 750 145 790 171 0.00 0.00 0.00 0.00 0.00 0.00 0.00
tricycle 0.00 0 0.00 885 133 928 159 0.00 0.00 0.00 0.00 0.00 0.00 0.00
tricycle 0.00 0 0.00 910 122 954 147 0.00 0.00 0.00 0.00 0.00 0.00 0.00
awning-tricycle 0.00 0 0.00 911 92 944 121 0.00 0.00 0.00 0.00 0.00 0.00 0.00
tricycle 0.00 0 0.00 906 70 950 100 0.00 0.00 0.00 0.00 0.00 0.00 0.00
tricycle 0.00 0 0.00 839 193 891 225 0.00 0.00 0.00 0.00 0.00 0.00 0.00
tricycle 0.00 0 0.00 857 187 892 215 0.00 0.00 0.00 0.00 0.00 0.00 0.00
car 0.00 0 0.00 638 288 719 351 0.00 0.00 0.00 0.00 0.00 0.00 0.00
car 0.00 0 0.00 591 314 668 379 0.00 0.00 0.00 0.00 0.00 0.00 0.00
pedestrian 0.00 0 0.00 539 259 548 280 0.00 0.00 0.00 0.00 0.00 0.00 0.00
pedestrian 0.00 0 0.00 536 259 543 280 0.00 0.00 0.00 0.00 0.00 0.00 0.00
pedestrian 0.00 0 0.00 529 256 539 277 0.00 0.00 0.00 0.00 0.00 0.00 0.00
car 0.00 0 0.00 805 375 869 438 0.00 0.00 0.00 0.00 0.00 0.00 0.00
pedestrian 0.00 0 0.00 845 423 864 451 0.00 0.00 0.00 0.00 0.00 0.00 0.00
people 0.00 0 0.00 863 425 877 441 0.00 0.00 0.00 0.00 0.00 0.00 0.00
tricycle 0.00 0 0.00 471 417 521 479 0.00 0.00 0.00 0.00 0.00 0.00 0.00
tricycle 0.00 0 0.00 451 431 498 494 0.00 0.00 0.00 0.00 0.00 0.00 0.00
tricycle 0.00 0 0.00 426 442 474 509 0.00 0.00 0.00 0.00 0.00 0.00 0.00
tricycle 0.00 0 0.00 401 457 448 526 0.00 0.00 0.00 0.00 0.00 0.00 0.00
tricycle 0.00 0 0.00 374 469 418 540 0.00 0.00 0.00 0.00 0.00 0.00 0.00
tricycle 0.00 0 0.00 350 485 388 539 0.00 0.00 0.00 0.00 0.00 0.00 0.00
tricycle 0.00 0 0.00 308 402 364 438 0.00 0.00 0.00 0.00 0.00 0.00 0.00
pedestrian 0.00 0 0.00 317 436 329 461 0.00 0.00 0.00 0.00 0.00 0.00 0.00
pedestrian 0.00 0 0.00 298 423 316 450 0.00 0.00 0.00 0.00 0.00 0.00 0.00
pedestrian 0.00 0 0.00 288 420 302 442 0.00 0.00 0.00 0.00 0.00 0.00 0.00
car 0.00 0 0.00 424 249 491 304 0.00 0.00 0.00 0.00 0.00 0.00 0.00
tricycle 0.00 0 0.00 411 289 456 345 0.00 0.00 0.00 0.00 0.00 0.00 0.00
tricycle 0.00 0 0.00 387 311 429 365 0.00 0.00 0.00 0.00 0.00 0.00 0.00
tricycle 0.00 0 0.00 369 322 409 377 0.00 0.00 0.00 0.00 0.00 0.00 0.00
tricycle 0.00 0 0.00 316 345 351 399 0.00 0.00 0.00 0.00 0.00 0.00 0.00
tricycle 0.00 0 0.00 279 339 328 412 0.00 0.00 0.00 0.00 0.00 0.00 0.00
awning-tricycle 0.00 0 0.00 221 377 263 437 0.00 0.00 0.00 0.00 0.00 0.00 0.00
awning-tricycle 0.00 0 0.00 192 391 232 453 0.00 0.00 0.00 0.00 0.00 0.00 0.00
tricycle 0.00 0 0.00 165 414 200 475 0.00 0.00 0.00 0.00 0.00 0.00 0.00
pedestrian 0.00 0 0.00 69 391 85 411 0.00 0.00 0.00 0.00 0.00 0.00 0.00
motor 0.00 0 0.00 0 429 37 460 0.00 0.00 0.00 0.00 0.00 0.00 0.00
tricycle 0.00 0 0.00 20 455 62 520 0.00 0.00 0.00 0.00 0.00 0.00 0.00
tricycle 0.00 0 0.00 0 466 34 527 0.00 0.00 0.00 0.00 0.00 0.00 0.00
awning-tricycle 0.00 0 0.00 923 116 960 143 0.00 0.00 0.00 0.00 0.00 0.00 0.00
tricycle 0.00 0 0.00 858 88 891 120 0.00 0.00 0.00 0.00 0.00 0.00 0.00
