car 0.00 0 0.00 488 978 600 1080 0.00 0.00 0.00 0.00 0.00 0.00 0.00
car 0.00 0 0.00 341 999 463 1080 0.00 0.00 0.00 0.00 0.00 0.00 0.00
car 0.00 0 0.00 445 789 530 887 0.00 0.00 0.00 0.00 0.00 0.00 0.00
car 0.00 0 0.00 576 716 644 796 0.00 0.00 0.00 0.00 0.00 0.00 0.00
car 0.00 0 0.00 122 733 269 812 0.00 0.00 0.00 0.00 0.00 0.00 0.00
car 0.00 0 0.00 608 630 669 690 0.00 0.00 0.00 0.00 0.00 0.00 0.00
car 0.00 0 0.00 547 621 604 677 0.00 0.00 0.00 0.00 0.00 0.00 0.00
van 0.00 0 0.00 345 628 433 715 0.00 0.00 0.00 0.00 0.00 0.00 0.00
car 0.00 0 0.00 418 577 479 631 0.00 0.00 0.00 0.00 0.00 0.00 0.00
car 0.00 0 0.00 478 526 528 570 0.00 0.00 0.00 0.00 0.00 0.00 0.00
car 0.00 0 0.00 488 406 525 435 0.00 0.00 0.00 0.00 0.00 0.00 0.00
car 0.00 0 0.00 698 575 751 626 0.00 0.00 0.00 0.00 0.00 0.00 0.00
car 0.00 0 0.00 645 561 689 607 0.00 0.00 0.00 0.00 0.00 0.00 0.00
car 0.00 0 0.00 570 569 619 620 0.00 0.00 0.00 0.00 0.00 0.00 0.00
car 0.00 0 0.00 537 535 583 579 0.00 0.00 0.00 0.00 0.00 0.00 0.00
car 0.00 0 0.00 523 476 568 519 0.00 0.00 0.00 0.00 0.00 0.00 0.00
car 0.00 0 0.00 624 479 666 518 0.00 0.00 0.00 0.00 0.00 0.00 0.00
car 0.00 0 0.00 605 521 650 563 0.00 0.00 0.00 0.00 0.00 0.00 0.00
car 0.00 0 0.00 669 503 713 546 0.00 0.00 0.00 0.00 0.00 0.00 0.00
car 0.00 0 0.00 687 470 718 505 0.00 0.00 0.00 0.00 0.00 0.00 0.00
car 0.00 0 0.00 650 445 684 477 0.00 0.00 0.00 0.00 0.00 0.00 0.00
car 0.00 0 0.00 611 410 643 437 0.00 0.00 0.00 0.00 0.00 0.00 0.00
van 0.00 0 0.00 565 432 601 471 0.00 0.00 0.00 0.00 0.00 0.00 0.00
truck 0.00 0 0.00 549 373 599 435 0.00 0.00 0.00 0.00 0.00 0.00 0.00
car 0.00 0 0.00 619 390 653 418 0.00 0.00 0.00 0.00 0.00 0.00 0.00
car 0.00 0 0.00 582 364 628 384 0.00 0.00 0.00 0.00 0.00 0.00 0.00
car 0.00 0 0.00 597 358 642 378 0.00 0.00 0.00 0.00 0.00 0.00 0.00
car 0.00 0 0.00 629 338 662 357 0.00 0.00 0.00 0.00 0.00 0.00 0.00
bus 0.00 0 0.00 657 346 703 396 0.00 0.00 0.00 0.00 0.00 0.00 0.00
van 0.00 0 0.00 595 350 644 373 0.00 0.00 0.00 0.00 0.00 0.00 0.00
car 0.00 0 0.00 659 387 689 415 0.00 0.00 0.00 0.00 0.00 0.00 0.00
car 0.00 0 0.00 681 398 712 426 0.00 0.00 0.00 0.00 0.00 0.00 0.00
car 0.00 0 0.00 706 435 740 464 0.00 0.00 0.00 0.00 0.00 0.00 0.00
car 0.00 0 0.00 716 543 763 590 0.00 0.00 0.00 0.00 0.00 0.00 0.00
car 0.00 0 0.00 732 506 772 549 0.00 0.00 0.00 0.00 0.00 0.00 0.00
car 0.00 0 0.00 736 479 771 513 0.00 0.00 0.00 0.00 0.00 0.00 0.00
car 0.00 0 0.00 749 455 782 489 0.00 0.00 0.00 0.00 0.00 0.00 0.00
car 0.00 0 0.00 755 431 788 466 0.00 0.00 0.00 0.00 0.00 0.00 0.00
car 0.00 0 0.00 762 420 791 447 0.00 0.00 0.00 0.00 0.00 0.00 0.00
car 0.00 0 0.00 765 398 792 422 0.00 0.00 0.00 0.00 0.00 0.00 0.00
car 0.00 0 0.00 769 389 793 410 0.00 0.00 0.00 0.00 0.00 0.00 0.00
car 0.00 0 0.00 773 375 797 397 0.00 0.00 0.00 0.00 0.00 0.00 0.00
car 0.00 0 0.00 774 367 794 386 0.00 0.00 0.00 0.00 0.00 0.00 0.00
car 0.00 0 0.00 720 339 741 358 0.00 0.00 0.00 0.00 0.00 0.00 0.00
car 0.00 0 0.00 725 329 744 345 0.00 0.00 0.00 0.00 0.00 0.00 0.00
car 0.00 0 0.00 717 307 733 322 0.00 0.00 0.00 0.00 0.00 0.00 0.00
car 0.00 0 0.00 726 298 742 313 0.00 0.00 0.00 0.00 0.00 0.00 0.00
car 0.00 0 0.00 735 292 749 304 0.00 0.00 0.00 0.00 0.00 0.00 0.00
car 0.00 0 0.00 739 287 753 298 0.00 0.00 0.00 0.00 0.00 0.00 0.00
car 0.00 0 0.00 760 322 778 338 0.00 0.00 0.00 0.00 0.00 0.00 0.00
car 0.00 0 0.00 768 311 786 327 0.00 0.00 0.00 0.00 0.00 0.00 0.00
car 0.00 0 0.00 769 304 787 317 0.00 0.00 0.00 0.00 0.00 0.00 0.00
car 0.00 0 0.00 777 298 793 311 0.00 0.00 0.00 0.00 0.00 0.00 0.00
car 0.00 0 0.00 746 299 762 313 0.00 0.00 0.00 0.00 0.00 0.00 0.00
car 0.00 0 0.00 755 294 769 307 0.00 0.00 0.00 0.00 0.00 0.00 0.00
car 0.00 0 0.00 757 284 772 296 0.00 0.00 0.00 0.00 0.00 0.00 0.00
car 0.00 0 0.00 782 287 797 299 0.00 0.00 0.00 0.00 0.00 0.00 0.00
car 0.00 0 0.00 775 292 790 303 0.00 0.00 0.00 0.00 0.00 0.00 0.00
car 0.00 0 0.00 700 377 725 401 0.00 0.00 0.00 0.00 0.00 0.00 0.00
car 0.00 0 0.00 713 353 736 372 0.00 0.00 0.00 0.00 0.00 0.00 0.00
car 0.00 0 0.00 738 368 762 388 0.00 0.00 0.00 0.00 0.00 0.00 0.00
car 0.00 0 0.00 728 384 753 408 0.00 0.00 0.00 0.00 0.00 0.00 0.00
car 0.00 0 0.00 719 411 747 436 0.00 0.00 0.00 0.00 0.00 0.00 0.00
car 0.00 0 0.00 752 347 772 367 0.00 0.00 0.00 0.00 0.00 0.00 0.00
car 0.00 0 0.00 755 331 775 348 0.00 0.00 0.00 0.00 0.00 0.00 0.00
car 0.00 0 0.00 745 309 761 325 0.00 0.00 0.00 0.00 0.00 0.00 0.00
bus 0.00 0 0.00 688 311 722 349 0.00 0.00 0.00 0.00 0.00 0.00 0.00
car 0.00 0 0.00 800 287 817 304 0.00 0.00 0.00 0.00 0.00 0.00 0.00
car 0.00 0 0.00 1155 988 1299 1080 0.00 0.00 0.00 0.00 0.00 0.00 0.00
car 0.00 0 0.00 955 907 1059 1029 0.00 0.00 0.00 0.00 0.00 0.00 0.00
car 0.00 0 0.00 1157 810 1259 897 0.00 0.00 0.00 0.00 0.00 0.00 0.00
car 0.00 0 0.00 918 723 985 792 0.00 0.00 0.00 0.00 0.00 0.00 0.00
car 0.00 0 0.00 1006 673 1080 745 0.00 0.00 0.00 0.00 0.00 0.00 0.00
car 0.00 0 0.00 1117 621 1185 672 0.00 0.00 0.00 0.00 0.00 0.00 0.00
car 0.00 0 0.00 1068 564 1113 607 0.00 0.00 0.00 0.00 0.00 0.00 0.00
car 0.00 0 0.00 896 502 932 539 0.00 0.00 0.00 0.00 0.00 0.00 0.00
van 0.00 0 0.00 940 575 993 631 0.00 0.00 0.00 0.00 0.00 0.00 0.00
car 0.00 0 0.00 824 614 876 665 0.00 0.00 0.00 0.00 0.00 0.00 0.00
car 0.00 0 0.00 820 531 862 571 0.00 0.00 0.00 0.00 0.00 0.00 0.00
car 0.00 0 0.00 820 474 859 515 0.00 0.00 0.00 0.00 0.00 0.00 0.00
car 0.00 0 0.00 833 427 864 456 0.00 0.00 0.00 0.00 0.00 0.00 0.00
car 0.00 0 0.00 863 400 887 427 0.00 0.00 0.00 0.00 0.00 0.00 0.00
car 0.00 0 0.00 820 400 847 425 0.00 0.00 0.00 0.00 0.00 0.00 0.00
car 0.00 0 0.00 823 376 847 396 0.00 0.00 0.00 0.00 0.00 0.00 0.00
car 0.00 0 0.00 835 346 856 364 0.00 0.00 0.00 0.00 0.00 0.00 0.00
car 0.00 0 0.00 896 372 919 392 0.00 0.00 0.00 0.00 0.00 0.00 0.00
bus 0.00 0 0.00 856 349 889 396 0.00 0.00 0.00 0.00 0.00 0.00 0.00
bus 0.00 0 0.00 919 381 964 444 0.00 0.00 0.00 0.00 0.00 0.00 0.00
bus 0.00 0 0.00 901 303 927 339 0.00 0.00 0.00 0.00 0.00 0.00 0.00
car 0.00 0 0.00 899 341 920 361 0.00 0.00 0.00 0.00 0.00 0.00 0.00
car 0.00 0 0.00 855 319 873 335 0.00 0.00 0.00 0.00 0.00 0.00 0.00
car 0.00 0 0.00 831 313 847 328 0.00 0.00 0.00 0.00 0.00 0.00 0.00
car 0.00 0 0.00 852 299 868 314 0.00 0.00 0.00 0.00 0.00 0.00 0.00
car 0.00 0 0.00 834 283 848 295 0.00 0.00 0.00 0.00 0.00 0.00 0.00
bus 0.00 0 0.00 856 266 875 293 0.00 0.00 0.00 0.00 0.00 0.00 0.00
bus 0.00 0 0.00 888 275 912 307 0.00 0.00 0.00 0.00 0.00 0.00 0.00
car 0.00 0 0.00 886 310 903 325 0.00 0.00 0.00 0.00 0.00 0.00 0.00
car 0.00 0 0.00 870 345 890 361 0.00 0.00 0.00 0.00 0.00 0.00 0.00
car 0.00 0 0.00 1587 913 1769 1026 0.00 0.00 0.00 0.00 0.00 0.00 0.00
car 0.00 0 0.00 1458 788 1563 879 0.00 0.00 0.00 0.00 0.00 0.00 0.00
car 0.00 0 0.00 1771 889 1920 979 0.00 0.00 0.00 0.00 0.00 0.00 0.00
car 0.00 0 0.00 1679 850 1866 928 0.00 0.00 0.00 0.00 0.00 0.00 0.00
car 0.00 0 0.00 1600 794 1768 867 0.00 0.00 0.00 0.00 0.00 0.00 0.00
car 0.00 0 0.00 1569 756 1729 825 0.00 0.00 0.00 0.00 0.00 0.00 0.00
car 0.00 0 0.00 1519 728 1666 793 0.00 0.00 0.00 0.00 0.00 0.00 0.00
car 0.00 0 0.00 1494 694 1655 766 0.00 0.00 0.00 0.00 0.00 0.00 0.00
car 0.00 0 0.00 1463 675 1607 741 0.00 0.00 0.00 0.00 0.00 0.00 0.00
car 0.00 0 0.00 1357 603 1470 649 0.00 0.00 0.00 0.00 0.00 0.00 0.00
car 0.00 0 0.00 1334 568 1433 609 0.00 0.00 0.00 0.00 0.00 0.00 0.00
car 0.00 0 0.00 1290 543 1394 580 0.00 0.00 0.00 0.00 0.00 0.00 0.00
car 0.00 0 0.00 1268 525 1362 562 0.00 0.00 0.00 0.00 0.00 0.00 0.00
car 0.00 0 0.00 1255 519 1333 549 0.00 0.00 0.00 0.00 0.00 0.00 0.00
car 0.00 0 0.00 1251 506 1331 533 0.00 0.00 0.00 0.00 0.00 0.00 0.00
car 0.00 0 0.00 1232 495 1328 525 0.00 0.00 0.00 0.00 0.00 0.00 0.00
car 0.00 0 0.00 1205 465 1286 493 0.00 0.00 0.00 0.00 0.00 0.00 0.00
car 0.00 0 0.00 1174 452 1249 479 0.00 0.00 0.00 0.00 0.00 0.00 0.00
car 0.00 0 0.00 1166 444 1244 471 0.00 0.00 0.00 0.00 0.00 0.00 0.00
car 0.00 0 0.00 1137 431 1205 456 0.00 0.00 0.00 0.00 0.00 0.00 0.00
car 0.00 0 0.00 1124 426 1196 448 0.00 0.00 0.00 0.00 0.00 0.00 0.00
car 0.00 0 0.00 1128 415 1192 437 0.00 0.00 0.00 0.00 0.00 0.00 0.00
car 0.00 0 0.00 1116 409 1177 430 0.00 0.00 0.00 0.00 0.00 0.00 0.00
car 0.00 0 0.00 1106 405 1166 426 0.00 0.00 0.00 0.00 0.00 0.00 0.00
car 0.00 0 0.00 1105 399 1156 417 0.00 0.00 0.00 0.00 0.00 0.00 0.00
van 0.00 0 0.00 1094 392 1145 419 0.00 0.00 0.00 0.00 0.00 0.00 0.00
van 0.00 0 0.00 1080 381 1106 410 0.00 0.00 0.00 0.00 0.00 0.00 0.00
car 0.00 0 0.00 1213 401 1249 428 0.00 0.00 0.00 0.00 0.00 0.00 0.00
pedestrian 0.00 0 0.00 1887 732 1916 790 0.00 0.00 0.00 0.00 0.00 0.00 0.00
pedestrian 0.00 0 0.00 1793 769 1819 828 0.00 0.00 0.00 0.00 0.00 0.00 0.00
pedestrian 0.00 0 0.00 1756 742 1777 794 0.00 0.00 0.00 0.00 0.00 0.00 0.00
pedestrian 0.00 0 0.00 1790 689 1812 738 0.00 0.00 0.00 0.00 0.00 0.00 0.00
pedestrian 0.00 0 0.00 1848 678 1870 719 0.00 0.00 0.00 0.00 0.00 0.00 0.00
pedestrian 0.00 0 0.00 1862 651 1881 695 0.00 0.00 0.00 0.00 0.00 0.00 0.00
pedestrian 0.00 0 0.00 1824 630 1841 675 0.00 0.00 0.00 0.00 0.00 0.00 0.00
pedestrian 0.00 0 0.00 1742 651 1756 697 0.00 0.00 0.00 0.00 0.00 0.00 0.00
pedestrian 0.00 0 0.00 1731 654 1748 700 0.00 0.00 0.00 0.00 0.00 0.00 0.00
pedestrian 0.00 0 0.00 1680 667 1696 712 0.00 0.00 0.00 0.00 0.00 0.00 0.00
pedestrian 0.00 0 0.00 1693 668 1709 713 0.00 0.00 0.00 0.00 0.00 0.00 0.00
pedestrian 0.00 0 0.00 1625 612 1645 653 0.00 0.00 0.00 0.00 0.00 0.00 0.00
pedestrian 0.00 0 0.00 1595 601 1611 639 0.00 0.00 0.00 0.00 0.00 0.00 0.00
pedestrian 0.00 0 0.00 1355 642 1374 686 0.00 0.00 0.00 0.00 0.00 0.00 0.00
people 0.00 0 0.00 1335 632 1354 658 0.00 0.00 0.00 0.00 0.00 0.00 0.00
motor 0.00 0 0.00 1303 602 1323 637 0.00 0.00 0.00 0.00 0.00 0.00 0.00
pedestrian 0.00 0 0.00 1392 524 1408 561 0.00 0.00 0.00 0.00 0.00 0.00 0.00
pedestrian 0.00 0 0.00 1419 532 1433 567 0.00 0.00 0.00 0.00 0.00 0.00 0.00
pedestrian 0.00 0 0.00 1229 432 1239 456 0.00 0.00 0.00 0.00 0.00 0.00 0.00
people 0.00 0 0.00 1392 771 1417 817 0.00 0.00 0.00 0.00 0.00 0.00 0.00
bicycle 0.00 0 0.00 1392 785 1416 832 0.00 0.00 0.00 0.00 0.00 0.00 0.00
motor 0.00 0 0.00 1347 746 1367 782 0.00 0.00 0.00 0.00 0.00 0.00 0.00
people 0.00 0 0.00 1347 732 1368 771 0.00 0.00 0.00 0.00 0.00 0.00 0.00
people 0.00 0 0.00 1264 676 1280 723 0.00 0.00 0.00 0.00 0.00 0.00 0.00
people 0.00 0 0.00 1252 669 1270 710 0.00 0.00 0.00 0.00 0.00 0.00 0.00
pedestrian 0.00 0 0.00 1263 652 1279 697 0.00 0.00 0.00 0.00 0.00 0.00 0.00
pedestrian 0.00 0 0.00 1248 647 1264 685 0.00 0.00 0.00 0.00 0.00 0.00 0.00
pedestrian 0.00 0 0.00 1222 642 1236 692 0.00 0.00 0.00 0.00 0.00 0.00 0.00
pedestrian 0.00 0 0.00 1184 639 1201 684 0.00 0.00 0.00 0.00 0.00 0.00 0.00
pedestrian 0.00 0 0.00 1216 642 1233 683 0.00 0.00 0.00 0.00 0.00 0.00 0.00
bicycle 0.00 0 0.00 1251 695 1285 725 0.00 0.00 0.00 0.00 0.00 0.00 0.00
bicycle 0.00 0 0.00 1230 685 1274 713 0.00 0.00 0.00 0.00 0.00 0.00 0.00
people 0.00 0 0.00 741 677 761 723 0.00 0.00 0.00 0.00 0.00 0.00 0.00
people 0.00 0 0.00 767 667 786 706 0.00 0.00 0.00 0.00 0.00 0.00 0.00
bicycle 0.00 0 0.00 741 692 757 727 0.00 0.00 0.00 0.00 0.00 0.00 0.00
bicycle 0.00 0 0.00 768 683 788 716 0.00 0.00 0.00 0.00 0.00 0.00 0.00
pedestrian 0.00 0 0.00 532 315 538 331 0.00 0.00 0.00 0.00 0.00 0.00 0.00
pedestrian 0.00 0 0.00 573 357 581 375 0.00 0.00 0.00 0.00 0.00 0.00 0.00
pedestrian 0.00 0 0.00 615 372 624 391 0.00 0.00 0.00 0.00 0.00 0.00 0.00
pedestrian 0.00 0 0.00 538 323 544 338 0.00 0.00 0.00 0.00 0.00 0.00 0.00
pedestrian 0.00 0 0.00 521 329 527 346 0.00 0.00 0.00 0.00 0.00 0.00 0.00
pedestrian 0.00 0 0.00 498 337 505 354 0.00 0.00 0.00 0.00 0.00 0.00 0.00
pedestrian 0.00 0 0.00 492 342 500 361 0.00 0.00 0.00 0.00 0.00 0.00 0.00
pedestrian 0.00 0 0.00 479 352 487 370 0.00 0.00 0.00 0.00 0.00 0.00 0.00
pedestrian 0.00 0 0.00 473 350 481 372 0.00 0.00 0.00 0.00 0.00 0.00 0.00
pedestrian 0.00 0 0.00 510 367 517 384 0.00 0.00 0.00 0.00 0.00 0.00 0.00
pedestrian 0.00 0 0.00 516 379 525 401 0.00 0.00 0.00 0.00 0.00 0.00 0.00
pedestrian 0.00 0 0.00 507 379 516 402 0.00 0.00 0.00 0.00 0.00 0.00 0.00
people 0.00 0 0.00 538 393 546 406 0.00 0.00 0.00 0.00 0.00 0.00 0.00
motor 0.00 0 0.00 537 398 546 411 0.00 0.00 0.00 0.00 0.00 0.00 0.00
pedestrian 0.00 0 0.00 492 384 500 405 0.00 0.00 0.00 0.00 0.00 0.00 0.00
pedestrian 0.00 0 0.00 467 409 477 431 0.00 0.00 0.00 0.00 0.00 0.00 0.00
pedestrian 0.00 0 0.00 468 389 477 413 0.00 0.00 0.00 0.00 0.00 0.00 0.00
pedestrian 0.00 0 0.00 451 397 460 419 0.00 0.00 0.00 0.00 0.00 0.00 0.00
pedestrian 0.00 0 0.00 430 404 438 428 0.00 0.00 0.00 0.00 0.00 0.00 0.00
pedestrian 0.00 0 0.00 405 526 417 560 0.00 0.00 0.00 0.00 0.00 0.00 0.00
pedestrian 0.00 0 0.00 384 558 400 590 0.00 0.00 0.00 0.00 0.00 0.00 0.00
pedestrian 0.00 0 0.00 395 422 404 447 0.00 0.00 0.00 0.00 0.00 0.00 0.00
pedestrian 0.00 0 0.00 372 437 384 463 0.00 0.00 0.00 0.00 0.00 0.00 0.00
pedestrian 0.00 0 0.00 390 430 401 459 0.00 0.00 0.00 0.00 0.00 0.00 0.00
pedestrian 0.00 0 0.00 311 401 321 425 0.00 0.00 0.00 0.00 0.00 0.00 0.00
pedestrian 0.00 0 0.00 307 428 319 453 0.00 0.00 0.00 0.00 0.00 0.00 0.00
pedestrian 0.00 0 0.00 357 459 369 487 0.00 0.00 0.00 0.00 0.00 0.00 0.00
pedestrian 0.00 0 0.00 320 475 330 503 0.00 0.00 0.00 0.00 0.00 0.00 0.00
pedestrian 0.00 0 0.00 325 454 336 478 0.00 0.00 0.00 0.00 0.00 0.00 0.00
pedestrian 0.00 0 0.00 315 465 327 494 0.00 0.00 0.00 0.00 0.00 0.00 0.00
pedestrian 0.00 0 0.00 336 476 346 497 0.00 0.00 0.00 0.00 0.00 0.00 0.00
pedestrian 0.00 0 0.00 336 456 346 480 0.00 0.00 0.00 0.00 0.00 0.00 0.00
pedestrian 0.00 0 0.00 343 456 354 483 0.00 0.00 0.00 0.00 0.00 0.00 0.00
pedestrian 0.00 0 0.00 293 487 306 519 0.00 0.00 0.00 0.00 0.00 0.00 0.00
pedestrian 0.00 0 0.00 265 463 277 489 0.00 0.00 0.00 0.00 0.00 0.00 0.00
car 0.00 0 0.00 253 448 328 479 0.00 0.00 0.00 0.00 0.00 0.00 0.00
people 0.00 0 0.00 246 466 259 484 0.00 0.00 0.00 0.00 0.00 0.00 0.00
pedestrian 0.00 0 0.00 200 513 213 548 0.00 0.00 0.00 0.00 0.00 0.00 0.00
pedestrian 0.00 0 0.00 215 505 228 541 0.00 0.00 0.00 0.00 0.00 0.00 0.00
pedestrian 0.00 0 0.00 241 495 251 525 0.00 0.00 0.00 0.00 0.00 0.00 0.00
pedestrian 0.00 0 0.00 261 506 271 537 0.00 0.00 0.00 0.00 0.00 0.00 0.00
pedestrian 0.00 0 0.00 247 506 262 540 0.00 0.00 0.00 0.00 0.00 0.00 0.00
pedestrian 0.00 0 0.00 267 526 278 560 0.00 0.00 0.00 0.00 0.00 0.00 0.00
pedestrian 0.00 0 0.00 275 531 289 565 0.00 0.00 0.00 0.00 0.00 0.00 0.00
bicycle 0.00 0 0.00 139 532 174 554 0.00 0.00 0.00 0.00 0.00 0.00 0.00
people 0.00 0 0.00 142 514 155 535 0.00 0.00 0.00 0.00 0.00 0.00 0.00
people 0.00 0 0.00 154 513 173 535 0.00 0.00 0.00 0.00 0.00 0.00 0.00
pedestrian 0.00 0 0.00 107 574 127 610 0.00 0.00 0.00 0.00 0.00 0.00 0.00
pedestrian 0.00 0 0.00 62 569 80 610 0.00 0.00 0.00 0.00 0.00 0.00 0.00
pedestrian 0.00 0 0.00 7 564 22 598 0.00 0.00 0.00 0.00 0.00 0.00 0.00
people 0.00 0 0.00 3 590 26 620 0.00 0.00 0.00 0.00 0.00 0.00 0.00
bicycle 0.00 0 0.00 0 606 34 633 0.00 0.00 0.00 0.00 0.00 0.00 0.00
pedestrian 0.00 0 0.00 46 599 66 643 0.00 0.00 0.00 0.00 0.00 0.00 0.00
pedestrian 0.00 0 0.00 64 602 82 644 0.00 0.00 0.00 0.00 0.00 0.00 0.00
pedestrian 0.00 0 0.00 81 598 97 641 0.00 0.00 0.00 0.00 0.00 0.00 0.00
pedestrian 0.00 0 0.00 88 610 107 654 0.00 0.00 0.00 0.00 0.00 0.00 0.00
pedestrian 0.00 0 0.00 106 612 121 653 0.00 0.00 0.00 0.00 0.00 0.00 0.00
pedestrian 0.00 0 0.00 115 616 133 658 0.00 0.00 0.00 0.00 0.00 0.00 0.00
pedestrian 0.00 0 0.00 166 632 180 675 0.00 0.00 0.00 0.00 0.00 0.00 0.00
people 0.00 0 0.00 336 564 352 591 0.00 0.00 0.00 0.00 0.00 0.00 0.00
people 0.00 0 0.00 322 553 334 577 0.00 0.00 0.00 0.00 0.00 0.00 0.00
pedestrian 0.00 0 0.00 38 636 61 669 0.00 0.00 0.00 0.00 0.00 0.00 0.00
pedestrian 0.00 0 0.00 0 662 21 712 0.00 0.00 0.00 0.00 0.00 0.00 0.00
pedestrian 0.00 0 0.00 54 665 73 710 0.00 0.00 0.00 0.00 0.00 0.00 0.00
pedestrian 0.00 0 0.00 77 654 95 703 0.00 0.00 0.00 0.00 0.00 0.00 0.00
pedestrian 0.00 0 0.00 214 602 228 641 0.00 0.00 0.00 0.00 0.00 0.00 0.00
people 0.00 0 0.00 90 655 110 683 0.00 0.00 0.00 0.00 0.00 0.00 0.00
pedestrian 0.00 0 0.00 104 652 120 696 0.00 0.00 0.00 0.00 0.00 0.00 0.00
pedestrian 0.00 0 0.00 108 690 129 736 0.00 0.00 0.00 0.00 0.00 0.00 0.00
pedestrian 0.00 0 0.00 123 676 139 723 0.00 0.00 0.00 0.00 0.00 0.00 0.00
pedestrian 0.00 0 0.00 120 663 134 702 0.00 0.00 0.00 0.00 0.00 0.00 0.00
pedestrian 0.00 0 0.00 129 656 139 692 0.00 0.00 0.00 0.00 0.00 0.00 0.00
people 0.00 0 0.00 132 712 152 744 0.00 0.00 0.00 0.00 0.00 0.00 0.00
motor 0.00 0 0.00 132 722 158 766 0.00 0.00 0.00 0.00 0.00 0.00 0.00
people 0.00 0 0.00 74 713 101 761 0.00 0.00 0.00 0.00 0.00 0.00 0.00
bicycle 0.00 0 0.00 62 736 108 772 0.00 0.00 0.00 0.00 0.00 0.00 0.00
bicycle 0.00 0 0.00 52 764 95 799 0.00 0.00 0.00 0.00 0.00 0.00 0.00
people 0.00 0 0.00 60 740 88 781 0.00 0.00 0.00 0.00 0.00 0.00 0.00
motor 0.00 0 0.00 1386 671 1407 708 0.00 0.00 0.00 0.00 0.00 0.00 0.00
people 0.00 0 0.00 207 642 226 679 0.00 0.00 0.00 0.00 0.00 0.00 0.00
people 0.00 0 0.00 179 661 198 689 0.00 0.00 0.00 0.00 0.00 0.00 0.00
bicycle 0.00 0 0.00 181 678 199 711 0.00 0.00 0.00 0.00 0.00 0.00 0.00
bicycle 0.00 0 0.00 256 703 307 732 0.00 0.00 0.00 0.00 0.00 0.00 0.00
bicycle 0.00 0 0.00 245 692 291 724 0.00 0.00 0.00 0.00 0.00 0.00 0.00
motor 0.00 0 0.00 203 705 231 744 0.00 0.00 0.00 0.00 0.00 0.00 0.00
people 0.00 0 0.00 203 696 222 725 0.00 0.00 0.00 0.00 0.00 0.00 0.00
pedestrian 0.00 0 0.00 236 671 257 718 0.00 0.00 0.00 0.00 0.00 0.00 0.00
people 0.00 0 0.00 221 615 240 657 0.00 0.00 0.00 0.00 0.00 0.00 0.00
bicycle 0.00 0 0.00 220 628 243 662 0.00 0.00 0.00 0.00 0.00 0.00 0.00
bicycle 0.00 0 0.00 207 657 226 690 0.00 0.00 0.00 0.00 0.00 0.00 0.00
pedestrian 0.00 0 0.00 326 617 339 658 0.00 0.00 0.00 0.00 0.00 0.00 0.00
pedestrian 0.00 0 0.00 302 607 319 646 0.00 0.00 0.00 0.00 0.00 0.00 0.00
pedestrian 0.00 0 0.00 311 615 325 651 0.00 0.00 0.00 0.00 0.00 0.00 0.00
people 0.00 0 0.00 249 616 270 643 0.00 0.00 0.00 0.00 0.00 0.00 0.00
motor 0.00 0 0.00 248 631 274 655 0.00 0.00 0.00 0.00 0.00 0.00 0.00
pedestrian 0.00 0 0.00 303 665 315 709 0.00 0.00 0.00 0.00 0.00 0.00 0.00
pedestrian 0.00 0 0.00 321 659 333 703 0.00 0.00 0.00 0.00 0.00 0.00 0.00
pedestrian 0.00 0 0.00 309 670 324 712 0.00 0.00 0.00 0.00 0.00 0.00 0.00
pedestrian 0.00 0 0.00 308 654 321 688 0.00 0.00 0.00 0.00 0.00 0.00 0.00
pedestrian 0.00 0 0.00 277 643 293 673 0.00 0.00 0.00 0.00 0.00 0.00 0.00
pedestrian 0.00 0 0.00 280 624 293 654 0.00 0.00 0.00 0.00 0.00 0.00 0.00
pedestrian 0.00 0 0.00 298 639 314 676 0.00 0.00 0.00 0.00 0.00 0.00 0.00
pedestrian 0.00 0 0.00 288 655 304 699 0.00 0.00 0.00 0.00 0.00 0.00 0.00
pedestrian 0.00 0 0.00 279 651 295 694 0.00 0.00 0.00 0.00 0.00 0.00 0.00
pedestrian 0.00 0 0.00 266 666 279 699 0.00 0.00 0.00 0.00 0.00 0.00 0.00
people 0.00 0 0.00 264 686 286 724 0.00 0.00 0.00 0.00 0.00 0.00 0.00
pedestrian 0.00 0 0.00 247 656 263 694 0.00 0.00 0.00 0.00 0.00 0.00 0.00
pedestrian 0.00 0 0.00 254 643 271 675 0.00 0.00 0.00 0.00 0.00 0.00 0.00
pedestrian 0.00 0 0.00 261 660 274 695 0.00 0.00 0.00 0.00 0.00 0.00 0.00
pedestrian 0.00 0 0.00 205 493 217 523 0.00 0.00 0.00 0.00 0.00 0.00 0.00
motor 0.00 0 0.00 335 573 353 599 0.00 0.00 0.00 0.00 0.00 0.00 0.00
bicycle 0.00 0 0.00 322 565 337 589 0.00 0.00 0.00 0.00 0.00 0.00 0.00
