pedestrian 0.00 0 0.00 210 389 222 426 0.00 0.00 0.00 0.00 0.00 0.00 0.00
pedestrian 0.00 0 0.00 184 378 203 417 0.00 0.00 0.00 0.00 0.00 0.00 0.00
people 0.00 0 0.00 205 390 224 403 0.00 0.00 0.00 0.00 0.00 0.00 0.00
pedestrian 0.00 0 0.00 166 366 182 411 0.00 0.00 0.00 0.00 0.00 0.00 0.00
awning-tricycle 0.00 0 0.00 498 442 551 530 0.00 0.00 0.00 0.00 0.00 0.00 0.00
people 0.00 0 0.00 540 411 552 433 0.00 0.00 0.00 0.00 0.00 0.00 0.00
people 0.00 0 0.00 534 396 555 437 0.00 0.00 0.00 0.00 0.00 0.00 0.00
motor 0.00 0 0.00 537 405 553 441 0.00 0.00 0.00 0.00 0.00 0.00 0.00
people 0.00 0 0.00 513 378 533 412 0.00 0.00 0.00 0.00 0.00 0.00 0.00
motor 0.00 0 0.00 515 385 531 418 0.00 0.00 0.00 0.00 0.00 0.00 0.00
pedestrian 0.00 0 0.00 563 367 581 407 0.00 0.00 0.00 0.00 0.00 0.00 0.00
car 0.00 0 0.00 586 348 636 403 0.00 0.00 0.00 0.00 0.00 0.00 0.00
car 0.00 0 0.00 604 303 668 345 0.00 0.00 0.00 0.00 0.00 0.00 0.00
people 0.00 0 0.00 533 280 549 303 0.00 0.00 0.00 0.00 0.00 0.00 0.00
motor 0.00 0 0.00 521 286 555 308 0.00 0.00 0.00 0.00 0.00 0.00 0.00
people 0.00 0 0.00 292 287 303 306 0.00 0.00 0.00 0.00 0.00 0.00 0.00
people 0.00 0 0.00 298 284 310 311 0.00 0.00 0.00 0.00 0.00 0.00 0.00
motor 0.00 0 0.00 287 286 319 313 0.00 0.00 0.00 0.00 0.00 0.00 0.00
people 0.00 0 0.00 13 272 27 295 0.00 0.00 0.00 0.00 0.00 0.00 0.00
motor 0.00 0 0.00 7 281 35 300 0.00 0.00 0.00 0.00 0.00 0.00 0.00
people 0.00 0 0.00 31 370 53 402 0.00 0.00 0.00 0.00 0.00 0.00 0.00
motor 0.00 0 0.00 10 378 69 407 0.00 0.00 0.00 0.00 0.00 0.00 0.00
people 0.00 0 0.00 44 359 56 392 0.00 0.00 0.00 0.00 0.00 0.00 0.00
people 0.00 0 0.00 35 366 44 386 0.00 0.00 0.00 0.00 0.00 0.00 0.00
motor 0.00 0 0.00 31 365 78 393 0.00 0.00 0.00 0.00 0.00 0.00 0.00
people 0.00 0 0.00 48 343 60 374 0.00 0.00 0.00 0.00 0.00 0.00 0.00
motor 0.00 0 0.00 38 348 82 376 0.00 0.00 0.00 0.00 0.00 0.00 0.00
people 0.00 0 0.00 106 345 124 380 0.00 0.00 0.00 0.00 0.00 0.00 0.00
motor 0.00 0 0.00 99 353 137 378 0.00 0.00 0.00 0.00 0.00 0.00 0.00
people 0.00 0 0.00 111 336 126 362 0.00 0.00 0.00 0.00 0.00 0.00 0.00
people 0.00 0 0.00 119 331 130 356 0.00 0.00 0.00 0.00 0.00 0.00 0.00
motor 0.00 0 0.00 109 336 151 361 0.00 0.00 0.00 0.00 0.00 0.00 0.00
truck 0.00 0 0.00 0 236 72 267 0.00 0.00 0.00 0.00 0.00 0.00 0.00
truck 0.00 0 0.00 22 227 107 253 0.00 0.00 0.00 0.00 0.00 0.00 0.00
car 0.00 0 0.00 1 205 41 226 0.00 0.00 0.00 0.00 0.00 0.00 0.00
motor 0.00 0 0.00 130 250 154 269 0.00 0.00 0.00 0.00 0.00 0.00 0.00
car 0.00 0 0.00 54 221 120 242 0.00 0.00 0.00 0.00 0.00 0.00 0.00
van 0.00 0 0.00 73 211 130 234 0.00 0.00 0.00 0.00 0.00 0.00 0.00
pedestrian 0.00 0 0.00 128 216 138 238 0.00 0.00 0.00 0.00 0.00 0.00 0.00
people 0.00 0 0.00 85 203 143 226 0.00 0.00 0.00 0.00 0.00 0.00 0.00
pedestrian 0.00 0 0.00 141 215 152 237 0.00 0.00 0.00 0.00 0.00 0.00 0.00
pedestrian 0.00 0 0.00 152 214 160 237 0.00 0.00 0.00 0.00 0.00 0.00 0.00
pedestrian 0.00 0 0.00 157 213 166 237 0.00 0.00 0.00 0.00 0.00 0.00 0.00
pedestrian 0.00 0 0.00 172 214 182 237 0.00 0.00 0.00 0.00 0.00 0.00 0.00
car 0.00 0 0.00 105 196 163 220 0.00 0.00 0.00 0.00 0.00 0.00 0.00
car 0.00 0 0.00 124 194 174 210 0.00 0.00 0.00 0.00 0.00 0.00 0.00
van 0.00 0 0.00 126 183 177 203 0.00 0.00 0.00 0.00 0.00 0.00 0.00
car 0.00 0 0.00 149 180 194 198 0.00 0.00 0.00 0.00 0.00 0.00 0.00
car 0.00 0 0.00 158 174 206 192 0.00 0.00 0.00 0.00 0.00 0.00 0.00
van 0.00 0 0.00 186 182 212 208 0.00 0.00 0.00 0.00 0.00 0.00 0.00
motor 0.00 0 0.00 0 186 17 200 0.00 0.00 0.00 0.00 0.00 0.00 0.00
motor 0.00 0 0.00 5 183 20 196 0.00 0.00 0.00 0.00 0.00 0.00 0.00
motor 0.00 0 0.00 22 176 36 187 0.00 0.00 0.00 0.00 0.00 0.00 0.00
motor 0.00 0 0.00 48 168 61 179 0.00 0.00 0.00 0.00 0.00 0.00 0.00
motor 0.00 0 0.00 57 167 76 176 0.00 0.00 0.00 0.00 0.00 0.00 0.00
motor 0.00 0 0.00 67 163 82 173 0.00 0.00 0.00 0.00 0.00 0.00 0.00
people 0.00 0 0.00 72 160 77 171 0.00 0.00 0.00 0.00 0.00 0.00 0.00
pedestrian 0.00 0 0.00 92 164 95 174 0.00 0.00 0.00 0.00 0.00 0.00 0.00
pedestrian 0.00 0 0.00 105 157 110 172 0.00 0.00 0.00 0.00 0.00 0.00 0.00
pedestrian 0.00 0 0.00 107 150 113 164 0.00 0.00 0.00 0.00 0.00 0.00 0.00
van 0.00 0 0.00 152 148 190 166 0.00 0.00 0.00 0.00 0.00 0.00 0.00
pedestrian 0.00 0 0.00 218 199 224 218 0.00 0.00 0.00 0.00 0.00 0.00 0.00
pedestrian 0.00 0 0.00 222 205 227 217 0.00 0.00 0.00 0.00 0.00 0.00 0.00
people 0.00 0 0.00 554 254 564 278 0.00 0.00 0.00 0.00 0.00 0.00 0.00
bicycle 0.00 0 0.00 555 264 564 284 0.00 0.00 0.00 0.00 0.00 0.00 0.00
people 0.00 0 0.00 599 264 615 286 0.00 0.00 0.00 0.00 0.00 0.00 0.00
bicycle 0.00 0 0.00 592 275 622 292 0.00 0.00 0.00 0.00 0.00 0.00 0.00
people 0.00 0 0.00 508 240 517 263 0.00 0.00 0.00 0.00 0.00 0.00 0.00
people 0.00 0 0.00 517 239 523 256 0.00 0.00 0.00 0.00 0.00 0.00 0.00
motor 0.00 0 0.00 499 243 527 263 0.00 0.00 0.00 0.00 0.00 0.00 0.00
people 0.00 0 0.00 564 220 573 239 0.00 0.00 0.00 0.00 0.00 0.00 0.00
people 0.00 0 0.00 571 225 577 239 0.00 0.00 0.00 0.00 0.00 0.00 0.00
motor 0.00 0 0.00 559 227 576 241 0.00 0.00 0.00 0.00 0.00 0.00 0.00
people 0.00 0 0.00 641 248 653 272 0.00 0.00 0.00 0.00 0.00 0.00 0.00
motor 0.00 0 0.00 634 255 654 272 0.00 0.00 0.00 0.00 0.00 0.00 0.00
people 0.00 0 0.00 597 247 604 263 0.00 0.00 0.00 0.00 0.00 0.00 0.00
people 0.00 0 0.00 600 244 608 264 0.00 0.00 0.00 0.00 0.00 0.00 0.00
people 0.00 0 0.00 608 245 613 259 0.00 0.00 0.00 0.00 0.00 0.00 0.00
motor 0.00 0 0.00 589 249 618 267 0.00 0.00 0.00 0.00 0.00 0.00 0.00
people 0.00 0 0.00 604 203 613 218 0.00 0.00 0.00 0.00 0.00 0.00 0.00
motor 0.00 0 0.00 599 209 616 222 0.00 0.00 0.00 0.00 0.00 0.00 0.00
people 0.00 0 0.00 601 224 608 244 0.00 0.00 0.00 0.00 0.00 0.00 0.00
motor 0.00 0 0.00 598 230 611 247 0.00 0.00 0.00 0.00 0.00 0.00 0.00
people 0.00 0 0.00 612 236 621 256 0.00 0.00 0.00 0.00 0.00 0.00 0.00
motor 0.00 0 0.00 606 243 627 261 0.00 0.00 0.00 0.00 0.00 0.00 0.00
people 0.00 0 0.00 611 227 620 247 0.00 0.00 0.00 0.00 0.00 0.00 0.00
motor 0.00 0 0.00 605 233 624 248 0.00 0.00 0.00 0.00 0.00 0.00 0.00
people 0.00 0 0.00 619 229 628 253 0.00 0.00 0.00 0.00 0.00 0.00 0.00
motor 0.00 0 0.00 610 238 630 255 0.00 0.00 0.00 0.00 0.00 0.00 0.00
people 0.00 0 0.00 633 239 643 263 0.00 0.00 0.00 0.00 0.00 0.00 0.00
people 0.00 0 0.00 639 240 645 253 0.00 0.00 0.00 0.00 0.00 0.00 0.00
motor 0.00 0 0.00 628 246 646 263 0.00 0.00 0.00 0.00 0.00 0.00 0.00
people 0.00 0 0.00 654 222 664 243 0.00 0.00 0.00 0.00 0.00 0.00 0.00
people 0.00 0 0.00 661 229 668 245 0.00 0.00 0.00 0.00 0.00 0.00 0.00
people 0.00 0 0.00 666 228 672 244 0.00 0.00 0.00 0.00 0.00 0.00 0.00
motor 0.00 0 0.00 653 233 676 249 0.00 0.00 0.00 0.00 0.00 0.00 0.00
car 0.00 0 0.00 718 231 795 262 0.00 0.00 0.00 0.00 0.00 0.00 0.00
people 0.00 0 0.00 714 203 723 216 0.00 0.00 0.00 0.00 0.00 0.00 0.00
people 0.00 0 0.00 725 205 734 218 0.00 0.00 0.00 0.00 0.00 0.00 0.00
motor 0.00 0 0.00 575 178 582 192 0.00 0.00 0.00 0.00 0.00 0.00 0.00
pedestrian 0.00 0 0.00 605 172 610 187 0.00 0.00 0.00 0.00 0.00 0.00 0.00
motor 0.00 0 0.00 627 176 635 188 0.00 0.00 0.00 0.00 0.00 0.00 0.00
motor 0.00 0 0.00 633 178 646 191 0.00 0.00 0.00 0.00 0.00 0.00 0.00
motor 0.00 0 0.00 609 175 616 187 0.00 0.00 0.00 0.00 0.00 0.00 0.00
pedestrian 0.00 0 0.00 595 171 600 187 0.00 0.00 0.00 0.00 0.00 0.00 0.00
motor 0.00 0 0.00 584 177 595 191 0.00 0.00 0.00 0.00 0.00 0.00 0.00
bicycle 0.00 0 0.00 548 169 557 182 0.00 0.00 0.00 0.00 0.00 0.00 0.00
pedestrian 0.00 0 0.00 547 155 552 171 0.00 0.00 0.00 0.00 0.00 0.00 0.00
pedestrian 0.00 0 0.00 507 193 513 206 0.00 0.00 0.00 0.00 0.00 0.00 0.00
people 0.00 0 0.00 511 193 517 207 0.00 0.00 0.00 0.00 0.00 0.00 0.00
motor 0.00 0 0.00 501 195 518 211 0.00 0.00 0.00 0.00 0.00 0.00 0.00
people 0.00 0 0.00 457 214 466 232 0.00 0.00 0.00 0.00 0.00 0.00 0.00
motor 0.00 0 0.00 454 219 471 236 0.00 0.00 0.00 0.00 0.00 0.00 0.00
people 0.00 0 0.00 470 184 476 199 0.00 0.00 0.00 0.00 0.00 0.00 0.00
motor 0.00 0 0.00 470 188 476 202 0.00 0.00 0.00 0.00 0.00 0.00 0.00
people 0.00 0 0.00 486 170 492 182 0.00 0.00 0.00 0.00 0.00 0.00 0.00
people 0.00 0 0.00 487 172 492 181 0.00 0.00 0.00 0.00 0.00 0.00 0.00
motor 0.00 0 0.00 487 173 492 184 0.00 0.00 0.00 0.00 0.00 0.00 0.00
people 0.00 0 0.00 490 151 496 162 0.00 0.00 0.00 0.00 0.00 0.00 0.00
bicycle 0.00 0 0.00 490 154 496 163 0.00 0.00 0.00 0.00 0.00 0.00 0.00
people 0.00 0 0.00 462 173 468 184 0.00 0.00 0.00 0.00 0.00 0.00 0.00
motor 0.00 0 0.00 462 174 468 188 0.00 0.00 0.00 0.00 0.00 0.00 0.00
people 0.00 0 0.00 378 203 387 219 0.00 0.00 0.00 0.00 0.00 0.00 0.00
people 0.00 0 0.00 380 202 387 217 0.00 0.00 0.00 0.00 0.00 0.00 0.00
motor 0.00 0 0.00 379 208 388 224 0.00 0.00 0.00 0.00 0.00 0.00 0.00
car 0.00 0 0.00 333 204 359 227 0.00 0.00 0.00 0.00 0.00 0.00 0.00
van 0.00 0 0.00 342 188 367 210 0.00 0.00 0.00 0.00 0.00 0.00 0.00
car 0.00 0 0.00 353 180 373 197 0.00 0.00 0.00 0.00 0.00 0.00 0.00
car 0.00 0 0.00 356 169 375 186 0.00 0.00 0.00 0.00 0.00 0.00 0.00
van 0.00 0 0.00 365 159 385 176 0.00 0.00 0.00 0.00 0.00 0.00 0.00
car 0.00 0 0.00 372 150 389 164 0.00 0.00 0.00 0.00 0.00 0.00 0.00
car 0.00 0 0.00 397 147 412 163 0.00 0.00 0.00 0.00 0.00 0.00 0.00
people 0.00 0 0.00 300 211 311 230 0.00 0.00 0.00 0.00 0.00 0.00 0.00
tricycle 0.00 0 0.00 298 213 313 234 0.00 0.00 0.00 0.00 0.00 0.00 0.00
people 0.00 0 0.00 314 187 321 200 0.00 0.00 0.00 0.00 0.00 0.00 0.00
motor 0.00 0 0.00 312 192 321 205 0.00 0.00 0.00 0.00 0.00 0.00 0.00
people 0.00 0 0.00 369 135 373 144 0.00 0.00 0.00 0.00 0.00 0.00 0.00
motor 0.00 0 0.00 369 136 373 145 0.00 0.00 0.00 0.00 0.00 0.00 0.00
people 0.00 0 0.00 412 139 417 149 0.00 0.00 0.00 0.00 0.00 0.00 0.00
motor 0.00 0 0.00 411 142 417 151 0.00 0.00 0.00 0.00 0.00 0.00 0.00
car 0.00 0 0.00 407 112 416 120 0.00 0.00 0.00 0.00 0.00 0.00 0.00
car 0.00 0 0.00 414 99 421 106 0.00 0.00 0.00 0.00 0.00 0.00 0.00
van 0.00 0 0.00 464 103 477 110 0.00 0.00 0.00 0.00 0.00 0.00 0.00
people 0.00 0 0.00 386 119 389 125 0.00 0.00 0.00 0.00 0.00 0.00 0.00
motor 0.00 0 0.00 386 120 389 127 0.00 0.00 0.00 0.00 0.00 0.00 0.00
car 0.00 0 0.00 565 143 586 160 0.00 0.00 0.00 0.00 0.00 0.00 0.00
