car 0.00 0 0.00 1023 187 1033 195 0.00 0.00 0.00 0.00 0.00 0.00 0.00
car 0.00 0 0.00 1038 191 1050 201 0.00 0.00 0.00 0.00 0.00 0.00 0.00
car 0.00 0 0.00 1046 218 1060 230 0.00 0.00 0.00 0.00 0.00 0.00 0.00
car 0.00 0 0.00 1085 276 1108 295 0.00 0.00 0.00 0.00 0.00 0.00 0.00
car 0.00 0 0.00 991 192 1003 202 0.00 0.00 0.00 0.00 0.00 0.00 0.00
car 0.00 0 0.00 1013 263 1033 281 0.00 0.00 0.00 0.00 0.00 0.00 0.00
car 0.00 0 0.00 1023 256 1041 270 0.00 0.00 0.00 0.00 0.00 0.00 0.00
car 0.00 0 0.00 1010 237 1025 251 0.00 0.00 0.00 0.00 0.00 0.00 0.00
van 0.00 0 0.00 1013 246 1027 264 0.00 0.00 0.00 0.00 0.00 0.00 0.00
car 0.00 0 0.00 1005 224 1020 237 0.00 0.00 0.00 0.00 0.00 0.00 0.00
car 0.00 0 0.00 1003 213 1016 224 0.00 0.00 0.00 0.00 0.00 0.00 0.00
car 0.00 0 0.00 997 203 1009 215 0.00 0.00 0.00 0.00 0.00 0.00 0.00
car 0.00 0 0.00 999 197 1010 207 0.00 0.00 0.00 0.00 0.00 0.00 0.00
van 0.00 0 0.00 965 226 982 244 0.00 0.00 0.00 0.00 0.00 0.00 0.00
car 0.00 0 0.00 920 245 939 259 0.00 0.00 0.00 0.00 0.00 0.00 0.00
car 0.00 0 0.00 899 313 924 335 0.00 0.00 0.00 0.00 0.00 0.00 0.00
car 0.00 0 0.00 942 304 967 331 0.00 0.00 0.00 0.00 0.00 0.00 0.00
car 0.00 0 0.00 891 354 920 380 0.00 0.00 0.00 0.00 0.00 0.00 0.00
car 0.00 0 0.00 984 358 1016 389 0.00 0.00 0.00 0.00 0.00 0.00 0.00
car 0.00 0 0.00 992 334 1018 360 0.00 0.00 0.00 0.00 0.00 0.00 0.00
car 0.00 0 0.00 984 309 1008 330 0.00 0.00 0.00 0.00 0.00 0.00 0.00
car 0.00 0 0.00 981 295 1004 315 0.00 0.00 0.00 0.00 0.00 0.00 0.00
car 0.00 0 0.00 981 286 1003 304 0.00 0.00 0.00 0.00 0.00 0.00 0.00
car 0.00 0 0.00 983 278 1002 294 0.00 0.00 0.00 0.00 0.00 0.00 0.00
car 0.00 0 0.00 980 270 999 287 0.00 0.00 0.00 0.00 0.00 0.00 0.00
car 0.00 0 0.00 980 265 998 279 0.00 0.00 0.00 0.00 0.00 0.00 0.00
car 0.00 0 0.00 972 240 988 255 0.00 0.00 0.00 0.00 0.00 0.00 0.00
car 0.00 0 0.00 979 247 995 261 0.00 0.00 0.00 0.00 0.00 0.00 0.00
car 0.00 0 0.00 976 253 993 266 0.00 0.00 0.00 0.00 0.00 0.00 0.00
car 0.00 0 0.00 980 258 997 273 0.00 0.00 0.00 0.00 0.00 0.00 0.00
tricycle 0.00 0 0.00 1104 246 1114 257 0.00 0.00 0.00 0.00 0.00 0.00 0.00
people 0.00 0 0.00 1105 244 1111 253 0.00 0.00 0.00 0.00 0.00 0.00 0.00
bicycle 0.00 0 0.00 1182 319 1189 335 0.00 0.00 0.00 0.00 0.00 0.00 0.00
people 0.00 0 0.00 1182 312 1190 332 0.00 0.00 0.00 0.00 0.00 0.00 0.00
motor 0.00 0 0.00 1149 290 1156 306 0.00 0.00 0.00 0.00 0.00 0.00 0.00
people 0.00 0 0.00 1150 287 1157 304 0.00 0.00 0.00 0.00 0.00 0.00 0.00
pedestrian 0.00 0 0.00 801 308 808 329 0.00 0.00 0.00 0.00 0.00 0.00 0.00
car 0.00 0 0.00 867 433 906 472 0.00 0.00 0.00 0.00 0.00 0.00 0.00
car 0.00 0 0.00 850 490 895 537 0.00 0.00 0.00 0.00 0.00 0.00 0.00
car 0.00 0 0.00 934 450 973 489 0.00 0.00 0.00 0.00 0.00 0.00 0.00
car 0.00 0 0.00 996 411 1031 443 0.00 0.00 0.00 0.00 0.00 0.00 0.00
truck 0.00 0 0.00 995 432 1084 655 0.00 0.00 0.00 0.00 0.00 0.00 0.00
car 0.00 0 0.00 794 631 860 701 0.00 0.00 0.00 0.00 0.00 0.00 0.00
car 0.00 0 0.00 687 626 763 714 0.00 0.00 0.00 0.00 0.00 0.00 0.00
car 0.00 0 0.00 845 688 916 776 0.00 0.00 0.00 0.00 0.00 0.00 0.00
car 0.00 0 0.00 1008 706 1085 811 0.00 0.00 0.00 0.00 0.00 0.00 0.00
car 0.00 0 0.00 938 794 1029 930 0.00 0.00 0.00 0.00 0.00 0.00 0.00
car 0.00 0 0.00 1064 869 1157 1011 0.00 0.00 0.00 0.00 0.00 0.00 0.00
car 0.00 0 0.00 552 834 660 968 0.00 0.00 0.00 0.00 0.00 0.00 0.00
car 0.00 0 0.00 683 858 789 1027 0.00 0.00 0.00 0.00 0.00 0.00 0.00
bicycle 0.00 0 0.00 512 743 535 790 0.00 0.00 0.00 0.00 0.00 0.00 0.00
people 0.00 0 0.00 512 723 535 776 0.00 0.00 0.00 0.00 0.00 0.00 0.00
