people 0.00 0 0.00 145 100 158 123 0.00 0.00 0.00 0.00 0.00 0.00 0.00
pedestrian 0.00 0 0.00 192 149 206 181 0.00 0.00 0.00 0.00 0.00 0.00 0.00
pedestrian 0.00 0 0.00 229 134 240 161 0.00 0.00 0.00 0.00 0.00 0.00 0.00
pedestrian 0.00 0 0.00 270 187 287 221 0.00 0.00 0.00 0.00 0.00 0.00 0.00
pedestrian 0.00 0 0.00 286 159 298 192 0.00 0.00 0.00 0.00 0.00 0.00 0.00
motor 0.00 0 0.00 283 193 301 222 0.00 0.00 0.00 0.00 0.00 0.00 0.00
bicycle 0.00 0 0.00 294 194 325 215 0.00 0.00 0.00 0.00 0.00 0.00 0.00
tricycle 0.00 0 0.00 305 181 330 208 0.00 0.00 0.00 0.00 0.00 0.00 0.00
pedestrian 0.00 0 0.00 566 438 580 484 0.00 0.00 0.00 0.00 0.00 0.00 0.00
pedestrian 0.00 0 0.00 589 458 598 482 0.00 0.00 0.00 0.00 0.00 0.00 0.00
pedestrian 0.00 0 0.00 703 287 712 312 0.00 0.00 0.00 0.00 0.00 0.00 0.00
people 0.00 0 0.00 779 291 791 311 0.00 0.00 0.00 0.00 0.00 0.00 0.00
pedestrian 0.00 0 0.00 752 264 766 304 0.00 0.00 0.00 0.00 0.00 0.00 0.00
pedestrian 0.00 0 0.00 730 258 748 278 0.00 0.00 0.00 0.00 0.00 0.00 0.00
pedestrian 0.00 0 0.00 770 243 780 264 0.00 0.00 0.00 0.00 0.00 0.00 0.00
pedestrian 0.00 0 0.00 702 225 713 261 0.00 0.00 0.00 0.00 0.00 0.00 0.00
pedestrian 0.00 0 0.00 1027 188 1039 217 0.00 0.00 0.00 0.00 0.00 0.00 0.00
people 0.00 0 0.00 828 213 843 244 0.00 0.00 0.00 0.00 0.00 0.00 0.00
pedestrian 0.00 0 0.00 789 208 799 235 0.00 0.00 0.00 0.00 0.00 0.00 0.00
people 0.00 0 0.00 828 183 836 210 0.00 0.00 0.00 0.00 0.00 0.00 0.00
people 0.00 0 0.00 594 169 604 199 0.00 0.00 0.00 0.00 0.00 0.00 0.00
people 0.00 0 0.00 643 185 655 213 0.00 0.00 0.00 0.00 0.00 0.00 0.00
pedestrian 0.00 0 0.00 628 150 642 179 0.00 0.00 0.00 0.00 0.00 0.00 0.00
people 0.00 0 0.00 659 183 677 209 0.00 0.00 0.00 0.00 0.00 0.00 0.00
people 0.00 0 0.00 666 177 682 203 0.00 0.00 0.00 0.00 0.00 0.00 0.00
people 0.00 0 0.00 677 173 692 200 0.00 0.00 0.00 0.00 0.00 0.00 0.00
people 0.00 0 0.00 694 165 710 193 0.00 0.00 0.00 0.00 0.00 0.00 0.00
people 0.00 0 0.00 685 158 701 178 0.00 0.00 0.00 0.00 0.00 0.00 0.00
