truck 0.00 0 0.00 314 192 406 251 0.00 0.00 0.00 0.00 0.00 0.00 0.00
car 0.00 0 0.00 361 235 393 256 0.00 0.00 0.00 0.00 0.00 0.00 0.00
people 0.00 0 0.00 355 268 364 280 0.00 0.00 0.00 0.00 0.00 0.00 0.00
people 0.00 0 0.00 352 273 360 283 0.00 0.00 0.00 0.00 0.00 0.00 0.00
motor 0.00 0 0.00 355 276 366 288 0.00 0.00 0.00 0.00 0.00 0.00 0.00
car 0.00 0 0.00 419 239 435 256 0.00 0.00 0.00 0.00 0.00 0.00 0.00
car 0.00 0 0.00 458 205 481 226 0.00 0.00 0.00 0.00 0.00 0.00 0.00
car 0.00 0 0.00 485 191 502 207 0.00 0.00 0.00 0.00 0.00 0.00 0.00
car 0.00 0 0.00 504 179 525 194 0.00 0.00 0.00 0.00 0.00 0.00 0.00
car 0.00 0 0.00 518 170 535 184 0.00 0.00 0.00 0.00 0.00 0.00 0.00
truck 0.00 0 0.00 495 147 514 166 0.00 0.00 0.00 0.00 0.00 0.00 0.00
car 0.00 0 0.00 505 113 519 122 0.00 0.00 0.00 0.00 0.00 0.00 0.00
car 0.00 0 0.00 549 109 560 118 0.00 0.00 0.00 0.00 0.00 0.00 0.00
truck 0.00 0 0.00 594 64 611 82 0.00 0.00 0.00 0.00 0.00 0.00 0.00
pedestrian 0.00 0 0.00 814 319 825 343 0.00 0.00 0.00 0.00 0.00 0.00 0.00
pedestrian 0.00 0 0.00 817 351 826 372 0.00 0.00 0.00 0.00 0.00 0.00 0.00
people 0.00 0 0.00 824 265 831 277 0.00 0.00 0.00 0.00 0.00 0.00 0.00
people 0.00 0 0.00 823 261 833 276 0.00 0.00 0.00 0.00 0.00 0.00 0.00
motor 0.00 0 0.00 821 268 830 285 0.00 0.00 0.00 0.00 0.00 0.00 0.00
people 0.00 0 0.00 907 460 916 476 0.00 0.00 0.00 0.00 0.00 0.00 0.00
people 0.00 0 0.00 905 451 916 471 0.00 0.00 0.00 0.00 0.00 0.00 0.00
motor 0.00 0 0.00 905 456 914 480 0.00 0.00 0.00 0.00 0.00 0.00 0.00
