car 0.00 0 0.00 84 250 137 286 0.00 0.00 0.00 0.00 0.00 0.00 0.00
truck 0.00 0 0.00 279 166 320 226 0.00 0.00 0.00 0.00 0.00 0.00 0.00
pedestrian 0.00 0 0.00 472 231 488 258 0.00 0.00 0.00 0.00 0.00 0.00 0.00
truck 0.00 0 0.00 398 507 495 687 0.00 0.00 0.00 0.00 0.00 0.00 0.00
car 0.00 0 0.00 561 489 609 560 0.00 0.00 0.00 0.00 0.00 0.00 0.00
car 0.00 0 0.00 669 612 724 708 0.00 0.00 0.00 0.00 0.00 0.00 0.00
car 0.00 0 0.00 721 493 772 559 0.00 0.00 0.00 0.00 0.00 0.00 0.00
van 0.00 0 0.00 705 397 749 458 0.00 0.00 0.00 0.00 0.00 0.00 0.00
car 0.00 0 0.00 714 337 754 381 0.00 0.00 0.00 0.00 0.00 0.00 0.00
car 0.00 0 0.00 765 419 809 474 0.00 0.00 0.00 0.00 0.00 0.00 0.00
car 0.00 0 0.00 766 670 836 765 0.00 0.00 0.00 0.00 0.00 0.00 0.00
car 0.00 0 0.00 519 601 583 715 0.00 0.00 0.00 0.00 0.00 0.00 0.00
car 0.00 0 0.00 601 315 636 366 0.00 0.00 0.00 0.00 0.00 0.00 0.00
car 0.00 0 0.00 714 249 745 281 0.00 0.00 0.00 0.00 0.00 0.00 0.00
car 0.00 0 0.00 613 212 643 244 0.00 0.00 0.00 0.00 0.00 0.00 0.00
car 0.00 0 0.00 668 150 691 169 0.00 0.00 0.00 0.00 0.00 0.00 0.00
car 0.00 0 0.00 697 134 714 153 0.00 0.00 0.00 0.00 0.00 0.00 0.00
car 0.00 0 0.00 672 121 692 138 0.00 0.00 0.00 0.00 0.00 0.00 0.00
car 0.00 0 0.00 723 129 743 147 0.00 0.00 0.00 0.00 0.00 0.00 0.00
car 0.00 0 0.00 735 153 755 171 0.00 0.00 0.00 0.00 0.00 0.00 0.00
car 0.00 0 0.00 715 109 733 125 0.00 0.00 0.00 0.00 0.00 0.00 0.00
car 0.00 0 0.00 691 102 709 118 0.00 0.00 0.00 0.00 0.00 0.00 0.00
car 0.00 0 0.00 669 100 687 116 0.00 0.00 0.00 0.00 0.00 0.00 0.00
car 0.00 0 0.00 669 83 687 99 0.00 0.00 0.00 0.00 0.00 0.00 0.00
car 0.00 0 0.00 650 72 668 88 0.00 0.00 0.00 0.00 0.00 0.00 0.00
car 0.00 0 0.00 629 69 647 85 0.00 0.00 0.00 0.00 0.00 0.00 0.00
car 0.00 0 0.00 606 70 626 86 0.00 0.00 0.00 0.00 0.00 0.00 0.00
car 0.00 0 0.00 683 61 699 72 0.00 0.00 0.00 0.00 0.00 0.00 0.00
car 0.00 0 0.00 681 48 696 59 0.00 0.00 0.00 0.00 0.00 0.00 0.00
car 0.00 0 0.00 697 46 723 61 0.00 0.00 0.00 0.00 0.00 0.00 0.00
car 0.00 0 0.00 598 89 619 106 0.00 0.00 0.00 0.00 0.00 0.00 0.00
car 0.00 0 0.00 627 89 645 109 0.00 0.00 0.00 0.00 0.00 0.00 0.00
car 0.00 0 0.00 628 149 654 172 0.00 0.00 0.00 0.00 0.00 0.00 0.00
car 0.00 0 0.00 670 180 697 203 0.00 0.00 0.00 0.00 0.00 0.00 0.00
car 0.00 0 0.00 669 179 696 202 0.00 0.00 0.00 0.00 0.00 0.00 0.00
car 0.00 0 0.00 668 178 695 201 0.00 0.00 0.00 0.00 0.00 0.00 0.00
car 0.00 0 0.00 667 177 694 200 0.00 0.00 0.00 0.00 0.00 0.00 0.00
car 0.00 0 0.00 679 213 705 237 0.00 0.00 0.00 0.00 0.00 0.00 0.00
truck 0.00 0 0.00 627 328 698 563 0.00 0.00 0.00 0.00 0.00 0.00 0.00
truck 0.00 0 0.00 503 253 597 397 0.00 0.00 0.00 0.00 0.00 0.00 0.00
people 0.00 0 0.00 546 223 556 237 0.00 0.00 0.00 0.00 0.00 0.00 0.00
people 0.00 0 0.00 704 58 712 64 0.00 0.00 0.00 0.00 0.00 0.00 0.00
bicycle 0.00 0 0.00 545 236 555 248 0.00 0.00 0.00 0.00 0.00 0.00 0.00
motor 0.00 0 0.00 702 60 712 72 0.00 0.00 0.00 0.00 0.00 0.00 0.00
people 0.00 0 0.00 714 145 724 158 0.00 0.00 0.00 0.00 0.00 0.00 0.00
bicycle 0.00 0 0.00 714 152 724 163 0.00 0.00 0.00 0.00 0.00 0.00 0.00
bicycle 0.00 0 0.00 514 230 538 246 0.00 0.00 0.00 0.00 0.00 0.00 0.00
bicycle 0.00 0 0.00 516 224 539 240 0.00 0.00 0.00 0.00 0.00 0.00 0.00
car 0.00 0 0.00 603 133 626 160 0.00 0.00 0.00 0.00 0.00 0.00 0.00
car 0.00 0 0.00 534 94 557 122 0.00 0.00 0.00 0.00 0.00 0.00 0.00
car 0.00 0 0.00 725 45 754 58 0.00 0.00 0.00 0.00 0.00 0.00 0.00
people 0.00 0 0.00 1156 235 1169 259 0.00 0.00 0.00 0.00 0.00 0.00 0.00
motor 0.00 0 0.00 1159 248 1171 265 0.00 0.00 0.00 0.00 0.00 0.00 0.00
car 0.00 0 0.00 1009 159 1037 191 0.00 0.00 0.00 0.00 0.00 0.00 0.00
car 0.00 0 0.00 1031 157 1061 182 0.00 0.00 0.00 0.00 0.00 0.00 0.00
car 0.00 0 0.00 929 81 952 98 0.00 0.00 0.00 0.00 0.00 0.00 0.00
car 0.00 0 0.00 910 63 933 80 0.00 0.00 0.00 0.00 0.00 0.00 0.00
