bicycle 0.00 0 0.00 548 283 562 305 0.00 0.00 0.00 0.00 0.00 0.00 0.00
pedestrian 0.00 0 0.00 1265 708 1291 761 0.00 0.00 0.00 0.00 0.00 0.00 0.00
pedestrian 0.00 0 0.00 1187 378 1203 416 0.00 0.00 0.00 0.00 0.00 0.00 0.00
bicycle 0.00 0 0.00 1072 353 1084 379 0.00 0.00 0.00 0.00 0.00 0.00 0.00
pedestrian 0.00 0 0.00 1225 374 1235 393 0.00 0.00 0.00 0.00 0.00 0.00 0.00
pedestrian 0.00 0 0.00 1220 350 1236 385 0.00 0.00 0.00 0.00 0.00 0.00 0.00
bicycle 0.00 0 0.00 1229 363 1242 385 0.00 0.00 0.00 0.00 0.00 0.00 0.00
pedestrian 0.00 0 0.00 1173 307 1182 336 0.00 0.00 0.00 0.00 0.00 0.00 0.00
pedestrian 0.00 0 0.00 1181 309 1190 337 0.00 0.00 0.00 0.00 0.00 0.00 0.00
bicycle 0.00 0 0.00 1215 296 1224 316 0.00 0.00 0.00 0.00 0.00 0.00 0.00
pedestrian 0.00 0 0.00 972 289 982 316 0.00 0.00 0.00 0.00 0.00 0.00 0.00
pedestrian 0.00 0 0.00 904 266 913 293 0.00 0.00 0.00 0.00 0.00 0.00 0.00
pedestrian 0.00 0 0.00 886 263 894 286 0.00 0.00 0.00 0.00 0.00 0.00 0.00
pedestrian 0.00 0 0.00 895 255 905 282 0.00 0.00 0.00 0.00 0.00 0.00 0.00
pedestrian 0.00 0 0.00 151 280 166 313 0.00 0.00 0.00 0.00 0.00 0.00 0.00
pedestrian 0.00 0 0.00 161 276 174 306 0.00 0.00 0.00 0.00 0.00 0.00 0.00
pedestrian 0.00 0 0.00 182 268 194 297 0.00 0.00 0.00 0.00 0.00 0.00 0.00
pedestrian 0.00 0 0.00 215 294 224 319 0.00 0.00 0.00 0.00 0.00 0.00 0.00
bicycle 0.00 0 0.00 111 290 123 321 0.00 0.00 0.00 0.00 0.00 0.00 0.00
bicycle 0.00 0 0.00 113 266 128 286 0.00 0.00 0.00 0.00 0.00 0.00 0.00
pedestrian 0.00 0 0.00 445 290 457 315 0.00 0.00 0.00 0.00 0.00 0.00 0.00
pedestrian 0.00 0 0.00 435 226 445 252 0.00 0.00 0.00 0.00 0.00 0.00 0.00
bicycle 0.00 0 0.00 206 219 224 235 0.00 0.00 0.00 0.00 0.00 0.00 0.00
pedestrian 0.00 0 0.00 187 210 197 235 0.00 0.00 0.00 0.00 0.00 0.00 0.00
bicycle 0.00 0 0.00 732 217 738 233 0.00 0.00 0.00 0.00 0.00 0.00 0.00
bicycle 0.00 0 0.00 291 183 303 193 0.00 0.00 0.00 0.00 0.00 0.00 0.00
bicycle 0.00 0 0.00 363 144 372 156 0.00 0.00 0.00 0.00 0.00 0.00 0.00
pedestrian 0.00 0 0.00 383 136 396 146 0.00 0.00 0.00 0.00 0.00 0.00 0.00
