car 0.00 0 0.00 741 801 878 919 0.00 0.00 0.00 0.00 0.00 0.00 0.00
car 0.00 0 0.00 533 758 643 855 0.00 0.00 0.00 0.00 0.00 0.00 0.00
car 0.00 0 0.00 685 730 791 799 0.00 0.00 0.00 0.00 0.00 0.00 0.00
car 0.00 0 0.00 887 721 968 802 0.00 0.00 0.00 0.00 0.00 0.00 0.00
car 0.00 0 0.00 887 675 955 734 0.00 0.00 0.00 0.00 0.00 0.00 0.00
car 0.00 0 0.00 1122 906 1341 1074 0.00 0.00 0.00 0.00 0.00 0.00 0.00
car 0.00 0 0.00 913 639 961 678 0.00 0.00 0.00 0.00 0.00 0.00 0.00
car 0.00 0 0.00 858 620 895 650 0.00 0.00 0.00 0.00 0.00 0.00 0.00
car 0.00 0 0.00 944 614 979 642 0.00 0.00 0.00 0.00 0.00 0.00 0.00
car 0.00 0 0.00 878 604 918 636 0.00 0.00 0.00 0.00 0.00 0.00 0.00
car 0.00 0 0.00 1098 817 1234 933 0.00 0.00 0.00 0.00 0.00 0.00 0.00
car 0.00 0 0.00 1075 762 1177 849 0.00 0.00 0.00 0.00 0.00 0.00 0.00
car 0.00 0 0.00 1056 713 1152 793 0.00 0.00 0.00 0.00 0.00 0.00 0.00
car 0.00 0 0.00 1058 696 1131 752 0.00 0.00 0.00 0.00 0.00 0.00 0.00
car 0.00 0 0.00 1045 676 1108 729 0.00 0.00 0.00 0.00 0.00 0.00 0.00
car 0.00 0 0.00 1041 660 1099 701 0.00 0.00 0.00 0.00 0.00 0.00 0.00
car 0.00 0 0.00 1041 647 1099 688 0.00 0.00 0.00 0.00 0.00 0.00 0.00
car 0.00 0 0.00 1031 619 1072 649 0.00 0.00 0.00 0.00 0.00 0.00 0.00
pedestrian 0.00 0 0.00 1197 665 1224 727 0.00 0.00 0.00 0.00 0.00 0.00 0.00
bicycle 0.00 0 0.00 1013 738 1036 793 0.00 0.00 0.00 0.00 0.00 0.00 0.00
bicycle 0.00 0 0.00 835 696 860 740 0.00 0.00 0.00 0.00 0.00 0.00 0.00
bicycle 0.00 0 0.00 1020 691 1041 726 0.00 0.00 0.00 0.00 0.00 0.00 0.00
bicycle 0.00 0 0.00 1006 645 1018 676 0.00 0.00 0.00 0.00 0.00 0.00 0.00
bicycle 0.00 0 0.00 1003 622 1017 643 0.00 0.00 0.00 0.00 0.00 0.00 0.00
motor 0.00 0 0.00 602 731 654 800 0.00 0.00 0.00 0.00 0.00 0.00 0.00
pedestrian 0.00 0 0.00 1011 714 1036 774 0.00 0.00 0.00 0.00 0.00 0.00 0.00
pedestrian 0.00 0 0.00 838 674 860 722 0.00 0.00 0.00 0.00 0.00 0.00 0.00
pedestrian 0.00 0 0.00 1022 675 1036 711 0.00 0.00 0.00 0.00 0.00 0.00 0.00
pedestrian 0.00 0 0.00 1007 632 1018 656 0.00 0.00 0.00 0.00 0.00 0.00 0.00
pedestrian 0.00 0 0.00 1004 609 1015 633 0.00 0.00 0.00 0.00 0.00 0.00 0.00
pedestrian 0.00 0 0.00 1025 625 1036 649 0.00 0.00 0.00 0.00 0.00 0.00 0.00
bicycle 0.00 0 0.00 1024 639 1034 660 0.00 0.00 0.00 0.00 0.00 0.00 0.00
van 0.00 0 0.00 1224 995 1470 1080 0.00 0.00 0.00 0.00 0.00 0.00 0.00
car 0.00 0 0.00 764 678 842 740 0.00 0.00 0.00 0.00 0.00 0.00 0.00
car 0.00 0 0.00 704 634 822 689 0.00 0.00 0.00 0.00 0.00 0.00 0.00
