people 0.00 0 0.00 419 588 428 609 0.00 0.00 0.00 0.00 0.00 0.00 0.00
awning-tricycle 0.00 0 0.00 409 594 466 615 0.00 0.00 0.00 0.00 0.00 0.00 0.00
van 0.00 0 0.00 440 625 517 676 0.00 0.00 0.00 0.00 0.00 0.00 0.00
car 0.00 0 0.00 495 640 596 687 0.00 0.00 0.00 0.00 0.00 0.00 0.00
people 0.00 0 0.00 513 608 524 630 0.00 0.00 0.00 0.00 0.00 0.00 0.00
motor 0.00 0 0.00 505 617 536 639 0.00 0.00 0.00 0.00 0.00 0.00 0.00
car 0.00 0 0.00 468 569 533 614 0.00 0.00 0.00 0.00 0.00 0.00 0.00
pedestrian 0.00 0 0.00 533 598 542 627 0.00 0.00 0.00 0.00 0.00 0.00 0.00
motor 0.00 0 0.00 530 611 556 631 0.00 0.00 0.00 0.00 0.00 0.00 0.00
car 0.00 0 0.00 548 580 616 620 0.00 0.00 0.00 0.00 0.00 0.00 0.00
people 0.00 0 0.00 645 560 655 582 0.00 0.00 0.00 0.00 0.00 0.00 0.00
truck 0.00 0 0.00 419 1007 530 1080 0.00 0.00 0.00 0.00 0.00 0.00 0.00
pedestrian 0.00 0 0.00 560 1007 574 1045 0.00 0.00 0.00 0.00 0.00 0.00 0.00
pedestrian 0.00 0 0.00 545 1044 567 1080 0.00 0.00 0.00 0.00 0.00 0.00 0.00
pedestrian 0.00 0 0.00 531 1062 546 1080 0.00 0.00 0.00 0.00 0.00 0.00 0.00
awning-tricycle 0.00 0 0.00 591 875 667 1010 0.00 0.00 0.00 0.00 0.00 0.00 0.00
awning-tricycle 0.00 0 0.00 677 909 724 990 0.00 0.00 0.00 0.00 0.00 0.00 0.00
people 0.00 0 0.00 933 1011 953 1042 0.00 0.00 0.00 0.00 0.00 0.00 0.00
people 0.00 0 0.00 940 994 959 1035 0.00 0.00 0.00 0.00 0.00 0.00 0.00
motor 0.00 0 0.00 932 1000 964 1052 0.00 0.00 0.00 0.00 0.00 0.00 0.00
pedestrian 0.00 0 0.00 1060 956 1088 1014 0.00 0.00 0.00 0.00 0.00 0.00 0.00
people 0.00 0 0.00 1112 968 1134 1006 0.00 0.00 0.00 0.00 0.00 0.00 0.00
motor 0.00 0 0.00 1103 985 1142 1023 0.00 0.00 0.00 0.00 0.00 0.00 0.00
motor 0.00 0 0.00 1109 1047 1164 1080 0.00 0.00 0.00 0.00 0.00 0.00 0.00
motor 0.00 0 0.00 1111 1025 1172 1067 0.00 0.00 0.00 0.00 0.00 0.00 0.00
motor 0.00 0 0.00 1076 878 1125 911 0.00 0.00 0.00 0.00 0.00 0.00 0.00
motor 0.00 0 0.00 1041 841 1077 878 0.00 0.00 0.00 0.00 0.00 0.00 0.00
pedestrian 0.00 0 0.00 747 740 763 788 0.00 0.00 0.00 0.00 0.00 0.00 0.00
pedestrian 0.00 0 0.00 767 742 783 788 0.00 0.00 0.00 0.00 0.00 0.00 0.00
people 0.00 0 0.00 797 801 816 838 0.00 0.00 0.00 0.00 0.00 0.00 0.00
motor 0.00 0 0.00 794 818 817 851 0.00 0.00 0.00 0.00 0.00 0.00 0.00
car 0.00 0 0.00 852 740 900 817 0.00 0.00 0.00 0.00 0.00 0.00 0.00
car 0.00 0 0.00 742 661 807 726 0.00 0.00 0.00 0.00 0.00 0.00 0.00
car 0.00 0 0.00 877 634 914 682 0.00 0.00 0.00 0.00 0.00 0.00 0.00
awning-tricycle 0.00 0 0.00 974 742 1002 799 0.00 0.00 0.00 0.00 0.00 0.00 0.00
pedestrian 0.00 0 0.00 1045 773 1059 819 0.00 0.00 0.00 0.00 0.00 0.00 0.00
pedestrian 0.00 0 0.00 1073 729 1085 770 0.00 0.00 0.00 0.00 0.00 0.00 0.00
people 0.00 0 0.00 998 719 1011 751 0.00 0.00 0.00 0.00 0.00 0.00 0.00
motor 0.00 0 0.00 984 729 1026 765 0.00 0.00 0.00 0.00 0.00 0.00 0.00
people 0.00 0 0.00 1136 754 1150 781 0.00 0.00 0.00 0.00 0.00 0.00 0.00
motor 0.00 0 0.00 1083 730 1113 768 0.00 0.00 0.00 0.00 0.00 0.00 0.00
motor 0.00 0 0.00 1063 761 1107 794 0.00 0.00 0.00 0.00 0.00 0.00 0.00
motor 0.00 0 0.00 1060 677 1097 708 0.00 0.00 0.00 0.00 0.00 0.00 0.00
bicycle 0.00 0 0.00 1073 644 1103 664 0.00 0.00 0.00 0.00 0.00 0.00 0.00
awning-tricycle 0.00 0 0.00 1041 611 1105 653 0.00 0.00 0.00 0.00 0.00 0.00 0.00
car 0.00 0 0.00 939 621 979 663 0.00 0.00 0.00 0.00 0.00 0.00 0.00
pedestrian 0.00 0 0.00 990 604 999 638 0.00 0.00 0.00 0.00 0.00 0.00 0.00
pedestrian 0.00 0 0.00 1012 594 1023 622 0.00 0.00 0.00 0.00 0.00 0.00 0.00
bicycle 0.00 0 0.00 1014 606 1021 628 0.00 0.00 0.00 0.00 0.00 0.00 0.00
car 0.00 0 0.00 1049 583 1087 622 0.00 0.00 0.00 0.00 0.00 0.00 0.00
pedestrian 0.00 0 0.00 816 576 824 608 0.00 0.00 0.00 0.00 0.00 0.00 0.00
awning-tricycle 0.00 0 0.00 788 578 817 613 0.00 0.00 0.00 0.00 0.00 0.00 0.00
people 0.00 0 0.00 852 570 862 593 0.00 0.00 0.00 0.00 0.00 0.00 0.00
motor 0.00 0 0.00 851 580 862 597 0.00 0.00 0.00 0.00 0.00 0.00 0.00
people 0.00 0 0.00 842 542 853 567 0.00 0.00 0.00 0.00 0.00 0.00 0.00
motor 0.00 0 0.00 839 551 853 573 0.00 0.00 0.00 0.00 0.00 0.00 0.00
people 0.00 0 0.00 883 544 896 569 0.00 0.00 0.00 0.00 0.00 0.00 0.00
motor 0.00 0 0.00 887 556 896 577 0.00 0.00 0.00 0.00 0.00 0.00 0.00
car 0.00 0 0.00 678 339 717 356 0.00 0.00 0.00 0.00 0.00 0.00 0.00
car 0.00 0 0.00 740 342 779 358 0.00 0.00 0.00 0.00 0.00 0.00 0.00
van 0.00 0 0.00 791 340 826 359 0.00 0.00 0.00 0.00 0.00 0.00 0.00
car 0.00 0 0.00 875 444 901 471 0.00 0.00 0.00 0.00 0.00 0.00 0.00
awning-tricycle 0.00 0 0.00 910 463 928 489 0.00 0.00 0.00 0.00 0.00 0.00 0.00
people 0.00 0 0.00 957 504 967 524 0.00 0.00 0.00 0.00 0.00 0.00 0.00
motor 0.00 0 0.00 993 534 1015 549 0.00 0.00 0.00 0.00 0.00 0.00 0.00
motor 0.00 0 0.00 959 510 967 529 0.00 0.00 0.00 0.00 0.00 0.00 0.00
car 0.00 0 0.00 986 499 1018 528 0.00 0.00 0.00 0.00 0.00 0.00 0.00
car 0.00 0 0.00 945 400 965 427 0.00 0.00 0.00 0.00 0.00 0.00 0.00
people 0.00 0 0.00 1005 474 1013 490 0.00 0.00 0.00 0.00 0.00 0.00 0.00
motor 0.00 0 0.00 1004 480 1014 497 0.00 0.00 0.00 0.00 0.00 0.00 0.00
pedestrian 0.00 0 0.00 1033 464 1041 488 0.00 0.00 0.00 0.00 0.00 0.00 0.00
pedestrian 0.00 0 0.00 1051 465 1057 487 0.00 0.00 0.00 0.00 0.00 0.00 0.00
pedestrian 0.00 0 0.00 1021 445 1029 466 0.00 0.00 0.00 0.00 0.00 0.00 0.00
pedestrian 0.00 0 0.00 1048 435 1055 456 0.00 0.00 0.00 0.00 0.00 0.00 0.00
car 0.00 0 0.00 989 380 1006 397 0.00 0.00 0.00 0.00 0.00 0.00 0.00
car 0.00 0 0.00 952 367 975 390 0.00 0.00 0.00 0.00 0.00 0.00 0.00
people 0.00 0 0.00 929 385 935 400 0.00 0.00 0.00 0.00 0.00 0.00 0.00
people 0.00 0 0.00 937 381 946 398 0.00 0.00 0.00 0.00 0.00 0.00 0.00
car 0.00 0 0.00 1049 530 1089 556 0.00 0.00 0.00 0.00 0.00 0.00 0.00
car 0.00 0 0.00 1058 554 1085 573 0.00 0.00 0.00 0.00 0.00 0.00 0.00
pedestrian 0.00 0 0.00 982 318 987 330 0.00 0.00 0.00 0.00 0.00 0.00 0.00
pedestrian 0.00 0 0.00 933 339 936 351 0.00 0.00 0.00 0.00 0.00 0.00 0.00
pedestrian 0.00 0 0.00 997 353 1002 367 0.00 0.00 0.00 0.00 0.00 0.00 0.00
pedestrian 0.00 0 0.00 1034 347 1041 361 0.00 0.00 0.00 0.00 0.00 0.00 0.00
awning-tricycle 0.00 0 0.00 1029 319 1039 332 0.00 0.00 0.00 0.00 0.00 0.00 0.00
pedestrian 0.00 0 0.00 1047 368 1054 383 0.00 0.00 0.00 0.00 0.00 0.00 0.00
pedestrian 0.00 0 0.00 1012 368 1018 379 0.00 0.00 0.00 0.00 0.00 0.00 0.00
pedestrian 0.00 0 0.00 1001 365 1007 383 0.00 0.00 0.00 0.00 0.00 0.00 0.00
car 0.00 0 0.00 945 547 981 583 0.00 0.00 0.00 0.00 0.00 0.00 0.00
