pedestrian 0.00 0 0.00 241 807 299 901 0.00 0.00 0.00 0.00 0.00 0.00 0.00
tricycle 0.00 0 0.00 461 707 554 834 0.00 0.00 0.00 0.00 0.00 0.00 0.00
car 0.00 0 0.00 725 429 790 495 0.00 0.00 0.00 0.00 0.00 0.00 0.00
van 0.00 0 0.00 941 441 1012 524 0.00 0.00 0.00 0.00 0.00 0.00 0.00
car 0.00 0 0.00 450 415 518 483 0.00 0.00 0.00 0.00 0.00 0.00 0.00
people 0.00 0 0.00 476 510 511 563 0.00 0.00 0.00 0.00 0.00 0.00 0.00
car 0.00 0 0.00 482 310 527 349 0.00 0.00 0.00 0.00 0.00 0.00 0.00
car 0.00 0 0.00 506 290 550 330 0.00 0.00 0.00 0.00 0.00 0.00 0.00
van 0.00 0 0.00 723 292 763 342 0.00 0.00 0.00 0.00 0.00 0.00 0.00
bus 0.00 0 0.00 895 240 946 319 0.00 0.00 0.00 0.00 0.00 0.00 0.00
car 0.00 0 0.00 1093 359 1204 397 0.00 0.00 0.00 0.00 0.00 0.00 0.00
car 0.00 0 0.00 1041 326 1145 361 0.00 0.00 0.00 0.00 0.00 0.00 0.00
motor 0.00 0 0.00 546 254 574 274 0.00 0.00 0.00 0.00 0.00 0.00 0.00
motor 0.00 0 0.00 849 288 861 310 0.00 0.00 0.00 0.00 0.00 0.00 0.00
motor 0.00 0 0.00 809 261 818 281 0.00 0.00 0.00 0.00 0.00 0.00 0.00
people 0.00 0 0.00 850 281 861 303 0.00 0.00 0.00 0.00 0.00 0.00 0.00
people 0.00 0 0.00 808 253 819 276 0.00 0.00 0.00 0.00 0.00 0.00 0.00
car 0.00 0 0.00 572 236 606 271 0.00 0.00 0.00 0.00 0.00 0.00 0.00
car 0.00 0 0.00 533 233 584 257 0.00 0.00 0.00 0.00 0.00 0.00 0.00
truck 0.00 0 0.00 890 220 920 252 0.00 0.00 0.00 0.00 0.00 0.00 0.00
car 0.00 0 0.00 813 208 838 228 0.00 0.00 0.00 0.00 0.00 0.00 0.00
car 0.00 0 0.00 823 180 842 195 0.00 0.00 0.00 0.00 0.00 0.00 0.00
bus 0.00 0 0.00 883 193 915 238 0.00 0.00 0.00 0.00 0.00 0.00 0.00
bus 0.00 0 0.00 878 164 902 199 0.00 0.00 0.00 0.00 0.00 0.00 0.00
truck 0.00 0 0.00 875 154 894 176 0.00 0.00 0.00 0.00 0.00 0.00 0.00
tricycle 0.00 0 0.00 769 223 785 241 0.00 0.00 0.00 0.00 0.00 0.00 0.00
pedestrian 0.00 0 0.00 868 154 873 167 0.00 0.00 0.00 0.00 0.00 0.00 0.00
car 0.00 0 0.00 841 147 854 157 0.00 0.00 0.00 0.00 0.00 0.00 0.00
truck 0.00 0 0.00 975 672 1161 906 0.00 0.00 0.00 0.00 0.00 0.00 0.00
truck 0.00 0 0.00 1034 814 1253 1080 0.00 0.00 0.00 0.00 0.00 0.00 0.00
