car 0.00 0 0.00 1842 735 1920 804 0.00 0.00 0.00 0.00 0.00 0.00 0.00
van 0.00 0 0.00 1583 642 1749 740 0.00 0.00 0.00 0.00 0.00 0.00 0.00
car 0.00 0 0.00 1580 627 1756 691 0.00 0.00 0.00 0.00 0.00 0.00 0.00
van 0.00 0 0.00 1115 951 1253 1080 0.00 0.00 0.00 0.00 0.00 0.00 0.00
car 0.00 0 0.00 803 1018 916 1080 0.00 0.00 0.00 0.00 0.00 0.00 0.00
car 0.00 0 0.00 363 991 497 1080 0.00 0.00 0.00 0.00 0.00 0.00 0.00
car 0.00 0 0.00 866 704 945 807 0.00 0.00 0.00 0.00 0.00 0.00 0.00
van 0.00 0 0.00 1008 651 1082 746 0.00 0.00 0.00 0.00 0.00 0.00 0.00
bus 0.00 0 0.00 538 497 706 721 0.00 0.00 0.00 0.00 0.00 0.00 0.00
people 0.00 0 0.00 468 628 490 666 0.00 0.00 0.00 0.00 0.00 0.00 0.00
motor 0.00 0 0.00 464 643 492 687 0.00 0.00 0.00 0.00 0.00 0.00 0.00
people 0.00 0 0.00 479 563 501 604 0.00 0.00 0.00 0.00 0.00 0.00 0.00
bicycle 0.00 0 0.00 479 590 502 626 0.00 0.00 0.00 0.00 0.00 0.00 0.00
people 0.00 0 0.00 520 567 537 593 0.00 0.00 0.00 0.00 0.00 0.00 0.00
bicycle 0.00 0 0.00 523 588 542 619 0.00 0.00 0.00 0.00 0.00 0.00 0.00
people 0.00 0 0.00 1266 610 1282 633 0.00 0.00 0.00 0.00 0.00 0.00 0.00
people 0.00 0 0.00 1262 591 1282 621 0.00 0.00 0.00 0.00 0.00 0.00 0.00
motor 0.00 0 0.00 1254 602 1278 645 0.00 0.00 0.00 0.00 0.00 0.00 0.00
people 0.00 0 0.00 1204 481 1219 508 0.00 0.00 0.00 0.00 0.00 0.00 0.00
awning-tricycle 0.00 0 0.00 1174 467 1226 528 0.00 0.00 0.00 0.00 0.00 0.00 0.00
car 0.00 0 0.00 1088 473 1178 531 0.00 0.00 0.00 0.00 0.00 0.00 0.00
car 0.00 0 0.00 75 390 151 428 0.00 0.00 0.00 0.00 0.00 0.00 0.00
car 0.00 0 0.00 49 359 127 395 0.00 0.00 0.00 0.00 0.00 0.00 0.00
car 0.00 0 0.00 230 328 289 361 0.00 0.00 0.00 0.00 0.00 0.00 0.00
car 0.00 0 0.00 887 502 950 555 0.00 0.00 0.00 0.00 0.00 0.00 0.00
car 0.00 0 0.00 957 386 1002 433 0.00 0.00 0.00 0.00 0.00 0.00 0.00
van 0.00 0 0.00 873 395 918 446 0.00 0.00 0.00 0.00 0.00 0.00 0.00
car 0.00 0 0.00 817 436 861 480 0.00 0.00 0.00 0.00 0.00 0.00 0.00
car 0.00 0 0.00 741 461 795 517 0.00 0.00 0.00 0.00 0.00 0.00 0.00
car 0.00 0 0.00 679 421 728 470 0.00 0.00 0.00 0.00 0.00 0.00 0.00
car 0.00 0 0.00 757 380 804 422 0.00 0.00 0.00 0.00 0.00 0.00 0.00
car 0.00 0 0.00 907 336 951 370 0.00 0.00 0.00 0.00 0.00 0.00 0.00
bus 0.00 0 0.00 895 238 953 300 0.00 0.00 0.00 0.00 0.00 0.00 0.00
people 0.00 0 0.00 941 242 954 260 0.00 0.00 0.00 0.00 0.00 0.00 0.00
car 0.00 0 0.00 851 288 882 317 0.00 0.00 0.00 0.00 0.00 0.00 0.00
car 0.00 0 0.00 791 338 829 368 0.00 0.00 0.00 0.00 0.00 0.00 0.00
car 0.00 0 0.00 715 345 757 378 0.00 0.00 0.00 0.00 0.00 0.00 0.00
car 0.00 0 0.00 785 302 816 332 0.00 0.00 0.00 0.00 0.00 0.00 0.00
car 0.00 0 0.00 734 296 769 327 0.00 0.00 0.00 0.00 0.00 0.00 0.00
car 0.00 0 0.00 776 277 807 305 0.00 0.00 0.00 0.00 0.00 0.00 0.00
car 0.00 0 0.00 789 251 812 272 0.00 0.00 0.00 0.00 0.00 0.00 0.00
car 0.00 0 0.00 726 261 752 286 0.00 0.00 0.00 0.00 0.00 0.00 0.00
car 0.00 0 0.00 728 242 754 265 0.00 0.00 0.00 0.00 0.00 0.00 0.00
truck 0.00 0 0.00 764 223 797 254 0.00 0.00 0.00 0.00 0.00 0.00 0.00
car 0.00 0 0.00 712 221 735 248 0.00 0.00 0.00 0.00 0.00 0.00 0.00
car 0.00 0 0.00 743 220 767 239 0.00 0.00 0.00 0.00 0.00 0.00 0.00
car 0.00 0 0.00 742 207 765 226 0.00 0.00 0.00 0.00 0.00 0.00 0.00
truck 0.00 0 0.00 748 198 766 216 0.00 0.00 0.00 0.00 0.00 0.00 0.00
tricycle 0.00 0 0.00 739 185 752 202 0.00 0.00 0.00 0.00 0.00 0.00 0.00
van 0.00 0 0.00 697 192 716 216 0.00 0.00 0.00 0.00 0.00 0.00 0.00
car 0.00 0 0.00 663 208 687 231 0.00 0.00 0.00 0.00 0.00 0.00 0.00
car 0.00 0 0.00 682 184 704 204 0.00 0.00 0.00 0.00 0.00 0.00 0.00
car 0.00 0 0.00 656 164 673 179 0.00 0.00 0.00 0.00 0.00 0.00 0.00
car 0.00 0 0.00 611 138 628 152 0.00 0.00 0.00 0.00 0.00 0.00 0.00
truck 0.00 0 0.00 491 202 529 239 0.00 0.00 0.00 0.00 0.00 0.00 0.00
car 0.00 0 0.00 478 239 505 258 0.00 0.00 0.00 0.00 0.00 0.00 0.00
car 0.00 0 0.00 481 254 513 277 0.00 0.00 0.00 0.00 0.00 0.00 0.00
truck 0.00 0 0.00 516 197 541 217 0.00 0.00 0.00 0.00 0.00 0.00 0.00
pedestrian 0.00 0 0.00 429 186 438 208 0.00 0.00 0.00 0.00 0.00 0.00 0.00
van 0.00 0 0.00 1741 250 1771 279 0.00 0.00 0.00 0.00 0.00 0.00 0.00
van 0.00 0 0.00 1831 328 1878 363 0.00 0.00 0.00 0.00 0.00 0.00 0.00
car 0.00 0 0.00 1849 342 1899 378 0.00 0.00 0.00 0.00 0.00 0.00 0.00
car 0.00 0 0.00 1873 362 1920 401 0.00 0.00 0.00 0.00 0.00 0.00 0.00
truck 0.00 0 0.00 270 401 383 465 0.00 0.00 0.00 0.00 0.00 0.00 0.00
