car 0.00 0 0.00 1166 633 1344 765 0.00 0.00 0.00 0.00 0.00 0.00 0.00
motor 0.00 0 0.00 1202 431 1259 476 0.00 0.00 0.00 0.00 0.00 0.00 0.00
motor 0.00 0 0.00 1171 410 1224 449 0.00 0.00 0.00 0.00 0.00 0.00 0.00
motor 0.00 0 0.00 1064 293 1091 322 0.00 0.00 0.00 0.00 0.00 0.00 0.00
car 0.00 0 0.00 998 477 1168 604 0.00 0.00 0.00 0.00 0.00 0.00 0.00
car 0.00 0 0.00 964 373 1094 471 0.00 0.00 0.00 0.00 0.00 0.00 0.00
car 0.00 0 0.00 940 325 1014 382 0.00 0.00 0.00 0.00 0.00 0.00 0.00
car 0.00 0 0.00 944 231 996 271 0.00 0.00 0.00 0.00 0.00 0.00 0.00
pedestrian 0.00 0 0.00 923 148 936 172 0.00 0.00 0.00 0.00 0.00 0.00 0.00
bicycle 0.00 0 0.00 903 169 928 185 0.00 0.00 0.00 0.00 0.00 0.00 0.00
motor 0.00 0 0.00 898 153 913 174 0.00 0.00 0.00 0.00 0.00 0.00 0.00
car 0.00 0 0.00 969 163 1048 190 0.00 0.00 0.00 0.00 0.00 0.00 0.00
car 0.00 0 0.00 847 129 874 152 0.00 0.00 0.00 0.00 0.00 0.00 0.00
car 0.00 0 0.00 807 151 840 181 0.00 0.00 0.00 0.00 0.00 0.00 0.00
pedestrian 0.00 0 0.00 800 126 807 148 0.00 0.00 0.00 0.00 0.00 0.00 0.00
van 0.00 0 0.00 785 105 845 132 0.00 0.00 0.00 0.00 0.00 0.00 0.00
pedestrian 0.00 0 0.00 765 61 771 75 0.00 0.00 0.00 0.00 0.00 0.00 0.00
bicycle 0.00 0 0.00 765 110 769 126 0.00 0.00 0.00 0.00 0.00 0.00 0.00
people 0.00 0 0.00 764 107 771 123 0.00 0.00 0.00 0.00 0.00 0.00 0.00
motor 0.00 0 0.00 726 85 733 99 0.00 0.00 0.00 0.00 0.00 0.00 0.00
people 0.00 0 0.00 726 82 733 97 0.00 0.00 0.00 0.00 0.00 0.00 0.00
car 0.00 0 0.00 732 59 749 73 0.00 0.00 0.00 0.00 0.00 0.00 0.00
motor 0.00 0 0.00 261 589 339 640 0.00 0.00 0.00 0.00 0.00 0.00 0.00
pedestrian 0.00 0 0.00 350 550 375 630 0.00 0.00 0.00 0.00 0.00 0.00 0.00
motor 0.00 0 0.00 351 343 411 379 0.00 0.00 0.00 0.00 0.00 0.00 0.00
pedestrian 0.00 0 0.00 190 631 205 698 0.00 0.00 0.00 0.00 0.00 0.00 0.00
awning-tricycle 0.00 0 0.00 338 712 480 765 0.00 0.00 0.00 0.00 0.00 0.00 0.00
car 0.00 0 0.00 406 494 605 667 0.00 0.00 0.00 0.00 0.00 0.00 0.00
car 0.00 0 0.00 460 419 563 524 0.00 0.00 0.00 0.00 0.00 0.00 0.00
car 0.00 0 0.00 482 343 592 408 0.00 0.00 0.00 0.00 0.00 0.00 0.00
car 0.00 0 0.00 502 303 602 361 0.00 0.00 0.00 0.00 0.00 0.00 0.00
car 0.00 0 0.00 527 275 623 332 0.00 0.00 0.00 0.00 0.00 0.00 0.00
car 0.00 0 0.00 529 235 574 279 0.00 0.00 0.00 0.00 0.00 0.00 0.00
car 0.00 0 0.00 543 204 582 247 0.00 0.00 0.00 0.00 0.00 0.00 0.00
car 0.00 0 0.00 487 143 518 174 0.00 0.00 0.00 0.00 0.00 0.00 0.00
car 0.00 0 0.00 527 142 563 173 0.00 0.00 0.00 0.00 0.00 0.00 0.00
car 0.00 0 0.00 495 112 566 137 0.00 0.00 0.00 0.00 0.00 0.00 0.00
car 0.00 0 0.00 582 141 615 170 0.00 0.00 0.00 0.00 0.00 0.00 0.00
car 0.00 0 0.00 577 115 613 140 0.00 0.00 0.00 0.00 0.00 0.00 0.00
car 0.00 0 0.00 644 108 686 131 0.00 0.00 0.00 0.00 0.00 0.00 0.00
car 0.00 0 0.00 585 100 639 121 0.00 0.00 0.00 0.00 0.00 0.00 0.00
car 0.00 0 0.00 560 93 613 113 0.00 0.00 0.00 0.00 0.00 0.00 0.00
van 0.00 0 0.00 599 88 637 112 0.00 0.00 0.00 0.00 0.00 0.00 0.00
car 0.00 0 0.00 597 81 638 101 0.00 0.00 0.00 0.00 0.00 0.00 0.00
van 0.00 0 0.00 630 74 651 94 0.00 0.00 0.00 0.00 0.00 0.00 0.00
van 0.00 0 0.00 600 67 637 87 0.00 0.00 0.00 0.00 0.00 0.00 0.00
bus 0.00 0 0.00 592 51 650 86 0.00 0.00 0.00 0.00 0.00 0.00 0.00
car 0.00 0 0.00 673 29 684 39 0.00 0.00 0.00 0.00 0.00 0.00 0.00
car 0.00 0 0.00 634 45 647 56 0.00 0.00 0.00 0.00 0.00 0.00 0.00
car 0.00 0 0.00 611 48 628 57 0.00 0.00 0.00 0.00 0.00 0.00 0.00
car 0.00 0 0.00 617 42 636 52 0.00 0.00 0.00 0.00 0.00 0.00 0.00
car 0.00 0 0.00 613 45 624 55 0.00 0.00 0.00 0.00 0.00 0.00 0.00
car 0.00 0 0.00 670 24 681 34 0.00 0.00 0.00 0.00 0.00 0.00 0.00
car 0.00 0 0.00 665 16 674 24 0.00 0.00 0.00 0.00 0.00 0.00 0.00
car 0.00 0 0.00 716 41 729 51 0.00 0.00 0.00 0.00 0.00 0.00 0.00
car 0.00 0 0.00 716 39 729 48 0.00 0.00 0.00 0.00 0.00 0.00 0.00
car 0.00 0 0.00 708 25 727 32 0.00 0.00 0.00 0.00 0.00 0.00 0.00
car 0.00 0 0.00 692 25 714 33 0.00 0.00 0.00 0.00 0.00 0.00 0.00
car 0.00 0 0.00 697 28 716 37 0.00 0.00 0.00 0.00 0.00 0.00 0.00
car 0.00 0 0.00 707 28 717 40 0.00 0.00 0.00 0.00 0.00 0.00 0.00
car 0.00 0 0.00 709 32 720 42 0.00 0.00 0.00 0.00 0.00 0.00 0.00
