car 0.00 0 0.00 938 906 1068 1080 0.00 0.00 0.00 0.00 0.00 0.00 0.00
car 0.00 0 0.00 1249 920 1388 1080 0.00 0.00 0.00 0.00 0.00 0.00 0.00
car 0.00 0 0.00 1462 978 1604 1080 0.00 0.00 0.00 0.00 0.00 0.00 0.00
car 0.00 0 0.00 1361 785 1516 957 0.00 0.00 0.00 0.00 0.00 0.00 0.00
car 0.00 0 0.00 1273 630 1398 760 0.00 0.00 0.00 0.00 0.00 0.00 0.00
car 0.00 0 0.00 1111 633 1235 787 0.00 0.00 0.00 0.00 0.00 0.00 0.00
car 0.00 0 0.00 999 673 1110 828 0.00 0.00 0.00 0.00 0.00 0.00 0.00
car 0.00 0 0.00 870 673 981 829 0.00 0.00 0.00 0.00 0.00 0.00 0.00
car 0.00 0 0.00 804 507 902 638 0.00 0.00 0.00 0.00 0.00 0.00 0.00
car 0.00 0 0.00 401 405 500 541 0.00 0.00 0.00 0.00 0.00 0.00 0.00
car 0.00 0 0.00 368 127 442 228 0.00 0.00 0.00 0.00 0.00 0.00 0.00
car 0.00 0 0.00 1038 457 1143 582 0.00 0.00 0.00 0.00 0.00 0.00 0.00
motor 0.00 0 0.00 204 626 250 686 0.00 0.00 0.00 0.00 0.00 0.00 0.00
car 0.00 0 0.00 167 38 227 114 0.00 0.00 0.00 0.00 0.00 0.00 0.00
car 0.00 0 0.00 179 0 237 35 0.00 0.00 0.00 0.00 0.00 0.00 0.00
car 0.00 0 0.00 748 376 850 495 0.00 0.00 0.00 0.00 0.00 0.00 0.00
car 0.00 0 0.00 1135 431 1263 541 0.00 0.00 0.00 0.00 0.00 0.00 0.00
car 0.00 0 0.00 1275 396 1423 474 0.00 0.00 0.00 0.00 0.00 0.00 0.00
bicycle 0.00 0 0.00 1398 578 1428 635 0.00 0.00 0.00 0.00 0.00 0.00 0.00
bicycle 0.00 0 0.00 1392 546 1426 599 0.00 0.00 0.00 0.00 0.00 0.00 0.00
bicycle 0.00 0 0.00 1355 522 1406 560 0.00 0.00 0.00 0.00 0.00 0.00 0.00
car 0.00 0 0.00 1120 899 1247 1078 0.00 0.00 0.00 0.00 0.00 0.00 0.00
bicycle 0.00 0 0.00 1566 815 1625 876 0.00 0.00 0.00 0.00 0.00 0.00 0.00
car 0.00 0 0.00 1749 858 1892 947 0.00 0.00 0.00 0.00 0.00 0.00 0.00
car 0.00 0 0.00 1694 759 1845 853 0.00 0.00 0.00 0.00 0.00 0.00 0.00
car 0.00 0 0.00 1605 692 1750 766 0.00 0.00 0.00 0.00 0.00 0.00 0.00
car 0.00 0 0.00 1571 618 1716 692 0.00 0.00 0.00 0.00 0.00 0.00 0.00
car 0.00 0 0.00 1748 456 1868 556 0.00 0.00 0.00 0.00 0.00 0.00 0.00
car 0.00 0 0.00 1883 483 1920 536 0.00 0.00 0.00 0.00 0.00 0.00 0.00
car 0.00 0 0.00 1808 399 1920 487 0.00 0.00 0.00 0.00 0.00 0.00 0.00
van 0.00 0 0.00 1765 324 1894 400 0.00 0.00 0.00 0.00 0.00 0.00 0.00
van 0.00 0 0.00 1680 229 1807 302 0.00 0.00 0.00 0.00 0.00 0.00 0.00
car 0.00 0 0.00 1718 156 1821 233 0.00 0.00 0.00 0.00 0.00 0.00 0.00
car 0.00 0 0.00 1635 71 1725 136 0.00 0.00 0.00 0.00 0.00 0.00 0.00
car 0.00 0 0.00 1558 0 1638 70 0.00 0.00 0.00 0.00 0.00 0.00 0.00
car 0.00 0 0.00 1599 173 1739 246 0.00 0.00 0.00 0.00 0.00 0.00 0.00
car 0.00 0 0.00 1049 195 1127 273 0.00 0.00 0.00 0.00 0.00 0.00 0.00
car 0.00 0 0.00 695 244 780 342 0.00 0.00 0.00 0.00 0.00 0.00 0.00
car 0.00 0 0.00 655 162 730 246 0.00 0.00 0.00 0.00 0.00 0.00 0.00
car 0.00 0 0.00 617 67 680 137 0.00 0.00 0.00 0.00 0.00 0.00 0.00
car 0.00 0 0.00 678 12 731 69 0.00 0.00 0.00 0.00 0.00 0.00 0.00
car 0.00 0 0.00 710 102 785 182 0.00 0.00 0.00 0.00 0.00 0.00 0.00
car 0.00 0 0.00 829 201 904 292 0.00 0.00 0.00 0.00 0.00 0.00 0.00
car 0.00 0 0.00 776 71 840 143 0.00 0.00 0.00 0.00 0.00 0.00 0.00
car 0.00 0 0.00 906 180 977 264 0.00 0.00 0.00 0.00 0.00 0.00 0.00
car 0.00 0 0.00 1290 233 1427 296 0.00 0.00 0.00 0.00 0.00 0.00 0.00
car 0.00 0 0.00 1254 192 1373 240 0.00 0.00 0.00 0.00 0.00 0.00 0.00
car 0.00 0 0.00 1229 147 1354 198 0.00 0.00 0.00 0.00 0.00 0.00 0.00
car 0.00 0 0.00 1557 137 1685 205 0.00 0.00 0.00 0.00 0.00 0.00 0.00
car 0.00 0 0.00 1533 112 1653 167 0.00 0.00 0.00 0.00 0.00 0.00 0.00
car 0.00 0 0.00 1507 70 1624 133 0.00 0.00 0.00 0.00 0.00 0.00 0.00
car 0.00 0 0.00 1478 50 1591 108 0.00 0.00 0.00 0.00 0.00 0.00 0.00
car 0.00 0 0.00 1177 80 1302 132 0.00 0.00 0.00 0.00 0.00 0.00 0.00
car 0.00 0 0.00 1132 43 1247 96 0.00 0.00 0.00 0.00 0.00 0.00 0.00
car 0.00 0 0.00 1107 8 1217 52 0.00 0.00 0.00 0.00 0.00 0.00 0.00
van 0.00 0 0.00 1343 12 1453 97 0.00 0.00 0.00 0.00 0.00 0.00 0.00
car 0.00 0 0.00 1439 18 1545 72 0.00 0.00 0.00 0.00 0.00 0.00 0.00
car 0.00 0 0.00 1412 1 1518 41 0.00 0.00 0.00 0.00 0.00 0.00 0.00
bus 0.00 0 0.00 822 278 1037 605 0.00 0.00 0.00 0.00 0.00 0.00 0.00
truck 0.00 0 0.00 944 272 1072 430 0.00 0.00 0.00 0.00 0.00 0.00 0.00
car 0.00 0 0.00 996 106 1076 193 0.00 0.00 0.00 0.00 0.00 0.00 0.00
pedestrian 0.00 0 0.00 1103 112 1127 158 0.00 0.00 0.00 0.00 0.00 0.00 0.00
people 0.00 0 0.00 954 98 976 131 0.00 0.00 0.00 0.00 0.00 0.00 0.00
people 0.00 0 0.00 960 114 976 137 0.00 0.00 0.00 0.00 0.00 0.00 0.00
motor 0.00 0 0.00 944 103 975 143 0.00 0.00 0.00 0.00 0.00 0.00 0.00
van 0.00 0 0.00 851 31 939 129 0.00 0.00 0.00 0.00 0.00 0.00 0.00
car 0.00 0 0.00 929 1 1002 40 0.00 0.00 0.00 0.00 0.00 0.00 0.00
car 0.00 0 0.00 744 1 806 50 0.00 0.00 0.00 0.00 0.00 0.00 0.00
car 0.00 0 0.00 596 0 658 57 0.00 0.00 0.00 0.00 0.00 0.00 0.00
