car 0.00 0 0.00 247 612 319 702 0.00 0.00 0.00 0.00 0.00 0.00 0.00
car 0.00 0 0.00 292 522 355 603 0.00 0.00 0.00 0.00 0.00 0.00 0.00
van 0.00 0 0.00 277 198 322 229 0.00 0.00 0.00 0.00 0.00 0.00 0.00
car 0.00 0 0.00 805 574 868 656 0.00 0.00 0.00 0.00 0.00 0.00 0.00
car 0.00 0 0.00 710 536 752 602 0.00 0.00 0.00 0.00 0.00 0.00 0.00
car 0.00 0 0.00 794 443 835 500 0.00 0.00 0.00 0.00 0.00 0.00 0.00
car 0.00 0 0.00 707 348 740 388 0.00 0.00 0.00 0.00 0.00 0.00 0.00
car 0.00 0 0.00 700 164 724 191 0.00 0.00 0.00 0.00 0.00 0.00 0.00
car 0.00 0 0.00 581 252 612 288 0.00 0.00 0.00 0.00 0.00 0.00 0.00
car 0.00 0 0.00 615 192 639 226 0.00 0.00 0.00 0.00 0.00 0.00 0.00
car 0.00 0 0.00 779 692 829 765 0.00 0.00 0.00 0.00 0.00 0.00 0.00
car 0.00 0 0.00 472 700 537 765 0.00 0.00 0.00 0.00 0.00 0.00 0.00
truck 0.00 0 0.00 502 482 569 618 0.00 0.00 0.00 0.00 0.00 0.00 0.00
pedestrian 0.00 0 0.00 570 568 585 602 0.00 0.00 0.00 0.00 0.00 0.00 0.00
car 0.00 0 0.00 1016 730 1074 765 0.00 0.00 0.00 0.00 0.00 0.00 0.00
car 0.00 0 0.00 1084 729 1145 765 0.00 0.00 0.00 0.00 0.00 0.00 0.00
car 0.00 0 0.00 991 627 1054 721 0.00 0.00 0.00 0.00 0.00 0.00 0.00
car 0.00 0 0.00 1035 605 1103 702 0.00 0.00 0.00 0.00 0.00 0.00 0.00
car 0.00 0 0.00 956 520 1024 617 0.00 0.00 0.00 0.00 0.00 0.00 0.00
car 0.00 0 0.00 987 474 1044 538 0.00 0.00 0.00 0.00 0.00 0.00 0.00
car 0.00 0 0.00 1043 475 1097 540 0.00 0.00 0.00 0.00 0.00 0.00 0.00
tricycle 0.00 0 0.00 1110 552 1156 610 0.00 0.00 0.00 0.00 0.00 0.00 0.00
bicycle 0.00 0 0.00 1147 563 1183 586 0.00 0.00 0.00 0.00 0.00 0.00 0.00
bicycle 0.00 0 0.00 1157 568 1190 592 0.00 0.00 0.00 0.00 0.00 0.00 0.00
motor 0.00 0 0.00 1158 584 1178 615 0.00 0.00 0.00 0.00 0.00 0.00 0.00
car 0.00 0 0.00 1016 417 1101 478 0.00 0.00 0.00 0.00 0.00 0.00 0.00
car 0.00 0 0.00 966 402 1009 457 0.00 0.00 0.00 0.00 0.00 0.00 0.00
car 0.00 0 0.00 1010 372 1066 426 0.00 0.00 0.00 0.00 0.00 0.00 0.00
pedestrian 0.00 0 0.00 1073 395 1085 425 0.00 0.00 0.00 0.00 0.00 0.00 0.00
pedestrian 0.00 0 0.00 1091 389 1104 418 0.00 0.00 0.00 0.00 0.00 0.00 0.00
car 0.00 0 0.00 954 285 998 332 0.00 0.00 0.00 0.00 0.00 0.00 0.00
bicycle 0.00 0 0.00 1015 309 1031 329 0.00 0.00 0.00 0.00 0.00 0.00 0.00
truck 0.00 0 0.00 776 356 827 442 0.00 0.00 0.00 0.00 0.00 0.00 0.00
truck 0.00 0 0.00 763 209 801 277 0.00 0.00 0.00 0.00 0.00 0.00 0.00
truck 0.00 0 0.00 754 139 785 188 0.00 0.00 0.00 0.00 0.00 0.00 0.00
truck 0.00 0 0.00 748 98 778 141 0.00 0.00 0.00 0.00 0.00 0.00 0.00
car 0.00 0 0.00 722 65 745 85 0.00 0.00 0.00 0.00 0.00 0.00 0.00
van 0.00 0 0.00 745 44 764 75 0.00 0.00 0.00 0.00 0.00 0.00 0.00
car 0.00 0 0.00 750 94 768 112 0.00 0.00 0.00 0.00 0.00 0.00 0.00
truck 0.00 0 0.00 737 3 755 24 0.00 0.00 0.00 0.00 0.00 0.00 0.00
car 0.00 0 0.00 667 6 684 23 0.00 0.00 0.00 0.00 0.00 0.00 0.00
car 0.00 0 0.00 617 125 639 151 0.00 0.00 0.00 0.00 0.00 0.00 0.00
car 0.00 0 0.00 636 79 653 102 0.00 0.00 0.00 0.00 0.00 0.00 0.00
people 0.00 0 0.00 636 255 648 273 0.00 0.00 0.00 0.00 0.00 0.00 0.00
motor 0.00 0 0.00 636 260 647 280 0.00 0.00 0.00 0.00 0.00 0.00 0.00
car 0.00 0 0.00 479 186 520 215 0.00 0.00 0.00 0.00 0.00 0.00 0.00
van 0.00 0 0.00 495 147 524 176 0.00 0.00 0.00 0.00 0.00 0.00 0.00
car 0.00 0 0.00 519 115 551 147 0.00 0.00 0.00 0.00 0.00 0.00 0.00
car 0.00 0 0.00 618 33 634 51 0.00 0.00 0.00 0.00 0.00 0.00 0.00
car 0.00 0 0.00 613 16 629 32 0.00 0.00 0.00 0.00 0.00 0.00 0.00
pedestrian 0.00 0 0.00 604 38 611 52 0.00 0.00 0.00 0.00 0.00 0.00 0.00
car 0.00 0 0.00 479 6 511 23 0.00 0.00 0.00 0.00 0.00 0.00 0.00
car 0.00 0 0.00 494 2 521 15 0.00 0.00 0.00 0.00 0.00 0.00 0.00
car 0.00 0 0.00 567 37 598 52 0.00 0.00 0.00 0.00 0.00 0.00 0.00
car 0.00 0 0.00 563 33 599 47 0.00 0.00 0.00 0.00 0.00 0.00 0.00
car 0.00 0 0.00 565 28 601 42 0.00 0.00 0.00 0.00 0.00 0.00 0.00
car 0.00 0 0.00 567 23 601 36 0.00 0.00 0.00 0.00 0.00 0.00 0.00
car 0.00 0 0.00 567 16 602 27 0.00 0.00 0.00 0.00 0.00 0.00 0.00
car 0.00 0 0.00 572 11 603 21 0.00 0.00 0.00 0.00 0.00 0.00 0.00
car 0.00 0 0.00 562 5 600 18 0.00 0.00 0.00 0.00 0.00 0.00 0.00
van 0.00 0 0.00 568 0 606 11 0.00 0.00 0.00 0.00 0.00 0.00 0.00
