pedestrian 0.00 0 0.00 600 694 631 743 0.00 0.00 0.00 0.00 0.00 0.00 0.00
car 0.00 0 0.00 555 465 617 570 0.00 0.00 0.00 0.00 0.00 0.00 0.00
van 0.00 0 0.00 727 459 787 548 0.00 0.00 0.00 0.00 0.00 0.00 0.00
pedestrian 0.00 0 0.00 750 524 766 561 0.00 0.00 0.00 0.00 0.00 0.00 0.00
truck 0.00 0 0.00 431 329 500 434 0.00 0.00 0.00 0.00 0.00 0.00 0.00
people 0.00 0 0.00 644 349 661 375 0.00 0.00 0.00 0.00 0.00 0.00 0.00
motor 0.00 0 0.00 644 361 661 386 0.00 0.00 0.00 0.00 0.00 0.00 0.00
pedestrian 0.00 0 0.00 781 331 795 359 0.00 0.00 0.00 0.00 0.00 0.00 0.00
pedestrian 0.00 0 0.00 786 337 796 362 0.00 0.00 0.00 0.00 0.00 0.00 0.00
motor 0.00 0 0.00 815 360 838 387 0.00 0.00 0.00 0.00 0.00 0.00 0.00
car 0.00 0 0.00 6 279 114 322 0.00 0.00 0.00 0.00 0.00 0.00 0.00
car 0.00 0 0.00 270 124 351 161 0.00 0.00 0.00 0.00 0.00 0.00 0.00
car 0.00 0 0.00 297 73 361 105 0.00 0.00 0.00 0.00 0.00 0.00 0.00
car 0.00 0 0.00 298 63 356 91 0.00 0.00 0.00 0.00 0.00 0.00 0.00
pedestrian 0.00 0 0.00 274 6 284 28 0.00 0.00 0.00 0.00 0.00 0.00 0.00
pedestrian 0.00 0 0.00 246 12 255 33 0.00 0.00 0.00 0.00 0.00 0.00 0.00
van 0.00 0 0.00 466 121 496 171 0.00 0.00 0.00 0.00 0.00 0.00 0.00
car 0.00 0 0.00 471 0 504 21 0.00 0.00 0.00 0.00 0.00 0.00 0.00
car 0.00 0 0.00 682 124 720 158 0.00 0.00 0.00 0.00 0.00 0.00 0.00
pedestrian 0.00 0 0.00 723 205 735 232 0.00 0.00 0.00 0.00 0.00 0.00 0.00
people 0.00 0 0.00 657 227 671 257 0.00 0.00 0.00 0.00 0.00 0.00 0.00
motor 0.00 0 0.00 650 230 682 256 0.00 0.00 0.00 0.00 0.00 0.00 0.00
people 0.00 0 0.00 662 199 674 223 0.00 0.00 0.00 0.00 0.00 0.00 0.00
motor 0.00 0 0.00 660 207 676 228 0.00 0.00 0.00 0.00 0.00 0.00 0.00
people 0.00 0 0.00 605 46 613 63 0.00 0.00 0.00 0.00 0.00 0.00 0.00
pedestrian 0.00 0 0.00 652 11 659 30 0.00 0.00 0.00 0.00 0.00 0.00 0.00
pedestrian 0.00 0 0.00 679 59 687 84 0.00 0.00 0.00 0.00 0.00 0.00 0.00
motor 0.00 0 0.00 606 52 614 69 0.00 0.00 0.00 0.00 0.00 0.00 0.00
