car 0.00 0 0.00 511 535 544 571 0.00 0.00 0.00 0.00 0.00 0.00 0.00
car 0.00 0 0.00 644 498 669 524 0.00 0.00 0.00 0.00 0.00 0.00 0.00
car 0.00 0 0.00 703 464 744 485 0.00 0.00 0.00 0.00 0.00 0.00 0.00
car 0.00 0 0.00 784 535 819 566 0.00 0.00 0.00 0.00 0.00 0.00 0.00
car 0.00 0 0.00 987 556 1026 587 0.00 0.00 0.00 0.00 0.00 0.00 0.00
car 0.00 0 0.00 737 434 757 453 0.00 0.00 0.00 0.00 0.00 0.00 0.00
car 0.00 0 0.00 641 406 658 421 0.00 0.00 0.00 0.00 0.00 0.00 0.00
car 0.00 0 0.00 590 341 603 353 0.00 0.00 0.00 0.00 0.00 0.00 0.00
car 0.00 0 0.00 480 458 500 479 0.00 0.00 0.00 0.00 0.00 0.00 0.00
car 0.00 0 0.00 440 453 468 481 0.00 0.00 0.00 0.00 0.00 0.00 0.00
van 0.00 0 0.00 991 509 1039 545 0.00 0.00 0.00 0.00 0.00 0.00 0.00
van 0.00 0 0.00 804 498 844 530 0.00 0.00 0.00 0.00 0.00 0.00 0.00
car 0.00 0 0.00 775 385 792 402 0.00 0.00 0.00 0.00 0.00 0.00 0.00
car 0.00 0 0.00 454 512 493 542 0.00 0.00 0.00 0.00 0.00 0.00 0.00
car 0.00 0 0.00 362 516 400 555 0.00 0.00 0.00 0.00 0.00 0.00 0.00
car 0.00 0 0.00 1019 394 1046 412 0.00 0.00 0.00 0.00 0.00 0.00 0.00
car 0.00 0 0.00 961 424 1004 444 0.00 0.00 0.00 0.00 0.00 0.00 0.00
car 0.00 0 0.00 1105 488 1166 510 0.00 0.00 0.00 0.00 0.00 0.00 0.00
car 0.00 0 0.00 891 420 934 434 0.00 0.00 0.00 0.00 0.00 0.00 0.00
car 0.00 0 0.00 930 387 953 402 0.00 0.00 0.00 0.00 0.00 0.00 0.00
car 0.00 0 0.00 886 413 921 427 0.00 0.00 0.00 0.00 0.00 0.00 0.00
car 0.00 0 0.00 1011 412 1037 431 0.00 0.00 0.00 0.00 0.00 0.00 0.00
car 0.00 0 0.00 380 509 433 528 0.00 0.00 0.00 0.00 0.00 0.00 0.00
pedestrian 0.00 0 0.00 468 552 479 581 0.00 0.00 0.00 0.00 0.00 0.00 0.00
pedestrian 0.00 0 0.00 355 577 365 605 0.00 0.00 0.00 0.00 0.00 0.00 0.00
pedestrian 0.00 0 0.00 850 441 857 455 0.00 0.00 0.00 0.00 0.00 0.00 0.00
pedestrian 0.00 0 0.00 809 438 818 458 0.00 0.00 0.00 0.00 0.00 0.00 0.00
pedestrian 0.00 0 0.00 554 471 559 492 0.00 0.00 0.00 0.00 0.00 0.00 0.00
pedestrian 0.00 0 0.00 543 474 550 494 0.00 0.00 0.00 0.00 0.00 0.00 0.00
pedestrian 0.00 0 0.00 559 419 566 439 0.00 0.00 0.00 0.00 0.00 0.00 0.00
pedestrian 0.00 0 0.00 565 421 572 437 0.00 0.00 0.00 0.00 0.00 0.00 0.00
pedestrian 0.00 0 0.00 973 498 980 523 0.00 0.00 0.00 0.00 0.00 0.00 0.00
car 0.00 0 0.00 1006 433 1045 448 0.00 0.00 0.00 0.00 0.00 0.00 0.00
car 0.00 0 0.00 988 415 1010 432 0.00 0.00 0.00 0.00 0.00 0.00 0.00
car 0.00 0 0.00 963 409 987 426 0.00 0.00 0.00 0.00 0.00 0.00 0.00
car 0.00 0 0.00 1044 425 1091 442 0.00 0.00 0.00 0.00 0.00 0.00 0.00
car 0.00 0 0.00 1112 422 1156 441 0.00 0.00 0.00 0.00 0.00 0.00 0.00
car 0.00 0 0.00 1221 422 1268 439 0.00 0.00 0.00 0.00 0.00 0.00 0.00
van 0.00 0 0.00 1274 420 1317 440 0.00 0.00 0.00 0.00 0.00 0.00 0.00
car 0.00 0 0.00 1145 413 1175 433 0.00 0.00 0.00 0.00 0.00 0.00 0.00
car 0.00 0 0.00 1122 416 1152 434 0.00 0.00 0.00 0.00 0.00 0.00 0.00
car 0.00 0 0.00 1089 415 1121 432 0.00 0.00 0.00 0.00 0.00 0.00 0.00
car 0.00 0 0.00 1173 415 1196 428 0.00 0.00 0.00 0.00 0.00 0.00 0.00
car 0.00 0 0.00 1198 413 1226 433 0.00 0.00 0.00 0.00 0.00 0.00 0.00
car 0.00 0 0.00 1217 412 1247 429 0.00 0.00 0.00 0.00 0.00 0.00 0.00
van 0.00 0 0.00 1239 409 1267 429 0.00 0.00 0.00 0.00 0.00 0.00 0.00
car 0.00 0 0.00 1183 400 1216 416 0.00 0.00 0.00 0.00 0.00 0.00 0.00
car 0.00 0 0.00 1210 398 1237 416 0.00 0.00 0.00 0.00 0.00 0.00 0.00
car 0.00 0 0.00 873 407 921 420 0.00 0.00 0.00 0.00 0.00 0.00 0.00
car 0.00 0 0.00 873 401 912 416 0.00 0.00 0.00 0.00 0.00 0.00 0.00
car 0.00 0 0.00 864 396 901 411 0.00 0.00 0.00 0.00 0.00 0.00 0.00
car 0.00 0 0.00 850 395 882 409 0.00 0.00 0.00 0.00 0.00 0.00 0.00
car 0.00 0 0.00 836 385 881 400 0.00 0.00 0.00 0.00 0.00 0.00 0.00
car 0.00 0 0.00 829 376 871 394 0.00 0.00 0.00 0.00 0.00 0.00 0.00
car 0.00 0 0.00 827 369 862 388 0.00 0.00 0.00 0.00 0.00 0.00 0.00
car 0.00 0 0.00 823 360 855 372 0.00 0.00 0.00 0.00 0.00 0.00 0.00
car 0.00 0 0.00 810 357 847 371 0.00 0.00 0.00 0.00 0.00 0.00 0.00
car 0.00 0 0.00 805 354 832 365 0.00 0.00 0.00 0.00 0.00 0.00 0.00
car 0.00 0 0.00 866 355 884 366 0.00 0.00 0.00 0.00 0.00 0.00 0.00
car 0.00 0 0.00 1060 400 1102 418 0.00 0.00 0.00 0.00 0.00 0.00 0.00
car 0.00 0 0.00 1115 400 1146 418 0.00 0.00 0.00 0.00 0.00 0.00 0.00
car 0.00 0 0.00 1159 401 1185 417 0.00 0.00 0.00 0.00 0.00 0.00 0.00
people 0.00 0 0.00 1245 467 1255 484 0.00 0.00 0.00 0.00 0.00 0.00 0.00
pedestrian 0.00 0 0.00 1321 413 1330 431 0.00 0.00 0.00 0.00 0.00 0.00 0.00
people 0.00 0 0.00 315 592 326 618 0.00 0.00 0.00 0.00 0.00 0.00 0.00
people 0.00 0 0.00 321 588 335 610 0.00 0.00 0.00 0.00 0.00 0.00 0.00
pedestrian 0.00 0 0.00 335 596 348 617 0.00 0.00 0.00 0.00 0.00 0.00 0.00
people 0.00 0 0.00 346 631 357 654 0.00 0.00 0.00 0.00 0.00 0.00 0.00
pedestrian 0.00 0 0.00 833 409 840 426 0.00 0.00 0.00 0.00 0.00 0.00 0.00
pedestrian 0.00 0 0.00 839 412 846 428 0.00 0.00 0.00 0.00 0.00 0.00 0.00
pedestrian 0.00 0 0.00 846 411 853 428 0.00 0.00 0.00 0.00 0.00 0.00 0.00
pedestrian 0.00 0 0.00 805 440 811 457 0.00 0.00 0.00 0.00 0.00 0.00 0.00
people 0.00 0 0.00 795 407 803 417 0.00 0.00 0.00 0.00 0.00 0.00 0.00
motor 0.00 0 0.00 793 412 804 422 0.00 0.00 0.00 0.00 0.00 0.00 0.00
people 0.00 0 0.00 780 365 786 375 0.00 0.00 0.00 0.00 0.00 0.00 0.00
people 0.00 0 0.00 743 341 747 347 0.00 0.00 0.00 0.00 0.00 0.00 0.00
people 0.00 0 0.00 736 330 741 337 0.00 0.00 0.00 0.00 0.00 0.00 0.00
people 0.00 0 0.00 677 357 682 363 0.00 0.00 0.00 0.00 0.00 0.00 0.00
people 0.00 0 0.00 931 488 941 502 0.00 0.00 0.00 0.00 0.00 0.00 0.00
bicycle 0.00 0 0.00 927 493 941 509 0.00 0.00 0.00 0.00 0.00 0.00 0.00
pedestrian 0.00 0 0.00 955 486 962 509 0.00 0.00 0.00 0.00 0.00 0.00 0.00
car 0.00 0 0.00 955 389 980 404 0.00 0.00 0.00 0.00 0.00 0.00 0.00
car 0.00 0 0.00 972 392 1002 407 0.00 0.00 0.00 0.00 0.00 0.00 0.00
car 0.00 0 0.00 998 394 1023 411 0.00 0.00 0.00 0.00 0.00 0.00 0.00
car 0.00 0 0.00 962 410 987 426 0.00 0.00 0.00 0.00 0.00 0.00 0.00
car 0.00 0 0.00 1036 415 1068 433 0.00 0.00 0.00 0.00 0.00 0.00 0.00
car 0.00 0 0.00 784 344 812 354 0.00 0.00 0.00 0.00 0.00 0.00 0.00
car 0.00 0 0.00 814 336 831 344 0.00 0.00 0.00 0.00 0.00 0.00 0.00
car 0.00 0 0.00 788 330 810 341 0.00 0.00 0.00 0.00 0.00 0.00 0.00
car 0.00 0 0.00 803 334 825 344 0.00 0.00 0.00 0.00 0.00 0.00 0.00
car 0.00 0 0.00 751 333 776 345 0.00 0.00 0.00 0.00 0.00 0.00 0.00
car 0.00 0 0.00 743 329 757 339 0.00 0.00 0.00 0.00 0.00 0.00 0.00
car 0.00 0 0.00 741 326 754 336 0.00 0.00 0.00 0.00 0.00 0.00 0.00
car 0.00 0 0.00 774 312 794 322 0.00 0.00 0.00 0.00 0.00 0.00 0.00
car 0.00 0 0.00 758 310 774 318 0.00 0.00 0.00 0.00 0.00 0.00 0.00
car 0.00 0 0.00 733 318 743 326 0.00 0.00 0.00 0.00 0.00 0.00 0.00
van 0.00 0 0.00 676 312 686 323 0.00 0.00 0.00 0.00 0.00 0.00 0.00
van 0.00 0 0.00 651 303 658 312 0.00 0.00 0.00 0.00 0.00 0.00 0.00
car 0.00 0 0.00 637 306 647 314 0.00 0.00 0.00 0.00 0.00 0.00 0.00
car 0.00 0 0.00 629 303 636 311 0.00 0.00 0.00 0.00 0.00 0.00 0.00
car 0.00 0 0.00 651 291 658 299 0.00 0.00 0.00 0.00 0.00 0.00 0.00
car 0.00 0 0.00 640 294 649 302 0.00 0.00 0.00 0.00 0.00 0.00 0.00
car 0.00 0 0.00 682 296 691 303 0.00 0.00 0.00 0.00 0.00 0.00 0.00
car 0.00 0 0.00 677 288 684 295 0.00 0.00 0.00 0.00 0.00 0.00 0.00
car 0.00 0 0.00 679 279 684 283 0.00 0.00 0.00 0.00 0.00 0.00 0.00
car 0.00 0 0.00 667 277 674 283 0.00 0.00 0.00 0.00 0.00 0.00 0.00
car 0.00 0 0.00 716 302 725 309 0.00 0.00 0.00 0.00 0.00 0.00 0.00
car 0.00 0 0.00 704 304 714 311 0.00 0.00 0.00 0.00 0.00 0.00 0.00
car 0.00 0 0.00 733 307 753 314 0.00 0.00 0.00 0.00 0.00 0.00 0.00
car 0.00 0 0.00 518 408 556 423 0.00 0.00 0.00 0.00 0.00 0.00 0.00
car 0.00 0 0.00 519 399 553 412 0.00 0.00 0.00 0.00 0.00 0.00 0.00
car 0.00 0 0.00 448 427 480 445 0.00 0.00 0.00 0.00 0.00 0.00 0.00
car 0.00 0 0.00 455 420 485 438 0.00 0.00 0.00 0.00 0.00 0.00 0.00
car 0.00 0 0.00 453 419 487 435 0.00 0.00 0.00 0.00 0.00 0.00 0.00
awning-tricycle 0.00 0 0.00 484 421 503 442 0.00 0.00 0.00 0.00 0.00 0.00 0.00
awning-tricycle 0.00 0 0.00 493 412 508 430 0.00 0.00 0.00 0.00 0.00 0.00 0.00
car 0.00 0 0.00 552 369 584 382 0.00 0.00 0.00 0.00 0.00 0.00 0.00
car 0.00 0 0.00 541 352 575 365 0.00 0.00 0.00 0.00 0.00 0.00 0.00
car 0.00 0 0.00 595 335 604 344 0.00 0.00 0.00 0.00 0.00 0.00 0.00
car 0.00 0 0.00 580 330 607 339 0.00 0.00 0.00 0.00 0.00 0.00 0.00
car 0.00 0 0.00 591 323 610 333 0.00 0.00 0.00 0.00 0.00 0.00 0.00
car 0.00 0 0.00 607 298 616 306 0.00 0.00 0.00 0.00 0.00 0.00 0.00
truck 0.00 0 0.00 603 310 617 323 0.00 0.00 0.00 0.00 0.00 0.00 0.00
tricycle 0.00 0 0.00 675 361 685 368 0.00 0.00 0.00 0.00 0.00 0.00 0.00
motor 0.00 0 0.00 741 344 749 349 0.00 0.00 0.00 0.00 0.00 0.00 0.00
motor 0.00 0 0.00 778 367 786 377 0.00 0.00 0.00 0.00 0.00 0.00 0.00
motor 0.00 0 0.00 800 387 808 398 0.00 0.00 0.00 0.00 0.00 0.00 0.00
tricycle 0.00 0 0.00 529 520 546 538 0.00 0.00 0.00 0.00 0.00 0.00 0.00
pedestrian 0.00 0 0.00 518 516 529 534 0.00 0.00 0.00 0.00 0.00 0.00 0.00
pedestrian 0.00 0 0.00 525 511 533 531 0.00 0.00 0.00 0.00 0.00 0.00 0.00
