car 0.00 0 0.00 636 459 815 575 0.00 0.00 0.00 0.00 0.00 0.00 0.00
pedestrian 0.00 0 0.00 592 625 638 684 0.00 0.00 0.00 0.00 0.00 0.00 0.00
pedestrian 0.00 0 0.00 292 578 334 656 0.00 0.00 0.00 0.00 0.00 0.00 0.00
pedestrian 0.00 0 0.00 343 573 381 663 0.00 0.00 0.00 0.00 0.00 0.00 0.00
car 0.00 0 0.00 313 77 423 139 0.00 0.00 0.00 0.00 0.00 0.00 0.00
car 0.00 0 0.00 1012 166 1100 235 0.00 0.00 0.00 0.00 0.00 0.00 0.00
car 0.00 0 0.00 1147 176 1218 227 0.00 0.00 0.00 0.00 0.00 0.00 0.00
car 0.00 0 0.00 1151 227 1253 287 0.00 0.00 0.00 0.00 0.00 0.00 0.00
car 0.00 0 0.00 1033 388 1218 457 0.00 0.00 0.00 0.00 0.00 0.00 0.00
pedestrian 0.00 0 0.00 1114 354 1139 409 0.00 0.00 0.00 0.00 0.00 0.00 0.00
car 0.00 0 0.00 1036 447 1174 555 0.00 0.00 0.00 0.00 0.00 0.00 0.00
car 0.00 0 0.00 1154 641 1360 751 0.00 0.00 0.00 0.00 0.00 0.00 0.00
car 0.00 0 0.00 1131 550 1350 656 0.00 0.00 0.00 0.00 0.00 0.00 0.00
pedestrian 0.00 0 0.00 1236 524 1272 579 0.00 0.00 0.00 0.00 0.00 0.00 0.00
pedestrian 0.00 0 0.00 1302 536 1334 592 0.00 0.00 0.00 0.00 0.00 0.00 0.00
pedestrian 0.00 0 0.00 1275 540 1300 593 0.00 0.00 0.00 0.00 0.00 0.00 0.00
pedestrian 0.00 0 0.00 1252 316 1283 367 0.00 0.00 0.00 0.00 0.00 0.00 0.00
car 0.00 0 0.00 1207 488 1360 580 0.00 0.00 0.00 0.00 0.00 0.00 0.00
car 0.00 0 0.00 1226 302 1360 382 0.00 0.00 0.00 0.00 0.00 0.00 0.00
car 0.00 0 0.00 1294 271 1360 310 0.00 0.00 0.00 0.00 0.00 0.00 0.00
van 0.00 0 0.00 0 0 56 47 0.00 0.00 0.00 0.00 0.00 0.00 0.00
van 0.00 0 0.00 58 0 105 29 0.00 0.00 0.00 0.00 0.00 0.00 0.00
