car 0.00 0 0.00 849 723 876 756 0.00 0.00 0.00 0.00 0.00 0.00 0.00
car 0.00 0 0.00 797 716 820 755 0.00 0.00 0.00 0.00 0.00 0.00 0.00
car 0.00 0 0.00 769 723 792 756 0.00 0.00 0.00 0.00 0.00 0.00 0.00
car 0.00 0 0.00 786 670 811 704 0.00 0.00 0.00 0.00 0.00 0.00 0.00
car 0.00 0 0.00 804 629 825 654 0.00 0.00 0.00 0.00 0.00 0.00 0.00
car 0.00 0 0.00 772 636 793 663 0.00 0.00 0.00 0.00 0.00 0.00 0.00
car 0.00 0 0.00 757 599 776 626 0.00 0.00 0.00 0.00 0.00 0.00 0.00
car 0.00 0 0.00 759 696 782 727 0.00 0.00 0.00 0.00 0.00 0.00 0.00
car 0.00 0 0.00 759 669 782 699 0.00 0.00 0.00 0.00 0.00 0.00 0.00
car 0.00 0 0.00 749 650 769 675 0.00 0.00 0.00 0.00 0.00 0.00 0.00
car 0.00 0 0.00 740 628 760 652 0.00 0.00 0.00 0.00 0.00 0.00 0.00
car 0.00 0 0.00 734 605 754 630 0.00 0.00 0.00 0.00 0.00 0.00 0.00
car 0.00 0 0.00 728 584 748 608 0.00 0.00 0.00 0.00 0.00 0.00 0.00
car 0.00 0 0.00 711 531 728 551 0.00 0.00 0.00 0.00 0.00 0.00 0.00
truck 0.00 0 0.00 691 472 719 519 0.00 0.00 0.00 0.00 0.00 0.00 0.00
car 0.00 0 0.00 739 545 757 569 0.00 0.00 0.00 0.00 0.00 0.00 0.00
car 0.00 0 0.00 713 547 731 566 0.00 0.00 0.00 0.00 0.00 0.00 0.00
car 0.00 0 0.00 723 564 739 585 0.00 0.00 0.00 0.00 0.00 0.00 0.00
van 0.00 0 0.00 726 507 742 530 0.00 0.00 0.00 0.00 0.00 0.00 0.00
car 0.00 0 0.00 713 488 727 503 0.00 0.00 0.00 0.00 0.00 0.00 0.00
bus 0.00 0 0.00 732 466 756 500 0.00 0.00 0.00 0.00 0.00 0.00 0.00
truck 0.00 0 0.00 680 439 707 484 0.00 0.00 0.00 0.00 0.00 0.00 0.00
car 0.00 0 0.00 700 440 712 457 0.00 0.00 0.00 0.00 0.00 0.00 0.00
car 0.00 0 0.00 714 436 728 451 0.00 0.00 0.00 0.00 0.00 0.00 0.00
car 0.00 0 0.00 691 419 702 432 0.00 0.00 0.00 0.00 0.00 0.00 0.00
van 0.00 0 0.00 670 429 684 444 0.00 0.00 0.00 0.00 0.00 0.00 0.00
car 0.00 0 0.00 675 423 686 436 0.00 0.00 0.00 0.00 0.00 0.00 0.00
car 0.00 0 0.00 669 411 680 425 0.00 0.00 0.00 0.00 0.00 0.00 0.00
car 0.00 0 0.00 694 387 705 399 0.00 0.00 0.00 0.00 0.00 0.00 0.00
car 0.00 0 0.00 671 401 681 413 0.00 0.00 0.00 0.00 0.00 0.00 0.00
truck 0.00 0 0.00 656 369 676 403 0.00 0.00 0.00 0.00 0.00 0.00 0.00
car 0.00 0 0.00 679 382 689 393 0.00 0.00 0.00 0.00 0.00 0.00 0.00
bus 0.00 0 0.00 671 335 684 353 0.00 0.00 0.00 0.00 0.00 0.00 0.00
car 0.00 0 0.00 690 328 698 337 0.00 0.00 0.00 0.00 0.00 0.00 0.00
truck 0.00 0 0.00 725 302 742 323 0.00 0.00 0.00 0.00 0.00 0.00 0.00
car 0.00 0 0.00 718 357 728 367 0.00 0.00 0.00 0.00 0.00 0.00 0.00
van 0.00 0 0.00 707 365 718 378 0.00 0.00 0.00 0.00 0.00 0.00 0.00
van 0.00 0 0.00 737 381 747 394 0.00 0.00 0.00 0.00 0.00 0.00 0.00
car 0.00 0 0.00 824 417 837 427 0.00 0.00 0.00 0.00 0.00 0.00 0.00
car 0.00 0 0.00 774 354 784 363 0.00 0.00 0.00 0.00 0.00 0.00 0.00
van 0.00 0 0.00 859 456 873 469 0.00 0.00 0.00 0.00 0.00 0.00 0.00
car 0.00 0 0.00 880 484 899 498 0.00 0.00 0.00 0.00 0.00 0.00 0.00
truck 0.00 0 0.00 917 535 969 600 0.00 0.00 0.00 0.00 0.00 0.00 0.00
van 0.00 0 0.00 1015 636 1041 658 0.00 0.00 0.00 0.00 0.00 0.00 0.00
