car 0.00 0 0.00 585 550 680 648 0.00 0.00 0.00 0.00 0.00 0.00 0.00
car 0.00 0 0.00 1077 592 1256 693 0.00 0.00 0.00 0.00 0.00 0.00 0.00
car 0.00 0 0.00 456 436 527 497 0.00 0.00 0.00 0.00 0.00 0.00 0.00
truck 0.00 0 0.00 681 413 743 499 0.00 0.00 0.00 0.00 0.00 0.00 0.00
motor 0.00 0 0.00 397 509 420 554 0.00 0.00 0.00 0.00 0.00 0.00 0.00
motor 0.00 0 0.00 793 397 809 427 0.00 0.00 0.00 0.00 0.00 0.00 0.00
motor 0.00 0 0.00 889 373 904 401 0.00 0.00 0.00 0.00 0.00 0.00 0.00
motor 0.00 0 0.00 941 453 983 491 0.00 0.00 0.00 0.00 0.00 0.00 0.00
motor 0.00 0 0.00 1154 521 1179 568 0.00 0.00 0.00 0.00 0.00 0.00 0.00
people 0.00 0 0.00 1154 506 1181 564 0.00 0.00 0.00 0.00 0.00 0.00 0.00
people 0.00 0 0.00 1180 462 1194 491 0.00 0.00 0.00 0.00 0.00 0.00 0.00
people 0.00 0 0.00 1200 431 1223 456 0.00 0.00 0.00 0.00 0.00 0.00 0.00
people 0.00 0 0.00 1185 428 1203 452 0.00 0.00 0.00 0.00 0.00 0.00 0.00
people 0.00 0 0.00 793 390 809 419 0.00 0.00 0.00 0.00 0.00 0.00 0.00
people 0.00 0 0.00 888 365 900 395 0.00 0.00 0.00 0.00 0.00 0.00 0.00
people 0.00 0 0.00 910 352 927 386 0.00 0.00 0.00 0.00 0.00 0.00 0.00
motor 0.00 0 0.00 914 361 926 386 0.00 0.00 0.00 0.00 0.00 0.00 0.00
pedestrian 0.00 0 0.00 944 439 959 477 0.00 0.00 0.00 0.00 0.00 0.00 0.00
pedestrian 0.00 0 0.00 954 428 974 470 0.00 0.00 0.00 0.00 0.00 0.00 0.00
pedestrian 0.00 0 0.00 1023 364 1036 396 0.00 0.00 0.00 0.00 0.00 0.00 0.00
people 0.00 0 0.00 1001 390 1020 409 0.00 0.00 0.00 0.00 0.00 0.00 0.00
tricycle 0.00 0 0.00 1100 448 1175 495 0.00 0.00 0.00 0.00 0.00 0.00 0.00
pedestrian 0.00 0 0.00 1103 444 1128 484 0.00 0.00 0.00 0.00 0.00 0.00 0.00
pedestrian 0.00 0 0.00 1175 395 1192 430 0.00 0.00 0.00 0.00 0.00 0.00 0.00
tricycle 0.00 0 0.00 1033 428 1087 461 0.00 0.00 0.00 0.00 0.00 0.00 0.00
people 0.00 0 0.00 1068 422 1085 447 0.00 0.00 0.00 0.00 0.00 0.00 0.00
pedestrian 0.00 0 0.00 1113 401 1128 445 0.00 0.00 0.00 0.00 0.00 0.00 0.00
pedestrian 0.00 0 0.00 1131 401 1145 442 0.00 0.00 0.00 0.00 0.00 0.00 0.00
people 0.00 0 0.00 1135 430 1152 456 0.00 0.00 0.00 0.00 0.00 0.00 0.00
car 0.00 0 0.00 1070 394 1150 436 0.00 0.00 0.00 0.00 0.00 0.00 0.00
people 0.00 0 0.00 968 380 983 396 0.00 0.00 0.00 0.00 0.00 0.00 0.00
pedestrian 0.00 0 0.00 974 353 986 373 0.00 0.00 0.00 0.00 0.00 0.00 0.00
pedestrian 0.00 0 0.00 961 349 970 374 0.00 0.00 0.00 0.00 0.00 0.00 0.00
pedestrian 0.00 0 0.00 1077 344 1090 372 0.00 0.00 0.00 0.00 0.00 0.00 0.00
pedestrian 0.00 0 0.00 1091 351 1100 371 0.00 0.00 0.00 0.00 0.00 0.00 0.00
tricycle 0.00 0 0.00 535 453 567 504 0.00 0.00 0.00 0.00 0.00 0.00 0.00
people 0.00 0 0.00 538 454 554 487 0.00 0.00 0.00 0.00 0.00 0.00 0.00
people 0.00 0 0.00 550 460 563 484 0.00 0.00 0.00 0.00 0.00 0.00 0.00
van 0.00 0 0.00 457 366 510 417 0.00 0.00 0.00 0.00 0.00 0.00 0.00
car 0.00 0 0.00 562 349 605 383 0.00 0.00 0.00 0.00 0.00 0.00 0.00
motor 0.00 0 0.00 449 374 464 399 0.00 0.00 0.00 0.00 0.00 0.00 0.00
people 0.00 0 0.00 450 365 464 390 0.00 0.00 0.00 0.00 0.00 0.00 0.00
van 0.00 0 0.00 524 316 559 354 0.00 0.00 0.00 0.00 0.00 0.00 0.00
car 0.00 0 0.00 570 296 599 322 0.00 0.00 0.00 0.00 0.00 0.00 0.00
tricycle 0.00 0 0.00 721 301 739 329 0.00 0.00 0.00 0.00 0.00 0.00 0.00
pedestrian 0.00 0 0.00 678 276 684 293 0.00 0.00 0.00 0.00 0.00 0.00 0.00
motor 0.00 0 0.00 730 283 738 296 0.00 0.00 0.00 0.00 0.00 0.00 0.00
people 0.00 0 0.00 731 280 738 294 0.00 0.00 0.00 0.00 0.00 0.00 0.00
car 0.00 0 0.00 705 256 722 271 0.00 0.00 0.00 0.00 0.00 0.00 0.00
pedestrian 0.00 0 0.00 737 276 744 294 0.00 0.00 0.00 0.00 0.00 0.00 0.00
van 0.00 0 0.00 832 345 863 380 0.00 0.00 0.00 0.00 0.00 0.00 0.00
pedestrian 0.00 0 0.00 866 330 879 359 0.00 0.00 0.00 0.00 0.00 0.00 0.00
pedestrian 0.00 0 0.00 856 334 867 357 0.00 0.00 0.00 0.00 0.00 0.00 0.00
truck 0.00 0 0.00 935 332 975 368 0.00 0.00 0.00 0.00 0.00 0.00 0.00
car 0.00 0 0.00 934 322 968 346 0.00 0.00 0.00 0.00 0.00 0.00 0.00
pedestrian 0.00 0 0.00 890 325 900 350 0.00 0.00 0.00 0.00 0.00 0.00 0.00
motor 0.00 0 0.00 837 315 848 331 0.00 0.00 0.00 0.00 0.00 0.00 0.00
people 0.00 0 0.00 837 310 847 328 0.00 0.00 0.00 0.00 0.00 0.00 0.00
van 0.00 0 0.00 889 292 921 314 0.00 0.00 0.00 0.00 0.00 0.00 0.00
van 0.00 0 0.00 862 282 896 305 0.00 0.00 0.00 0.00 0.00 0.00 0.00
pedestrian 0.00 0 0.00 111 429 133 479 0.00 0.00 0.00 0.00 0.00 0.00 0.00
pedestrian 0.00 0 0.00 245 394 262 436 0.00 0.00 0.00 0.00 0.00 0.00 0.00
pedestrian 0.00 0 0.00 260 397 277 439 0.00 0.00 0.00 0.00 0.00 0.00 0.00
pedestrian 0.00 0 0.00 279 399 289 425 0.00 0.00 0.00 0.00 0.00 0.00 0.00
motor 0.00 0 0.00 326 352 343 381 0.00 0.00 0.00 0.00 0.00 0.00 0.00
people 0.00 0 0.00 270 389 279 413 0.00 0.00 0.00 0.00 0.00 0.00 0.00
people 0.00 0 0.00 274 383 288 409 0.00 0.00 0.00 0.00 0.00 0.00 0.00
motor 0.00 0 0.00 269 394 288 423 0.00 0.00 0.00 0.00 0.00 0.00 0.00
people 0.00 0 0.00 395 492 421 540 0.00 0.00 0.00 0.00 0.00 0.00 0.00
car 0.00 0 0.00 100 370 166 402 0.00 0.00 0.00 0.00 0.00 0.00 0.00
car 0.00 0 0.00 219 327 298 354 0.00 0.00 0.00 0.00 0.00 0.00 0.00
car 0.00 0 0.00 238 316 314 338 0.00 0.00 0.00 0.00 0.00 0.00 0.00
car 0.00 0 0.00 283 306 342 333 0.00 0.00 0.00 0.00 0.00 0.00 0.00
motor 0.00 0 0.00 152 322 163 343 0.00 0.00 0.00 0.00 0.00 0.00 0.00
car 0.00 0 0.00 354 290 387 309 0.00 0.00 0.00 0.00 0.00 0.00 0.00
car 0.00 0 0.00 381 284 403 302 0.00 0.00 0.00 0.00 0.00 0.00 0.00
car 0.00 0 0.00 367 260 398 275 0.00 0.00 0.00 0.00 0.00 0.00 0.00
car 0.00 0 0.00 470 268 515 280 0.00 0.00 0.00 0.00 0.00 0.00 0.00
van 0.00 0 0.00 679 256 692 272 0.00 0.00 0.00 0.00 0.00 0.00 0.00
van 0.00 0 0.00 688 248 699 262 0.00 0.00 0.00 0.00 0.00 0.00 0.00
motor 0.00 0 0.00 724 263 731 274 0.00 0.00 0.00 0.00 0.00 0.00 0.00
people 0.00 0 0.00 725 259 731 272 0.00 0.00 0.00 0.00 0.00 0.00 0.00
motor 0.00 0 0.00 630 254 635 263 0.00 0.00 0.00 0.00 0.00 0.00 0.00
motor 0.00 0 0.00 634 249 639 256 0.00 0.00 0.00 0.00 0.00 0.00 0.00
people 0.00 0 0.00 630 251 635 261 0.00 0.00 0.00 0.00 0.00 0.00 0.00
people 0.00 0 0.00 633 245 639 254 0.00 0.00 0.00 0.00 0.00 0.00 0.00
car 0.00 0 0.00 669 243 681 253 0.00 0.00 0.00 0.00 0.00 0.00 0.00
car 0.00 0 0.00 667 236 679 245 0.00 0.00 0.00 0.00 0.00 0.00 0.00
car 0.00 0 0.00 700 243 711 252 0.00 0.00 0.00 0.00 0.00 0.00 0.00
car 0.00 0 0.00 691 238 701 248 0.00 0.00 0.00 0.00 0.00 0.00 0.00
car 0.00 0 0.00 689 236 699 244 0.00 0.00 0.00 0.00 0.00 0.00 0.00
motor 0.00 0 0.00 361 273 378 285 0.00 0.00 0.00 0.00 0.00 0.00 0.00
pedestrian 0.00 0 0.00 407 284 414 299 0.00 0.00 0.00 0.00 0.00 0.00 0.00
