truck 0.00 0 0.00 895 760 992 912 0.00 0.00 0.00 0.00 0.00 0.00 0.00
car 0.00 0 0.00 1192 888 1309 1044 0.00 0.00 0.00 0.00 0.00 0.00 0.00
truck 0.00 0 0.00 1153 714 1251 862 0.00 0.00 0.00 0.00 0.00 0.00 0.00
truck 0.00 0 0.00 1146 600 1237 720 0.00 0.00 0.00 0.00 0.00 0.00 0.00
truck 0.00 0 0.00 1132 536 1209 636 0.00 0.00 0.00 0.00 0.00 0.00 0.00
people 0.00 0 0.00 1103 722 1127 762 0.00 0.00 0.00 0.00 0.00 0.00 0.00
tricycle 0.00 0 0.00 1098 735 1136 791 0.00 0.00 0.00 0.00 0.00 0.00 0.00
car 0.00 0 0.00 968 502 1016 555 0.00 0.00 0.00 0.00 0.00 0.00 0.00
car 0.00 0 0.00 1046 406 1081 441 0.00 0.00 0.00 0.00 0.00 0.00 0.00
van 0.00 0 0.00 952 386 988 435 0.00 0.00 0.00 0.00 0.00 0.00 0.00
truck 0.00 0 0.00 1102 357 1140 400 0.00 0.00 0.00 0.00 0.00 0.00 0.00
car 0.00 0 0.00 1034 307 1058 328 0.00 0.00 0.00 0.00 0.00 0.00 0.00
car 0.00 0 0.00 1037 287 1059 304 0.00 0.00 0.00 0.00 0.00 0.00 0.00
truck 0.00 0 0.00 1092 318 1130 367 0.00 0.00 0.00 0.00 0.00 0.00 0.00
van 0.00 0 0.00 1099 350 1127 379 0.00 0.00 0.00 0.00 0.00 0.00 0.00
car 0.00 0 0.00 1035 253 1052 270 0.00 0.00 0.00 0.00 0.00 0.00 0.00
van 0.00 0 0.00 1028 230 1044 243 0.00 0.00 0.00 0.00 0.00 0.00 0.00
truck 0.00 0 0.00 1075 291 1105 321 0.00 0.00 0.00 0.00 0.00 0.00 0.00
truck 0.00 0 0.00 1065 257 1087 284 0.00 0.00 0.00 0.00 0.00 0.00 0.00
car 0.00 0 0.00 1053 237 1071 251 0.00 0.00 0.00 0.00 0.00 0.00 0.00
truck 0.00 0 0.00 1050 218 1070 245 0.00 0.00 0.00 0.00 0.00 0.00 0.00
truck 0.00 0 0.00 628 213 679 231 0.00 0.00 0.00 0.00 0.00 0.00 0.00
truck 0.00 0 0.00 1723 721 1916 848 0.00 0.00 0.00 0.00 0.00 0.00 0.00
people 0.00 0 0.00 1529 518 1551 541 0.00 0.00 0.00 0.00 0.00 0.00 0.00
pedestrian 0.00 0 0.00 1596 530 1620 573 0.00 0.00 0.00 0.00 0.00 0.00 0.00
pedestrian 0.00 0 0.00 1557 494 1576 535 0.00 0.00 0.00 0.00 0.00 0.00 0.00
truck 0.00 0 0.00 1504 474 1749 670 0.00 0.00 0.00 0.00 0.00 0.00 0.00
truck 0.00 0 0.00 1466 387 1560 430 0.00 0.00 0.00 0.00 0.00 0.00 0.00
truck 0.00 0 0.00 1815 346 1920 390 0.00 0.00 0.00 0.00 0.00 0.00 0.00
truck 0.00 0 0.00 1771 325 1837 362 0.00 0.00 0.00 0.00 0.00 0.00 0.00
truck 0.00 0 0.00 1776 338 1838 369 0.00 0.00 0.00 0.00 0.00 0.00 0.00
van 0.00 0 0.00 1406 354 1439 386 0.00 0.00 0.00 0.00 0.00 0.00 0.00
van 0.00 0 0.00 1377 512 1452 560 0.00 0.00 0.00 0.00 0.00 0.00 0.00
van 0.00 0 0.00 1385 527 1475 571 0.00 0.00 0.00 0.00 0.00 0.00 0.00
car 0.00 0 0.00 1406 554 1500 592 0.00 0.00 0.00 0.00 0.00 0.00 0.00
car 0.00 0 0.00 1426 573 1507 608 0.00 0.00 0.00 0.00 0.00 0.00 0.00
van 0.00 0 0.00 1292 400 1375 442 0.00 0.00 0.00 0.00 0.00 0.00 0.00
van 0.00 0 0.00 1276 418 1330 451 0.00 0.00 0.00 0.00 0.00 0.00 0.00
car 0.00 0 0.00 1344 438 1401 466 0.00 0.00 0.00 0.00 0.00 0.00 0.00
car 0.00 0 0.00 1363 307 1412 330 0.00 0.00 0.00 0.00 0.00 0.00 0.00
car 0.00 0 0.00 1404 307 1457 323 0.00 0.00 0.00 0.00 0.00 0.00 0.00
car 0.00 0 0.00 1397 302 1450 321 0.00 0.00 0.00 0.00 0.00 0.00 0.00
truck 0.00 0 0.00 1341 277 1388 301 0.00 0.00 0.00 0.00 0.00 0.00 0.00
