car 0.00 0 0.00 450 825 552 947 0.00 0.00 0.00 0.00 0.00 0.00 0.00
van 0.00 0 0.00 578 791 678 937 0.00 0.00 0.00 0.00 0.00 0.00 0.00
car 0.00 0 0.00 714 798 801 922 0.00 0.00 0.00 0.00 0.00 0.00 0.00
car 0.00 0 0.00 1028 833 1127 962 0.00 0.00 0.00 0.00 0.00 0.00 0.00
car 0.00 0 0.00 1162 885 1279 1021 0.00 0.00 0.00 0.00 0.00 0.00 0.00
bus 0.00 0 0.00 1205 660 1433 957 0.00 0.00 0.00 0.00 0.00 0.00 0.00
car 0.00 0 0.00 1109 716 1193 801 0.00 0.00 0.00 0.00 0.00 0.00 0.00
car 0.00 0 0.00 904 680 967 750 0.00 0.00 0.00 0.00 0.00 0.00 0.00
car 0.00 0 0.00 996 672 1065 747 0.00 0.00 0.00 0.00 0.00 0.00 0.00
car 0.00 0 0.00 1154 612 1225 678 0.00 0.00 0.00 0.00 0.00 0.00 0.00
car 0.00 0 0.00 1063 609 1126 672 0.00 0.00 0.00 0.00 0.00 0.00 0.00
car 0.00 0 0.00 721 620 780 690 0.00 0.00 0.00 0.00 0.00 0.00 0.00
van 0.00 0 0.00 625 517 700 613 0.00 0.00 0.00 0.00 0.00 0.00 0.00
car 0.00 0 0.00 658 458 707 507 0.00 0.00 0.00 0.00 0.00 0.00 0.00
car 0.00 0 0.00 736 465 779 508 0.00 0.00 0.00 0.00 0.00 0.00 0.00
car 0.00 0 0.00 809 452 848 496 0.00 0.00 0.00 0.00 0.00 0.00 0.00
car 0.00 0 0.00 768 401 804 436 0.00 0.00 0.00 0.00 0.00 0.00 0.00
car 0.00 0 0.00 828 391 862 424 0.00 0.00 0.00 0.00 0.00 0.00 0.00
car 0.00 0 0.00 744 364 775 394 0.00 0.00 0.00 0.00 0.00 0.00 0.00
car 0.00 0 0.00 719 347 750 379 0.00 0.00 0.00 0.00 0.00 0.00 0.00
car 0.00 0 0.00 829 338 856 364 0.00 0.00 0.00 0.00 0.00 0.00 0.00
car 0.00 0 0.00 789 334 818 360 0.00 0.00 0.00 0.00 0.00 0.00 0.00
car 0.00 0 0.00 812 310 838 333 0.00 0.00 0.00 0.00 0.00 0.00 0.00
car 0.00 0 0.00 847 291 868 313 0.00 0.00 0.00 0.00 0.00 0.00 0.00
car 0.00 0 0.00 1348 669 1485 741 0.00 0.00 0.00 0.00 0.00 0.00 0.00
car 0.00 0 0.00 1307 611 1429 674 0.00 0.00 0.00 0.00 0.00 0.00 0.00
car 0.00 0 0.00 1282 578 1412 627 0.00 0.00 0.00 0.00 0.00 0.00 0.00
van 0.00 0 0.00 1265 539 1400 597 0.00 0.00 0.00 0.00 0.00 0.00 0.00
car 0.00 0 0.00 1246 525 1358 569 0.00 0.00 0.00 0.00 0.00 0.00 0.00
car 0.00 0 0.00 1246 507 1347 542 0.00 0.00 0.00 0.00 0.00 0.00 0.00
bus 0.00 0 0.00 1094 477 1209 612 0.00 0.00 0.00 0.00 0.00 0.00 0.00
car 0.00 0 0.00 1033 506 1081 554 0.00 0.00 0.00 0.00 0.00 0.00 0.00
car 0.00 0 0.00 969 498 1015 541 0.00 0.00 0.00 0.00 0.00 0.00 0.00
car 0.00 0 0.00 896 521 944 570 0.00 0.00 0.00 0.00 0.00 0.00 0.00
car 0.00 0 0.00 898 480 940 520 0.00 0.00 0.00 0.00 0.00 0.00 0.00
car 0.00 0 0.00 897 450 936 481 0.00 0.00 0.00 0.00 0.00 0.00 0.00
car 0.00 0 0.00 962 444 1003 481 0.00 0.00 0.00 0.00 0.00 0.00 0.00
car 0.00 0 0.00 1100 420 1141 458 0.00 0.00 0.00 0.00 0.00 0.00 0.00
car 0.00 0 0.00 956 410 987 442 0.00 0.00 0.00 0.00 0.00 0.00 0.00
bus 0.00 0 0.00 890 368 939 453 0.00 0.00 0.00 0.00 0.00 0.00 0.00
bus 0.00 0 0.00 978 324 1029 386 0.00 0.00 0.00 0.00 0.00 0.00 0.00
car 0.00 0 0.00 1003 396 1039 428 0.00 0.00 0.00 0.00 0.00 0.00 0.00
car 0.00 0 0.00 949 368 979 401 0.00 0.00 0.00 0.00 0.00 0.00 0.00
car 0.00 0 0.00 897 359 927 381 0.00 0.00 0.00 0.00 0.00 0.00 0.00
car 0.00 0 0.00 901 348 926 368 0.00 0.00 0.00 0.00 0.00 0.00 0.00
car 0.00 0 0.00 943 345 970 368 0.00 0.00 0.00 0.00 0.00 0.00 0.00
car 0.00 0 0.00 940 321 966 346 0.00 0.00 0.00 0.00 0.00 0.00 0.00
car 0.00 0 0.00 968 311 994 332 0.00 0.00 0.00 0.00 0.00 0.00 0.00
car 0.00 0 0.00 999 305 1025 329 0.00 0.00 0.00 0.00 0.00 0.00 0.00
bus 0.00 0 0.00 895 297 932 355 0.00 0.00 0.00 0.00 0.00 0.00 0.00
car 0.00 0 0.00 920 270 939 288 0.00 0.00 0.00 0.00 0.00 0.00 0.00
car 0.00 0 0.00 932 295 954 314 0.00 0.00 0.00 0.00 0.00 0.00 0.00
car 0.00 0 0.00 964 293 985 312 0.00 0.00 0.00 0.00 0.00 0.00 0.00
car 0.00 0 0.00 954 278 975 295 0.00 0.00 0.00 0.00 0.00 0.00 0.00
car 0.00 0 0.00 985 277 1006 298 0.00 0.00 0.00 0.00 0.00 0.00 0.00
car 0.00 0 0.00 469 363 541 388 0.00 0.00 0.00 0.00 0.00 0.00 0.00
car 0.00 0 0.00 475 353 547 378 0.00 0.00 0.00 0.00 0.00 0.00 0.00
car 0.00 0 0.00 479 342 545 368 0.00 0.00 0.00 0.00 0.00 0.00 0.00
car 0.00 0 0.00 494 336 562 361 0.00 0.00 0.00 0.00 0.00 0.00 0.00
car 0.00 0 0.00 522 312 587 332 0.00 0.00 0.00 0.00 0.00 0.00 0.00
car 0.00 0 0.00 542 306 602 324 0.00 0.00 0.00 0.00 0.00 0.00 0.00
car 0.00 0 0.00 553 299 608 317 0.00 0.00 0.00 0.00 0.00 0.00 0.00
car 0.00 0 0.00 563 291 612 308 0.00 0.00 0.00 0.00 0.00 0.00 0.00
car 0.00 0 0.00 580 288 628 304 0.00 0.00 0.00 0.00 0.00 0.00 0.00
car 0.00 0 0.00 589 274 638 291 0.00 0.00 0.00 0.00 0.00 0.00 0.00
car 0.00 0 0.00 592 270 646 287 0.00 0.00 0.00 0.00 0.00 0.00 0.00
car 0.00 0 0.00 605 264 650 279 0.00 0.00 0.00 0.00 0.00 0.00 0.00
car 0.00 0 0.00 590 253 631 269 0.00 0.00 0.00 0.00 0.00 0.00 0.00
car 0.00 0 0.00 608 259 645 274 0.00 0.00 0.00 0.00 0.00 0.00 0.00
car 0.00 0 0.00 663 266 688 287 0.00 0.00 0.00 0.00 0.00 0.00 0.00
car 0.00 0 0.00 702 269 731 288 0.00 0.00 0.00 0.00 0.00 0.00 0.00
car 0.00 0 0.00 711 261 742 280 0.00 0.00 0.00 0.00 0.00 0.00 0.00
car 0.00 0 0.00 722 280 744 299 0.00 0.00 0.00 0.00 0.00 0.00 0.00
car 0.00 0 0.00 746 271 767 290 0.00 0.00 0.00 0.00 0.00 0.00 0.00
bus 0.00 0 0.00 750 270 789 319 0.00 0.00 0.00 0.00 0.00 0.00 0.00
car 0.00 0 0.00 812 282 833 301 0.00 0.00 0.00 0.00 0.00 0.00 0.00
car 0.00 0 0.00 839 272 859 291 0.00 0.00 0.00 0.00 0.00 0.00 0.00
car 0.00 0 0.00 1084 393 1117 425 0.00 0.00 0.00 0.00 0.00 0.00 0.00
car 0.00 0 0.00 1070 368 1105 395 0.00 0.00 0.00 0.00 0.00 0.00 0.00
car 0.00 0 0.00 1060 345 1090 372 0.00 0.00 0.00 0.00 0.00 0.00 0.00
car 0.00 0 0.00 1055 333 1081 356 0.00 0.00 0.00 0.00 0.00 0.00 0.00
car 0.00 0 0.00 1048 321 1072 343 0.00 0.00 0.00 0.00 0.00 0.00 0.00
car 0.00 0 0.00 1038 309 1064 331 0.00 0.00 0.00 0.00 0.00 0.00 0.00
car 0.00 0 0.00 1030 300 1059 321 0.00 0.00 0.00 0.00 0.00 0.00 0.00
car 0.00 0 0.00 1038 291 1060 309 0.00 0.00 0.00 0.00 0.00 0.00 0.00
car 0.00 0 0.00 1033 282 1068 300 0.00 0.00 0.00 0.00 0.00 0.00 0.00
car 0.00 0 0.00 1077 281 1118 301 0.00 0.00 0.00 0.00 0.00 0.00 0.00
car 0.00 0 0.00 776 272 797 291 0.00 0.00 0.00 0.00 0.00 0.00 0.00
car 0.00 0 0.00 798 269 820 287 0.00 0.00 0.00 0.00 0.00 0.00 0.00
car 0.00 0 0.00 801 258 820 273 0.00 0.00 0.00 0.00 0.00 0.00 0.00
car 0.00 0 0.00 774 250 790 266 0.00 0.00 0.00 0.00 0.00 0.00 0.00
car 0.00 0 0.00 824 249 840 265 0.00 0.00 0.00 0.00 0.00 0.00 0.00
car 0.00 0 0.00 792 240 810 255 0.00 0.00 0.00 0.00 0.00 0.00 0.00
car 0.00 0 0.00 810 235 825 249 0.00 0.00 0.00 0.00 0.00 0.00 0.00
car 0.00 0 0.00 831 230 847 243 0.00 0.00 0.00 0.00 0.00 0.00 0.00
car 0.00 0 0.00 856 230 871 243 0.00 0.00 0.00 0.00 0.00 0.00 0.00
bus 0.00 0 0.00 776 206 805 245 0.00 0.00 0.00 0.00 0.00 0.00 0.00
car 0.00 0 0.00 915 258 932 273 0.00 0.00 0.00 0.00 0.00 0.00 0.00
car 0.00 0 0.00 941 259 961 275 0.00 0.00 0.00 0.00 0.00 0.00 0.00
car 0.00 0 0.00 967 262 986 276 0.00 0.00 0.00 0.00 0.00 0.00 0.00
car 0.00 0 0.00 962 252 977 268 0.00 0.00 0.00 0.00 0.00 0.00 0.00
car 0.00 0 0.00 953 243 974 262 0.00 0.00 0.00 0.00 0.00 0.00 0.00
car 0.00 0 0.00 932 251 950 265 0.00 0.00 0.00 0.00 0.00 0.00 0.00
car 0.00 0 0.00 901 247 917 260 0.00 0.00 0.00 0.00 0.00 0.00 0.00
car 0.00 0 0.00 914 242 932 256 0.00 0.00 0.00 0.00 0.00 0.00 0.00
car 0.00 0 0.00 928 238 942 251 0.00 0.00 0.00 0.00 0.00 0.00 0.00
car 0.00 0 0.00 898 235 914 247 0.00 0.00 0.00 0.00 0.00 0.00 0.00
car 0.00 0 0.00 930 228 945 241 0.00 0.00 0.00 0.00 0.00 0.00 0.00
car 0.00 0 0.00 905 228 920 241 0.00 0.00 0.00 0.00 0.00 0.00 0.00
car 0.00 0 0.00 917 222 932 234 0.00 0.00 0.00 0.00 0.00 0.00 0.00
car 0.00 0 0.00 897 221 910 232 0.00 0.00 0.00 0.00 0.00 0.00 0.00
car 0.00 0 0.00 868 213 883 225 0.00 0.00 0.00 0.00 0.00 0.00 0.00
car 0.00 0 0.00 1221 400 1266 432 0.00 0.00 0.00 0.00 0.00 0.00 0.00
car 0.00 0 0.00 1310 351 1351 378 0.00 0.00 0.00 0.00 0.00 0.00 0.00
car 0.00 0 0.00 1086 260 1121 276 0.00 0.00 0.00 0.00 0.00 0.00 0.00
car 0.00 0 0.00 804 222 818 235 0.00 0.00 0.00 0.00 0.00 0.00 0.00
car 0.00 0 0.00 803 215 816 227 0.00 0.00 0.00 0.00 0.00 0.00 0.00
car 0.00 0 0.00 827 222 841 235 0.00 0.00 0.00 0.00 0.00 0.00 0.00
car 0.00 0 0.00 825 219 838 232 0.00 0.00 0.00 0.00 0.00 0.00 0.00
car 0.00 0 0.00 855 226 867 237 0.00 0.00 0.00 0.00 0.00 0.00 0.00
car 0.00 0 0.00 819 214 831 225 0.00 0.00 0.00 0.00 0.00 0.00 0.00
car 0.00 0 0.00 851 222 864 234 0.00 0.00 0.00 0.00 0.00 0.00 0.00
car 0.00 0 0.00 847 217 860 230 0.00 0.00 0.00 0.00 0.00 0.00 0.00
car 0.00 0 0.00 842 213 855 226 0.00 0.00 0.00 0.00 0.00 0.00 0.00
car 0.00 0 0.00 836 212 848 223 0.00 0.00 0.00 0.00 0.00 0.00 0.00
car 0.00 0 0.00 832 208 844 218 0.00 0.00 0.00 0.00 0.00 0.00 0.00
car 0.00 0 0.00 828 205 841 217 0.00 0.00 0.00 0.00 0.00 0.00 0.00
car 0.00 0 0.00 855 206 868 217 0.00 0.00 0.00 0.00 0.00 0.00 0.00
car 0.00 0 0.00 876 207 888 219 0.00 0.00 0.00 0.00 0.00 0.00 0.00
car 0.00 0 0.00 903 214 917 224 0.00 0.00 0.00 0.00 0.00 0.00 0.00
car 0.00 0 0.00 893 209 906 220 0.00 0.00 0.00 0.00 0.00 0.00 0.00
van 0.00 0 0.00 945 214 959 227 0.00 0.00 0.00 0.00 0.00 0.00 0.00
car 0.00 0 0.00 932 210 946 220 0.00 0.00 0.00 0.00 0.00 0.00 0.00
car 0.00 0 0.00 922 206 935 216 0.00 0.00 0.00 0.00 0.00 0.00 0.00
pedestrian 0.00 0 0.00 1558 724 1576 782 0.00 0.00 0.00 0.00 0.00 0.00 0.00
pedestrian 0.00 0 0.00 1714 708 1739 773 0.00 0.00 0.00 0.00 0.00 0.00 0.00
people 0.00 0 0.00 1846 712 1869 760 0.00 0.00 0.00 0.00 0.00 0.00 0.00
people 0.00 0 0.00 1758 715 1787 758 0.00 0.00 0.00 0.00 0.00 0.00 0.00
pedestrian 0.00 0 0.00 1705 589 1725 635 0.00 0.00 0.00 0.00 0.00 0.00 0.00
pedestrian 0.00 0 0.00 1725 591 1739 639 0.00 0.00 0.00 0.00 0.00 0.00 0.00
pedestrian 0.00 0 0.00 1740 589 1759 635 0.00 0.00 0.00 0.00 0.00 0.00 0.00
pedestrian 0.00 0 0.00 1644 559 1664 603 0.00 0.00 0.00 0.00 0.00 0.00 0.00
pedestrian 0.00 0 0.00 1587 522 1603 563 0.00 0.00 0.00 0.00 0.00 0.00 0.00
pedestrian 0.00 0 0.00 1601 529 1620 566 0.00 0.00 0.00 0.00 0.00 0.00 0.00
pedestrian 0.00 0 0.00 1616 523 1630 565 0.00 0.00 0.00 0.00 0.00 0.00 0.00
pedestrian 0.00 0 0.00 1432 427 1446 461 0.00 0.00 0.00 0.00 0.00 0.00 0.00
pedestrian 0.00 0 0.00 1458 448 1473 482 0.00 0.00 0.00 0.00 0.00 0.00 0.00
pedestrian 0.00 0 0.00 1469 448 1480 482 0.00 0.00 0.00 0.00 0.00 0.00 0.00
pedestrian 0.00 0 0.00 1428 476 1443 512 0.00 0.00 0.00 0.00 0.00 0.00 0.00
pedestrian 0.00 0 0.00 1413 482 1427 519 0.00 0.00 0.00 0.00 0.00 0.00 0.00
pedestrian 0.00 0 0.00 1380 499 1399 540 0.00 0.00 0.00 0.00 0.00 0.00 0.00
pedestrian 0.00 0 0.00 1356 491 1371 522 0.00 0.00 0.00 0.00 0.00 0.00 0.00
people 0.00 0 0.00 1349 503 1367 532 0.00 0.00 0.00 0.00 0.00 0.00 0.00
bicycle 0.00 0 0.00 1348 518 1366 543 0.00 0.00 0.00 0.00 0.00 0.00 0.00
pedestrian 0.00 0 0.00 1221 494 1236 529 0.00 0.00 0.00 0.00 0.00 0.00 0.00
pedestrian 0.00 0 0.00 1297 368 1308 396 0.00 0.00 0.00 0.00 0.00 0.00 0.00
pedestrian 0.00 0 0.00 1255 359 1266 385 0.00 0.00 0.00 0.00 0.00 0.00 0.00
pedestrian 0.00 0 0.00 1266 360 1276 385 0.00 0.00 0.00 0.00 0.00 0.00 0.00
people 0.00 0 0.00 1296 405 1311 430 0.00 0.00 0.00 0.00 0.00 0.00 0.00
motor 0.00 0 0.00 1297 411 1310 434 0.00 0.00 0.00 0.00 0.00 0.00 0.00
pedestrian 0.00 0 0.00 1270 399 1283 431 0.00 0.00 0.00 0.00 0.00 0.00 0.00
people 0.00 0 0.00 1233 418 1246 439 0.00 0.00 0.00 0.00 0.00 0.00 0.00
people 0.00 0 0.00 1258 435 1271 456 0.00 0.00 0.00 0.00 0.00 0.00 0.00
bicycle 0.00 0 0.00 1233 427 1245 448 0.00 0.00 0.00 0.00 0.00 0.00 0.00
motor 0.00 0 0.00 1258 447 1270 467 0.00 0.00 0.00 0.00 0.00 0.00 0.00
people 0.00 0 0.00 1259 423 1272 442 0.00 0.00 0.00 0.00 0.00 0.00 0.00
pedestrian 0.00 0 0.00 1169 367 1179 389 0.00 0.00 0.00 0.00 0.00 0.00 0.00
bicycle 0.00 0 0.00 1166 429 1177 452 0.00 0.00 0.00 0.00 0.00 0.00 0.00
pedestrian 0.00 0 0.00 449 574 471 625 0.00 0.00 0.00 0.00 0.00 0.00 0.00
pedestrian 0.00 0 0.00 449 542 472 585 0.00 0.00 0.00 0.00 0.00 0.00 0.00
pedestrian 0.00 0 0.00 487 475 502 512 0.00 0.00 0.00 0.00 0.00 0.00 0.00
people 0.00 0 0.00 448 482 464 515 0.00 0.00 0.00 0.00 0.00 0.00 0.00
bicycle 0.00 0 0.00 448 492 461 522 0.00 0.00 0.00 0.00 0.00 0.00 0.00
bicycle 0.00 0 0.00 451 555 469 588 0.00 0.00 0.00 0.00 0.00 0.00 0.00
bicycle 0.00 0 0.00 395 598 434 635 0.00 0.00 0.00 0.00 0.00 0.00 0.00
pedestrian 0.00 0 0.00 400 580 419 620 0.00 0.00 0.00 0.00 0.00 0.00 0.00
car 0.00 0 0.00 564 229 595 244 0.00 0.00 0.00 0.00 0.00 0.00 0.00
pedestrian 0.00 0 0.00 606 409 617 440 0.00 0.00 0.00 0.00 0.00 0.00 0.00
pedestrian 0.00 0 0.00 551 362 561 388 0.00 0.00 0.00 0.00 0.00 0.00 0.00
people 0.00 0 0.00 511 428 524 458 0.00 0.00 0.00 0.00 0.00 0.00 0.00
motor 0.00 0 0.00 511 439 524 462 0.00 0.00 0.00 0.00 0.00 0.00 0.00
people 0.00 0 0.00 647 387 656 404 0.00 0.00 0.00 0.00 0.00 0.00 0.00
people 0.00 0 0.00 606 436 618 454 0.00 0.00 0.00 0.00 0.00 0.00 0.00
people 0.00 0 0.00 605 450 620 472 0.00 0.00 0.00 0.00 0.00 0.00 0.00
people 0.00 0 0.00 576 466 588 497 0.00 0.00 0.00 0.00 0.00 0.00 0.00
bicycle 0.00 0 0.00 575 478 587 503 0.00 0.00 0.00 0.00 0.00 0.00 0.00
bicycle 0.00 0 0.00 607 462 619 486 0.00 0.00 0.00 0.00 0.00 0.00 0.00
motor 0.00 0 0.00 647 396 655 414 0.00 0.00 0.00 0.00 0.00 0.00 0.00
people 0.00 0 0.00 587 343 595 361 0.00 0.00 0.00 0.00 0.00 0.00 0.00
people 0.00 0 0.00 596 352 603 370 0.00 0.00 0.00 0.00 0.00 0.00 0.00
people 0.00 0 0.00 610 353 618 368 0.00 0.00 0.00 0.00 0.00 0.00 0.00
pedestrian 0.00 0 0.00 610 328 618 349 0.00 0.00 0.00 0.00 0.00 0.00 0.00
pedestrian 0.00 0 0.00 635 331 643 352 0.00 0.00 0.00 0.00 0.00 0.00 0.00
pedestrian 0.00 0 0.00 627 331 635 353 0.00 0.00 0.00 0.00 0.00 0.00 0.00
pedestrian 0.00 0 0.00 706 288 712 305 0.00 0.00 0.00 0.00 0.00 0.00 0.00
pedestrian 0.00 0 0.00 713 287 719 303 0.00 0.00 0.00 0.00 0.00 0.00 0.00
bicycle 0.00 0 0.00 599 324 608 341 0.00 0.00 0.00 0.00 0.00 0.00 0.00
bicycle 0.00 0 0.00 616 312 623 325 0.00 0.00 0.00 0.00 0.00 0.00 0.00
bicycle 0.00 0 0.00 611 361 618 376 0.00 0.00 0.00 0.00 0.00 0.00 0.00
bicycle 0.00 0 0.00 597 360 602 377 0.00 0.00 0.00 0.00 0.00 0.00 0.00
pedestrian 0.00 0 0.00 628 310 635 327 0.00 0.00 0.00 0.00 0.00 0.00 0.00
pedestrian 0.00 0 0.00 625 322 635 342 0.00 0.00 0.00 0.00 0.00 0.00 0.00
bicycle 0.00 0 0.00 525 388 540 405 0.00 0.00 0.00 0.00 0.00 0.00 0.00
bicycle 0.00 0 0.00 226 768 290 805 0.00 0.00 0.00 0.00 0.00 0.00 0.00
bicycle 0.00 0 0.00 195 782 258 828 0.00 0.00 0.00 0.00 0.00 0.00 0.00
bicycle 0.00 0 0.00 195 803 258 846 0.00 0.00 0.00 0.00 0.00 0.00 0.00
pedestrian 0.00 0 0.00 155 842 195 901 0.00 0.00 0.00 0.00 0.00 0.00 0.00
bicycle 0.00 0 0.00 111 912 194 961 0.00 0.00 0.00 0.00 0.00 0.00 0.00
bicycle 0.00 0 0.00 173 848 238 889 0.00 0.00 0.00 0.00 0.00 0.00 0.00
bicycle 0.00 0 0.00 66 925 154 974 0.00 0.00 0.00 0.00 0.00 0.00 0.00
bicycle 0.00 0 0.00 48 942 112 987 0.00 0.00 0.00 0.00 0.00 0.00 0.00
bicycle 0.00 0 0.00 13 1004 91 1062 0.00 0.00 0.00 0.00 0.00 0.00 0.00
bicycle 0.00 0 0.00 32 973 118 1016 0.00 0.00 0.00 0.00 0.00 0.00 0.00
pedestrian 0.00 0 0.00 298 606 317 653 0.00 0.00 0.00 0.00 0.00 0.00 0.00
