people 0.00 0 0.00 780 496 794 519 0.00 0.00 0.00 0.00 0.00 0.00 0.00
motor 0.00 0 0.00 779 493 795 528 0.00 0.00 0.00 0.00 0.00 0.00 0.00
truck 0.00 0 0.00 133 254 298 344 0.00 0.00 0.00 0.00 0.00 0.00 0.00
car 0.00 0 0.00 222 137 242 147 0.00 0.00 0.00 0.00 0.00 0.00 0.00
car 0.00 0 0.00 463 197 486 211 0.00 0.00 0.00 0.00 0.00 0.00 0.00
people 0.00 0 0.00 547 177 551 187 0.00 0.00 0.00 0.00 0.00 0.00 0.00
motor 0.00 0 0.00 546 181 551 189 0.00 0.00 0.00 0.00 0.00 0.00 0.00
truck 0.00 0 0.00 576 131 592 143 0.00 0.00 0.00 0.00 0.00 0.00 0.00
car 0.00 0 0.00 614 142 628 152 0.00 0.00 0.00 0.00 0.00 0.00 0.00
pedestrian 0.00 0 0.00 561 121 565 129 0.00 0.00 0.00 0.00 0.00 0.00 0.00
awning-tricycle 0.00 0 0.00 563 124 573 135 0.00 0.00 0.00 0.00 0.00 0.00 0.00
truck 0.00 0 0.00 512 116 546 143 0.00 0.00 0.00 0.00 0.00 0.00 0.00
car 0.00 0 0.00 533 97 540 103 0.00 0.00 0.00 0.00 0.00 0.00 0.00
car 0.00 0 0.00 489 94 502 101 0.00 0.00 0.00 0.00 0.00 0.00 0.00
car 0.00 0 0.00 547 112 562 119 0.00 0.00 0.00 0.00 0.00 0.00 0.00
car 0.00 0 0.00 570 98 585 105 0.00 0.00 0.00 0.00 0.00 0.00 0.00
car 0.00 0 0.00 574 97 591 104 0.00 0.00 0.00 0.00 0.00 0.00 0.00
car 0.00 0 0.00 554 103 574 111 0.00 0.00 0.00 0.00 0.00 0.00 0.00
pedestrian 0.00 0 0.00 687 99 690 105 0.00 0.00 0.00 0.00 0.00 0.00 0.00
car 0.00 0 0.00 699 79 707 85 0.00 0.00 0.00 0.00 0.00 0.00 0.00
car 0.00 0 0.00 694 117 708 124 0.00 0.00 0.00 0.00 0.00 0.00 0.00
car 0.00 0 0.00 701 115 712 121 0.00 0.00 0.00 0.00 0.00 0.00 0.00
car 0.00 0 0.00 705 113 718 119 0.00 0.00 0.00 0.00 0.00 0.00 0.00
car 0.00 0 0.00 659 72 672 76 0.00 0.00 0.00 0.00 0.00 0.00 0.00
car 0.00 0 0.00 761 83 774 89 0.00 0.00 0.00 0.00 0.00 0.00 0.00
van 0.00 0 0.00 859 83 873 88 0.00 0.00 0.00 0.00 0.00 0.00 0.00
van 0.00 0 0.00 805 79 818 85 0.00 0.00 0.00 0.00 0.00 0.00 0.00
car 0.00 0 0.00 753 73 762 77 0.00 0.00 0.00 0.00 0.00 0.00 0.00
car 0.00 0 0.00 766 76 775 80 0.00 0.00 0.00 0.00 0.00 0.00 0.00
truck 0.00 0 0.00 778 74 796 82 0.00 0.00 0.00 0.00 0.00 0.00 0.00
car 0.00 0 0.00 757 64 765 68 0.00 0.00 0.00 0.00 0.00 0.00 0.00
pedestrian 0.00 0 0.00 687 163 690 172 0.00 0.00 0.00 0.00 0.00 0.00 0.00
