car 0.00 0 0.00 1049 239 1075 248 0.00 0.00 0.00 0.00 0.00 0.00 0.00
car 0.00 0 0.00 1053 242 1084 253 0.00 0.00 0.00 0.00 0.00 0.00 0.00
car 0.00 0 0.00 1032 245 1063 261 0.00 0.00 0.00 0.00 0.00 0.00 0.00
truck 0.00 0 0.00 1116 242 1134 262 0.00 0.00 0.00 0.00 0.00 0.00 0.00
car 0.00 0 0.00 1128 243 1141 255 0.00 0.00 0.00 0.00 0.00 0.00 0.00
van 0.00 0 0.00 1161 242 1188 254 0.00 0.00 0.00 0.00 0.00 0.00 0.00
truck 0.00 0 0.00 1142 244 1165 269 0.00 0.00 0.00 0.00 0.00 0.00 0.00
pedestrian 0.00 0 0.00 1160 254 1166 267 0.00 0.00 0.00 0.00 0.00 0.00 0.00
van 0.00 0 0.00 1143 266 1165 288 0.00 0.00 0.00 0.00 0.00 0.00 0.00
car 0.00 0 0.00 1186 259 1219 272 0.00 0.00 0.00 0.00 0.00 0.00 0.00
pedestrian 0.00 0 0.00 1226 271 1233 285 0.00 0.00 0.00 0.00 0.00 0.00 0.00
truck 0.00 0 0.00 1104 263 1131 291 0.00 0.00 0.00 0.00 0.00 0.00 0.00
truck 0.00 0 0.00 1083 254 1127 283 0.00 0.00 0.00 0.00 0.00 0.00 0.00
truck 0.00 0 0.00 1076 267 1099 293 0.00 0.00 0.00 0.00 0.00 0.00 0.00
truck 0.00 0 0.00 1062 277 1089 304 0.00 0.00 0.00 0.00 0.00 0.00 0.00
car 0.00 0 0.00 1052 269 1074 286 0.00 0.00 0.00 0.00 0.00 0.00 0.00
car 0.00 0 0.00 1033 266 1052 280 0.00 0.00 0.00 0.00 0.00 0.00 0.00
truck 0.00 0 0.00 1004 271 1032 298 0.00 0.00 0.00 0.00 0.00 0.00 0.00
truck 0.00 0 0.00 1035 300 1072 334 0.00 0.00 0.00 0.00 0.00 0.00 0.00
pedestrian 0.00 0 0.00 1075 315 1085 336 0.00 0.00 0.00 0.00 0.00 0.00 0.00
car 0.00 0 0.00 1112 292 1147 308 0.00 0.00 0.00 0.00 0.00 0.00 0.00
car 0.00 0 0.00 1100 302 1152 320 0.00 0.00 0.00 0.00 0.00 0.00 0.00
car 0.00 0 0.00 1099 312 1150 331 0.00 0.00 0.00 0.00 0.00 0.00 0.00
car 0.00 0 0.00 1079 337 1111 361 0.00 0.00 0.00 0.00 0.00 0.00 0.00
car 0.00 0 0.00 989 349 1022 379 0.00 0.00 0.00 0.00 0.00 0.00 0.00
car 0.00 0 0.00 988 290 1010 309 0.00 0.00 0.00 0.00 0.00 0.00 0.00
truck 0.00 0 0.00 966 289 1001 322 0.00 0.00 0.00 0.00 0.00 0.00 0.00
truck 0.00 0 0.00 890 299 966 363 0.00 0.00 0.00 0.00 0.00 0.00 0.00
truck 0.00 0 0.00 673 385 775 445 0.00 0.00 0.00 0.00 0.00 0.00 0.00
truck 0.00 0 0.00 668 402 785 462 0.00 0.00 0.00 0.00 0.00 0.00 0.00
truck 0.00 0 0.00 10 266 55 298 0.00 0.00 0.00 0.00 0.00 0.00 0.00
truck 0.00 0 0.00 68 275 124 312 0.00 0.00 0.00 0.00 0.00 0.00 0.00
truck 0.00 0 0.00 32 288 103 325 0.00 0.00 0.00 0.00 0.00 0.00 0.00
pedestrian 0.00 0 0.00 195 271 200 284 0.00 0.00 0.00 0.00 0.00 0.00 0.00
truck 0.00 0 0.00 187 289 260 321 0.00 0.00 0.00 0.00 0.00 0.00 0.00
pedestrian 0.00 0 0.00 574 600 597 658 0.00 0.00 0.00 0.00 0.00 0.00 0.00
car 0.00 0 0.00 507 525 609 606 0.00 0.00 0.00 0.00 0.00 0.00 0.00
motor 0.00 0 0.00 380 634 433 667 0.00 0.00 0.00 0.00 0.00 0.00 0.00
pedestrian 0.00 0 0.00 399 651 421 713 0.00 0.00 0.00 0.00 0.00 0.00 0.00
car 0.00 0 0.00 266 652 412 758 0.00 0.00 0.00 0.00 0.00 0.00 0.00
motor 0.00 0 0.00 623 700 713 757 0.00 0.00 0.00 0.00 0.00 0.00 0.00
pedestrian 0.00 0 0.00 682 700 712 765 0.00 0.00 0.00 0.00 0.00 0.00 0.00
motor 0.00 0 0.00 1217 441 1231 477 0.00 0.00 0.00 0.00 0.00 0.00 0.00
tricycle 0.00 0 0.00 1210 440 1241 466 0.00 0.00 0.00 0.00 0.00 0.00 0.00
tricycle 0.00 0 0.00 1197 396 1253 422 0.00 0.00 0.00 0.00 0.00 0.00 0.00
people 0.00 0 0.00 1213 392 1229 409 0.00 0.00 0.00 0.00 0.00 0.00 0.00
people 0.00 0 0.00 1228 393 1244 413 0.00 0.00 0.00 0.00 0.00 0.00 0.00
