truck 0.00 0 0.00 400 475 473 567 0.00 0.00 0.00 0.00 0.00 0.00 0.00
car 0.00 0 0.00 477 571 511 605 0.00 0.00 0.00 0.00 0.00 0.00 0.00
car 0.00 0 0.00 481 424 503 450 0.00 0.00 0.00 0.00 0.00 0.00 0.00
truck 0.00 0 0.00 86 332 150 355 0.00 0.00 0.00 0.00 0.00 0.00 0.00
car 0.00 0 0.00 422 339 452 353 0.00 0.00 0.00 0.00 0.00 0.00 0.00
van 0.00 0 0.00 662 436 686 467 0.00 0.00 0.00 0.00 0.00 0.00 0.00
car 0.00 0 0.00 584 280 600 295 0.00 0.00 0.00 0.00 0.00 0.00 0.00
car 0.00 0 0.00 696 274 711 285 0.00 0.00 0.00 0.00 0.00 0.00 0.00
car 0.00 0 0.00 646 228 657 240 0.00 0.00 0.00 0.00 0.00 0.00 0.00
car 0.00 0 0.00 600 232 614 244 0.00 0.00 0.00 0.00 0.00 0.00 0.00
car 0.00 0 0.00 627 234 640 245 0.00 0.00 0.00 0.00 0.00 0.00 0.00
car 0.00 0 0.00 1255 399 1293 420 0.00 0.00 0.00 0.00 0.00 0.00 0.00
