car 0.00 0 0.00 660 0 683 48 0.00 0.00 0.00 0.00 0.00 0.00 0.00
pedestrian 0.00 0 0.00 546 0 554 11 0.00 0.00 0.00 0.00 0.00 0.00 0.00
car 0.00 0 0.00 485 0 535 26 0.00 0.00 0.00 0.00 0.00 0.00 0.00
car 0.00 0 0.00 622 36 644 82 0.00 0.00 0.00 0.00 0.00 0.00 0.00
car 0.00 0 0.00 621 213 641 261 0.00 0.00 0.00 0.00 0.00 0.00 0.00
car 0.00 0 0.00 654 230 683 281 0.00 0.00 0.00 0.00 0.00 0.00 0.00
car 0.00 0 0.00 653 292 697 336 0.00 0.00 0.00 0.00 0.00 0.00 0.00
car 0.00 0 0.00 587 306 609 359 0.00 0.00 0.00 0.00 0.00 0.00 0.00
car 0.00 0 0.00 587 394 610 441 0.00 0.00 0.00 0.00 0.00 0.00 0.00
car 0.00 0 0.00 720 415 766 444 0.00 0.00 0.00 0.00 0.00 0.00 0.00
motor 0.00 0 0.00 688 107 708 121 0.00 0.00 0.00 0.00 0.00 0.00 0.00
pedestrian 0.00 0 0.00 655 73 660 86 0.00 0.00 0.00 0.00 0.00 0.00 0.00
pedestrian 0.00 0 0.00 661 76 665 86 0.00 0.00 0.00 0.00 0.00 0.00 0.00
car 0.00 0 0.00 485 43 533 68 0.00 0.00 0.00 0.00 0.00 0.00 0.00
pedestrian 0.00 0 0.00 508 61 514 71 0.00 0.00 0.00 0.00 0.00 0.00 0.00
pedestrian 0.00 0 0.00 553 117 560 127 0.00 0.00 0.00 0.00 0.00 0.00 0.00
pedestrian 0.00 0 0.00 489 109 537 127 0.00 0.00 0.00 0.00 0.00 0.00 0.00
pedestrian 0.00 0 0.00 535 130 542 141 0.00 0.00 0.00 0.00 0.00 0.00 0.00
pedestrian 0.00 0 0.00 535 118 541 128 0.00 0.00 0.00 0.00 0.00 0.00 0.00
pedestrian 0.00 0 0.00 544 170 549 177 0.00 0.00 0.00 0.00 0.00 0.00 0.00
motor 0.00 0 0.00 648 121 655 137 0.00 0.00 0.00 0.00 0.00 0.00 0.00
people 0.00 0 0.00 648 122 656 134 0.00 0.00 0.00 0.00 0.00 0.00 0.00
motor 0.00 0 0.00 649 159 655 176 0.00 0.00 0.00 0.00 0.00 0.00 0.00
people 0.00 0 0.00 648 162 654 172 0.00 0.00 0.00 0.00 0.00 0.00 0.00
motor 0.00 0 0.00 570 175 580 194 0.00 0.00 0.00 0.00 0.00 0.00 0.00
people 0.00 0 0.00 571 176 579 190 0.00 0.00 0.00 0.00 0.00 0.00 0.00
car 0.00 0 0.00 542 237 561 286 0.00 0.00 0.00 0.00 0.00 0.00 0.00
car 0.00 0 0.00 712 329 761 356 0.00 0.00 0.00 0.00 0.00 0.00 0.00
motor 0.00 0 0.00 765 343 776 358 0.00 0.00 0.00 0.00 0.00 0.00 0.00
car 0.00 0 0.00 708 371 759 405 0.00 0.00 0.00 0.00 0.00 0.00 0.00
car 0.00 0 0.00 592 495 613 546 0.00 0.00 0.00 0.00 0.00 0.00 0.00
car 0.00 0 0.00 495 433 536 459 0.00 0.00 0.00 0.00 0.00 0.00 0.00
people 0.00 0 0.00 434 218 445 225 0.00 0.00 0.00 0.00 0.00 0.00 0.00
pedestrian 0.00 0 0.00 463 210 469 220 0.00 0.00 0.00 0.00 0.00 0.00 0.00
pedestrian 0.00 0 0.00 468 206 475 215 0.00 0.00 0.00 0.00 0.00 0.00 0.00
motor 0.00 0 0.00 768 258 775 275 0.00 0.00 0.00 0.00 0.00 0.00 0.00
tricycle 0.00 0 0.00 569 489 577 507 0.00 0.00 0.00 0.00 0.00 0.00 0.00
people 0.00 0 0.00 570 494 577 504 0.00 0.00 0.00 0.00 0.00 0.00 0.00
car 0.00 0 0.00 546 589 570 640 0.00 0.00 0.00 0.00 0.00 0.00 0.00
car 0.00 0 0.00 597 633 619 683 0.00 0.00 0.00 0.00 0.00 0.00 0.00
pedestrian 0.00 0 0.00 732 510 739 520 0.00 0.00 0.00 0.00 0.00 0.00 0.00
pedestrian 0.00 0 0.00 746 521 754 528 0.00 0.00 0.00 0.00 0.00 0.00 0.00
motor 0.00 0 0.00 732 473 750 479 0.00 0.00 0.00 0.00 0.00 0.00 0.00
motor 0.00 0 0.00 730 479 746 486 0.00 0.00 0.00 0.00 0.00 0.00 0.00
motor 0.00 0 0.00 732 460 748 467 0.00 0.00 0.00 0.00 0.00 0.00 0.00
motor 0.00 0 0.00 735 451 752 457 0.00 0.00 0.00 0.00 0.00 0.00 0.00
motor 0.00 0 0.00 717 542 735 552 0.00 0.00 0.00 0.00 0.00 0.00 0.00
motor 0.00 0 0.00 720 590 738 598 0.00 0.00 0.00 0.00 0.00 0.00 0.00
pedestrian 0.00 0 0.00 700 602 708 611 0.00 0.00 0.00 0.00 0.00 0.00 0.00
car 0.00 0 0.00 874 617 924 641 0.00 0.00 0.00 0.00 0.00 0.00 0.00
pedestrian 0.00 0 0.00 866 647 875 657 0.00 0.00 0.00 0.00 0.00 0.00 0.00
tricycle 0.00 0 0.00 952 594 963 620 0.00 0.00 0.00 0.00 0.00 0.00 0.00
car 0.00 0 0.00 978 577 1010 616 0.00 0.00 0.00 0.00 0.00 0.00 0.00
car 0.00 0 0.00 1023 584 1071 629 0.00 0.00 0.00 0.00 0.00 0.00 0.00
car 0.00 0 0.00 1063 580 1107 623 0.00 0.00 0.00 0.00 0.00 0.00 0.00
car 0.00 0 0.00 1168 567 1191 617 0.00 0.00 0.00 0.00 0.00 0.00 0.00
van 0.00 0 0.00 1221 578 1251 622 0.00 0.00 0.00 0.00 0.00 0.00 0.00
car 0.00 0 0.00 1259 580 1290 627 0.00 0.00 0.00 0.00 0.00 0.00 0.00
car 0.00 0 0.00 1288 574 1324 623 0.00 0.00 0.00 0.00 0.00 0.00 0.00
car 0.00 0 0.00 992 697 1035 721 0.00 0.00 0.00 0.00 0.00 0.00 0.00
car 0.00 0 0.00 889 704 944 725 0.00 0.00 0.00 0.00 0.00 0.00 0.00
car 0.00 0 0.00 1116 693 1163 723 0.00 0.00 0.00 0.00 0.00 0.00 0.00
car 0.00 0 0.00 1119 726 1160 748 0.00 0.00 0.00 0.00 0.00 0.00 0.00
car 0.00 0 0.00 1257 690 1308 722 0.00 0.00 0.00 0.00 0.00 0.00 0.00
car 0.00 0 0.00 1316 698 1349 720 0.00 0.00 0.00 0.00 0.00 0.00 0.00
pedestrian 0.00 0 0.00 1288 726 1296 733 0.00 0.00 0.00 0.00 0.00 0.00 0.00
motor 0.00 0 0.00 1270 736 1276 752 0.00 0.00 0.00 0.00 0.00 0.00 0.00
tricycle 0.00 0 0.00 1190 708 1218 727 0.00 0.00 0.00 0.00 0.00 0.00 0.00
motor 0.00 0 0.00 1216 704 1230 720 0.00 0.00 0.00 0.00 0.00 0.00 0.00
motor 0.00 0 0.00 1154 718 1173 728 0.00 0.00 0.00 0.00 0.00 0.00 0.00
motor 0.00 0 0.00 1090 697 1106 713 0.00 0.00 0.00 0.00 0.00 0.00 0.00
pedestrian 0.00 0 0.00 1133 641 1144 648 0.00 0.00 0.00 0.00 0.00 0.00 0.00
pedestrian 0.00 0 0.00 1101 654 1111 663 0.00 0.00 0.00 0.00 0.00 0.00 0.00
pedestrian 0.00 0 0.00 1085 639 1097 645 0.00 0.00 0.00 0.00 0.00 0.00 0.00
pedestrian 0.00 0 0.00 1075 632 1085 639 0.00 0.00 0.00 0.00 0.00 0.00 0.00
pedestrian 0.00 0 0.00 1070 638 1080 645 0.00 0.00 0.00 0.00 0.00 0.00 0.00
pedestrian 0.00 0 0.00 1071 642 1082 651 0.00 0.00 0.00 0.00 0.00 0.00 0.00
motor 0.00 0 0.00 710 686 728 694 0.00 0.00 0.00 0.00 0.00 0.00 0.00
people 0.00 0 0.00 715 685 722 694 0.00 0.00 0.00 0.00 0.00 0.00 0.00
pedestrian 0.00 0 0.00 688 636 695 645 0.00 0.00 0.00 0.00 0.00 0.00 0.00
pedestrian 0.00 0 0.00 685 643 692 651 0.00 0.00 0.00 0.00 0.00 0.00 0.00
car 0.00 0 0.00 675 709 694 764 0.00 0.00 0.00 0.00 0.00 0.00 0.00
pedestrian 0.00 0 0.00 482 746 490 757 0.00 0.00 0.00 0.00 0.00 0.00 0.00
car 0.00 0 0.00 391 720 438 765 0.00 0.00 0.00 0.00 0.00 0.00 0.00
pedestrian 0.00 0 0.00 416 758 424 764 0.00 0.00 0.00 0.00 0.00 0.00 0.00
car 0.00 0 0.00 267 689 317 709 0.00 0.00 0.00 0.00 0.00 0.00 0.00
car 0.00 0 0.00 295 727 340 765 0.00 0.00 0.00 0.00 0.00 0.00 0.00
car 0.00 0 0.00 253 733 297 765 0.00 0.00 0.00 0.00 0.00 0.00 0.00
car 0.00 0 0.00 210 739 254 765 0.00 0.00 0.00 0.00 0.00 0.00 0.00
van 0.00 0 0.00 181 709 252 756 0.00 0.00 0.00 0.00 0.00 0.00 0.00
motor 0.00 0 0.00 197 753 206 765 0.00 0.00 0.00 0.00 0.00 0.00 0.00
car 0.00 0 0.00 142 731 170 765 0.00 0.00 0.00 0.00 0.00 0.00 0.00
motor 0.00 0 0.00 121 743 137 765 0.00 0.00 0.00 0.00 0.00 0.00 0.00
motor 0.00 0 0.00 23 740 33 759 0.00 0.00 0.00 0.00 0.00 0.00 0.00
