awning-tricycle 0.00 0 0.00 1023 940 1143 1048 0.00 0.00 0.00 0.00 0.00 0.00 0.00
motor 0.00 0 0.00 1185 994 1293 1072 0.00 0.00 0.00 0.00 0.00 0.00 0.00
motor 0.00 0 0.00 1292 931 1356 1003 0.00 0.00 0.00 0.00 0.00 0.00 0.00
car 0.00 0 0.00 1341 828 1443 934 0.00 0.00 0.00 0.00 0.00 0.00 0.00
car 0.00 0 0.00 1364 957 1489 1062 0.00 0.00 0.00 0.00 0.00 0.00 0.00
car 0.00 0 0.00 1445 871 1516 961 0.00 0.00 0.00 0.00 0.00 0.00 0.00
car 0.00 0 0.00 1452 771 1547 839 0.00 0.00 0.00 0.00 0.00 0.00 0.00
tricycle 0.00 0 0.00 1541 792 1586 849 0.00 0.00 0.00 0.00 0.00 0.00 0.00
people 0.00 0 0.00 1632 846 1659 893 0.00 0.00 0.00 0.00 0.00 0.00 0.00
motor 0.00 0 0.00 1632 863 1656 906 0.00 0.00 0.00 0.00 0.00 0.00 0.00
people 0.00 0 0.00 1836 883 1872 945 0.00 0.00 0.00 0.00 0.00 0.00 0.00
motor 0.00 0 0.00 1814 899 1890 944 0.00 0.00 0.00 0.00 0.00 0.00 0.00
car 0.00 0 0.00 1589 759 1636 809 0.00 0.00 0.00 0.00 0.00 0.00 0.00
people 0.00 0 0.00 1670 763 1688 801 0.00 0.00 0.00 0.00 0.00 0.00 0.00
motor 0.00 0 0.00 1670 775 1690 806 0.00 0.00 0.00 0.00 0.00 0.00 0.00
pedestrian 0.00 0 0.00 1695 706 1706 738 0.00 0.00 0.00 0.00 0.00 0.00 0.00
people 0.00 0 0.00 1803 746 1818 775 0.00 0.00 0.00 0.00 0.00 0.00 0.00
awning-tricycle 0.00 0 0.00 1799 733 1830 784 0.00 0.00 0.00 0.00 0.00 0.00 0.00
car 0.00 0 0.00 1812 724 1864 768 0.00 0.00 0.00 0.00 0.00 0.00 0.00
car 0.00 0 0.00 1741 711 1786 751 0.00 0.00 0.00 0.00 0.00 0.00 0.00
pedestrian 0.00 0 0.00 1800 709 1813 735 0.00 0.00 0.00 0.00 0.00 0.00 0.00
people 0.00 0 0.00 1797 708 1812 736 0.00 0.00 0.00 0.00 0.00 0.00 0.00
motor 0.00 0 0.00 1798 715 1816 741 0.00 0.00 0.00 0.00 0.00 0.00 0.00
people 0.00 0 0.00 1842 684 1856 710 0.00 0.00 0.00 0.00 0.00 0.00 0.00
motor 0.00 0 0.00 1842 692 1856 713 0.00 0.00 0.00 0.00 0.00 0.00 0.00
people 0.00 0 0.00 1668 692 1682 719 0.00 0.00 0.00 0.00 0.00 0.00 0.00
motor 0.00 0 0.00 1663 698 1686 719 0.00 0.00 0.00 0.00 0.00 0.00 0.00
tricycle 0.00 0 0.00 1674 683 1720 709 0.00 0.00 0.00 0.00 0.00 0.00 0.00
awning-tricycle 0.00 0 0.00 1700 656 1721 689 0.00 0.00 0.00 0.00 0.00 0.00 0.00
awning-tricycle 0.00 0 0.00 1713 655 1734 684 0.00 0.00 0.00 0.00 0.00 0.00 0.00
awning-tricycle 0.00 0 0.00 1715 644 1748 673 0.00 0.00 0.00 0.00 0.00 0.00 0.00
car 0.00 0 0.00 1692 584 1717 610 0.00 0.00 0.00 0.00 0.00 0.00 0.00
car 0.00 0 0.00 1822 653 1852 676 0.00 0.00 0.00 0.00 0.00 0.00 0.00
people 0.00 0 0.00 1791 641 1803 661 0.00 0.00 0.00 0.00 0.00 0.00 0.00
motor 0.00 0 0.00 1789 644 1804 664 0.00 0.00 0.00 0.00 0.00 0.00 0.00
awning-tricycle 0.00 0 0.00 1760 628 1777 653 0.00 0.00 0.00 0.00 0.00 0.00 0.00
people 0.00 0 0.00 1771 613 1780 627 0.00 0.00 0.00 0.00 0.00 0.00 0.00
motor 0.00 0 0.00 1770 617 1782 631 0.00 0.00 0.00 0.00 0.00 0.00 0.00
motor 0.00 0 0.00 1791 606 1802 618 0.00 0.00 0.00 0.00 0.00 0.00 0.00
people 0.00 0 0.00 1802 611 1810 624 0.00 0.00 0.00 0.00 0.00 0.00 0.00
motor 0.00 0 0.00 1800 612 1810 626 0.00 0.00 0.00 0.00 0.00 0.00 0.00
car 0.00 0 0.00 1832 639 1867 666 0.00 0.00 0.00 0.00 0.00 0.00 0.00
car 0.00 0 0.00 1813 590 1830 607 0.00 0.00 0.00 0.00 0.00 0.00 0.00
pedestrian 0.00 0 0.00 1855 596 1863 611 0.00 0.00 0.00 0.00 0.00 0.00 0.00
bicycle 0.00 0 0.00 1850 601 1867 612 0.00 0.00 0.00 0.00 0.00 0.00 0.00
bicycle 0.00 0 0.00 1891 601 1907 619 0.00 0.00 0.00 0.00 0.00 0.00 0.00
car 0.00 0 0.00 1904 596 1920 610 0.00 0.00 0.00 0.00 0.00 0.00 0.00
car 0.00 0 0.00 1899 631 1920 651 0.00 0.00 0.00 0.00 0.00 0.00 0.00
