car 0.00 0 0.00 82 630 228 765 0.00 0.00 0.00 0.00 0.00 0.00 0.00
car 0.00 0 0.00 419 640 546 765 0.00 0.00 0.00 0.00 0.00 0.00 0.00
car 0.00 0 0.00 601 664 743 765 0.00 0.00 0.00 0.00 0.00 0.00 0.00
car 0.00 0 0.00 795 670 936 765 0.00 0.00 0.00 0.00 0.00 0.00 0.00
car 0.00 0 0.00 1177 640 1360 764 0.00 0.00 0.00 0.00 0.00 0.00 0.00
pedestrian 0.00 0 0.00 54 493 95 569 0.00 0.00 0.00 0.00 0.00 0.00 0.00
pedestrian 0.00 0 0.00 63 454 97 523 0.00 0.00 0.00 0.00 0.00 0.00 0.00
people 0.00 0 0.00 567 359 587 415 0.00 0.00 0.00 0.00 0.00 0.00 0.00
people 0.00 0 0.00 574 339 593 393 0.00 0.00 0.00 0.00 0.00 0.00 0.00
pedestrian 0.00 0 0.00 648 393 676 450 0.00 0.00 0.00 0.00 0.00 0.00 0.00
pedestrian 0.00 0 0.00 670 379 684 437 0.00 0.00 0.00 0.00 0.00 0.00 0.00
pedestrian 0.00 0 0.00 635 293 651 340 0.00 0.00 0.00 0.00 0.00 0.00 0.00
people 0.00 0 0.00 569 255 590 301 0.00 0.00 0.00 0.00 0.00 0.00 0.00
people 0.00 0 0.00 587 247 610 288 0.00 0.00 0.00 0.00 0.00 0.00 0.00
people 0.00 0 0.00 599 241 619 282 0.00 0.00 0.00 0.00 0.00 0.00 0.00
pedestrian 0.00 0 0.00 1283 322 1312 374 0.00 0.00 0.00 0.00 0.00 0.00 0.00
pedestrian 0.00 0 0.00 1316 325 1345 375 0.00 0.00 0.00 0.00 0.00 0.00 0.00
pedestrian 0.00 0 0.00 1226 138 1241 168 0.00 0.00 0.00 0.00 0.00 0.00 0.00
pedestrian 0.00 0 0.00 1276 128 1291 158 0.00 0.00 0.00 0.00 0.00 0.00 0.00
pedestrian 0.00 0 0.00 1078 96 1092 129 0.00 0.00 0.00 0.00 0.00 0.00 0.00
people 0.00 0 0.00 1064 96 1075 121 0.00 0.00 0.00 0.00 0.00 0.00 0.00
motor 0.00 0 0.00 1062 105 1077 123 0.00 0.00 0.00 0.00 0.00 0.00 0.00
people 0.00 0 0.00 1259 125 1276 152 0.00 0.00 0.00 0.00 0.00 0.00 0.00
people 0.00 0 0.00 1255 131 1267 161 0.00 0.00 0.00 0.00 0.00 0.00 0.00
people 0.00 0 0.00 770 28 780 45 0.00 0.00 0.00 0.00 0.00 0.00 0.00
pedestrian 0.00 0 0.00 757 34 765 58 0.00 0.00 0.00 0.00 0.00 0.00 0.00
pedestrian 0.00 0 0.00 625 23 633 44 0.00 0.00 0.00 0.00 0.00 0.00 0.00
pedestrian 0.00 0 0.00 519 30 527 52 0.00 0.00 0.00 0.00 0.00 0.00 0.00
people 0.00 0 0.00 326 9 335 30 0.00 0.00 0.00 0.00 0.00 0.00 0.00
people 0.00 0 0.00 201 7 210 26 0.00 0.00 0.00 0.00 0.00 0.00 0.00
people 0.00 0 0.00 205 5 213 23 0.00 0.00 0.00 0.00 0.00 0.00 0.00
pedestrian 0.00 0 0.00 187 12 197 32 0.00 0.00 0.00 0.00 0.00 0.00 0.00
pedestrian 0.00 0 0.00 61 22 72 46 0.00 0.00 0.00 0.00 0.00 0.00 0.00
people 0.00 0 0.00 87 23 97 36 0.00 0.00 0.00 0.00 0.00 0.00 0.00
