car 0.00 0 0.00 101 480 224 536 0.00 0.00 0.00 0.00 0.00 0.00 0.00
bicycle 0.00 0 0.00 51 462 87 494 0.00 0.00 0.00 0.00 0.00 0.00 0.00
bicycle 0.00 0 0.00 158 412 182 442 0.00 0.00 0.00 0.00 0.00 0.00 0.00
car 0.00 0 0.00 183 386 217 412 0.00 0.00 0.00 0.00 0.00 0.00 0.00
bicycle 0.00 0 0.00 152 383 170 409 0.00 0.00 0.00 0.00 0.00 0.00 0.00
car 0.00 0 0.00 194 345 209 374 0.00 0.00 0.00 0.00 0.00 0.00 0.00
pedestrian 0.00 0 0.00 337 381 351 416 0.00 0.00 0.00 0.00 0.00 0.00 0.00
motor 0.00 0 0.00 361 380 379 407 0.00 0.00 0.00 0.00 0.00 0.00 0.00
car 0.00 0 0.00 220 343 232 361 0.00 0.00 0.00 0.00 0.00 0.00 0.00
people 0.00 0 0.00 233 318 248 338 0.00 0.00 0.00 0.00 0.00 0.00 0.00
people 0.00 0 0.00 217 348 228 367 0.00 0.00 0.00 0.00 0.00 0.00 0.00
motor 0.00 0 0.00 260 288 271 309 0.00 0.00 0.00 0.00 0.00 0.00 0.00
pedestrian 0.00 0 0.00 280 329 287 351 0.00 0.00 0.00 0.00 0.00 0.00 0.00
pedestrian 0.00 0 0.00 255 324 265 344 0.00 0.00 0.00 0.00 0.00 0.00 0.00
people 0.00 0 0.00 248 338 255 350 0.00 0.00 0.00 0.00 0.00 0.00 0.00
people 0.00 0 0.00 255 338 261 350 0.00 0.00 0.00 0.00 0.00 0.00 0.00
pedestrian 0.00 0 0.00 294 276 308 302 0.00 0.00 0.00 0.00 0.00 0.00 0.00
pedestrian 0.00 0 0.00 301 276 310 295 0.00 0.00 0.00 0.00 0.00 0.00 0.00
car 0.00 0 0.00 311 279 392 314 0.00 0.00 0.00 0.00 0.00 0.00 0.00
car 0.00 0 0.00 331 256 396 283 0.00 0.00 0.00 0.00 0.00 0.00 0.00
car 0.00 0 0.00 382 225 446 250 0.00 0.00 0.00 0.00 0.00 0.00 0.00
people 0.00 0 0.00 433 295 444 314 0.00 0.00 0.00 0.00 0.00 0.00 0.00
people 0.00 0 0.00 440 294 446 309 0.00 0.00 0.00 0.00 0.00 0.00 0.00
bicycle 0.00 0 0.00 433 308 446 325 0.00 0.00 0.00 0.00 0.00 0.00 0.00
motor 0.00 0 0.00 389 194 408 208 0.00 0.00 0.00 0.00 0.00 0.00 0.00
motor 0.00 0 0.00 375 189 384 203 0.00 0.00 0.00 0.00 0.00 0.00 0.00
pedestrian 0.00 0 0.00 421 175 428 195 0.00 0.00 0.00 0.00 0.00 0.00 0.00
pedestrian 0.00 0 0.00 410 174 417 193 0.00 0.00 0.00 0.00 0.00 0.00 0.00
pedestrian 0.00 0 0.00 506 193 515 212 0.00 0.00 0.00 0.00 0.00 0.00 0.00
car 0.00 0 0.00 472 182 496 206 0.00 0.00 0.00 0.00 0.00 0.00 0.00
van 0.00 0 0.00 481 166 500 189 0.00 0.00 0.00 0.00 0.00 0.00 0.00
van 0.00 0 0.00 502 139 522 158 0.00 0.00 0.00 0.00 0.00 0.00 0.00
pedestrian 0.00 0 0.00 516 122 522 140 0.00 0.00 0.00 0.00 0.00 0.00 0.00
people 0.00 0 0.00 542 373 557 394 0.00 0.00 0.00 0.00 0.00 0.00 0.00
motor 0.00 0 0.00 542 383 557 407 0.00 0.00 0.00 0.00 0.00 0.00 0.00
car 0.00 0 0.00 699 273 730 306 0.00 0.00 0.00 0.00 0.00 0.00 0.00
pedestrian 0.00 0 0.00 764 264 777 289 0.00 0.00 0.00 0.00 0.00 0.00 0.00
people 0.00 0 0.00 773 243 785 261 0.00 0.00 0.00 0.00 0.00 0.00 0.00
bicycle 0.00 0 0.00 773 250 782 268 0.00 0.00 0.00 0.00 0.00 0.00 0.00
car 0.00 0 0.00 729 156 746 173 0.00 0.00 0.00 0.00 0.00 0.00 0.00
car 0.00 0 0.00 723 145 745 159 0.00 0.00 0.00 0.00 0.00 0.00 0.00
car 0.00 0 0.00 720 125 734 139 0.00 0.00 0.00 0.00 0.00 0.00 0.00
people 0.00 0 0.00 706 129 712 142 0.00 0.00 0.00 0.00 0.00 0.00 0.00
bicycle 0.00 0 0.00 706 135 712 144 0.00 0.00 0.00 0.00 0.00 0.00 0.00
car 0.00 0 0.00 634 104 649 118 0.00 0.00 0.00 0.00 0.00 0.00 0.00
car 0.00 0 0.00 611 103 627 116 0.00 0.00 0.00 0.00 0.00 0.00 0.00
car 0.00 0 0.00 629 82 643 95 0.00 0.00 0.00 0.00 0.00 0.00 0.00
car 0.00 0 0.00 675 89 688 101 0.00 0.00 0.00 0.00 0.00 0.00 0.00
car 0.00 0 0.00 650 83 664 96 0.00 0.00 0.00 0.00 0.00 0.00 0.00
car 0.00 0 0.00 667 73 680 83 0.00 0.00 0.00 0.00 0.00 0.00 0.00
car 0.00 0 0.00 637 65 649 75 0.00 0.00 0.00 0.00 0.00 0.00 0.00
car 0.00 0 0.00 660 58 670 67 0.00 0.00 0.00 0.00 0.00 0.00 0.00
car 0.00 0 0.00 638 46 647 54 0.00 0.00 0.00 0.00 0.00 0.00 0.00
car 0.00 0 0.00 661 48 671 56 0.00 0.00 0.00 0.00 0.00 0.00 0.00
car 0.00 0 0.00 434 156 487 171 0.00 0.00 0.00 0.00 0.00 0.00 0.00
car 0.00 0 0.00 711 110 726 124 0.00 0.00 0.00 0.00 0.00 0.00 0.00
car 0.00 0 0.00 711 106 726 120 0.00 0.00 0.00 0.00 0.00 0.00 0.00
car 0.00 0 0.00 706 99 720 113 0.00 0.00 0.00 0.00 0.00 0.00 0.00
car 0.00 0 0.00 704 85 716 96 0.00 0.00 0.00 0.00 0.00 0.00 0.00
car 0.00 0 0.00 701 79 714 89 0.00 0.00 0.00 0.00 0.00 0.00 0.00
car 0.00 0 0.00 698 73 711 83 0.00 0.00 0.00 0.00 0.00 0.00 0.00
car 0.00 0 0.00 693 67 704 77 0.00 0.00 0.00 0.00 0.00 0.00 0.00
car 0.00 0 0.00 696 63 706 71 0.00 0.00 0.00 0.00 0.00 0.00 0.00
car 0.00 0 0.00 697 60 706 67 0.00 0.00 0.00 0.00 0.00 0.00 0.00
car 0.00 0 0.00 812 168 831 187 0.00 0.00 0.00 0.00 0.00 0.00 0.00
car 0.00 0 0.00 832 155 878 171 0.00 0.00 0.00 0.00 0.00 0.00 0.00
car 0.00 0 0.00 824 150 870 163 0.00 0.00 0.00 0.00 0.00 0.00 0.00
car 0.00 0 0.00 782 121 797 134 0.00 0.00 0.00 0.00 0.00 0.00 0.00
car 0.00 0 0.00 764 105 779 118 0.00 0.00 0.00 0.00 0.00 0.00 0.00
car 0.00 0 0.00 769 100 794 110 0.00 0.00 0.00 0.00 0.00 0.00 0.00
car 0.00 0 0.00 764 96 793 106 0.00 0.00 0.00 0.00 0.00 0.00 0.00
van 0.00 0 0.00 819 137 862 154 0.00 0.00 0.00 0.00 0.00 0.00 0.00
tricycle 0.00 0 0.00 795 121 818 133 0.00 0.00 0.00 0.00 0.00 0.00 0.00
car 0.00 0 0.00 604 83 617 93 0.00 0.00 0.00 0.00 0.00 0.00 0.00
people 0.00 0 0.00 542 105 546 111 0.00 0.00 0.00 0.00 0.00 0.00 0.00
motor 0.00 0 0.00 541 109 547 116 0.00 0.00 0.00 0.00 0.00 0.00 0.00
van 0.00 0 0.00 521 80 546 94 0.00 0.00 0.00 0.00 0.00 0.00 0.00
car 0.00 0 0.00 529 68 557 80 0.00 0.00 0.00 0.00 0.00 0.00 0.00
pedestrian 0.00 0 0.00 906 261 912 275 0.00 0.00 0.00 0.00 0.00 0.00 0.00
pedestrian 0.00 0 0.00 891 260 901 274 0.00 0.00 0.00 0.00 0.00 0.00 0.00
pedestrian 0.00 0 0.00 897 253 906 277 0.00 0.00 0.00 0.00 0.00 0.00 0.00
car 0.00 0 0.00 891 225 956 243 0.00 0.00 0.00 0.00 0.00 0.00 0.00
car 0.00 0 0.00 1194 713 1295 765 0.00 0.00 0.00 0.00 0.00 0.00 0.00
motor 0.00 0 0.00 1302 686 1332 726 0.00 0.00 0.00 0.00 0.00 0.00 0.00
car 0.00 0 0.00 1074 536 1150 615 0.00 0.00 0.00 0.00 0.00 0.00 0.00
car 0.00 0 0.00 1028 471 1107 530 0.00 0.00 0.00 0.00 0.00 0.00 0.00
car 0.00 0 0.00 993 407 1046 464 0.00 0.00 0.00 0.00 0.00 0.00 0.00
car 0.00 0 0.00 885 363 961 409 0.00 0.00 0.00 0.00 0.00 0.00 0.00
car 0.00 0 0.00 1266 386 1360 431 0.00 0.00 0.00 0.00 0.00 0.00 0.00
car 0.00 0 0.00 1215 352 1309 387 0.00 0.00 0.00 0.00 0.00 0.00 0.00
car 0.00 0 0.00 1206 335 1299 364 0.00 0.00 0.00 0.00 0.00 0.00 0.00
car 0.00 0 0.00 1185 324 1265 350 0.00 0.00 0.00 0.00 0.00 0.00 0.00
car 0.00 0 0.00 1135 291 1234 325 0.00 0.00 0.00 0.00 0.00 0.00 0.00
car 0.00 0 0.00 791 134 803 143 0.00 0.00 0.00 0.00 0.00 0.00 0.00
people 0.00 0 0.00 680 57 686 63 0.00 0.00 0.00 0.00 0.00 0.00 0.00
people 0.00 0 0.00 685 51 690 56 0.00 0.00 0.00 0.00 0.00 0.00 0.00
motor 0.00 0 0.00 685 54 691 59 0.00 0.00 0.00 0.00 0.00 0.00 0.00
motor 0.00 0 0.00 680 60 685 65 0.00 0.00 0.00 0.00 0.00 0.00 0.00
motor 0.00 0 0.00 676 58 683 63 0.00 0.00 0.00 0.00 0.00 0.00 0.00
people 0.00 0 0.00 678 54 684 61 0.00 0.00 0.00 0.00 0.00 0.00 0.00
car 0.00 0 0.00 571 56 583 66 0.00 0.00 0.00 0.00 0.00 0.00 0.00
car 0.00 0 0.00 576 47 587 58 0.00 0.00 0.00 0.00 0.00 0.00 0.00
