car 0.00 0 0.00 501 148 504 153 0.00 0.00 0.00 0.00 0.00 0.00 0.00
car 0.00 0 0.00 459 203 468 211 0.00 0.00 0.00 0.00 0.00 0.00 0.00
car 0.00 0 0.00 449 214 460 226 0.00 0.00 0.00 0.00 0.00 0.00 0.00
car 0.00 0 0.00 464 250 481 267 0.00 0.00 0.00 0.00 0.00 0.00 0.00
car 0.00 0 0.00 492 237 504 249 0.00 0.00 0.00 0.00 0.00 0.00 0.00
car 0.00 0 0.00 493 355 523 386 0.00 0.00 0.00 0.00 0.00 0.00 0.00
car 0.00 0 0.00 448 361 476 389 0.00 0.00 0.00 0.00 0.00 0.00 0.00
car 0.00 0 0.00 339 417 384 461 0.00 0.00 0.00 0.00 0.00 0.00 0.00
car 0.00 0 0.00 439 229 451 241 0.00 0.00 0.00 0.00 0.00 0.00 0.00
car 0.00 0 0.00 458 196 467 204 0.00 0.00 0.00 0.00 0.00 0.00 0.00
car 0.00 0 0.00 471 194 480 201 0.00 0.00 0.00 0.00 0.00 0.00 0.00
car 0.00 0 0.00 474 175 482 182 0.00 0.00 0.00 0.00 0.00 0.00 0.00
car 0.00 0 0.00 477 167 484 175 0.00 0.00 0.00 0.00 0.00 0.00 0.00
car 0.00 0 0.00 489 154 496 159 0.00 0.00 0.00 0.00 0.00 0.00 0.00
car 0.00 0 0.00 315 329 362 349 0.00 0.00 0.00 0.00 0.00 0.00 0.00
truck 0.00 0 0.00 364 319 392 363 0.00 0.00 0.00 0.00 0.00 0.00 0.00
awning-tricycle 0.00 0 0.00 483 334 500 357 0.00 0.00 0.00 0.00 0.00 0.00 0.00
car 0.00 0 0.00 482 160 488 166 0.00 0.00 0.00 0.00 0.00 0.00 0.00
people 0.00 0 0.00 473 198 477 204 0.00 0.00 0.00 0.00 0.00 0.00 0.00
people 0.00 0 0.00 481 197 485 203 0.00 0.00 0.00 0.00 0.00 0.00 0.00
people 0.00 0 0.00 487 195 492 201 0.00 0.00 0.00 0.00 0.00 0.00 0.00
people 0.00 0 0.00 467 234 472 242 0.00 0.00 0.00 0.00 0.00 0.00 0.00
people 0.00 0 0.00 454 244 459 252 0.00 0.00 0.00 0.00 0.00 0.00 0.00
people 0.00 0 0.00 440 282 447 294 0.00 0.00 0.00 0.00 0.00 0.00 0.00
people 0.00 0 0.00 511 276 516 286 0.00 0.00 0.00 0.00 0.00 0.00 0.00
people 0.00 0 0.00 496 285 502 297 0.00 0.00 0.00 0.00 0.00 0.00 0.00
people 0.00 0 0.00 495 284 502 297 0.00 0.00 0.00 0.00 0.00 0.00 0.00
people 0.00 0 0.00 409 335 419 349 0.00 0.00 0.00 0.00 0.00 0.00 0.00
people 0.00 0 0.00 416 346 425 360 0.00 0.00 0.00 0.00 0.00 0.00 0.00
people 0.00 0 0.00 404 363 413 380 0.00 0.00 0.00 0.00 0.00 0.00 0.00
people 0.00 0 0.00 418 369 428 386 0.00 0.00 0.00 0.00 0.00 0.00 0.00
people 0.00 0 0.00 470 419 479 437 0.00 0.00 0.00 0.00 0.00 0.00 0.00
people 0.00 0 0.00 437 421 453 444 0.00 0.00 0.00 0.00 0.00 0.00 0.00
people 0.00 0 0.00 442 418 452 437 0.00 0.00 0.00 0.00 0.00 0.00 0.00
people 0.00 0 0.00 395 433 404 455 0.00 0.00 0.00 0.00 0.00 0.00 0.00
people 0.00 0 0.00 390 437 401 459 0.00 0.00 0.00 0.00 0.00 0.00 0.00
motor 0.00 0 0.00 390 450 403 472 0.00 0.00 0.00 0.00 0.00 0.00 0.00
motor 0.00 0 0.00 442 428 451 452 0.00 0.00 0.00 0.00 0.00 0.00 0.00
motor 0.00 0 0.00 472 431 479 451 0.00 0.00 0.00 0.00 0.00 0.00 0.00
motor 0.00 0 0.00 325 404 349 418 0.00 0.00 0.00 0.00 0.00 0.00 0.00
motor 0.00 0 0.00 327 393 351 410 0.00 0.00 0.00 0.00 0.00 0.00 0.00
motor 0.00 0 0.00 402 370 413 389 0.00 0.00 0.00 0.00 0.00 0.00 0.00
motor 0.00 0 0.00 420 376 429 396 0.00 0.00 0.00 0.00 0.00 0.00 0.00
motor 0.00 0 0.00 410 341 417 360 0.00 0.00 0.00 0.00 0.00 0.00 0.00
motor 0.00 0 0.00 416 352 426 368 0.00 0.00 0.00 0.00 0.00 0.00 0.00
motor 0.00 0 0.00 369 294 390 306 0.00 0.00 0.00 0.00 0.00 0.00 0.00
motor 0.00 0 0.00 439 288 446 301 0.00 0.00 0.00 0.00 0.00 0.00 0.00
motor 0.00 0 0.00 497 289 502 303 0.00 0.00 0.00 0.00 0.00 0.00 0.00
motor 0.00 0 0.00 511 281 518 291 0.00 0.00 0.00 0.00 0.00 0.00 0.00
motor 0.00 0 0.00 468 238 472 246 0.00 0.00 0.00 0.00 0.00 0.00 0.00
motor 0.00 0 0.00 454 248 458 257 0.00 0.00 0.00 0.00 0.00 0.00 0.00
motor 0.00 0 0.00 474 200 478 208 0.00 0.00 0.00 0.00 0.00 0.00 0.00
motor 0.00 0 0.00 481 199 485 207 0.00 0.00 0.00 0.00 0.00 0.00 0.00
motor 0.00 0 0.00 487 198 493 206 0.00 0.00 0.00 0.00 0.00 0.00 0.00
motor 0.00 0 0.00 443 238 448 246 0.00 0.00 0.00 0.00 0.00 0.00 0.00
pedestrian 0.00 0 0.00 355 391 364 420 0.00 0.00 0.00 0.00 0.00 0.00 0.00
pedestrian 0.00 0 0.00 365 391 374 419 0.00 0.00 0.00 0.00 0.00 0.00 0.00
people 0.00 0 0.00 126 492 143 520 0.00 0.00 0.00 0.00 0.00 0.00 0.00
awning-tricycle 0.00 0 0.00 458 262 469 279 0.00 0.00 0.00 0.00 0.00 0.00 0.00
motor 0.00 0 0.00 434 274 438 285 0.00 0.00 0.00 0.00 0.00 0.00 0.00
people 0.00 0 0.00 433 270 440 278 0.00 0.00 0.00 0.00 0.00 0.00 0.00
