pedestrian 0.00 0 0.00 1255 634 1306 730 0.00 0.00 0.00 0.00 0.00 0.00 0.00
pedestrian 0.00 0 0.00 497 65 510 100 0.00 0.00 0.00 0.00 0.00 0.00 0.00
people 0.00 0 0.00 780 54 795 83 0.00 0.00 0.00 0.00 0.00 0.00 0.00
people 0.00 0 0.00 757 46 773 70 0.00 0.00 0.00 0.00 0.00 0.00 0.00
people 0.00 0 0.00 728 41 742 64 0.00 0.00 0.00 0.00 0.00 0.00 0.00
people 0.00 0 0.00 702 206 717 231 0.00 0.00 0.00 0.00 0.00 0.00 0.00
people 0.00 0 0.00 691 190 715 229 0.00 0.00 0.00 0.00 0.00 0.00 0.00
people 0.00 0 0.00 454 414 489 473 0.00 0.00 0.00 0.00 0.00 0.00 0.00
people 0.00 0 0.00 221 159 238 191 0.00 0.00 0.00 0.00 0.00 0.00 0.00
people 0.00 0 0.00 218 155 237 190 0.00 0.00 0.00 0.00 0.00 0.00 0.00
people 0.00 0 0.00 1267 706 1330 765 0.00 0.00 0.00 0.00 0.00 0.00 0.00
people 0.00 0 0.00 118 50 132 78 0.00 0.00 0.00 0.00 0.00 0.00 0.00
car 0.00 0 0.00 509 194 600 254 0.00 0.00 0.00 0.00 0.00 0.00 0.00
car 0.00 0 0.00 243 79 300 124 0.00 0.00 0.00 0.00 0.00 0.00 0.00
car 0.00 0 0.00 10 137 138 195 0.00 0.00 0.00 0.00 0.00 0.00 0.00
car 0.00 0 0.00 1044 286 1122 376 0.00 0.00 0.00 0.00 0.00 0.00 0.00
car 0.00 0 0.00 688 278 811 362 0.00 0.00 0.00 0.00 0.00 0.00 0.00
car 0.00 0 0.00 510 58 598 97 0.00 0.00 0.00 0.00 0.00 0.00 0.00
car 0.00 0 0.00 482 30 546 64 0.00 0.00 0.00 0.00 0.00 0.00 0.00
van 0.00 0 0.00 609 37 655 89 0.00 0.00 0.00 0.00 0.00 0.00 0.00
van 0.00 0 0.00 557 14 593 49 0.00 0.00 0.00 0.00 0.00 0.00 0.00
van 0.00 0 0.00 439 14 521 51 0.00 0.00 0.00 0.00 0.00 0.00 0.00
motor 0.00 0 0.00 785 70 817 95 0.00 0.00 0.00 0.00 0.00 0.00 0.00
motor 0.00 0 0.00 771 56 794 79 0.00 0.00 0.00 0.00 0.00 0.00 0.00
motor 0.00 0 0.00 695 44 729 65 0.00 0.00 0.00 0.00 0.00 0.00 0.00
motor 0.00 0 0.00 648 24 674 43 0.00 0.00 0.00 0.00 0.00 0.00 0.00
tricycle 0.00 0 0.00 632 28 663 50 0.00 0.00 0.00 0.00 0.00 0.00 0.00
bicycle 0.00 0 0.00 721 55 743 74 0.00 0.00 0.00 0.00 0.00 0.00 0.00
bicycle 0.00 0 0.00 760 59 771 81 0.00 0.00 0.00 0.00 0.00 0.00 0.00
bicycle 0.00 0 0.00 724 47 753 64 0.00 0.00 0.00 0.00 0.00 0.00 0.00
motor 0.00 0 0.00 690 202 715 237 0.00 0.00 0.00 0.00 0.00 0.00 0.00
motor 0.00 0 0.00 444 420 490 485 0.00 0.00 0.00 0.00 0.00 0.00 0.00
motor 0.00 0 0.00 220 163 242 196 0.00 0.00 0.00 0.00 0.00 0.00 0.00
awning-tricycle 0.00 0 0.00 301 132 359 192 0.00 0.00 0.00 0.00 0.00 0.00 0.00
tricycle 0.00 0 0.00 229 27 266 60 0.00 0.00 0.00 0.00 0.00 0.00 0.00
people 0.00 0 0.00 233 25 250 52 0.00 0.00 0.00 0.00 0.00 0.00 0.00
