car 0.00 0 0.00 933 774 1018 855 0.00 0.00 0.00 0.00 0.00 0.00 0.00
truck 0.00 0 0.00 813 764 877 846 0.00 0.00 0.00 0.00 0.00 0.00 0.00
car 0.00 0 0.00 842 682 882 719 0.00 0.00 0.00 0.00 0.00 0.00 0.00
car 0.00 0 0.00 586 764 663 837 0.00 0.00 0.00 0.00 0.00 0.00 0.00
car 0.00 0 0.00 534 719 604 761 0.00 0.00 0.00 0.00 0.00 0.00 0.00
car 0.00 0 0.00 952 702 1013 737 0.00 0.00 0.00 0.00 0.00 0.00 0.00
car 0.00 0 0.00 1113 727 1187 774 0.00 0.00 0.00 0.00 0.00 0.00 0.00
car 0.00 0 0.00 1386 918 1601 1060 0.00 0.00 0.00 0.00 0.00 0.00 0.00
car 0.00 0 0.00 1301 850 1422 937 0.00 0.00 0.00 0.00 0.00 0.00 0.00
awning-tricycle 0.00 0 0.00 390 876 478 1011 0.00 0.00 0.00 0.00 0.00 0.00 0.00
van 0.00 0 0.00 0 762 128 838 0.00 0.00 0.00 0.00 0.00 0.00 0.00
car 0.00 0 0.00 139 742 297 790 0.00 0.00 0.00 0.00 0.00 0.00 0.00
car 0.00 0 0.00 407 729 490 778 0.00 0.00 0.00 0.00 0.00 0.00 0.00
car 0.00 0 0.00 410 677 454 712 0.00 0.00 0.00 0.00 0.00 0.00 0.00
motor 0.00 0 0.00 199 994 254 1080 0.00 0.00 0.00 0.00 0.00 0.00 0.00
car 0.00 0 0.00 0 887 126 998 0.00 0.00 0.00 0.00 0.00 0.00 0.00
people 0.00 0 0.00 200 959 259 1053 0.00 0.00 0.00 0.00 0.00 0.00 0.00
bicycle 0.00 0 0.00 421 806 447 848 0.00 0.00 0.00 0.00 0.00 0.00 0.00
people 0.00 0 0.00 423 781 446 835 0.00 0.00 0.00 0.00 0.00 0.00 0.00
pedestrian 0.00 0 0.00 713 666 722 685 0.00 0.00 0.00 0.00 0.00 0.00 0.00
motor 0.00 0 0.00 713 673 721 690 0.00 0.00 0.00 0.00 0.00 0.00 0.00
pedestrian 0.00 0 0.00 385 753 409 800 0.00 0.00 0.00 0.00 0.00 0.00 0.00
car 0.00 0 0.00 223 734 333 779 0.00 0.00 0.00 0.00 0.00 0.00 0.00
car 0.00 0 0.00 461 663 524 688 0.00 0.00 0.00 0.00 0.00 0.00 0.00
pedestrian 0.00 0 0.00 505 671 514 694 0.00 0.00 0.00 0.00 0.00 0.00 0.00
car 0.00 0 0.00 519 659 567 684 0.00 0.00 0.00 0.00 0.00 0.00 0.00
van 0.00 0 0.00 693 650 726 674 0.00 0.00 0.00 0.00 0.00 0.00 0.00
people 0.00 0 0.00 617 697 627 726 0.00 0.00 0.00 0.00 0.00 0.00 0.00
bicycle 0.00 0 0.00 617 711 629 738 0.00 0.00 0.00 0.00 0.00 0.00 0.00
tricycle 0.00 0 0.00 670 709 699 741 0.00 0.00 0.00 0.00 0.00 0.00 0.00
car 0.00 0 0.00 854 643 880 666 0.00 0.00 0.00 0.00 0.00 0.00 0.00
car 0.00 0 0.00 926 633 947 648 0.00 0.00 0.00 0.00 0.00 0.00 0.00
car 0.00 0 0.00 895 658 923 680 0.00 0.00 0.00 0.00 0.00 0.00 0.00
car 0.00 0 0.00 980 678 1020 707 0.00 0.00 0.00 0.00 0.00 0.00 0.00
car 0.00 0 0.00 964 672 996 697 0.00 0.00 0.00 0.00 0.00 0.00 0.00
car 0.00 0 0.00 947 649 971 667 0.00 0.00 0.00 0.00 0.00 0.00 0.00
van 0.00 0 0.00 957 659 986 687 0.00 0.00 0.00 0.00 0.00 0.00 0.00
motor 0.00 0 0.00 919 689 932 710 0.00 0.00 0.00 0.00 0.00 0.00 0.00
car 0.00 0 0.00 869 612 883 628 0.00 0.00 0.00 0.00 0.00 0.00 0.00
car 0.00 0 0.00 1083 714 1137 750 0.00 0.00 0.00 0.00 0.00 0.00 0.00
car 0.00 0 0.00 1018 666 1045 687 0.00 0.00 0.00 0.00 0.00 0.00 0.00
car 0.00 0 0.00 1749 896 1920 985 0.00 0.00 0.00 0.00 0.00 0.00 0.00
car 0.00 0 0.00 1633 868 1895 948 0.00 0.00 0.00 0.00 0.00 0.00 0.00
car 0.00 0 0.00 1555 805 1767 910 0.00 0.00 0.00 0.00 0.00 0.00 0.00
car 0.00 0 0.00 1410 762 1585 821 0.00 0.00 0.00 0.00 0.00 0.00 0.00
car 0.00 0 0.00 1117 675 1182 702 0.00 0.00 0.00 0.00 0.00 0.00 0.00
car 0.00 0 0.00 1102 660 1167 687 0.00 0.00 0.00 0.00 0.00 0.00 0.00
pedestrian 0.00 0 0.00 1246 731 1260 778 0.00 0.00 0.00 0.00 0.00 0.00 0.00
pedestrian 0.00 0 0.00 1233 731 1247 778 0.00 0.00 0.00 0.00 0.00 0.00 0.00
people 0.00 0 0.00 1328 804 1348 848 0.00 0.00 0.00 0.00 0.00 0.00 0.00
motor 0.00 0 0.00 1325 825 1358 866 0.00 0.00 0.00 0.00 0.00 0.00 0.00
people 0.00 0 0.00 1263 910 1302 980 0.00 0.00 0.00 0.00 0.00 0.00 0.00
motor 0.00 0 0.00 1255 932 1305 1007 0.00 0.00 0.00 0.00 0.00 0.00 0.00
people 0.00 0 0.00 1306 1036 1367 1080 0.00 0.00 0.00 0.00 0.00 0.00 0.00
car 0.00 0 0.00 1028 634 1093 661 0.00 0.00 0.00 0.00 0.00 0.00 0.00
car 0.00 0 0.00 1000 626 1065 653 0.00 0.00 0.00 0.00 0.00 0.00 0.00
motor 0.00 0 0.00 946 722 960 749 0.00 0.00 0.00 0.00 0.00 0.00 0.00
motor 0.00 0 0.00 939 679 951 698 0.00 0.00 0.00 0.00 0.00 0.00 0.00
motor 0.00 0 0.00 804 645 821 655 0.00 0.00 0.00 0.00 0.00 0.00 0.00
motor 0.00 0 0.00 739 667 746 681 0.00 0.00 0.00 0.00 0.00 0.00 0.00
motor 0.00 0 0.00 747 669 753 682 0.00 0.00 0.00 0.00 0.00 0.00 0.00
motor 0.00 0 0.00 744 644 750 657 0.00 0.00 0.00 0.00 0.00 0.00 0.00
motor 0.00 0 0.00 795 635 801 647 0.00 0.00 0.00 0.00 0.00 0.00 0.00
motor 0.00 0 0.00 786 625 791 637 0.00 0.00 0.00 0.00 0.00 0.00 0.00
motor 0.00 0 0.00 806 622 811 630 0.00 0.00 0.00 0.00 0.00 0.00 0.00
car 0.00 0 0.00 793 622 807 637 0.00 0.00 0.00 0.00 0.00 0.00 0.00
people 0.00 0 0.00 948 710 962 737 0.00 0.00 0.00 0.00 0.00 0.00 0.00
people 0.00 0 0.00 938 672 951 689 0.00 0.00 0.00 0.00 0.00 0.00 0.00
people 0.00 0 0.00 918 679 934 700 0.00 0.00 0.00 0.00 0.00 0.00 0.00
people 0.00 0 0.00 747 662 756 678 0.00 0.00 0.00 0.00 0.00 0.00 0.00
people 0.00 0 0.00 738 659 748 675 0.00 0.00 0.00 0.00 0.00 0.00 0.00
people 0.00 0 0.00 712 665 722 681 0.00 0.00 0.00 0.00 0.00 0.00 0.00
people 0.00 0 0.00 807 637 813 649 0.00 0.00 0.00 0.00 0.00 0.00 0.00
pedestrian 0.00 0 0.00 837 632 843 647 0.00 0.00 0.00 0.00 0.00 0.00 0.00
people 0.00 0 0.00 907 648 915 664 0.00 0.00 0.00 0.00 0.00 0.00 0.00
motor 0.00 0 0.00 855 624 860 635 0.00 0.00 0.00 0.00 0.00 0.00 0.00
motor 0.00 0 0.00 839 621 844 629 0.00 0.00 0.00 0.00 0.00 0.00 0.00
motor 0.00 0 0.00 892 627 898 635 0.00 0.00 0.00 0.00 0.00 0.00 0.00
people 0.00 0 0.00 840 616 843 624 0.00 0.00 0.00 0.00 0.00 0.00 0.00
people 0.00 0 0.00 855 620 859 628 0.00 0.00 0.00 0.00 0.00 0.00 0.00
people 0.00 0 0.00 892 622 896 631 0.00 0.00 0.00 0.00 0.00 0.00 0.00
awning-tricycle 0.00 0 0.00 730 623 749 650 0.00 0.00 0.00 0.00 0.00 0.00 0.00
awning-tricycle 0.00 0 0.00 932 624 947 642 0.00 0.00 0.00 0.00 0.00 0.00 0.00
motor 0.00 0 0.00 740 691 753 714 0.00 0.00 0.00 0.00 0.00 0.00 0.00
people 0.00 0 0.00 740 682 752 705 0.00 0.00 0.00 0.00 0.00 0.00 0.00
