pedestrian 0.00 0 0.00 792 684 822 750 0.00 0.00 0.00 0.00 0.00 0.00 0.00
people 0.00 0 0.00 524 321 552 372 0.00 0.00 0.00 0.00 0.00 0.00 0.00
motor 0.00 0 0.00 522 343 550 385 0.00 0.00 0.00 0.00 0.00 0.00 0.00
people 0.00 0 0.00 565 284 589 335 0.00 0.00 0.00 0.00 0.00 0.00 0.00
motor 0.00 0 0.00 564 306 590 347 0.00 0.00 0.00 0.00 0.00 0.00 0.00
pedestrian 0.00 0 0.00 951 477 977 546 0.00 0.00 0.00 0.00 0.00 0.00 0.00
pedestrian 0.00 0 0.00 979 492 1008 555 0.00 0.00 0.00 0.00 0.00 0.00 0.00
pedestrian 0.00 0 0.00 1010 321 1038 386 0.00 0.00 0.00 0.00 0.00 0.00 0.00
pedestrian 0.00 0 0.00 895 384 916 450 0.00 0.00 0.00 0.00 0.00 0.00 0.00
people 0.00 0 0.00 858 397 883 441 0.00 0.00 0.00 0.00 0.00 0.00 0.00
pedestrian 0.00 0 0.00 948 306 975 365 0.00 0.00 0.00 0.00 0.00 0.00 0.00
pedestrian 0.00 0 0.00 1290 480 1326 543 0.00 0.00 0.00 0.00 0.00 0.00 0.00
pedestrian 0.00 0 0.00 1282 462 1316 524 0.00 0.00 0.00 0.00 0.00 0.00 0.00
pedestrian 0.00 0 0.00 328 634 361 706 0.00 0.00 0.00 0.00 0.00 0.00 0.00
pedestrian 0.00 0 0.00 301 653 335 713 0.00 0.00 0.00 0.00 0.00 0.00 0.00
pedestrian 0.00 0 0.00 364 394 389 454 0.00 0.00 0.00 0.00 0.00 0.00 0.00
pedestrian 0.00 0 0.00 285 456 312 532 0.00 0.00 0.00 0.00 0.00 0.00 0.00
pedestrian 0.00 0 0.00 287 443 304 503 0.00 0.00 0.00 0.00 0.00 0.00 0.00
people 0.00 0 0.00 312 453 343 497 0.00 0.00 0.00 0.00 0.00 0.00 0.00
pedestrian 0.00 0 0.00 89 560 124 632 0.00 0.00 0.00 0.00 0.00 0.00 0.00
pedestrian 0.00 0 0.00 52 553 84 621 0.00 0.00 0.00 0.00 0.00 0.00 0.00
pedestrian 0.00 0 0.00 5 551 47 624 0.00 0.00 0.00 0.00 0.00 0.00 0.00
pedestrian 0.00 0 0.00 525 236 537 263 0.00 0.00 0.00 0.00 0.00 0.00 0.00
pedestrian 0.00 0 0.00 530 230 541 254 0.00 0.00 0.00 0.00 0.00 0.00 0.00
pedestrian 0.00 0 0.00 538 214 554 255 0.00 0.00 0.00 0.00 0.00 0.00 0.00
people 0.00 0 0.00 547 181 556 200 0.00 0.00 0.00 0.00 0.00 0.00 0.00
pedestrian 0.00 0 0.00 541 174 559 219 0.00 0.00 0.00 0.00 0.00 0.00 0.00
pedestrian 0.00 0 0.00 519 179 535 223 0.00 0.00 0.00 0.00 0.00 0.00 0.00
people 0.00 0 0.00 1011 194 1029 232 0.00 0.00 0.00 0.00 0.00 0.00 0.00
people 0.00 0 0.00 1085 179 1105 214 0.00 0.00 0.00 0.00 0.00 0.00 0.00
people 0.00 0 0.00 1159 167 1182 203 0.00 0.00 0.00 0.00 0.00 0.00 0.00
people 0.00 0 0.00 1186 163 1203 201 0.00 0.00 0.00 0.00 0.00 0.00 0.00
people 0.00 0 0.00 1204 165 1217 193 0.00 0.00 0.00 0.00 0.00 0.00 0.00
pedestrian 0.00 0 0.00 662 113 676 146 0.00 0.00 0.00 0.00 0.00 0.00 0.00
pedestrian 0.00 0 0.00 590 3 604 30 0.00 0.00 0.00 0.00 0.00 0.00 0.00
pedestrian 0.00 0 0.00 349 363 374 414 0.00 0.00 0.00 0.00 0.00 0.00 0.00
pedestrian 0.00 0 0.00 360 344 379 391 0.00 0.00 0.00 0.00 0.00 0.00 0.00
pedestrian 0.00 0 0.00 324 356 345 407 0.00 0.00 0.00 0.00 0.00 0.00 0.00
pedestrian 0.00 0 0.00 330 342 344 401 0.00 0.00 0.00 0.00 0.00 0.00 0.00
people 0.00 0 0.00 2 376 33 424 0.00 0.00 0.00 0.00 0.00 0.00 0.00
pedestrian 0.00 0 0.00 806 292 829 353 0.00 0.00 0.00 0.00 0.00 0.00 0.00
people 0.00 0 0.00 819 264 839 305 0.00 0.00 0.00 0.00 0.00 0.00 0.00
people 0.00 0 0.00 560 732 609 761 0.00 0.00 0.00 0.00 0.00 0.00 0.00
pedestrian 0.00 0 0.00 887 84 892 113 0.00 0.00 0.00 0.00 0.00 0.00 0.00
pedestrian 0.00 0 0.00 880 80 890 110 0.00 0.00 0.00 0.00 0.00 0.00 0.00
bicycle 0.00 0 0.00 1121 71 1133 96 0.00 0.00 0.00 0.00 0.00 0.00 0.00
bicycle 0.00 0 0.00 1137 69 1151 97 0.00 0.00 0.00 0.00 0.00 0.00 0.00
pedestrian 0.00 0 0.00 705 47 719 74 0.00 0.00 0.00 0.00 0.00 0.00 0.00
pedestrian 0.00 0 0.00 718 47 731 80 0.00 0.00 0.00 0.00 0.00 0.00 0.00
bicycle 0.00 0 0.00 706 63 728 84 0.00 0.00 0.00 0.00 0.00 0.00 0.00
car 0.00 0 0.00 130 111 211 170 0.00 0.00 0.00 0.00 0.00 0.00 0.00
car 0.00 0 0.00 197 72 292 145 0.00 0.00 0.00 0.00 0.00 0.00 0.00
car 0.00 0 0.00 43 136 115 215 0.00 0.00 0.00 0.00 0.00 0.00 0.00
motor 0.00 0 0.00 375 306 400 343 0.00 0.00 0.00 0.00 0.00 0.00 0.00
motor 0.00 0 0.00 369 341 410 367 0.00 0.00 0.00 0.00 0.00 0.00 0.00
car 0.00 0 0.00 448 9 504 44 0.00 0.00 0.00 0.00 0.00 0.00 0.00
people 0.00 0 0.00 576 35 585 52 0.00 0.00 0.00 0.00 0.00 0.00 0.00
pedestrian 0.00 0 0.00 587 38 595 51 0.00 0.00 0.00 0.00 0.00 0.00 0.00
pedestrian 0.00 0 0.00 642 45 655 62 0.00 0.00 0.00 0.00 0.00 0.00 0.00
car 0.00 0 0.00 613 1 650 29 0.00 0.00 0.00 0.00 0.00 0.00 0.00
motor 0.00 0 0.00 790 60 801 82 0.00 0.00 0.00 0.00 0.00 0.00 0.00
