bicycle 0.00 0 0.00 1096 394 1136 450 0.00 0.00 0.00 0.00 0.00 0.00 0.00
pedestrian 0.00 0 0.00 1189 25 1205 55 0.00 0.00 0.00 0.00 0.00 0.00 0.00
pedestrian 0.00 0 0.00 1180 10 1198 51 0.00 0.00 0.00 0.00 0.00 0.00 0.00
pedestrian 0.00 0 0.00 1174 46 1186 91 0.00 0.00 0.00 0.00 0.00 0.00 0.00
pedestrian 0.00 0 0.00 1118 68 1141 111 0.00 0.00 0.00 0.00 0.00 0.00 0.00
pedestrian 0.00 0 0.00 1071 6 1085 51 0.00 0.00 0.00 0.00 0.00 0.00 0.00
bicycle 0.00 0 0.00 1018 0 1049 31 0.00 0.00 0.00 0.00 0.00 0.00 0.00
bicycle 0.00 0 0.00 977 0 995 26 0.00 0.00 0.00 0.00 0.00 0.00 0.00
pedestrian 0.00 0 0.00 924 0 935 33 0.00 0.00 0.00 0.00 0.00 0.00 0.00
pedestrian 0.00 0 0.00 905 81 925 127 0.00 0.00 0.00 0.00 0.00 0.00 0.00
pedestrian 0.00 0 0.00 897 87 918 134 0.00 0.00 0.00 0.00 0.00 0.00 0.00
pedestrian 0.00 0 0.00 676 37 694 86 0.00 0.00 0.00 0.00 0.00 0.00 0.00
bicycle 0.00 0 0.00 855 99 907 139 0.00 0.00 0.00 0.00 0.00 0.00 0.00
pedestrian 0.00 0 0.00 843 127 862 179 0.00 0.00 0.00 0.00 0.00 0.00 0.00
bicycle 0.00 0 0.00 808 82 845 125 0.00 0.00 0.00 0.00 0.00 0.00 0.00
pedestrian 0.00 0 0.00 547 246 564 302 0.00 0.00 0.00 0.00 0.00 0.00 0.00
bicycle 0.00 0 0.00 386 261 425 314 0.00 0.00 0.00 0.00 0.00 0.00 0.00
pedestrian 0.00 0 0.00 283 75 303 126 0.00 0.00 0.00 0.00 0.00 0.00 0.00
pedestrian 0.00 0 0.00 283 63 297 116 0.00 0.00 0.00 0.00 0.00 0.00 0.00
