pedestrian 0.00 0 0.00 1278 394 1310 443 0.00 0.00 0.00 0.00 0.00 0.00 0.00
pedestrian 0.00 0 0.00 1256 397 1289 443 0.00 0.00 0.00 0.00 0.00 0.00 0.00
pedestrian 0.00 0 0.00 663 555 694 623 0.00 0.00 0.00 0.00 0.00 0.00 0.00
pedestrian 0.00 0 0.00 673 596 706 655 0.00 0.00 0.00 0.00 0.00 0.00 0.00
bicycle 0.00 0 0.00 660 583 706 653 0.00 0.00 0.00 0.00 0.00 0.00 0.00
bicycle 0.00 0 0.00 568 697 613 765 0.00 0.00 0.00 0.00 0.00 0.00 0.00
pedestrian 0.00 0 0.00 55 195 74 233 0.00 0.00 0.00 0.00 0.00 0.00 0.00
pedestrian 0.00 0 0.00 37 189 64 236 0.00 0.00 0.00 0.00 0.00 0.00 0.00
pedestrian 0.00 0 0.00 188 532 218 588 0.00 0.00 0.00 0.00 0.00 0.00 0.00
bicycle 0.00 0 0.00 499 469 542 519 0.00 0.00 0.00 0.00 0.00 0.00 0.00
bicycle 0.00 0 0.00 466 508 487 569 0.00 0.00 0.00 0.00 0.00 0.00 0.00
