bicycle 0.00 0 0.00 643 624 705 682 0.00 0.00 0.00 0.00 0.00 0.00 0.00
pedestrian 0.00 0 0.00 1145 505 1177 558 0.00 0.00 0.00 0.00 0.00 0.00 0.00
pedestrian 0.00 0 0.00 237 648 271 722 0.00 0.00 0.00 0.00 0.00 0.00 0.00
pedestrian 0.00 0 0.00 194 646 243 721 0.00 0.00 0.00 0.00 0.00 0.00 0.00
bicycle 0.00 0 0.00 191 670 236 731 0.00 0.00 0.00 0.00 0.00 0.00 0.00
pedestrian 0.00 0 0.00 32 425 50 481 0.00 0.00 0.00 0.00 0.00 0.00 0.00
pedestrian 0.00 0 0.00 88 330 112 386 0.00 0.00 0.00 0.00 0.00 0.00 0.00
bicycle 0.00 0 0.00 702 467 759 512 0.00 0.00 0.00 0.00 0.00 0.00 0.00
pedestrian 0.00 0 0.00 906 180 917 213 0.00 0.00 0.00 0.00 0.00 0.00 0.00
bicycle 0.00 0 0.00 737 285 784 311 0.00 0.00 0.00 0.00 0.00 0.00 0.00
pedestrian 0.00 0 0.00 706 31 712 53 0.00 0.00 0.00 0.00 0.00 0.00 0.00
pedestrian 0.00 0 0.00 713 31 719 54 0.00 0.00 0.00 0.00 0.00 0.00 0.00
pedestrian 0.00 0 0.00 506 16 512 32 0.00 0.00 0.00 0.00 0.00 0.00 0.00
bicycle 0.00 0 0.00 493 38 502 52 0.00 0.00 0.00 0.00 0.00 0.00 0.00
pedestrian 0.00 0 0.00 390 111 400 139 0.00 0.00 0.00 0.00 0.00 0.00 0.00
pedestrian 0.00 0 0.00 382 107 390 138 0.00 0.00 0.00 0.00 0.00 0.00 0.00
bicycle 0.00 0 0.00 331 120 360 139 0.00 0.00 0.00 0.00 0.00 0.00 0.00
bicycle 0.00 0 0.00 332 119 357 135 0.00 0.00 0.00 0.00 0.00 0.00 0.00
pedestrian 0.00 0 0.00 377 172 387 202 0.00 0.00 0.00 0.00 0.00 0.00 0.00
pedestrian 0.00 0 0.00 367 169 379 203 0.00 0.00 0.00 0.00 0.00 0.00 0.00
bicycle 0.00 0 0.00 342 159 363 184 0.00 0.00 0.00 0.00 0.00 0.00 0.00
bicycle 0.00 0 0.00 285 205 314 224 0.00 0.00 0.00 0.00 0.00 0.00 0.00
pedestrian 0.00 0 0.00 207 155 222 191 0.00 0.00 0.00 0.00 0.00 0.00 0.00
pedestrian 0.00 0 0.00 152 165 171 197 0.00 0.00 0.00 0.00 0.00 0.00 0.00
pedestrian 0.00 0 0.00 144 176 153 198 0.00 0.00 0.00 0.00 0.00 0.00 0.00
pedestrian 0.00 0 0.00 72 228 93 272 0.00 0.00 0.00 0.00 0.00 0.00 0.00
pedestrian 0.00 0 0.00 63 229 82 267 0.00 0.00 0.00 0.00 0.00 0.00 0.00
pedestrian 0.00 0 0.00 44 229 65 270 0.00 0.00 0.00 0.00 0.00 0.00 0.00
pedestrian 0.00 0 0.00 465 230 483 266 0.00 0.00 0.00 0.00 0.00 0.00 0.00
