people 0.00 0 0.00 665 421 678 441 0.00 0.00 0.00 0.00 0.00 0.00 0.00
people 0.00 0 0.00 653 418 665 437 0.00 0.00 0.00 0.00 0.00 0.00 0.00
people 0.00 0 0.00 673 415 684 435 0.00 0.00 0.00 0.00 0.00 0.00 0.00
people 0.00 0 0.00 679 414 687 430 0.00 0.00 0.00 0.00 0.00 0.00 0.00
people 0.00 0 0.00 663 411 672 429 0.00 0.00 0.00 0.00 0.00 0.00 0.00
people 0.00 0 0.00 667 401 680 418 0.00 0.00 0.00 0.00 0.00 0.00 0.00
tricycle 0.00 0 0.00 651 403 690 452 0.00 0.00 0.00 0.00 0.00 0.00 0.00
car 0.00 0 0.00 720 576 786 674 0.00 0.00 0.00 0.00 0.00 0.00 0.00
car 0.00 0 0.00 529 645 615 761 0.00 0.00 0.00 0.00 0.00 0.00 0.00
car 0.00 0 0.00 265 639 367 765 0.00 0.00 0.00 0.00 0.00 0.00 0.00
tricycle 0.00 0 0.00 0 480 62 515 0.00 0.00 0.00 0.00 0.00 0.00 0.00
bicycle 0.00 0 0.00 61 456 81 488 0.00 0.00 0.00 0.00 0.00 0.00 0.00
tricycle 0.00 0 0.00 206 458 242 511 0.00 0.00 0.00 0.00 0.00 0.00 0.00
people 0.00 0 0.00 216 457 235 485 0.00 0.00 0.00 0.00 0.00 0.00 0.00
car 0.00 0 0.00 131 395 218 457 0.00 0.00 0.00 0.00 0.00 0.00 0.00
car 0.00 0 0.00 42 373 113 416 0.00 0.00 0.00 0.00 0.00 0.00 0.00
car 0.00 0 0.00 368 370 427 421 0.00 0.00 0.00 0.00 0.00 0.00 0.00
car 0.00 0 0.00 232 352 288 395 0.00 0.00 0.00 0.00 0.00 0.00 0.00
car 0.00 0 0.00 257 328 311 363 0.00 0.00 0.00 0.00 0.00 0.00 0.00
motor 0.00 0 0.00 136 358 173 381 0.00 0.00 0.00 0.00 0.00 0.00 0.00
bicycle 0.00 0 0.00 161 349 194 370 0.00 0.00 0.00 0.00 0.00 0.00 0.00
car 0.00 0 0.00 222 295 305 330 0.00 0.00 0.00 0.00 0.00 0.00 0.00
motor 0.00 0 0.00 322 300 352 319 0.00 0.00 0.00 0.00 0.00 0.00 0.00
motor 0.00 0 0.00 283 274 312 292 0.00 0.00 0.00 0.00 0.00 0.00 0.00
car 0.00 0 0.00 330 277 372 305 0.00 0.00 0.00 0.00 0.00 0.00 0.00
van 0.00 0 0.00 357 260 395 284 0.00 0.00 0.00 0.00 0.00 0.00 0.00
motor 0.00 0 0.00 391 245 405 267 0.00 0.00 0.00 0.00 0.00 0.00 0.00
car 0.00 0 0.00 537 293 574 328 0.00 0.00 0.00 0.00 0.00 0.00 0.00
car 0.00 0 0.00 413 223 449 248 0.00 0.00 0.00 0.00 0.00 0.00 0.00
car 0.00 0 0.00 421 205 455 223 0.00 0.00 0.00 0.00 0.00 0.00 0.00
car 0.00 0 0.00 510 212 555 234 0.00 0.00 0.00 0.00 0.00 0.00 0.00
car 0.00 0 0.00 451 196 479 212 0.00 0.00 0.00 0.00 0.00 0.00 0.00
car 0.00 0 0.00 466 191 489 208 0.00 0.00 0.00 0.00 0.00 0.00 0.00
car 0.00 0 0.00 475 184 499 197 0.00 0.00 0.00 0.00 0.00 0.00 0.00
car 0.00 0 0.00 488 175 505 189 0.00 0.00 0.00 0.00 0.00 0.00 0.00
car 0.00 0 0.00 486 165 519 178 0.00 0.00 0.00 0.00 0.00 0.00 0.00
car 0.00 0 0.00 494 160 527 172 0.00 0.00 0.00 0.00 0.00 0.00 0.00
car 0.00 0 0.00 552 181 572 200 0.00 0.00 0.00 0.00 0.00 0.00 0.00
car 0.00 0 0.00 627 239 654 263 0.00 0.00 0.00 0.00 0.00 0.00 0.00
people 0.00 0 0.00 663 257 671 273 0.00 0.00 0.00 0.00 0.00 0.00 0.00
motor 0.00 0 0.00 663 263 671 281 0.00 0.00 0.00 0.00 0.00 0.00 0.00
car 0.00 0 0.00 692 245 719 268 0.00 0.00 0.00 0.00 0.00 0.00 0.00
pedestrian 0.00 0 0.00 681 238 690 258 0.00 0.00 0.00 0.00 0.00 0.00 0.00
car 0.00 0 0.00 695 219 716 242 0.00 0.00 0.00 0.00 0.00 0.00 0.00
people 0.00 0 0.00 582 182 589 193 0.00 0.00 0.00 0.00 0.00 0.00 0.00
bicycle 0.00 0 0.00 584 188 589 199 0.00 0.00 0.00 0.00 0.00 0.00 0.00
car 0.00 0 0.00 609 169 627 183 0.00 0.00 0.00 0.00 0.00 0.00 0.00
car 0.00 0 0.00 670 155 686 171 0.00 0.00 0.00 0.00 0.00 0.00 0.00
tricycle 0.00 0 0.00 584 161 593 176 0.00 0.00 0.00 0.00 0.00 0.00 0.00
tricycle 0.00 0 0.00 594 146 602 157 0.00 0.00 0.00 0.00 0.00 0.00 0.00
car 0.00 0 0.00 611 136 623 145 0.00 0.00 0.00 0.00 0.00 0.00 0.00
car 0.00 0 0.00 652 143 664 153 0.00 0.00 0.00 0.00 0.00 0.00 0.00
car 0.00 0 0.00 652 135 664 146 0.00 0.00 0.00 0.00 0.00 0.00 0.00
car 0.00 0 0.00 672 131 683 141 0.00 0.00 0.00 0.00 0.00 0.00 0.00
pedestrian 0.00 0 0.00 664 126 669 137 0.00 0.00 0.00 0.00 0.00 0.00 0.00
pedestrian 0.00 0 0.00 667 129 671 138 0.00 0.00 0.00 0.00 0.00 0.00 0.00
car 0.00 0 0.00 615 128 626 138 0.00 0.00 0.00 0.00 0.00 0.00 0.00
car 0.00 0 0.00 627 125 645 135 0.00 0.00 0.00 0.00 0.00 0.00 0.00
car 0.00 0 0.00 619 119 636 127 0.00 0.00 0.00 0.00 0.00 0.00 0.00
car 0.00 0 0.00 638 112 647 121 0.00 0.00 0.00 0.00 0.00 0.00 0.00
car 0.00 0 0.00 643 108 649 114 0.00 0.00 0.00 0.00 0.00 0.00 0.00
car 0.00 0 0.00 743 154 769 169 0.00 0.00 0.00 0.00 0.00 0.00 0.00
car 0.00 0 0.00 745 170 763 181 0.00 0.00 0.00 0.00 0.00 0.00 0.00
car 0.00 0 0.00 754 180 776 194 0.00 0.00 0.00 0.00 0.00 0.00 0.00
car 0.00 0 0.00 784 207 830 229 0.00 0.00 0.00 0.00 0.00 0.00 0.00
car 0.00 0 0.00 789 228 831 252 0.00 0.00 0.00 0.00 0.00 0.00 0.00
car 0.00 0 0.00 789 243 826 264 0.00 0.00 0.00 0.00 0.00 0.00 0.00
car 0.00 0 0.00 806 254 843 273 0.00 0.00 0.00 0.00 0.00 0.00 0.00
van 0.00 0 0.00 813 260 845 292 0.00 0.00 0.00 0.00 0.00 0.00 0.00
car 0.00 0 0.00 819 290 866 325 0.00 0.00 0.00 0.00 0.00 0.00 0.00
people 0.00 0 0.00 801 297 811 317 0.00 0.00 0.00 0.00 0.00 0.00 0.00
motor 0.00 0 0.00 799 306 811 325 0.00 0.00 0.00 0.00 0.00 0.00 0.00
car 0.00 0 0.00 864 281 922 308 0.00 0.00 0.00 0.00 0.00 0.00 0.00
pedestrian 0.00 0 0.00 992 322 1002 352 0.00 0.00 0.00 0.00 0.00 0.00 0.00
pedestrian 0.00 0 0.00 997 334 1004 355 0.00 0.00 0.00 0.00 0.00 0.00 0.00
car 0.00 0 0.00 891 378 996 421 0.00 0.00 0.00 0.00 0.00 0.00 0.00
tricycle 0.00 0 0.00 899 413 961 444 0.00 0.00 0.00 0.00 0.00 0.00 0.00
people 0.00 0 0.00 844 385 859 417 0.00 0.00 0.00 0.00 0.00 0.00 0.00
motor 0.00 0 0.00 841 395 856 425 0.00 0.00 0.00 0.00 0.00 0.00 0.00
people 0.00 0 0.00 863 383 873 400 0.00 0.00 0.00 0.00 0.00 0.00 0.00
people 0.00 0 0.00 859 373 874 397 0.00 0.00 0.00 0.00 0.00 0.00 0.00
motor 0.00 0 0.00 858 387 873 409 0.00 0.00 0.00 0.00 0.00 0.00 0.00
car 0.00 0 0.00 930 451 1003 510 0.00 0.00 0.00 0.00 0.00 0.00 0.00
motor 0.00 0 0.00 1013 452 1047 486 0.00 0.00 0.00 0.00 0.00 0.00 0.00
car 0.00 0 0.00 987 528 1083 607 0.00 0.00 0.00 0.00 0.00 0.00 0.00
pedestrian 0.00 0 0.00 1097 615 1120 677 0.00 0.00 0.00 0.00 0.00 0.00 0.00
tricycle 0.00 0 0.00 1044 625 1103 719 0.00 0.00 0.00 0.00 0.00 0.00 0.00
car 0.00 0 0.00 1139 679 1334 762 0.00 0.00 0.00 0.00 0.00 0.00 0.00
