truck 0.00 0 0.00 206 540 377 667 0.00 0.00 0.00 0.00 0.00 0.00 0.00
truck 0.00 0 0.00 250 553 427 693 0.00 0.00 0.00 0.00 0.00 0.00 0.00
truck 0.00 0 0.00 329 554 520 765 0.00 0.00 0.00 0.00 0.00 0.00 0.00
truck 0.00 0 0.00 430 573 640 765 0.00 0.00 0.00 0.00 0.00 0.00 0.00
truck 0.00 0 0.00 596 600 764 763 0.00 0.00 0.00 0.00 0.00 0.00 0.00
truck 0.00 0 0.00 757 626 881 765 0.00 0.00 0.00 0.00 0.00 0.00 0.00
truck 0.00 0 0.00 910 645 1055 765 0.00 0.00 0.00 0.00 0.00 0.00 0.00
truck 0.00 0 0.00 1033 661 1158 763 0.00 0.00 0.00 0.00 0.00 0.00 0.00
truck 0.00 0 0.00 537 363 655 437 0.00 0.00 0.00 0.00 0.00 0.00 0.00
truck 0.00 0 0.00 588 353 694 420 0.00 0.00 0.00 0.00 0.00 0.00 0.00
truck 0.00 0 0.00 624 337 743 403 0.00 0.00 0.00 0.00 0.00 0.00 0.00
truck 0.00 0 0.00 660 321 783 382 0.00 0.00 0.00 0.00 0.00 0.00 0.00
truck 0.00 0 0.00 719 310 837 372 0.00 0.00 0.00 0.00 0.00 0.00 0.00
truck 0.00 0 0.00 773 299 874 359 0.00 0.00 0.00 0.00 0.00 0.00 0.00
truck 0.00 0 0.00 801 265 906 345 0.00 0.00 0.00 0.00 0.00 0.00 0.00
truck 0.00 0 0.00 834 257 939 336 0.00 0.00 0.00 0.00 0.00 0.00 0.00
truck 0.00 0 0.00 872 246 969 327 0.00 0.00 0.00 0.00 0.00 0.00 0.00
truck 0.00 0 0.00 911 253 1005 313 0.00 0.00 0.00 0.00 0.00 0.00 0.00
truck 0.00 0 0.00 947 248 1034 306 0.00 0.00 0.00 0.00 0.00 0.00 0.00
truck 0.00 0 0.00 974 249 1062 295 0.00 0.00 0.00 0.00 0.00 0.00 0.00
truck 0.00 0 0.00 991 245 1082 292 0.00 0.00 0.00 0.00 0.00 0.00 0.00
truck 0.00 0 0.00 1002 243 1103 280 0.00 0.00 0.00 0.00 0.00 0.00 0.00
van 0.00 0 0.00 1101 232 1148 268 0.00 0.00 0.00 0.00 0.00 0.00 0.00
van 0.00 0 0.00 1083 237 1127 276 0.00 0.00 0.00 0.00 0.00 0.00 0.00
truck 0.00 0 0.00 1102 224 1168 263 0.00 0.00 0.00 0.00 0.00 0.00 0.00
truck 0.00 0 0.00 1109 222 1188 260 0.00 0.00 0.00 0.00 0.00 0.00 0.00
truck 0.00 0 0.00 1116 199 1205 253 0.00 0.00 0.00 0.00 0.00 0.00 0.00
truck 0.00 0 0.00 1133 190 1221 247 0.00 0.00 0.00 0.00 0.00 0.00 0.00
truck 0.00 0 0.00 1159 187 1238 236 0.00 0.00 0.00 0.00 0.00 0.00 0.00
truck 0.00 0 0.00 1239 184 1315 223 0.00 0.00 0.00 0.00 0.00 0.00 0.00
truck 0.00 0 0.00 1257 182 1331 218 0.00 0.00 0.00 0.00 0.00 0.00 0.00
truck 0.00 0 0.00 1264 165 1345 211 0.00 0.00 0.00 0.00 0.00 0.00 0.00
truck 0.00 0 0.00 1279 158 1359 204 0.00 0.00 0.00 0.00 0.00 0.00 0.00
truck 0.00 0 0.00 1312 164 1360 199 0.00 0.00 0.00 0.00 0.00 0.00 0.00
car 0.00 0 0.00 655 261 731 298 0.00 0.00 0.00 0.00 0.00 0.00 0.00
truck 0.00 0 0.00 815 410 953 497 0.00 0.00 0.00 0.00 0.00 0.00 0.00
truck 0.00 0 0.00 870 392 1007 479 0.00 0.00 0.00 0.00 0.00 0.00 0.00
truck 0.00 0 0.00 907 376 1053 455 0.00 0.00 0.00 0.00 0.00 0.00 0.00
truck 0.00 0 0.00 957 364 1095 443 0.00 0.00 0.00 0.00 0.00 0.00 0.00
truck 0.00 0 0.00 997 333 1089 397 0.00 0.00 0.00 0.00 0.00 0.00 0.00
truck 0.00 0 0.00 1044 341 1156 422 0.00 0.00 0.00 0.00 0.00 0.00 0.00
truck 0.00 0 0.00 1105 372 1225 450 0.00 0.00 0.00 0.00 0.00 0.00 0.00
truck 0.00 0 0.00 1170 393 1299 477 0.00 0.00 0.00 0.00 0.00 0.00 0.00
car 0.00 0 0.00 1246 417 1360 513 0.00 0.00 0.00 0.00 0.00 0.00 0.00
truck 0.00 0 0.00 1213 247 1318 308 0.00 0.00 0.00 0.00 0.00 0.00 0.00
truck 0.00 0 0.00 1245 308 1360 385 0.00 0.00 0.00 0.00 0.00 0.00 0.00
truck 0.00 0 0.00 1288 267 1359 312 0.00 0.00 0.00 0.00 0.00 0.00 0.00
van 0.00 0 0.00 1321 252 1360 291 0.00 0.00 0.00 0.00 0.00 0.00 0.00
truck 0.00 0 0.00 853 205 933 255 0.00 0.00 0.00 0.00 0.00 0.00 0.00
truck 0.00 0 0.00 895 208 962 249 0.00 0.00 0.00 0.00 0.00 0.00 0.00
truck 0.00 0 0.00 924 199 1000 242 0.00 0.00 0.00 0.00 0.00 0.00 0.00
truck 0.00 0 0.00 958 194 1034 237 0.00 0.00 0.00 0.00 0.00 0.00 0.00
truck 0.00 0 0.00 985 187 1072 233 0.00 0.00 0.00 0.00 0.00 0.00 0.00
truck 0.00 0 0.00 1011 152 1106 223 0.00 0.00 0.00 0.00 0.00 0.00 0.00
truck 0.00 0 0.00 1052 169 1116 213 0.00 0.00 0.00 0.00 0.00 0.00 0.00
truck 0.00 0 0.00 1156 162 1225 192 0.00 0.00 0.00 0.00 0.00 0.00 0.00
truck 0.00 0 0.00 1171 155 1247 187 0.00 0.00 0.00 0.00 0.00 0.00 0.00
