car 0.00 0 0.00 462 308 544 460 0.00 0.00 0.00 0.00 0.00 0.00 0.00
car 0.00 0 0.00 782 546 1025 665 0.00 0.00 0.00 0.00 0.00 0.00 0.00
car 0.00 0 0.00 748 148 885 209 0.00 0.00 0.00 0.00 0.00 0.00 0.00
car 0.00 0 0.00 708 109 843 165 0.00 0.00 0.00 0.00 0.00 0.00 0.00
car 0.00 0 0.00 741 49 844 106 0.00 0.00 0.00 0.00 0.00 0.00 0.00
car 0.00 0 0.00 720 23 834 68 0.00 0.00 0.00 0.00 0.00 0.00 0.00
car 0.00 0 0.00 721 12 827 40 0.00 0.00 0.00 0.00 0.00 0.00 0.00
pedestrian 0.00 0 0.00 572 135 588 178 0.00 0.00 0.00 0.00 0.00 0.00 0.00
people 0.00 0 0.00 966 271 1011 301 0.00 0.00 0.00 0.00 0.00 0.00 0.00
motor 0.00 0 0.00 918 222 935 274 0.00 0.00 0.00 0.00 0.00 0.00 0.00
motor 0.00 0 0.00 1060 400 1090 462 0.00 0.00 0.00 0.00 0.00 0.00 0.00
bicycle 0.00 0 0.00 932 137 948 178 0.00 0.00 0.00 0.00 0.00 0.00 0.00
bicycle 0.00 0 0.00 859 144 901 171 0.00 0.00 0.00 0.00 0.00 0.00 0.00
bicycle 0.00 0 0.00 884 45 901 82 0.00 0.00 0.00 0.00 0.00 0.00 0.00
