van 0.00 0 0.00 548 417 599 489 0.00 0.00 0.00 0.00 0.00 0.00 0.00
car 0.00 0 0.00 745 280 777 317 0.00 0.00 0.00 0.00 0.00 0.00 0.00
car 0.00 0 0.00 613 190 634 215 0.00 0.00 0.00 0.00 0.00 0.00 0.00
car 0.00 0 0.00 503 299 546 338 0.00 0.00 0.00 0.00 0.00 0.00 0.00
car 0.00 0 0.00 705 72 716 83 0.00 0.00 0.00 0.00 0.00 0.00 0.00
car 0.00 0 0.00 717 62 725 69 0.00 0.00 0.00 0.00 0.00 0.00 0.00
car 0.00 0 0.00 751 63 762 71 0.00 0.00 0.00 0.00 0.00 0.00 0.00
car 0.00 0 0.00 744 51 753 60 0.00 0.00 0.00 0.00 0.00 0.00 0.00
car 0.00 0 0.00 761 56 768 65 0.00 0.00 0.00 0.00 0.00 0.00 0.00
car 0.00 0 0.00 744 42 753 51 0.00 0.00 0.00 0.00 0.00 0.00 0.00
car 0.00 0 0.00 730 31 738 38 0.00 0.00 0.00 0.00 0.00 0.00 0.00
car 0.00 0 0.00 720 57 729 64 0.00 0.00 0.00 0.00 0.00 0.00 0.00
car 0.00 0 0.00 721 52 730 58 0.00 0.00 0.00 0.00 0.00 0.00 0.00
car 0.00 0 0.00 850 161 871 181 0.00 0.00 0.00 0.00 0.00 0.00 0.00
van 0.00 0 0.00 748 20 755 29 0.00 0.00 0.00 0.00 0.00 0.00 0.00
van 0.00 0 0.00 709 46 718 57 0.00 0.00 0.00 0.00 0.00 0.00 0.00
car 0.00 0 0.00 720 29 726 36 0.00 0.00 0.00 0.00 0.00 0.00 0.00
car 0.00 0 0.00 724 25 731 30 0.00 0.00 0.00 0.00 0.00 0.00 0.00
van 0.00 0 0.00 728 17 734 24 0.00 0.00 0.00 0.00 0.00 0.00 0.00
car 0.00 0 0.00 817 61 828 69 0.00 0.00 0.00 0.00 0.00 0.00 0.00
car 0.00 0 0.00 807 57 818 65 0.00 0.00 0.00 0.00 0.00 0.00 0.00
car 0.00 0 0.00 790 53 801 61 0.00 0.00 0.00 0.00 0.00 0.00 0.00
car 0.00 0 0.00 661 48 670 54 0.00 0.00 0.00 0.00 0.00 0.00 0.00
van 0.00 0 0.00 588 59 608 69 0.00 0.00 0.00 0.00 0.00 0.00 0.00
van 0.00 0 0.00 492 81 514 91 0.00 0.00 0.00 0.00 0.00 0.00 0.00
car 0.00 0 0.00 464 79 487 92 0.00 0.00 0.00 0.00 0.00 0.00 0.00
car 0.00 0 0.00 449 122 469 134 0.00 0.00 0.00 0.00 0.00 0.00 0.00
car 0.00 0 0.00 411 125 447 141 0.00 0.00 0.00 0.00 0.00 0.00 0.00
car 0.00 0 0.00 509 128 560 146 0.00 0.00 0.00 0.00 0.00 0.00 0.00
car 0.00 0 0.00 477 139 529 157 0.00 0.00 0.00 0.00 0.00 0.00 0.00
car 0.00 0 0.00 465 154 516 172 0.00 0.00 0.00 0.00 0.00 0.00 0.00
car 0.00 0 0.00 885 95 919 108 0.00 0.00 0.00 0.00 0.00 0.00 0.00
car 0.00 0 0.00 862 96 896 109 0.00 0.00 0.00 0.00 0.00 0.00 0.00
car 0.00 0 0.00 594 66 617 75 0.00 0.00 0.00 0.00 0.00 0.00 0.00
car 0.00 0 0.00 564 55 584 62 0.00 0.00 0.00 0.00 0.00 0.00 0.00
car 0.00 0 0.00 760 21 765 26 0.00 0.00 0.00 0.00 0.00 0.00 0.00
pedestrian 0.00 0 0.00 839 93 843 106 0.00 0.00 0.00 0.00 0.00 0.00 0.00
pedestrian 0.00 0 0.00 834 93 838 106 0.00 0.00 0.00 0.00 0.00 0.00 0.00
pedestrian 0.00 0 0.00 828 94 832 108 0.00 0.00 0.00 0.00 0.00 0.00 0.00
pedestrian 0.00 0 0.00 925 275 934 300 0.00 0.00 0.00 0.00 0.00 0.00 0.00
pedestrian 0.00 0 0.00 910 274 921 301 0.00 0.00 0.00 0.00 0.00 0.00 0.00
pedestrian 0.00 0 0.00 705 87 709 98 0.00 0.00 0.00 0.00 0.00 0.00 0.00
pedestrian 0.00 0 0.00 693 88 696 101 0.00 0.00 0.00 0.00 0.00 0.00 0.00
pedestrian 0.00 0 0.00 777 81 781 95 0.00 0.00 0.00 0.00 0.00 0.00 0.00
car 0.00 0 0.00 767 32 774 40 0.00 0.00 0.00 0.00 0.00 0.00 0.00
motor 0.00 0 0.00 648 142 652 152 0.00 0.00 0.00 0.00 0.00 0.00 0.00
pedestrian 0.00 0 0.00 647 137 653 146 0.00 0.00 0.00 0.00 0.00 0.00 0.00
pedestrian 0.00 0 0.00 656 73 661 79 0.00 0.00 0.00 0.00 0.00 0.00 0.00
motor 0.00 0 0.00 657 76 661 82 0.00 0.00 0.00 0.00 0.00 0.00 0.00
car 0.00 0 0.00 881 81 910 89 0.00 0.00 0.00 0.00 0.00 0.00 0.00
car 0.00 0 0.00 1259 685 1360 760 0.00 0.00 0.00 0.00 0.00 0.00 0.00
car 0.00 0 0.00 359 297 423 349 0.00 0.00 0.00 0.00 0.00 0.00 0.00
car 0.00 0 0.00 77 267 145 306 0.00 0.00 0.00 0.00 0.00 0.00 0.00
car 0.00 0 0.00 98 256 166 295 0.00 0.00 0.00 0.00 0.00 0.00 0.00
car 0.00 0 0.00 135 242 203 281 0.00 0.00 0.00 0.00 0.00 0.00 0.00
car 0.00 0 0.00 154 224 222 263 0.00 0.00 0.00 0.00 0.00 0.00 0.00
car 0.00 0 0.00 457 152 500 174 0.00 0.00 0.00 0.00 0.00 0.00 0.00
pedestrian 0.00 0 0.00 1122 729 1151 765 0.00 0.00 0.00 0.00 0.00 0.00 0.00
