truck 0.00 0 0.00 255 447 387 765 0.00 0.00 0.00 0.00 0.00 0.00 0.00
tricycle 0.00 0 0.00 249 472 289 528 0.00 0.00 0.00 0.00 0.00 0.00 0.00
people 0.00 0 0.00 254 474 282 515 0.00 0.00 0.00 0.00 0.00 0.00 0.00
tricycle 0.00 0 0.00 230 425 262 474 0.00 0.00 0.00 0.00 0.00 0.00 0.00
people 0.00 0 0.00 238 431 259 463 0.00 0.00 0.00 0.00 0.00 0.00 0.00
car 0.00 0 0.00 292 415 352 476 0.00 0.00 0.00 0.00 0.00 0.00 0.00
car 0.00 0 0.00 367 372 419 419 0.00 0.00 0.00 0.00 0.00 0.00 0.00
car 0.00 0 0.00 345 327 383 362 0.00 0.00 0.00 0.00 0.00 0.00 0.00
tricycle 0.00 0 0.00 288 390 320 427 0.00 0.00 0.00 0.00 0.00 0.00 0.00
people 0.00 0 0.00 296 394 315 421 0.00 0.00 0.00 0.00 0.00 0.00 0.00
bus 0.00 0 0.00 272 305 329 385 0.00 0.00 0.00 0.00 0.00 0.00 0.00
car 0.00 0 0.00 318 279 353 309 0.00 0.00 0.00 0.00 0.00 0.00 0.00
car 0.00 0 0.00 329 251 358 277 0.00 0.00 0.00 0.00 0.00 0.00 0.00
truck 0.00 0 0.00 247 205 301 309 0.00 0.00 0.00 0.00 0.00 0.00 0.00
car 0.00 0 0.00 312 195 343 216 0.00 0.00 0.00 0.00 0.00 0.00 0.00
car 0.00 0 0.00 311 160 329 176 0.00 0.00 0.00 0.00 0.00 0.00 0.00
truck 0.00 0 0.00 127 232 197 330 0.00 0.00 0.00 0.00 0.00 0.00 0.00
car 0.00 0 0.00 211 170 234 185 0.00 0.00 0.00 0.00 0.00 0.00 0.00
truck 0.00 0 0.00 235 144 260 167 0.00 0.00 0.00 0.00 0.00 0.00 0.00
truck 0.00 0 0.00 116 130 185 165 0.00 0.00 0.00 0.00 0.00 0.00 0.00
van 0.00 0 0.00 678 416 770 475 0.00 0.00 0.00 0.00 0.00 0.00 0.00
car 0.00 0 0.00 968 339 1027 375 0.00 0.00 0.00 0.00 0.00 0.00 0.00
pedestrian 0.00 0 0.00 499 273 514 298 0.00 0.00 0.00 0.00 0.00 0.00 0.00
car 0.00 0 0.00 485 235 509 257 0.00 0.00 0.00 0.00 0.00 0.00 0.00
car 0.00 0 0.00 463 216 507 237 0.00 0.00 0.00 0.00 0.00 0.00 0.00
car 0.00 0 0.00 447 241 484 258 0.00 0.00 0.00 0.00 0.00 0.00 0.00
van 0.00 0 0.00 450 254 482 281 0.00 0.00 0.00 0.00 0.00 0.00 0.00
