bicycle 0.00 0 0.00 0 510 21 529 0.00 0.00 0.00 0.00 0.00 0.00 0.00
pedestrian 0.00 0 0.00 422 412 429 437 0.00 0.00 0.00 0.00 0.00 0.00 0.00
bicycle 0.00 0 0.00 339 483 366 504 0.00 0.00 0.00 0.00 0.00 0.00 0.00
bicycle 0.00 0 0.00 73 937 140 994 0.00 0.00 0.00 0.00 0.00 0.00 0.00
bicycle 0.00 0 0.00 174 832 250 889 0.00 0.00 0.00 0.00 0.00 0.00 0.00
bicycle 0.00 0 0.00 221 792 280 846 0.00 0.00 0.00 0.00 0.00 0.00 0.00
bicycle 0.00 0 0.00 289 760 345 808 0.00 0.00 0.00 0.00 0.00 0.00 0.00
bicycle 0.00 0 0.00 291 757 359 801 0.00 0.00 0.00 0.00 0.00 0.00 0.00
bicycle 0.00 0 0.00 292 748 352 789 0.00 0.00 0.00 0.00 0.00 0.00 0.00
bicycle 0.00 0 0.00 302 743 362 781 0.00 0.00 0.00 0.00 0.00 0.00 0.00
bicycle 0.00 0 0.00 375 686 429 724 0.00 0.00 0.00 0.00 0.00 0.00 0.00
bicycle 0.00 0 0.00 382 685 425 717 0.00 0.00 0.00 0.00 0.00 0.00 0.00
bicycle 0.00 0 0.00 429 671 481 709 0.00 0.00 0.00 0.00 0.00 0.00 0.00
bicycle 0.00 0 0.00 447 667 499 702 0.00 0.00 0.00 0.00 0.00 0.00 0.00
bicycle 0.00 0 0.00 445 658 495 691 0.00 0.00 0.00 0.00 0.00 0.00 0.00
pedestrian 0.00 0 0.00 496 642 517 696 0.00 0.00 0.00 0.00 0.00 0.00 0.00
bicycle 0.00 0 0.00 577 599 613 618 0.00 0.00 0.00 0.00 0.00 0.00 0.00
bicycle 0.00 0 0.00 594 574 634 600 0.00 0.00 0.00 0.00 0.00 0.00 0.00
bicycle 0.00 0 0.00 597 569 636 595 0.00 0.00 0.00 0.00 0.00 0.00 0.00
bicycle 0.00 0 0.00 601 565 635 587 0.00 0.00 0.00 0.00 0.00 0.00 0.00
bicycle 0.00 0 0.00 599 555 635 578 0.00 0.00 0.00 0.00 0.00 0.00 0.00
bicycle 0.00 0 0.00 649 547 686 568 0.00 0.00 0.00 0.00 0.00 0.00 0.00
bicycle 0.00 0 0.00 630 555 658 574 0.00 0.00 0.00 0.00 0.00 0.00 0.00
pedestrian 0.00 0 0.00 85 910 120 981 0.00 0.00 0.00 0.00 0.00 0.00 0.00
pedestrian 0.00 0 0.00 302 998 335 1080 0.00 0.00 0.00 0.00 0.00 0.00 0.00
bicycle 0.00 0 0.00 340 1041 390 1080 0.00 0.00 0.00 0.00 0.00 0.00 0.00
pedestrian 0.00 0 0.00 504 442 514 470 0.00 0.00 0.00 0.00 0.00 0.00 0.00
bicycle 0.00 0 0.00 518 480 551 500 0.00 0.00 0.00 0.00 0.00 0.00 0.00
bicycle 0.00 0 0.00 571 450 598 467 0.00 0.00 0.00 0.00 0.00 0.00 0.00
pedestrian 0.00 0 0.00 577 438 590 459 0.00 0.00 0.00 0.00 0.00 0.00 0.00
bicycle 0.00 0 0.00 642 443 665 461 0.00 0.00 0.00 0.00 0.00 0.00 0.00
pedestrian 0.00 0 0.00 694 470 707 503 0.00 0.00 0.00 0.00 0.00 0.00 0.00
bicycle 0.00 0 0.00 686 510 707 533 0.00 0.00 0.00 0.00 0.00 0.00 0.00
pedestrian 0.00 0 0.00 681 543 694 581 0.00 0.00 0.00 0.00 0.00 0.00 0.00
pedestrian 0.00 0 0.00 705 519 718 559 0.00 0.00 0.00 0.00 0.00 0.00 0.00
pedestrian 0.00 0 0.00 719 523 733 561 0.00 0.00 0.00 0.00 0.00 0.00 0.00
bicycle 0.00 0 0.00 573 495 595 518 0.00 0.00 0.00 0.00 0.00 0.00 0.00
bicycle 0.00 0 0.00 751 626 769 663 0.00 0.00 0.00 0.00 0.00 0.00 0.00
bicycle 0.00 0 0.00 778 610 794 643 0.00 0.00 0.00 0.00 0.00 0.00 0.00
bicycle 0.00 0 0.00 805 610 820 644 0.00 0.00 0.00 0.00 0.00 0.00 0.00
bicycle 0.00 0 0.00 774 576 788 607 0.00 0.00 0.00 0.00 0.00 0.00 0.00
bicycle 0.00 0 0.00 741 590 754 623 0.00 0.00 0.00 0.00 0.00 0.00 0.00
bicycle 0.00 0 0.00 749 607 764 636 0.00 0.00 0.00 0.00 0.00 0.00 0.00
pedestrian 0.00 0 0.00 708 590 720 629 0.00 0.00 0.00 0.00 0.00 0.00 0.00
bicycle 0.00 0 0.00 748 438 769 453 0.00 0.00 0.00 0.00 0.00 0.00 0.00
bicycle 0.00 0 0.00 763 435 783 447 0.00 0.00 0.00 0.00 0.00 0.00 0.00
bicycle 0.00 0 0.00 809 432 830 449 0.00 0.00 0.00 0.00 0.00 0.00 0.00
bicycle 0.00 0 0.00 770 456 798 475 0.00 0.00 0.00 0.00 0.00 0.00 0.00
pedestrian 0.00 0 0.00 920 387 929 410 0.00 0.00 0.00 0.00 0.00 0.00 0.00
pedestrian 0.00 0 0.00 903 386 911 405 0.00 0.00 0.00 0.00 0.00 0.00 0.00
bicycle 0.00 0 0.00 854 464 866 484 0.00 0.00 0.00 0.00 0.00 0.00 0.00
bicycle 0.00 0 0.00 869 453 886 468 0.00 0.00 0.00 0.00 0.00 0.00 0.00
bicycle 0.00 0 0.00 893 436 901 455 0.00 0.00 0.00 0.00 0.00 0.00 0.00
bicycle 0.00 0 0.00 875 417 886 425 0.00 0.00 0.00 0.00 0.00 0.00 0.00
bicycle 0.00 0 0.00 855 436 872 445 0.00 0.00 0.00 0.00 0.00 0.00 0.00
bicycle 0.00 0 0.00 1118 400 1126 413 0.00 0.00 0.00 0.00 0.00 0.00 0.00
bicycle 0.00 0 0.00 1144 412 1150 428 0.00 0.00 0.00 0.00 0.00 0.00 0.00
bicycle 0.00 0 0.00 1137 447 1148 466 0.00 0.00 0.00 0.00 0.00 0.00 0.00
bicycle 0.00 0 0.00 1071 484 1083 507 0.00 0.00 0.00 0.00 0.00 0.00 0.00
bicycle 0.00 0 0.00 1094 526 1123 549 0.00 0.00 0.00 0.00 0.00 0.00 0.00
bicycle 0.00 0 0.00 1116 523 1144 546 0.00 0.00 0.00 0.00 0.00 0.00 0.00
bicycle 0.00 0 0.00 1199 491 1219 514 0.00 0.00 0.00 0.00 0.00 0.00 0.00
bicycle 0.00 0 0.00 1223 505 1241 527 0.00 0.00 0.00 0.00 0.00 0.00 0.00
bicycle 0.00 0 0.00 1275 490 1291 514 0.00 0.00 0.00 0.00 0.00 0.00 0.00
bicycle 0.00 0 0.00 1300 533 1333 557 0.00 0.00 0.00 0.00 0.00 0.00 0.00
bicycle 0.00 0 0.00 1252 604 1288 638 0.00 0.00 0.00 0.00 0.00 0.00 0.00
bicycle 0.00 0 0.00 1281 640 1298 672 0.00 0.00 0.00 0.00 0.00 0.00 0.00
bicycle 0.00 0 0.00 1454 861 1484 921 0.00 0.00 0.00 0.00 0.00 0.00 0.00
bicycle 0.00 0 0.00 1786 872 1827 918 0.00 0.00 0.00 0.00 0.00 0.00 0.00
bicycle 0.00 0 0.00 1806 866 1847 925 0.00 0.00 0.00 0.00 0.00 0.00 0.00
bicycle 0.00 0 0.00 1722 808 1747 848 0.00 0.00 0.00 0.00 0.00 0.00 0.00
bicycle 0.00 0 0.00 1146 502 1167 521 0.00 0.00 0.00 0.00 0.00 0.00 0.00
bicycle 0.00 0 0.00 951 389 962 404 0.00 0.00 0.00 0.00 0.00 0.00 0.00
bicycle 0.00 0 0.00 945 384 952 398 0.00 0.00 0.00 0.00 0.00 0.00 0.00
bicycle 0.00 0 0.00 981 359 987 374 0.00 0.00 0.00 0.00 0.00 0.00 0.00
bicycle 0.00 0 0.00 973 365 981 378 0.00 0.00 0.00 0.00 0.00 0.00 0.00
pedestrian 0.00 0 0.00 851 411 859 435 0.00 0.00 0.00 0.00 0.00 0.00 0.00
pedestrian 0.00 0 0.00 1016 459 1026 488 0.00 0.00 0.00 0.00 0.00 0.00 0.00
pedestrian 0.00 0 0.00 1100 344 1105 358 0.00 0.00 0.00 0.00 0.00 0.00 0.00
pedestrian 0.00 0 0.00 1116 343 1122 358 0.00 0.00 0.00 0.00 0.00 0.00 0.00
pedestrian 0.00 0 0.00 1412 600 1427 647 0.00 0.00 0.00 0.00 0.00 0.00 0.00
pedestrian 0.00 0 0.00 1401 597 1419 644 0.00 0.00 0.00 0.00 0.00 0.00 0.00
pedestrian 0.00 0 0.00 1459 604 1478 648 0.00 0.00 0.00 0.00 0.00 0.00 0.00
pedestrian 0.00 0 0.00 1485 618 1505 665 0.00 0.00 0.00 0.00 0.00 0.00 0.00
pedestrian 0.00 0 0.00 1127 349 1134 365 0.00 0.00 0.00 0.00 0.00 0.00 0.00
pedestrian 0.00 0 0.00 1139 348 1145 365 0.00 0.00 0.00 0.00 0.00 0.00 0.00
bicycle 0.00 0 0.00 1361 708 1385 750 0.00 0.00 0.00 0.00 0.00 0.00 0.00
