truck 0.00 0 0.00 146 497 314 631 0.00 0.00 0.00 0.00 0.00 0.00 0.00
pedestrian 0.00 0 0.00 525 558 544 598 0.00 0.00 0.00 0.00 0.00 0.00 0.00
pedestrian 0.00 0 0.00 610 544 628 580 0.00 0.00 0.00 0.00 0.00 0.00 0.00
pedestrian 0.00 0 0.00 737 539 750 574 0.00 0.00 0.00 0.00 0.00 0.00 0.00
pedestrian 0.00 0 0.00 746 510 761 540 0.00 0.00 0.00 0.00 0.00 0.00 0.00
car 0.00 0 0.00 635 518 674 557 0.00 0.00 0.00 0.00 0.00 0.00 0.00
car 0.00 0 0.00 526 522 560 554 0.00 0.00 0.00 0.00 0.00 0.00 0.00
car 0.00 0 0.00 631 501 661 532 0.00 0.00 0.00 0.00 0.00 0.00 0.00
car 0.00 0 0.00 632 490 661 518 0.00 0.00 0.00 0.00 0.00 0.00 0.00
car 0.00 0 0.00 632 477 652 505 0.00 0.00 0.00 0.00 0.00 0.00 0.00
car 0.00 0 0.00 631 467 650 492 0.00 0.00 0.00 0.00 0.00 0.00 0.00
car 0.00 0 0.00 634 453 658 474 0.00 0.00 0.00 0.00 0.00 0.00 0.00
car 0.00 0 0.00 655 449 675 468 0.00 0.00 0.00 0.00 0.00 0.00 0.00
car 0.00 0 0.00 742 441 759 456 0.00 0.00 0.00 0.00 0.00 0.00 0.00
truck 0.00 0 0.00 525 482 573 523 0.00 0.00 0.00 0.00 0.00 0.00 0.00
car 0.00 0 0.00 550 465 581 484 0.00 0.00 0.00 0.00 0.00 0.00 0.00
car 0.00 0 0.00 607 444 629 465 0.00 0.00 0.00 0.00 0.00 0.00 0.00
