pedestrian 0.00 0 0.00 460 234 477 295 0.00 0.00 0.00 0.00 0.00 0.00 0.00
pedestrian 0.00 0 0.00 486 245 504 301 0.00 0.00 0.00 0.00 0.00 0.00 0.00
pedestrian 0.00 0 0.00 527 248 543 302 0.00 0.00 0.00 0.00 0.00 0.00 0.00
pedestrian 0.00 0 0.00 490 229 509 292 0.00 0.00 0.00 0.00 0.00 0.00 0.00
people 0.00 0 0.00 527 250 538 274 0.00 0.00 0.00 0.00 0.00 0.00 0.00
pedestrian 0.00 0 0.00 495 115 501 135 0.00 0.00 0.00 0.00 0.00 0.00 0.00
pedestrian 0.00 0 0.00 500 116 506 134 0.00 0.00 0.00 0.00 0.00 0.00 0.00
pedestrian 0.00 0 0.00 580 107 585 124 0.00 0.00 0.00 0.00 0.00 0.00 0.00
pedestrian 0.00 0 0.00 508 94 513 109 0.00 0.00 0.00 0.00 0.00 0.00 0.00
pedestrian 0.00 0 0.00 567 112 571 127 0.00 0.00 0.00 0.00 0.00 0.00 0.00
pedestrian 0.00 0 0.00 705 102 713 119 0.00 0.00 0.00 0.00 0.00 0.00 0.00
pedestrian 0.00 0 0.00 703 102 708 119 0.00 0.00 0.00 0.00 0.00 0.00 0.00
car 0.00 0 0.00 713 92 740 104 0.00 0.00 0.00 0.00 0.00 0.00 0.00
car 0.00 0 0.00 762 93 791 104 0.00 0.00 0.00 0.00 0.00 0.00 0.00
car 0.00 0 0.00 786 90 813 104 0.00 0.00 0.00 0.00 0.00 0.00 0.00
car 0.00 0 0.00 810 99 841 111 0.00 0.00 0.00 0.00 0.00 0.00 0.00
car 0.00 0 0.00 835 98 868 113 0.00 0.00 0.00 0.00 0.00 0.00 0.00
car 0.00 0 0.00 859 99 887 112 0.00 0.00 0.00 0.00 0.00 0.00 0.00
car 0.00 0 0.00 876 99 910 112 0.00 0.00 0.00 0.00 0.00 0.00 0.00
car 0.00 0 0.00 900 98 937 113 0.00 0.00 0.00 0.00 0.00 0.00 0.00
car 0.00 0 0.00 920 99 949 111 0.00 0.00 0.00 0.00 0.00 0.00 0.00
car 0.00 0 0.00 938 97 960 110 0.00 0.00 0.00 0.00 0.00 0.00 0.00
car 0.00 0 0.00 937 89 960 101 0.00 0.00 0.00 0.00 0.00 0.00 0.00
car 0.00 0 0.00 920 91 948 101 0.00 0.00 0.00 0.00 0.00 0.00 0.00
car 0.00 0 0.00 886 86 911 95 0.00 0.00 0.00 0.00 0.00 0.00 0.00
car 0.00 0 0.00 881 91 908 102 0.00 0.00 0.00 0.00 0.00 0.00 0.00
car 0.00 0 0.00 860 91 886 101 0.00 0.00 0.00 0.00 0.00 0.00 0.00
car 0.00 0 0.00 848 91 869 99 0.00 0.00 0.00 0.00 0.00 0.00 0.00
car 0.00 0 0.00 812 91 849 105 0.00 0.00 0.00 0.00 0.00 0.00 0.00
car 0.00 0 0.00 764 87 791 96 0.00 0.00 0.00 0.00 0.00 0.00 0.00
car 0.00 0 0.00 733 90 764 104 0.00 0.00 0.00 0.00 0.00 0.00 0.00
car 0.00 0 0.00 822 88 840 97 0.00 0.00 0.00 0.00 0.00 0.00 0.00
