car 0.00 0 0.00 666 355 694 410 0.00 0.00 0.00 0.00 0.00 0.00 0.00
car 0.00 0 0.00 512 481 556 508 0.00 0.00 0.00 0.00 0.00 0.00 0.00
car 0.00 0 0.00 72 621 121 659 0.00 0.00 0.00 0.00 0.00 0.00 0.00
car 0.00 0 0.00 162 657 214 681 0.00 0.00 0.00 0.00 0.00 0.00 0.00
car 0.00 0 0.00 30 571 58 623 0.00 0.00 0.00 0.00 0.00 0.00 0.00
truck 0.00 0 0.00 242 465 270 537 0.00 0.00 0.00 0.00 0.00 0.00 0.00
pedestrian 0.00 0 0.00 48 672 63 685 0.00 0.00 0.00 0.00 0.00 0.00 0.00
pedestrian 0.00 0 0.00 56 625 70 633 0.00 0.00 0.00 0.00 0.00 0.00 0.00
pedestrian 0.00 0 0.00 61 690 76 699 0.00 0.00 0.00 0.00 0.00 0.00 0.00
car 0.00 0 0.00 277 604 306 665 0.00 0.00 0.00 0.00 0.00 0.00 0.00
car 0.00 0 0.00 553 604 579 660 0.00 0.00 0.00 0.00 0.00 0.00 0.00
car 0.00 0 0.00 494 631 546 660 0.00 0.00 0.00 0.00 0.00 0.00 0.00
car 0.00 0 0.00 516 439 561 469 0.00 0.00 0.00 0.00 0.00 0.00 0.00
pedestrian 0.00 0 0.00 500 459 506 471 0.00 0.00 0.00 0.00 0.00 0.00 0.00
car 0.00 0 0.00 730 576 786 608 0.00 0.00 0.00 0.00 0.00 0.00 0.00
car 0.00 0 0.00 729 526 788 553 0.00 0.00 0.00 0.00 0.00 0.00 0.00
car 0.00 0 0.00 728 481 786 508 0.00 0.00 0.00 0.00 0.00 0.00 0.00
car 0.00 0 0.00 722 716 779 743 0.00 0.00 0.00 0.00 0.00 0.00 0.00
car 0.00 0 0.00 723 685 781 712 0.00 0.00 0.00 0.00 0.00 0.00 0.00
pedestrian 0.00 0 0.00 666 499 673 510 0.00 0.00 0.00 0.00 0.00 0.00 0.00
pedestrian 0.00 0 0.00 490 530 501 541 0.00 0.00 0.00 0.00 0.00 0.00 0.00
pedestrian 0.00 0 0.00 520 540 528 548 0.00 0.00 0.00 0.00 0.00 0.00 0.00
pedestrian 0.00 0 0.00 524 534 532 540 0.00 0.00 0.00 0.00 0.00 0.00 0.00
pedestrian 0.00 0 0.00 795 492 804 503 0.00 0.00 0.00 0.00 0.00 0.00 0.00
pedestrian 0.00 0 0.00 474 682 485 693 0.00 0.00 0.00 0.00 0.00 0.00 0.00
people 0.00 0 0.00 544 561 552 570 0.00 0.00 0.00 0.00 0.00 0.00 0.00
motor 0.00 0 0.00 537 562 555 570 0.00 0.00 0.00 0.00 0.00 0.00 0.00
people 0.00 0 0.00 707 550 714 563 0.00 0.00 0.00 0.00 0.00 0.00 0.00
motor 0.00 0 0.00 706 559 715 571 0.00 0.00 0.00 0.00 0.00 0.00 0.00
car 0.00 0 0.00 559 158 605 234 0.00 0.00 0.00 0.00 0.00 0.00 0.00
people 0.00 0 0.00 722 167 730 178 0.00 0.00 0.00 0.00 0.00 0.00 0.00
people 0.00 0 0.00 711 131 717 143 0.00 0.00 0.00 0.00 0.00 0.00 0.00
motor 0.00 0 0.00 721 171 732 184 0.00 0.00 0.00 0.00 0.00 0.00 0.00
motor 0.00 0 0.00 709 136 723 146 0.00 0.00 0.00 0.00 0.00 0.00 0.00
pedestrian 0.00 0 0.00 262 310 270 320 0.00 0.00 0.00 0.00 0.00 0.00 0.00
pedestrian 0.00 0 0.00 265 353 275 365 0.00 0.00 0.00 0.00 0.00 0.00 0.00
pedestrian 0.00 0 0.00 290 193 302 207 0.00 0.00 0.00 0.00 0.00 0.00 0.00
pedestrian 0.00 0 0.00 210 139 221 151 0.00 0.00 0.00 0.00 0.00 0.00 0.00
car 0.00 0 0.00 740 297 797 343 0.00 0.00 0.00 0.00 0.00 0.00 0.00
car 0.00 0 0.00 748 419 800 449 0.00 0.00 0.00 0.00 0.00 0.00 0.00
pedestrian 0.00 0 0.00 725 328 734 340 0.00 0.00 0.00 0.00 0.00 0.00 0.00
car 0.00 0 0.00 750 127 804 155 0.00 0.00 0.00 0.00 0.00 0.00 0.00
car 0.00 0 0.00 754 88 813 125 0.00 0.00 0.00 0.00 0.00 0.00 0.00
motor 0.00 0 0.00 809 145 819 165 0.00 0.00 0.00 0.00 0.00 0.00 0.00
pedestrian 0.00 0 0.00 805 290 812 302 0.00 0.00 0.00 0.00 0.00 0.00 0.00
motor 0.00 0 0.00 714 397 723 410 0.00 0.00 0.00 0.00 0.00 0.00 0.00
people 0.00 0 0.00 714 390 720 400 0.00 0.00 0.00 0.00 0.00 0.00 0.00
motor 0.00 0 0.00 776 172 789 193 0.00 0.00 0.00 0.00 0.00 0.00 0.00
pedestrian 0.00 0 0.00 804 404 811 413 0.00 0.00 0.00 0.00 0.00 0.00 0.00
car 0.00 0 0.00 736 639 783 660 0.00 0.00 0.00 0.00 0.00 0.00 0.00
motor 0.00 0 0.00 789 694 799 717 0.00 0.00 0.00 0.00 0.00 0.00 0.00
people 0.00 0 0.00 791 689 798 700 0.00 0.00 0.00 0.00 0.00 0.00 0.00
pedestrian 0.00 0 0.00 742 48 751 63 0.00 0.00 0.00 0.00 0.00 0.00 0.00
car 0.00 0 0.00 861 59 916 82 0.00 0.00 0.00 0.00 0.00 0.00 0.00
