car 0.00 0 0.00 368 1028 482 1080 0.00 0.00 0.00 0.00 0.00 0.00 0.00
car 0.00 0 0.00 1397 962 1540 1029 0.00 0.00 0.00 0.00 0.00 0.00 0.00
car 0.00 0 0.00 1236 845 1352 879 0.00 0.00 0.00 0.00 0.00 0.00 0.00
car 0.00 0 0.00 1238 998 1348 1077 0.00 0.00 0.00 0.00 0.00 0.00 0.00
car 0.00 0 0.00 1084 809 1134 845 0.00 0.00 0.00 0.00 0.00 0.00 0.00
car 0.00 0 0.00 1054 856 1110 906 0.00 0.00 0.00 0.00 0.00 0.00 0.00
car 0.00 0 0.00 1026 823 1066 860 0.00 0.00 0.00 0.00 0.00 0.00 0.00
car 0.00 0 0.00 1007 792 1045 826 0.00 0.00 0.00 0.00 0.00 0.00 0.00
car 0.00 0 0.00 924 803 967 839 0.00 0.00 0.00 0.00 0.00 0.00 0.00
car 0.00 0 0.00 905 873 970 931 0.00 0.00 0.00 0.00 0.00 0.00 0.00
car 0.00 0 0.00 898 735 931 762 0.00 0.00 0.00 0.00 0.00 0.00 0.00
car 0.00 0 0.00 986 750 1019 777 0.00 0.00 0.00 0.00 0.00 0.00 0.00
car 0.00 0 0.00 1003 772 1039 799 0.00 0.00 0.00 0.00 0.00 0.00 0.00
car 0.00 0 0.00 949 731 1003 754 0.00 0.00 0.00 0.00 0.00 0.00 0.00
car 0.00 0 0.00 876 639 889 652 0.00 0.00 0.00 0.00 0.00 0.00 0.00
car 0.00 0 0.00 796 682 816 699 0.00 0.00 0.00 0.00 0.00 0.00 0.00
van 0.00 0 0.00 840 724 888 753 0.00 0.00 0.00 0.00 0.00 0.00 0.00
truck 0.00 0 0.00 869 755 897 792 0.00 0.00 0.00 0.00 0.00 0.00 0.00
awning-tricycle 0.00 0 0.00 992 702 1010 725 0.00 0.00 0.00 0.00 0.00 0.00 0.00
motor 0.00 0 0.00 977 872 994 906 0.00 0.00 0.00 0.00 0.00 0.00 0.00
motor 0.00 0 0.00 1212 896 1238 930 0.00 0.00 0.00 0.00 0.00 0.00 0.00
motor 0.00 0 0.00 1040 884 1067 928 0.00 0.00 0.00 0.00 0.00 0.00 0.00
motor 0.00 0 0.00 963 757 972 777 0.00 0.00 0.00 0.00 0.00 0.00 0.00
motor 0.00 0 0.00 940 754 949 773 0.00 0.00 0.00 0.00 0.00 0.00 0.00
motor 0.00 0 0.00 921 699 927 714 0.00 0.00 0.00 0.00 0.00 0.00 0.00
people 0.00 0 0.00 979 860 992 892 0.00 0.00 0.00 0.00 0.00 0.00 0.00
people 0.00 0 0.00 963 751 971 766 0.00 0.00 0.00 0.00 0.00 0.00 0.00
people 0.00 0 0.00 939 747 947 762 0.00 0.00 0.00 0.00 0.00 0.00 0.00
people 0.00 0 0.00 921 694 927 707 0.00 0.00 0.00 0.00 0.00 0.00 0.00
car 0.00 0 0.00 955 707 979 724 0.00 0.00 0.00 0.00 0.00 0.00 0.00
truck 0.00 0 0.00 946 714 973 735 0.00 0.00 0.00 0.00 0.00 0.00 0.00
car 0.00 0 0.00 669 760 712 795 0.00 0.00 0.00 0.00 0.00 0.00 0.00
car 0.00 0 0.00 689 746 722 771 0.00 0.00 0.00 0.00 0.00 0.00 0.00
awning-tricycle 0.00 0 0.00 720 711 738 734 0.00 0.00 0.00 0.00 0.00 0.00 0.00
awning-tricycle 0.00 0 0.00 733 699 751 722 0.00 0.00 0.00 0.00 0.00 0.00 0.00
awning-tricycle 0.00 0 0.00 809 653 818 666 0.00 0.00 0.00 0.00 0.00 0.00 0.00
awning-tricycle 0.00 0 0.00 804 642 816 654 0.00 0.00 0.00 0.00 0.00 0.00 0.00
motor 0.00 0 0.00 571 971 593 1013 0.00 0.00 0.00 0.00 0.00 0.00 0.00
motor 0.00 0 0.00 723 784 736 804 0.00 0.00 0.00 0.00 0.00 0.00 0.00
motor 0.00 0 0.00 740 770 753 791 0.00 0.00 0.00 0.00 0.00 0.00 0.00
motor 0.00 0 0.00 758 717 766 731 0.00 0.00 0.00 0.00 0.00 0.00 0.00
motor 0.00 0 0.00 812 696 819 708 0.00 0.00 0.00 0.00 0.00 0.00 0.00
motor 0.00 0 0.00 842 707 850 721 0.00 0.00 0.00 0.00 0.00 0.00 0.00
motor 0.00 0 0.00 869 657 875 666 0.00 0.00 0.00 0.00 0.00 0.00 0.00
motor 0.00 0 0.00 819 654 824 661 0.00 0.00 0.00 0.00 0.00 0.00 0.00
people 0.00 0 0.00 575 954 595 995 0.00 0.00 0.00 0.00 0.00 0.00 0.00
people 0.00 0 0.00 725 774 736 792 0.00 0.00 0.00 0.00 0.00 0.00 0.00
people 0.00 0 0.00 742 761 753 779 0.00 0.00 0.00 0.00 0.00 0.00 0.00
people 0.00 0 0.00 757 712 768 727 0.00 0.00 0.00 0.00 0.00 0.00 0.00
people 0.00 0 0.00 842 700 849 712 0.00 0.00 0.00 0.00 0.00 0.00 0.00
people 0.00 0 0.00 814 691 818 699 0.00 0.00 0.00 0.00 0.00 0.00 0.00
pedestrian 0.00 0 0.00 778 684 784 699 0.00 0.00 0.00 0.00 0.00 0.00 0.00
people 0.00 0 0.00 731 739 738 753 0.00 0.00 0.00 0.00 0.00 0.00 0.00
bicycle 0.00 0 0.00 730 746 739 762 0.00 0.00 0.00 0.00 0.00 0.00 0.00
people 0.00 0 0.00 810 668 817 679 0.00 0.00 0.00 0.00 0.00 0.00 0.00
people 0.00 0 0.00 802 668 808 678 0.00 0.00 0.00 0.00 0.00 0.00 0.00
people 0.00 0 0.00 796 674 803 685 0.00 0.00 0.00 0.00 0.00 0.00 0.00
awning-tricycle 0.00 0 0.00 961 687 972 704 0.00 0.00 0.00 0.00 0.00 0.00 0.00
truck 0.00 0 0.00 921 638 936 661 0.00 0.00 0.00 0.00 0.00 0.00 0.00
pedestrian 0.00 0 0.00 890 649 896 661 0.00 0.00 0.00 0.00 0.00 0.00 0.00
car 0.00 0 0.00 684 710 710 730 0.00 0.00 0.00 0.00 0.00 0.00 0.00
car 0.00 0 0.00 665 729 690 749 0.00 0.00 0.00 0.00 0.00 0.00 0.00
tricycle 0.00 0 0.00 582 783 609 824 0.00 0.00 0.00 0.00 0.00 0.00 0.00
people 0.00 0 0.00 404 956 421 992 0.00 0.00 0.00 0.00 0.00 0.00 0.00
motor 0.00 0 0.00 391 972 422 1007 0.00 0.00 0.00 0.00 0.00 0.00 0.00
car 0.00 0 0.00 216 962 280 1029 0.00 0.00 0.00 0.00 0.00 0.00 0.00
tricycle 0.00 0 0.00 1049 751 1071 791 0.00 0.00 0.00 0.00 0.00 0.00 0.00
motor 0.00 0 0.00 1327 882 1361 902 0.00 0.00 0.00 0.00 0.00 0.00 0.00
motor 0.00 0 0.00 1358 937 1406 963 0.00 0.00 0.00 0.00 0.00 0.00 0.00
