people 0.00 0 0.00 1121 485 1141 519 0.00 0.00 0.00 0.00 0.00 0.00 0.00
pedestrian 0.00 0 0.00 1146 587 1182 658 0.00 0.00 0.00 0.00 0.00 0.00 0.00
pedestrian 0.00 0 0.00 1182 605 1211 688 0.00 0.00 0.00 0.00 0.00 0.00 0.00
pedestrian 0.00 0 0.00 1213 642 1240 715 0.00 0.00 0.00 0.00 0.00 0.00 0.00
pedestrian 0.00 0 0.00 1243 647 1263 714 0.00 0.00 0.00 0.00 0.00 0.00 0.00
pedestrian 0.00 0 0.00 1284 634 1314 712 0.00 0.00 0.00 0.00 0.00 0.00 0.00
pedestrian 0.00 0 0.00 1311 664 1343 739 0.00 0.00 0.00 0.00 0.00 0.00 0.00
pedestrian 0.00 0 0.00 1313 640 1337 686 0.00 0.00 0.00 0.00 0.00 0.00 0.00
people 0.00 0 0.00 1256 584 1288 631 0.00 0.00 0.00 0.00 0.00 0.00 0.00
people 0.00 0 0.00 1272 576 1302 625 0.00 0.00 0.00 0.00 0.00 0.00 0.00
