car 0.00 0 0.00 179 623 340 758 0.00 0.00 0.00 0.00 0.00 0.00 0.00
car 0.00 0 0.00 431 472 511 584 0.00 0.00 0.00 0.00 0.00 0.00 0.00
pedestrian 0.00 0 0.00 531 431 556 476 0.00 0.00 0.00 0.00 0.00 0.00 0.00
van 0.00 0 0.00 504 340 570 400 0.00 0.00 0.00 0.00 0.00 0.00 0.00
car 0.00 0 0.00 514 298 565 342 0.00 0.00 0.00 0.00 0.00 0.00 0.00
car 0.00 0 0.00 0 545 85 624 0.00 0.00 0.00 0.00 0.00 0.00 0.00
car 0.00 0 0.00 0 500 103 576 0.00 0.00 0.00 0.00 0.00 0.00 0.00
car 0.00 0 0.00 0 499 102 575 0.00 0.00 0.00 0.00 0.00 0.00 0.00
car 0.00 0 0.00 0 433 115 510 0.00 0.00 0.00 0.00 0.00 0.00 0.00
car 0.00 0 0.00 33 397 187 455 0.00 0.00 0.00 0.00 0.00 0.00 0.00
car 0.00 0 0.00 679 190 718 227 0.00 0.00 0.00 0.00 0.00 0.00 0.00
car 0.00 0 0.00 589 137 624 168 0.00 0.00 0.00 0.00 0.00 0.00 0.00
pedestrian 0.00 0 0.00 162 232 178 263 0.00 0.00 0.00 0.00 0.00 0.00 0.00
pedestrian 0.00 0 0.00 155 233 169 265 0.00 0.00 0.00 0.00 0.00 0.00 0.00
people 0.00 0 0.00 116 238 133 260 0.00 0.00 0.00 0.00 0.00 0.00 0.00
motor 0.00 0 0.00 116 247 139 274 0.00 0.00 0.00 0.00 0.00 0.00 0.00
car 0.00 0 0.00 0 230 64 276 0.00 0.00 0.00 0.00 0.00 0.00 0.00
car 0.00 0 0.00 12 217 94 257 0.00 0.00 0.00 0.00 0.00 0.00 0.00
car 0.00 0 0.00 37 197 120 229 0.00 0.00 0.00 0.00 0.00 0.00 0.00
motor 0.00 0 0.00 150 178 176 200 0.00 0.00 0.00 0.00 0.00 0.00 0.00
motor 0.00 0 0.00 117 180 149 202 0.00 0.00 0.00 0.00 0.00 0.00 0.00
van 0.00 0 0.00 153 105 194 139 0.00 0.00 0.00 0.00 0.00 0.00 0.00
pedestrian 0.00 0 0.00 1285 380 1313 424 0.00 0.00 0.00 0.00 0.00 0.00 0.00
car 0.00 0 0.00 1065 353 1196 413 0.00 0.00 0.00 0.00 0.00 0.00 0.00
pedestrian 0.00 0 0.00 761 199 777 234 0.00 0.00 0.00 0.00 0.00 0.00 0.00
pedestrian 0.00 0 0.00 773 273 786 307 0.00 0.00 0.00 0.00 0.00 0.00 0.00
pedestrian 0.00 0 0.00 756 269 772 304 0.00 0.00 0.00 0.00 0.00 0.00 0.00
people 0.00 0 0.00 608 324 626 357 0.00 0.00 0.00 0.00 0.00 0.00 0.00
motor 0.00 0 0.00 607 336 626 364 0.00 0.00 0.00 0.00 0.00 0.00 0.00
pedestrian 0.00 0 0.00 537 255 556 288 0.00 0.00 0.00 0.00 0.00 0.00 0.00
pedestrian 0.00 0 0.00 500 263 517 300 0.00 0.00 0.00 0.00 0.00 0.00 0.00
pedestrian 0.00 0 0.00 529 190 539 218 0.00 0.00 0.00 0.00 0.00 0.00 0.00
pedestrian 0.00 0 0.00 548 198 559 226 0.00 0.00 0.00 0.00 0.00 0.00 0.00
pedestrian 0.00 0 0.00 541 197 552 225 0.00 0.00 0.00 0.00 0.00 0.00 0.00
people 0.00 0 0.00 730 153 742 170 0.00 0.00 0.00 0.00 0.00 0.00 0.00
motor 0.00 0 0.00 729 160 743 178 0.00 0.00 0.00 0.00 0.00 0.00 0.00
