pedestrian 0.00 0 0.00 277 459 305 526 0.00 0.00 0.00 0.00 0.00 0.00 0.00
pedestrian 0.00 0 0.00 314 489 332 521 0.00 0.00 0.00 0.00 0.00 0.00 0.00
pedestrian 0.00 0 0.00 324 468 358 539 0.00 0.00 0.00 0.00 0.00 0.00 0.00
pedestrian 0.00 0 0.00 456 352 472 406 0.00 0.00 0.00 0.00 0.00 0.00 0.00
pedestrian 0.00 0 0.00 468 363 488 400 0.00 0.00 0.00 0.00 0.00 0.00 0.00
pedestrian 0.00 0 0.00 483 343 504 394 0.00 0.00 0.00 0.00 0.00 0.00 0.00
car 0.00 0 0.00 79 34 93 42 0.00 0.00 0.00 0.00 0.00 0.00 0.00
pedestrian 0.00 0 0.00 434 68 441 81 0.00 0.00 0.00 0.00 0.00 0.00 0.00
pedestrian 0.00 0 0.00 424 67 429 83 0.00 0.00 0.00 0.00 0.00 0.00 0.00
pedestrian 0.00 0 0.00 404 38 406 48 0.00 0.00 0.00 0.00 0.00 0.00 0.00
pedestrian 0.00 0 0.00 406 38 408 48 0.00 0.00 0.00 0.00 0.00 0.00 0.00
people 0.00 0 0.00 416 37 420 43 0.00 0.00 0.00 0.00 0.00 0.00 0.00
car 0.00 0 0.00 930 13 949 20 0.00 0.00 0.00 0.00 0.00 0.00 0.00
car 0.00 0 0.00 920 13 940 21 0.00 0.00 0.00 0.00 0.00 0.00 0.00
car 0.00 0 0.00 907 13 928 22 0.00 0.00 0.00 0.00 0.00 0.00 0.00
