car 0.00 0 0.00 646 303 703 327 0.00 0.00 0.00 0.00 0.00 0.00 0.00
car 0.00 0 0.00 851 314 916 338 0.00 0.00 0.00 0.00 0.00 0.00 0.00
car 0.00 0 0.00 1158 327 1221 353 0.00 0.00 0.00 0.00 0.00 0.00 0.00
car 0.00 0 0.00 641 178 661 194 0.00 0.00 0.00 0.00 0.00 0.00 0.00
car 0.00 0 0.00 646 237 655 245 0.00 0.00 0.00 0.00 0.00 0.00 0.00
truck 0.00 0 0.00 780 188 819 209 0.00 0.00 0.00 0.00 0.00 0.00 0.00
truck 0.00 0 0.00 814 206 829 237 0.00 0.00 0.00 0.00 0.00 0.00 0.00
car 0.00 0 0.00 725 248 737 260 0.00 0.00 0.00 0.00 0.00 0.00 0.00
car 0.00 0 0.00 1003 221 1012 234 0.00 0.00 0.00 0.00 0.00 0.00 0.00
truck 0.00 0 0.00 872 377 916 434 0.00 0.00 0.00 0.00 0.00 0.00 0.00
