car 0.00 0 0.00 561 812 658 941 0.00 0.00 0.00 0.00 0.00 0.00 0.00
car 0.00 0 0.00 747 751 829 861 0.00 0.00 0.00 0.00 0.00 0.00 0.00
car 0.00 0 0.00 1009 675 1146 758 0.00 0.00 0.00 0.00 0.00 0.00 0.00
car 0.00 0 0.00 1164 540 1248 592 0.00 0.00 0.00 0.00 0.00 0.00 0.00
car 0.00 0 0.00 597 612 696 689 0.00 0.00 0.00 0.00 0.00 0.00 0.00
van 0.00 0 0.00 1033 500 1085 548 0.00 0.00 0.00 0.00 0.00 0.00 0.00
car 0.00 0 0.00 873 476 920 518 0.00 0.00 0.00 0.00 0.00 0.00 0.00
car 0.00 0 0.00 950 469 994 506 0.00 0.00 0.00 0.00 0.00 0.00 0.00
car 0.00 0 0.00 903 419 942 450 0.00 0.00 0.00 0.00 0.00 0.00 0.00
car 0.00 0 0.00 877 366 908 393 0.00 0.00 0.00 0.00 0.00 0.00 0.00
car 0.00 0 0.00 890 343 918 365 0.00 0.00 0.00 0.00 0.00 0.00 0.00
car 0.00 0 0.00 822 381 855 411 0.00 0.00 0.00 0.00 0.00 0.00 0.00
car 0.00 0 0.00 765 441 807 486 0.00 0.00 0.00 0.00 0.00 0.00 0.00
car 0.00 0 0.00 828 432 865 468 0.00 0.00 0.00 0.00 0.00 0.00 0.00
bus 0.00 0 0.00 161 455 358 564 0.00 0.00 0.00 0.00 0.00 0.00 0.00
people 0.00 0 0.00 1445 604 1469 640 0.00 0.00 0.00 0.00 0.00 0.00 0.00
motor 0.00 0 0.00 1428 611 1478 653 0.00 0.00 0.00 0.00 0.00 0.00 0.00
tricycle 0.00 0 0.00 1824 799 1920 859 0.00 0.00 0.00 0.00 0.00 0.00 0.00
people 0.00 0 0.00 1857 798 1899 846 0.00 0.00 0.00 0.00 0.00 0.00 0.00
pedestrian 0.00 0 0.00 1210 485 1225 524 0.00 0.00 0.00 0.00 0.00 0.00 0.00
truck 0.00 0 0.00 978 386 1038 446 0.00 0.00 0.00 0.00 0.00 0.00 0.00
pedestrian 0.00 0 0.00 1063 397 1073 423 0.00 0.00 0.00 0.00 0.00 0.00 0.00
people 0.00 0 0.00 1060 412 1071 432 0.00 0.00 0.00 0.00 0.00 0.00 0.00
bicycle 0.00 0 0.00 1061 420 1070 439 0.00 0.00 0.00 0.00 0.00 0.00 0.00
people 0.00 0 0.00 336 1007 381 1078 0.00 0.00 0.00 0.00 0.00 0.00 0.00
bicycle 0.00 0 0.00 340 1028 385 1080 0.00 0.00 0.00 0.00 0.00 0.00 0.00
car 0.00 0 0.00 268 424 327 456 0.00 0.00 0.00 0.00 0.00 0.00 0.00
truck 0.00 0 0.00 164 419 456 549 0.00 0.00 0.00 0.00 0.00 0.00 0.00
car 0.00 0 0.00 0 427 43 463 0.00 0.00 0.00 0.00 0.00 0.00 0.00
car 0.00 0 0.00 30 436 108 478 0.00 0.00 0.00 0.00 0.00 0.00 0.00
car 0.00 0 0.00 121 456 183 494 0.00 0.00 0.00 0.00 0.00 0.00 0.00
van 0.00 0 0.00 251 317 283 354 0.00 0.00 0.00 0.00 0.00 0.00 0.00
people 0.00 0 0.00 587 565 606 599 0.00 0.00 0.00 0.00 0.00 0.00 0.00
motor 0.00 0 0.00 575 578 618 607 0.00 0.00 0.00 0.00 0.00 0.00 0.00
truck 0.00 0 0.00 767 300 813 357 0.00 0.00 0.00 0.00 0.00 0.00 0.00
bus 0.00 0 0.00 791 270 839 313 0.00 0.00 0.00 0.00 0.00 0.00 0.00
truck 0.00 0 0.00 792 298 823 328 0.00 0.00 0.00 0.00 0.00 0.00 0.00
car 0.00 0 0.00 708 302 732 320 0.00 0.00 0.00 0.00 0.00 0.00 0.00
truck 0.00 0 0.00 503 297 544 343 0.00 0.00 0.00 0.00 0.00 0.00 0.00
car 0.00 0 0.00 679 280 697 298 0.00 0.00 0.00 0.00 0.00 0.00 0.00
car 0.00 0 0.00 734 278 756 294 0.00 0.00 0.00 0.00 0.00 0.00 0.00
car 0.00 0 0.00 751 268 769 281 0.00 0.00 0.00 0.00 0.00 0.00 0.00
van 0.00 0 0.00 697 263 717 281 0.00 0.00 0.00 0.00 0.00 0.00 0.00
car 0.00 0 0.00 639 257 657 271 0.00 0.00 0.00 0.00 0.00 0.00 0.00
car 0.00 0 0.00 654 247 672 259 0.00 0.00 0.00 0.00 0.00 0.00 0.00
car 0.00 0 0.00 724 264 744 278 0.00 0.00 0.00 0.00 0.00 0.00 0.00
car 0.00 0 0.00 503 352 537 374 0.00 0.00 0.00 0.00 0.00 0.00 0.00
car 0.00 0 0.00 495 342 521 363 0.00 0.00 0.00 0.00 0.00 0.00 0.00
van 0.00 0 0.00 589 234 613 251 0.00 0.00 0.00 0.00 0.00 0.00 0.00
truck 0.00 0 0.00 590 221 622 245 0.00 0.00 0.00 0.00 0.00 0.00 0.00
