car 0.00 0 0.00 734 518 870 602 0.00 0.00 0.00 0.00 0.00 0.00 0.00
van 0.00 0 0.00 959 598 1082 702 0.00 0.00 0.00 0.00 0.00 0.00 0.00
car 0.00 0 0.00 1073 460 1140 548 0.00 0.00 0.00 0.00 0.00 0.00 0.00
motor 0.00 0 0.00 1603 536 1628 578 0.00 0.00 0.00 0.00 0.00 0.00 0.00
people 0.00 0 0.00 1607 539 1629 574 0.00 0.00 0.00 0.00 0.00 0.00 0.00
people 0.00 0 0.00 1603 526 1626 568 0.00 0.00 0.00 0.00 0.00 0.00 0.00
van 0.00 0 0.00 1409 393 1466 455 0.00 0.00 0.00 0.00 0.00 0.00 0.00
car 0.00 0 0.00 1393 303 1437 341 0.00 0.00 0.00 0.00 0.00 0.00 0.00
car 0.00 0 0.00 1373 249 1413 284 0.00 0.00 0.00 0.00 0.00 0.00 0.00
car 0.00 0 0.00 1264 467 1344 532 0.00 0.00 0.00 0.00 0.00 0.00 0.00
bus 0.00 0 0.00 1640 898 1913 1075 0.00 0.00 0.00 0.00 0.00 0.00 0.00
