pedestrian 0.00 0 0.00 131 213 139 232 0.00 0.00 0.00 0.00 0.00 0.00 0.00
people 0.00 0 0.00 143 213 148 230 0.00 0.00 0.00 0.00 0.00 0.00 0.00
motor 0.00 0 0.00 137 219 151 230 0.00 0.00 0.00 0.00 0.00 0.00 0.00
pedestrian 0.00 0 0.00 121 235 130 256 0.00 0.00 0.00 0.00 0.00 0.00 0.00
pedestrian 0.00 0 0.00 113 256 123 280 0.00 0.00 0.00 0.00 0.00 0.00 0.00
pedestrian 0.00 0 0.00 108 265 117 281 0.00 0.00 0.00 0.00 0.00 0.00 0.00
pedestrian 0.00 0 0.00 141 261 153 284 0.00 0.00 0.00 0.00 0.00 0.00 0.00
pedestrian 0.00 0 0.00 146 280 158 305 0.00 0.00 0.00 0.00 0.00 0.00 0.00
pedestrian 0.00 0 0.00 148 306 159 333 0.00 0.00 0.00 0.00 0.00 0.00 0.00
pedestrian 0.00 0 0.00 174 381 182 402 0.00 0.00 0.00 0.00 0.00 0.00 0.00
people 0.00 0 0.00 176 378 190 399 0.00 0.00 0.00 0.00 0.00 0.00 0.00
pedestrian 0.00 0 0.00 212 476 227 519 0.00 0.00 0.00 0.00 0.00 0.00 0.00
motor 0.00 0 0.00 166 290 182 315 0.00 0.00 0.00 0.00 0.00 0.00 0.00
people 0.00 0 0.00 284 347 297 367 0.00 0.00 0.00 0.00 0.00 0.00 0.00
people 0.00 0 0.00 294 349 305 366 0.00 0.00 0.00 0.00 0.00 0.00 0.00
people 0.00 0 0.00 371 350 377 363 0.00 0.00 0.00 0.00 0.00 0.00 0.00
people 0.00 0 0.00 365 351 377 369 0.00 0.00 0.00 0.00 0.00 0.00 0.00
pedestrian 0.00 0 0.00 406 396 414 428 0.00 0.00 0.00 0.00 0.00 0.00 0.00
people 0.00 0 0.00 607 500 628 521 0.00 0.00 0.00 0.00 0.00 0.00 0.00
people 0.00 0 0.00 650 496 668 526 0.00 0.00 0.00 0.00 0.00 0.00 0.00
people 0.00 0 0.00 670 509 687 533 0.00 0.00 0.00 0.00 0.00 0.00 0.00
people 0.00 0 0.00 667 506 681 526 0.00 0.00 0.00 0.00 0.00 0.00 0.00
pedestrian 0.00 0 0.00 569 419 585 456 0.00 0.00 0.00 0.00 0.00 0.00 0.00
pedestrian 0.00 0 0.00 686 386 701 422 0.00 0.00 0.00 0.00 0.00 0.00 0.00
pedestrian 0.00 0 0.00 667 396 678 419 0.00 0.00 0.00 0.00 0.00 0.00 0.00
pedestrian 0.00 0 0.00 670 370 680 399 0.00 0.00 0.00 0.00 0.00 0.00 0.00
pedestrian 0.00 0 0.00 661 362 676 391 0.00 0.00 0.00 0.00 0.00 0.00 0.00
pedestrian 0.00 0 0.00 651 344 658 363 0.00 0.00 0.00 0.00 0.00 0.00 0.00
people 0.00 0 0.00 641 341 649 359 0.00 0.00 0.00 0.00 0.00 0.00 0.00
people 0.00 0 0.00 620 326 630 350 0.00 0.00 0.00 0.00 0.00 0.00 0.00
pedestrian 0.00 0 0.00 600 343 607 362 0.00 0.00 0.00 0.00 0.00 0.00 0.00
people 0.00 0 0.00 598 315 608 332 0.00 0.00 0.00 0.00 0.00 0.00 0.00
pedestrian 0.00 0 0.00 656 275 665 300 0.00 0.00 0.00 0.00 0.00 0.00 0.00
pedestrian 0.00 0 0.00 509 343 516 365 0.00 0.00 0.00 0.00 0.00 0.00 0.00
pedestrian 0.00 0 0.00 491 361 496 381 0.00 0.00 0.00 0.00 0.00 0.00 0.00
pedestrian 0.00 0 0.00 496 349 504 377 0.00 0.00 0.00 0.00 0.00 0.00 0.00
pedestrian 0.00 0 0.00 486 346 496 375 0.00 0.00 0.00 0.00 0.00 0.00 0.00
pedestrian 0.00 0 0.00 525 314 532 329 0.00 0.00 0.00 0.00 0.00 0.00 0.00
pedestrian 0.00 0 0.00 420 277 431 302 0.00 0.00 0.00 0.00 0.00 0.00 0.00
people 0.00 0 0.00 426 274 439 293 0.00 0.00 0.00 0.00 0.00 0.00 0.00
pedestrian 0.00 0 0.00 438 292 449 318 0.00 0.00 0.00 0.00 0.00 0.00 0.00
people 0.00 0 0.00 461 285 470 302 0.00 0.00 0.00 0.00 0.00 0.00 0.00
motor 0.00 0 0.00 458 295 473 305 0.00 0.00 0.00 0.00 0.00 0.00 0.00
motor 0.00 0 0.00 450 303 461 326 0.00 0.00 0.00 0.00 0.00 0.00 0.00
motor 0.00 0 0.00 465 303 475 321 0.00 0.00 0.00 0.00 0.00 0.00 0.00
bicycle 0.00 0 0.00 486 295 501 321 0.00 0.00 0.00 0.00 0.00 0.00 0.00
motor 0.00 0 0.00 500 296 508 318 0.00 0.00 0.00 0.00 0.00 0.00 0.00
motor 0.00 0 0.00 511 299 520 319 0.00 0.00 0.00 0.00 0.00 0.00 0.00
motor 0.00 0 0.00 523 290 537 310 0.00 0.00 0.00 0.00 0.00 0.00 0.00
motor 0.00 0 0.00 521 302 530 317 0.00 0.00 0.00 0.00 0.00 0.00 0.00
people 0.00 0 0.00 555 313 565 330 0.00 0.00 0.00 0.00 0.00 0.00 0.00
motor 0.00 0 0.00 561 295 573 317 0.00 0.00 0.00 0.00 0.00 0.00 0.00
motor 0.00 0 0.00 575 290 588 318 0.00 0.00 0.00 0.00 0.00 0.00 0.00
motor 0.00 0 0.00 587 289 606 312 0.00 0.00 0.00 0.00 0.00 0.00 0.00
pedestrian 0.00 0 0.00 857 354 879 382 0.00 0.00 0.00 0.00 0.00 0.00 0.00
bicycle 0.00 0 0.00 866 363 901 386 0.00 0.00 0.00 0.00 0.00 0.00 0.00
motor 0.00 0 0.00 896 290 913 313 0.00 0.00 0.00 0.00 0.00 0.00 0.00
pedestrian 0.00 0 0.00 832 291 846 318 0.00 0.00 0.00 0.00 0.00 0.00 0.00
pedestrian 0.00 0 0.00 806 290 817 318 0.00 0.00 0.00 0.00 0.00 0.00 0.00
awning-tricycle 0.00 0 0.00 711 257 755 286 0.00 0.00 0.00 0.00 0.00 0.00 0.00
awning-tricycle 0.00 0 0.00 666 255 706 282 0.00 0.00 0.00 0.00 0.00 0.00 0.00
car 0.00 0 0.00 649 232 718 256 0.00 0.00 0.00 0.00 0.00 0.00 0.00
van 0.00 0 0.00 598 249 655 279 0.00 0.00 0.00 0.00 0.00 0.00 0.00
awning-tricycle 0.00 0 0.00 549 246 578 275 0.00 0.00 0.00 0.00 0.00 0.00 0.00
motor 0.00 0 0.00 566 228 593 244 0.00 0.00 0.00 0.00 0.00 0.00 0.00
awning-tricycle 0.00 0 0.00 557 216 587 239 0.00 0.00 0.00 0.00 0.00 0.00 0.00
pedestrian 0.00 0 0.00 544 221 550 242 0.00 0.00 0.00 0.00 0.00 0.00 0.00
pedestrian 0.00 0 0.00 516 233 531 257 0.00 0.00 0.00 0.00 0.00 0.00 0.00
pedestrian 0.00 0 0.00 492 228 501 248 0.00 0.00 0.00 0.00 0.00 0.00 0.00
pedestrian 0.00 0 0.00 503 275 516 300 0.00 0.00 0.00 0.00 0.00 0.00 0.00
pedestrian 0.00 0 0.00 515 275 529 300 0.00 0.00 0.00 0.00 0.00 0.00 0.00
pedestrian 0.00 0 0.00 489 254 498 278 0.00 0.00 0.00 0.00 0.00 0.00 0.00
pedestrian 0.00 0 0.00 475 267 488 286 0.00 0.00 0.00 0.00 0.00 0.00 0.00
pedestrian 0.00 0 0.00 453 265 461 287 0.00 0.00 0.00 0.00 0.00 0.00 0.00
pedestrian 0.00 0 0.00 471 238 479 260 0.00 0.00 0.00 0.00 0.00 0.00 0.00
pedestrian 0.00 0 0.00 476 260 482 278 0.00 0.00 0.00 0.00 0.00 0.00 0.00
pedestrian 0.00 0 0.00 476 252 483 269 0.00 0.00 0.00 0.00 0.00 0.00 0.00
pedestrian 0.00 0 0.00 454 256 460 277 0.00 0.00 0.00 0.00 0.00 0.00 0.00
pedestrian 0.00 0 0.00 455 246 461 265 0.00 0.00 0.00 0.00 0.00 0.00 0.00
pedestrian 0.00 0 0.00 454 223 459 234 0.00 0.00 0.00 0.00 0.00 0.00 0.00
pedestrian 0.00 0 0.00 446 213 454 233 0.00 0.00 0.00 0.00 0.00 0.00 0.00
people 0.00 0 0.00 515 202 521 216 0.00 0.00 0.00 0.00 0.00 0.00 0.00
awning-tricycle 0.00 0 0.00 513 198 522 219 0.00 0.00 0.00 0.00 0.00 0.00 0.00
motor 0.00 0 0.00 399 196 413 208 0.00 0.00 0.00 0.00 0.00 0.00 0.00
motor 0.00 0 0.00 390 196 400 210 0.00 0.00 0.00 0.00 0.00 0.00 0.00
car 0.00 0 0.00 441 186 490 204 0.00 0.00 0.00 0.00 0.00 0.00 0.00
car 0.00 0 0.00 425 180 470 197 0.00 0.00 0.00 0.00 0.00 0.00 0.00
van 0.00 0 0.00 443 173 486 189 0.00 0.00 0.00 0.00 0.00 0.00 0.00
car 0.00 0 0.00 537 180 558 201 0.00 0.00 0.00 0.00 0.00 0.00 0.00
pedestrian 0.00 0 0.00 528 179 535 195 0.00 0.00 0.00 0.00 0.00 0.00 0.00
pedestrian 0.00 0 0.00 516 153 524 168 0.00 0.00 0.00 0.00 0.00 0.00 0.00
pedestrian 0.00 0 0.00 523 157 528 168 0.00 0.00 0.00 0.00 0.00 0.00 0.00
pedestrian 0.00 0 0.00 533 117 537 128 0.00 0.00 0.00 0.00 0.00 0.00 0.00
pedestrian 0.00 0 0.00 527 118 530 128 0.00 0.00 0.00 0.00 0.00 0.00 0.00
car 0.00 0 0.00 500 109 512 120 0.00 0.00 0.00 0.00 0.00 0.00 0.00
car 0.00 0 0.00 485 109 497 118 0.00 0.00 0.00 0.00 0.00 0.00 0.00
car 0.00 0 0.00 468 109 478 119 0.00 0.00 0.00 0.00 0.00 0.00 0.00
van 0.00 0 0.00 453 108 465 118 0.00 0.00 0.00 0.00 0.00 0.00 0.00
truck 0.00 0 0.00 427 93 448 116 0.00 0.00 0.00 0.00 0.00 0.00 0.00
van 0.00 0 0.00 399 103 411 114 0.00 0.00 0.00 0.00 0.00 0.00 0.00
van 0.00 0 0.00 413 103 427 118 0.00 0.00 0.00 0.00 0.00 0.00 0.00
van 0.00 0 0.00 542 114 558 128 0.00 0.00 0.00 0.00 0.00 0.00 0.00
van 0.00 0 0.00 552 101 570 112 0.00 0.00 0.00 0.00 0.00 0.00 0.00
pedestrian 0.00 0 0.00 547 106 550 116 0.00 0.00 0.00 0.00 0.00 0.00 0.00
pedestrian 0.00 0 0.00 810 270 816 287 0.00 0.00 0.00 0.00 0.00 0.00 0.00
