car 0.00 0 0.00 314 314 389 353 0.00 0.00 0.00 0.00 0.00 0.00 0.00
car 0.00 0 0.00 426 328 487 359 0.00 0.00 0.00 0.00 0.00 0.00 0.00
people 0.00 0 0.00 424 345 433 362 0.00 0.00 0.00 0.00 0.00 0.00 0.00
motor 0.00 0 0.00 419 351 445 368 0.00 0.00 0.00 0.00 0.00 0.00 0.00
car 0.00 0 0.00 514 338 575 364 0.00 0.00 0.00 0.00 0.00 0.00 0.00
people 0.00 0 0.00 544 348 555 367 0.00 0.00 0.00 0.00 0.00 0.00 0.00
motor 0.00 0 0.00 541 360 560 374 0.00 0.00 0.00 0.00 0.00 0.00 0.00
van 0.00 0 0.00 594 339 640 364 0.00 0.00 0.00 0.00 0.00 0.00 0.00
car 0.00 0 0.00 610 377 675 407 0.00 0.00 0.00 0.00 0.00 0.00 0.00
van 0.00 0 0.00 891 157 898 165 0.00 0.00 0.00 0.00 0.00 0.00 0.00
car 0.00 0 0.00 848 154 857 162 0.00 0.00 0.00 0.00 0.00 0.00 0.00
truck 0.00 0 0.00 838 158 849 171 0.00 0.00 0.00 0.00 0.00 0.00 0.00
truck 0.00 0 0.00 833 160 846 175 0.00 0.00 0.00 0.00 0.00 0.00 0.00
car 0.00 0 0.00 831 167 842 180 0.00 0.00 0.00 0.00 0.00 0.00 0.00
pedestrian 0.00 0 0.00 856 164 860 172 0.00 0.00 0.00 0.00 0.00 0.00 0.00
pedestrian 0.00 0 0.00 853 164 856 172 0.00 0.00 0.00 0.00 0.00 0.00 0.00
people 0.00 0 0.00 918 169 921 178 0.00 0.00 0.00 0.00 0.00 0.00 0.00
tricycle 0.00 0 0.00 917 172 923 179 0.00 0.00 0.00 0.00 0.00 0.00 0.00
car 0.00 0 0.00 969 175 977 183 0.00 0.00 0.00 0.00 0.00 0.00 0.00
car 0.00 0 0.00 971 179 981 189 0.00 0.00 0.00 0.00 0.00 0.00 0.00
car 0.00 0 0.00 972 183 983 195 0.00 0.00 0.00 0.00 0.00 0.00 0.00
car 0.00 0 0.00 977 191 988 201 0.00 0.00 0.00 0.00 0.00 0.00 0.00
people 0.00 0 0.00 910 193 915 200 0.00 0.00 0.00 0.00 0.00 0.00 0.00
motor 0.00 0 0.00 910 197 914 205 0.00 0.00 0.00 0.00 0.00 0.00 0.00
car 0.00 0 0.00 885 177 893 186 0.00 0.00 0.00 0.00 0.00 0.00 0.00
people 0.00 0 0.00 941 161 946 167 0.00 0.00 0.00 0.00 0.00 0.00 0.00
motor 0.00 0 0.00 941 164 944 169 0.00 0.00 0.00 0.00 0.00 0.00 0.00
car 0.00 0 0.00 984 236 1013 250 0.00 0.00 0.00 0.00 0.00 0.00 0.00
pedestrian 0.00 0 0.00 952 218 956 230 0.00 0.00 0.00 0.00 0.00 0.00 0.00
pedestrian 0.00 0 0.00 947 217 951 230 0.00 0.00 0.00 0.00 0.00 0.00 0.00
people 0.00 0 0.00 949 212 955 219 0.00 0.00 0.00 0.00 0.00 0.00 0.00
pedestrian 0.00 0 0.00 934 221 938 232 0.00 0.00 0.00 0.00 0.00 0.00 0.00
people 0.00 0 0.00 925 220 930 229 0.00 0.00 0.00 0.00 0.00 0.00 0.00
motor 0.00 0 0.00 925 226 929 233 0.00 0.00 0.00 0.00 0.00 0.00 0.00
car 0.00 0 0.00 887 194 897 203 0.00 0.00 0.00 0.00 0.00 0.00 0.00
car 0.00 0 0.00 874 213 887 226 0.00 0.00 0.00 0.00 0.00 0.00 0.00
car 0.00 0 0.00 861 208 874 221 0.00 0.00 0.00 0.00 0.00 0.00 0.00
van 0.00 0 0.00 808 215 828 225 0.00 0.00 0.00 0.00 0.00 0.00 0.00
car 0.00 0 0.00 810 221 832 230 0.00 0.00 0.00 0.00 0.00 0.00 0.00
car 0.00 0 0.00 806 224 827 235 0.00 0.00 0.00 0.00 0.00 0.00 0.00
pedestrian 0.00 0 0.00 819 242 824 256 0.00 0.00 0.00 0.00 0.00 0.00 0.00
pedestrian 0.00 0 0.00 824 245 828 254 0.00 0.00 0.00 0.00 0.00 0.00 0.00
people 0.00 0 0.00 855 237 861 245 0.00 0.00 0.00 0.00 0.00 0.00 0.00
motor 0.00 0 0.00 856 241 861 253 0.00 0.00 0.00 0.00 0.00 0.00 0.00
van 0.00 0 0.00 993 256 1014 268 0.00 0.00 0.00 0.00 0.00 0.00 0.00
car 0.00 0 0.00 995 263 1028 277 0.00 0.00 0.00 0.00 0.00 0.00 0.00
people 0.00 0 0.00 985 265 991 275 0.00 0.00 0.00 0.00 0.00 0.00 0.00
motor 0.00 0 0.00 985 271 992 281 0.00 0.00 0.00 0.00 0.00 0.00 0.00
pedestrian 0.00 0 0.00 978 254 981 266 0.00 0.00 0.00 0.00 0.00 0.00 0.00
pedestrian 0.00 0 0.00 974 254 980 267 0.00 0.00 0.00 0.00 0.00 0.00 0.00
pedestrian 0.00 0 0.00 970 251 975 266 0.00 0.00 0.00 0.00 0.00 0.00 0.00
pedestrian 0.00 0 0.00 968 277 975 293 0.00 0.00 0.00 0.00 0.00 0.00 0.00
people 0.00 0 0.00 964 299 971 310 0.00 0.00 0.00 0.00 0.00 0.00 0.00
motor 0.00 0 0.00 964 306 970 315 0.00 0.00 0.00 0.00 0.00 0.00 0.00
people 0.00 0 0.00 964 264 968 272 0.00 0.00 0.00 0.00 0.00 0.00 0.00
people 0.00 0 0.00 963 261 968 272 0.00 0.00 0.00 0.00 0.00 0.00 0.00
motor 0.00 0 0.00 963 267 967 275 0.00 0.00 0.00 0.00 0.00 0.00 0.00
people 0.00 0 0.00 944 261 951 269 0.00 0.00 0.00 0.00 0.00 0.00 0.00
motor 0.00 0 0.00 945 267 950 276 0.00 0.00 0.00 0.00 0.00 0.00 0.00
people 0.00 0 0.00 950 275 955 284 0.00 0.00 0.00 0.00 0.00 0.00 0.00
motor 0.00 0 0.00 948 282 955 290 0.00 0.00 0.00 0.00 0.00 0.00 0.00
people 0.00 0 0.00 922 299 928 312 0.00 0.00 0.00 0.00 0.00 0.00 0.00
bicycle 0.00 0 0.00 923 310 929 318 0.00 0.00 0.00 0.00 0.00 0.00 0.00
people 0.00 0 0.00 855 272 860 282 0.00 0.00 0.00 0.00 0.00 0.00 0.00
motor 0.00 0 0.00 855 280 860 287 0.00 0.00 0.00 0.00 0.00 0.00 0.00
car 0.00 0 0.00 869 283 888 303 0.00 0.00 0.00 0.00 0.00 0.00 0.00
people 0.00 0 0.00 834 288 839 301 0.00 0.00 0.00 0.00 0.00 0.00 0.00
motor 0.00 0 0.00 833 297 840 308 0.00 0.00 0.00 0.00 0.00 0.00 0.00
people 0.00 0 0.00 824 283 831 297 0.00 0.00 0.00 0.00 0.00 0.00 0.00
bicycle 0.00 0 0.00 826 291 831 304 0.00 0.00 0.00 0.00 0.00 0.00 0.00
people 0.00 0 0.00 805 285 812 296 0.00 0.00 0.00 0.00 0.00 0.00 0.00
bicycle 0.00 0 0.00 806 292 811 304 0.00 0.00 0.00 0.00 0.00 0.00 0.00
pedestrian 0.00 0 0.00 787 303 793 321 0.00 0.00 0.00 0.00 0.00 0.00 0.00
tricycle 0.00 0 0.00 757 305 784 319 0.00 0.00 0.00 0.00 0.00 0.00 0.00
car 0.00 0 0.00 1028 287 1046 304 0.00 0.00 0.00 0.00 0.00 0.00 0.00
car 0.00 0 0.00 1141 308 1162 331 0.00 0.00 0.00 0.00 0.00 0.00 0.00
car 0.00 0 0.00 1103 308 1127 330 0.00 0.00 0.00 0.00 0.00 0.00 0.00
car 0.00 0 0.00 922 358 949 384 0.00 0.00 0.00 0.00 0.00 0.00 0.00
car 0.00 0 0.00 914 444 948 474 0.00 0.00 0.00 0.00 0.00 0.00 0.00
people 0.00 0 0.00 1019 424 1024 437 0.00 0.00 0.00 0.00 0.00 0.00 0.00
bicycle 0.00 0 0.00 1018 434 1024 449 0.00 0.00 0.00 0.00 0.00 0.00 0.00
pedestrian 0.00 0 0.00 1035 426 1039 448 0.00 0.00 0.00 0.00 0.00 0.00 0.00
tricycle 0.00 0 0.00 1023 434 1039 452 0.00 0.00 0.00 0.00 0.00 0.00 0.00
people 0.00 0 0.00 825 415 835 433 0.00 0.00 0.00 0.00 0.00 0.00 0.00
tricycle 0.00 0 0.00 824 428 838 446 0.00 0.00 0.00 0.00 0.00 0.00 0.00
people 0.00 0 0.00 809 436 818 452 0.00 0.00 0.00 0.00 0.00 0.00 0.00
motor 0.00 0 0.00 810 448 820 466 0.00 0.00 0.00 0.00 0.00 0.00 0.00
people 0.00 0 0.00 802 445 810 459 0.00 0.00 0.00 0.00 0.00 0.00 0.00
bicycle 0.00 0 0.00 803 458 812 476 0.00 0.00 0.00 0.00 0.00 0.00 0.00
people 0.00 0 0.00 1031 335 1042 348 0.00 0.00 0.00 0.00 0.00 0.00 0.00
motor 0.00 0 0.00 1026 342 1040 357 0.00 0.00 0.00 0.00 0.00 0.00 0.00
awning-tricycle 0.00 0 0.00 1075 353 1120 379 0.00 0.00 0.00 0.00 0.00 0.00 0.00
motor 0.00 0 0.00 1181 503 1195 528 0.00 0.00 0.00 0.00 0.00 0.00 0.00
tricycle 0.00 0 0.00 1045 528 1068 561 0.00 0.00 0.00 0.00 0.00 0.00 0.00
people 0.00 0 0.00 1033 574 1051 600 0.00 0.00 0.00 0.00 0.00 0.00 0.00
motor 0.00 0 0.00 1036 594 1048 615 0.00 0.00 0.00 0.00 0.00 0.00 0.00
people 0.00 0 0.00 944 609 956 631 0.00 0.00 0.00 0.00 0.00 0.00 0.00
motor 0.00 0 0.00 946 632 955 649 0.00 0.00 0.00 0.00 0.00 0.00 0.00
motor 0.00 0 0.00 1082 634 1103 659 0.00 0.00 0.00 0.00 0.00 0.00 0.00
motor 0.00 0 0.00 1063 645 1095 671 0.00 0.00 0.00 0.00 0.00 0.00 0.00
motor 0.00 0 0.00 1069 660 1106 682 0.00 0.00 0.00 0.00 0.00 0.00 0.00
motor 0.00 0 0.00 1081 683 1109 717 0.00 0.00 0.00 0.00 0.00 0.00 0.00
pedestrian 0.00 0 0.00 1081 686 1101 734 0.00 0.00 0.00 0.00 0.00 0.00 0.00
pedestrian 0.00 0 0.00 1104 688 1122 738 0.00 0.00 0.00 0.00 0.00 0.00 0.00
motor 0.00 0 0.00 1120 839 1174 868 0.00 0.00 0.00 0.00 0.00 0.00 0.00
motor 0.00 0 0.00 1103 805 1154 835 0.00 0.00 0.00 0.00 0.00 0.00 0.00
motor 0.00 0 0.00 1078 841 1121 882 0.00 0.00 0.00 0.00 0.00 0.00 0.00
bicycle 0.00 0 0.00 1118 866 1179 904 0.00 0.00 0.00 0.00 0.00 0.00 0.00
motor 0.00 0 0.00 1093 792 1146 823 0.00 0.00 0.00 0.00 0.00 0.00 0.00
people 0.00 0 0.00 949 793 976 833 0.00 0.00 0.00 0.00 0.00 0.00 0.00
motor 0.00 0 0.00 954 815 973 853 0.00 0.00 0.00 0.00 0.00 0.00 0.00
people 0.00 0 0.00 792 779 809 803 0.00 0.00 0.00 0.00 0.00 0.00 0.00
motor 0.00 0 0.00 784 774 814 834 0.00 0.00 0.00 0.00 0.00 0.00 0.00
people 0.00 0 0.00 1183 789 1193 824 0.00 0.00 0.00 0.00 0.00 0.00 0.00
people 0.00 0 0.00 1183 792 1202 818 0.00 0.00 0.00 0.00 0.00 0.00 0.00
people 0.00 0 0.00 1226 806 1243 834 0.00 0.00 0.00 0.00 0.00 0.00 0.00
people 0.00 0 0.00 1225 832 1241 860 0.00 0.00 0.00 0.00 0.00 0.00 0.00
people 0.00 0 0.00 1196 833 1217 859 0.00 0.00 0.00 0.00 0.00 0.00 0.00
people 0.00 0 0.00 1217 750 1233 777 0.00 0.00 0.00 0.00 0.00 0.00 0.00
people 0.00 0 0.00 1238 757 1254 785 0.00 0.00 0.00 0.00 0.00 0.00 0.00
people 0.00 0 0.00 1258 739 1276 768 0.00 0.00 0.00 0.00 0.00 0.00 0.00
people 0.00 0 0.00 1235 747 1247 768 0.00 0.00 0.00 0.00 0.00 0.00 0.00
pedestrian 0.00 0 0.00 792 499 805 531 0.00 0.00 0.00 0.00 0.00 0.00 0.00
pedestrian 0.00 0 0.00 777 502 789 529 0.00 0.00 0.00 0.00 0.00 0.00 0.00
pedestrian 0.00 0 0.00 754 523 771 557 0.00 0.00 0.00 0.00 0.00 0.00 0.00
car 0.00 0 0.00 708 614 763 678 0.00 0.00 0.00 0.00 0.00 0.00 0.00
people 0.00 0 0.00 713 759 727 788 0.00 0.00 0.00 0.00 0.00 0.00 0.00
motor 0.00 0 0.00 710 769 727 814 0.00 0.00 0.00 0.00 0.00 0.00 0.00
pedestrian 0.00 0 0.00 1255 911 1273 960 0.00 0.00 0.00 0.00 0.00 0.00 0.00
people 0.00 0 0.00 1150 921 1171 953 0.00 0.00 0.00 0.00 0.00 0.00 0.00
bicycle 0.00 0 0.00 1072 929 1098 990 0.00 0.00 0.00 0.00 0.00 0.00 0.00
motor 0.00 0 0.00 1123 962 1174 1006 0.00 0.00 0.00 0.00 0.00 0.00 0.00
awning-tricycle 0.00 0 0.00 1151 995 1258 1073 0.00 0.00 0.00 0.00 0.00 0.00 0.00
pedestrian 0.00 0 0.00 1188 1049 1207 1079 0.00 0.00 0.00 0.00 0.00 0.00 0.00
people 0.00 0 0.00 1201 1057 1216 1077 0.00 0.00 0.00 0.00 0.00 0.00 0.00
people 0.00 0 0.00 996 903 1016 948 0.00 0.00 0.00 0.00 0.00 0.00 0.00
motor 0.00 0 0.00 991 921 1014 967 0.00 0.00 0.00 0.00 0.00 0.00 0.00
pedestrian 0.00 0 0.00 897 973 928 1048 0.00 0.00 0.00 0.00 0.00 0.00 0.00
van 0.00 0 0.00 427 846 580 937 0.00 0.00 0.00 0.00 0.00 0.00 0.00
car 0.00 0 0.00 384 931 566 1055 0.00 0.00 0.00 0.00 0.00 0.00 0.00
