car 0.00 0 0.00 604 612 630 676 0.00 0.00 0.00 0.00 0.00 0.00 0.00
car 0.00 0 0.00 608 457 632 517 0.00 0.00 0.00 0.00 0.00 0.00 0.00
car 0.00 0 0.00 806 494 830 546 0.00 0.00 0.00 0.00 0.00 0.00 0.00
car 0.00 0 0.00 680 375 704 425 0.00 0.00 0.00 0.00 0.00 0.00 0.00
car 0.00 0 0.00 662 200 685 246 0.00 0.00 0.00 0.00 0.00 0.00 0.00
car 0.00 0 0.00 694 131 715 175 0.00 0.00 0.00 0.00 0.00 0.00 0.00
car 0.00 0 0.00 613 127 636 186 0.00 0.00 0.00 0.00 0.00 0.00 0.00
car 0.00 0 0.00 619 4 641 51 0.00 0.00 0.00 0.00 0.00 0.00 0.00
car 0.00 0 0.00 82 538 142 565 0.00 0.00 0.00 0.00 0.00 0.00 0.00
car 0.00 0 0.00 95 464 151 490 0.00 0.00 0.00 0.00 0.00 0.00 0.00
car 0.00 0 0.00 102 403 159 428 0.00 0.00 0.00 0.00 0.00 0.00 0.00
van 0.00 0 0.00 609 319 627 364 0.00 0.00 0.00 0.00 0.00 0.00 0.00
pedestrian 0.00 0 0.00 501 326 511 335 0.00 0.00 0.00 0.00 0.00 0.00 0.00
pedestrian 0.00 0 0.00 491 325 500 336 0.00 0.00 0.00 0.00 0.00 0.00 0.00
pedestrian 0.00 0 0.00 485 327 494 337 0.00 0.00 0.00 0.00 0.00 0.00 0.00
motor 0.00 0 0.00 119 243 138 256 0.00 0.00 0.00 0.00 0.00 0.00 0.00
car 0.00 0 0.00 101 126 156 149 0.00 0.00 0.00 0.00 0.00 0.00 0.00
motor 0.00 0 0.00 121 215 140 228 0.00 0.00 0.00 0.00 0.00 0.00 0.00
motor 0.00 0 0.00 134 176 153 189 0.00 0.00 0.00 0.00 0.00 0.00 0.00
bicycle 0.00 0 0.00 123 188 147 202 0.00 0.00 0.00 0.00 0.00 0.00 0.00
car 0.00 0 0.00 468 447 495 503 0.00 0.00 0.00 0.00 0.00 0.00 0.00
van 0.00 0 0.00 731 61 762 104 0.00 0.00 0.00 0.00 0.00 0.00 0.00
people 0.00 0 0.00 575 336 584 346 0.00 0.00 0.00 0.00 0.00 0.00 0.00
people 0.00 0 0.00 574 324 583 335 0.00 0.00 0.00 0.00 0.00 0.00 0.00
motor 0.00 0 0.00 573 329 585 351 0.00 0.00 0.00 0.00 0.00 0.00 0.00
pedestrian 0.00 0 0.00 780 626 790 633 0.00 0.00 0.00 0.00 0.00 0.00 0.00
pedestrian 0.00 0 0.00 773 624 781 633 0.00 0.00 0.00 0.00 0.00 0.00 0.00
pedestrian 0.00 0 0.00 766 626 774 634 0.00 0.00 0.00 0.00 0.00 0.00 0.00
car 0.00 0 0.00 802 200 827 257 0.00 0.00 0.00 0.00 0.00 0.00 0.00
car 0.00 0 0.00 804 133 847 179 0.00 0.00 0.00 0.00 0.00 0.00 0.00
car 0.00 0 0.00 1194 71 1243 90 0.00 0.00 0.00 0.00 0.00 0.00 0.00
car 0.00 0 0.00 1152 75 1187 91 0.00 0.00 0.00 0.00 0.00 0.00 0.00
pedestrian 0.00 0 0.00 1082 70 1093 83 0.00 0.00 0.00 0.00 0.00 0.00 0.00
pedestrian 0.00 0 0.00 1167 40 1181 54 0.00 0.00 0.00 0.00 0.00 0.00 0.00
