car 0.00 0 0.00 295 625 438 709 0.00 0.00 0.00 0.00 0.00 0.00 0.00
car 0.00 0 0.00 81 598 256 678 0.00 0.00 0.00 0.00 0.00 0.00 0.00
car 0.00 0 0.00 519 520 584 618 0.00 0.00 0.00 0.00 0.00 0.00 0.00
car 0.00 0 0.00 546 398 594 460 0.00 0.00 0.00 0.00 0.00 0.00 0.00
car 0.00 0 0.00 428 388 483 457 0.00 0.00 0.00 0.00 0.00 0.00 0.00
car 0.00 0 0.00 541 296 580 357 0.00 0.00 0.00 0.00 0.00 0.00 0.00
car 0.00 0 0.00 630 346 672 400 0.00 0.00 0.00 0.00 0.00 0.00 0.00
car 0.00 0 0.00 564 231 597 278 0.00 0.00 0.00 0.00 0.00 0.00 0.00
car 0.00 0 0.00 571 172 603 209 0.00 0.00 0.00 0.00 0.00 0.00 0.00
car 0.00 0 0.00 582 150 614 187 0.00 0.00 0.00 0.00 0.00 0.00 0.00
car 0.00 0 0.00 636 153 668 191 0.00 0.00 0.00 0.00 0.00 0.00 0.00
car 0.00 0 0.00 103 721 195 765 0.00 0.00 0.00 0.00 0.00 0.00 0.00
van 0.00 0 0.00 19 489 80 573 0.00 0.00 0.00 0.00 0.00 0.00 0.00
van 0.00 0 0.00 170 527 302 589 0.00 0.00 0.00 0.00 0.00 0.00 0.00
car 0.00 0 0.00 194 495 321 538 0.00 0.00 0.00 0.00 0.00 0.00 0.00
car 0.00 0 0.00 197 456 336 498 0.00 0.00 0.00 0.00 0.00 0.00 0.00
car 0.00 0 0.00 292 369 405 416 0.00 0.00 0.00 0.00 0.00 0.00 0.00
car 0.00 0 0.00 328 338 446 380 0.00 0.00 0.00 0.00 0.00 0.00 0.00
car 0.00 0 0.00 339 315 434 353 0.00 0.00 0.00 0.00 0.00 0.00 0.00
car 0.00 0 0.00 374 298 469 336 0.00 0.00 0.00 0.00 0.00 0.00 0.00
car 0.00 0 0.00 406 284 501 322 0.00 0.00 0.00 0.00 0.00 0.00 0.00
car 0.00 0 0.00 378 262 473 300 0.00 0.00 0.00 0.00 0.00 0.00 0.00
car 0.00 0 0.00 403 251 498 289 0.00 0.00 0.00 0.00 0.00 0.00 0.00
car 0.00 0 0.00 324 250 419 288 0.00 0.00 0.00 0.00 0.00 0.00 0.00
car 0.00 0 0.00 379 261 474 299 0.00 0.00 0.00 0.00 0.00 0.00 0.00
car 0.00 0 0.00 451 211 520 247 0.00 0.00 0.00 0.00 0.00 0.00 0.00
car 0.00 0 0.00 413 195 507 233 0.00 0.00 0.00 0.00 0.00 0.00 0.00
van 0.00 0 0.00 399 219 484 256 0.00 0.00 0.00 0.00 0.00 0.00 0.00
car 0.00 0 0.00 423 190 513 222 0.00 0.00 0.00 0.00 0.00 0.00 0.00
car 0.00 0 0.00 431 169 525 207 0.00 0.00 0.00 0.00 0.00 0.00 0.00
car 0.00 0 0.00 437 173 510 207 0.00 0.00 0.00 0.00 0.00 0.00 0.00
car 0.00 0 0.00 303 196 340 228 0.00 0.00 0.00 0.00 0.00 0.00 0.00
people 0.00 0 0.00 140 476 159 507 0.00 0.00 0.00 0.00 0.00 0.00 0.00
people 0.00 0 0.00 134 470 153 500 0.00 0.00 0.00 0.00 0.00 0.00 0.00
motor 0.00 0 0.00 132 461 163 508 0.00 0.00 0.00 0.00 0.00 0.00 0.00
motor 0.00 0 0.00 756 513 785 557 0.00 0.00 0.00 0.00 0.00 0.00 0.00
pedestrian 0.00 0 0.00 776 666 796 711 0.00 0.00 0.00 0.00 0.00 0.00 0.00
pedestrian 0.00 0 0.00 784 656 804 702 0.00 0.00 0.00 0.00 0.00 0.00 0.00
pedestrian 0.00 0 0.00 770 654 790 699 0.00 0.00 0.00 0.00 0.00 0.00 0.00
van 0.00 0 0.00 705 266 753 332 0.00 0.00 0.00 0.00 0.00 0.00 0.00
car 0.00 0 0.00 732 253 809 295 0.00 0.00 0.00 0.00 0.00 0.00 0.00
car 0.00 0 0.00 705 223 739 258 0.00 0.00 0.00 0.00 0.00 0.00 0.00
car 0.00 0 0.00 744 213 809 245 0.00 0.00 0.00 0.00 0.00 0.00 0.00
car 0.00 0 0.00 733 190 796 222 0.00 0.00 0.00 0.00 0.00 0.00 0.00
people 0.00 0 0.00 991 670 1024 717 0.00 0.00 0.00 0.00 0.00 0.00 0.00
pedestrian 0.00 0 0.00 968 732 998 763 0.00 0.00 0.00 0.00 0.00 0.00 0.00
people 0.00 0 0.00 533 195 546 218 0.00 0.00 0.00 0.00 0.00 0.00 0.00
motor 0.00 0 0.00 534 207 544 223 0.00 0.00 0.00 0.00 0.00 0.00 0.00
pedestrian 0.00 0 0.00 689 168 702 193 0.00 0.00 0.00 0.00 0.00 0.00 0.00
pedestrian 0.00 0 0.00 684 136 698 158 0.00 0.00 0.00 0.00 0.00 0.00 0.00
tricycle 0.00 0 0.00 730 144 751 172 0.00 0.00 0.00 0.00 0.00 0.00 0.00
car 0.00 0 0.00 595 112 618 134 0.00 0.00 0.00 0.00 0.00 0.00 0.00
car 0.00 0 0.00 634 79 656 99 0.00 0.00 0.00 0.00 0.00 0.00 0.00
car 0.00 0 0.00 629 51 644 69 0.00 0.00 0.00 0.00 0.00 0.00 0.00
van 0.00 0 0.00 597 49 617 76 0.00 0.00 0.00 0.00 0.00 0.00 0.00
truck 0.00 0 0.00 575 72 602 107 0.00 0.00 0.00 0.00 0.00 0.00 0.00
truck 0.00 0 0.00 520 98 555 145 0.00 0.00 0.00 0.00 0.00 0.00 0.00
truck 0.00 0 0.00 530 73 563 99 0.00 0.00 0.00 0.00 0.00 0.00 0.00
truck 0.00 0 0.00 680 50 726 89 0.00 0.00 0.00 0.00 0.00 0.00 0.00
truck 0.00 0 0.00 670 39 716 78 0.00 0.00 0.00 0.00 0.00 0.00 0.00
truck 0.00 0 0.00 653 31 699 70 0.00 0.00 0.00 0.00 0.00 0.00 0.00
bicycle 0.00 0 0.00 876 450 919 481 0.00 0.00 0.00 0.00 0.00 0.00 0.00
truck 0.00 0 0.00 464 627 581 765 0.00 0.00 0.00 0.00 0.00 0.00 0.00
