car 0.00 0 0.00 437 673 525 773 0.00 0.00 0.00 0.00 0.00 0.00 0.00
car 0.00 0 0.00 335 791 443 907 0.00 0.00 0.00 0.00 0.00 0.00 0.00
van 0.00 0 0.00 207 945 328 1080 0.00 0.00 0.00 0.00 0.00 0.00 0.00
car 0.00 0 0.00 719 823 793 921 0.00 0.00 0.00 0.00 0.00 0.00 0.00
car 0.00 0 0.00 903 345 949 397 0.00 0.00 0.00 0.00 0.00 0.00 0.00
car 0.00 0 0.00 937 237 971 267 0.00 0.00 0.00 0.00 0.00 0.00 0.00
car 0.00 0 0.00 867 167 899 193 0.00 0.00 0.00 0.00 0.00 0.00 0.00
car 0.00 0 0.00 841 115 871 141 0.00 0.00 0.00 0.00 0.00 0.00 0.00
car 0.00 0 0.00 899 123 919 143 0.00 0.00 0.00 0.00 0.00 0.00 0.00
car 0.00 0 0.00 913 97 933 115 0.00 0.00 0.00 0.00 0.00 0.00 0.00
truck 0.00 0 0.00 927 15 965 83 0.00 0.00 0.00 0.00 0.00 0.00 0.00
car 0.00 0 0.00 1023 99 1045 123 0.00 0.00 0.00 0.00 0.00 0.00 0.00
car 0.00 0 0.00 1007 27 1033 49 0.00 0.00 0.00 0.00 0.00 0.00 0.00
tricycle 0.00 0 0.00 1041 422 1063 463 0.00 0.00 0.00 0.00 0.00 0.00 0.00
bicycle 0.00 0 0.00 261 585 291 607 0.00 0.00 0.00 0.00 0.00 0.00 0.00
people 0.00 0 0.00 259 561 287 591 0.00 0.00 0.00 0.00 0.00 0.00 0.00
van 0.00 0 0.00 1753 311 1915 363 0.00 0.00 0.00 0.00 0.00 0.00 0.00
car 0.00 0 0.00 1689 345 1783 381 0.00 0.00 0.00 0.00 0.00 0.00 0.00
car 0.00 0 0.00 1639 271 1691 305 0.00 0.00 0.00 0.00 0.00 0.00 0.00
car 0.00 0 0.00 1581 217 1635 243 0.00 0.00 0.00 0.00 0.00 0.00 0.00
car 0.00 0 0.00 1447 63 1477 95 0.00 0.00 0.00 0.00 0.00 0.00 0.00
car 0.00 0 0.00 1569 193 1603 217 0.00 0.00 0.00 0.00 0.00 0.00 0.00
car 0.00 0 0.00 1537 169 1573 191 0.00 0.00 0.00 0.00 0.00 0.00 0.00
car 0.00 0 0.00 1481 99 1511 127 0.00 0.00 0.00 0.00 0.00 0.00 0.00
car 0.00 0 0.00 1505 129 1539 157 0.00 0.00 0.00 0.00 0.00 0.00 0.00
car 0.00 0 0.00 1531 143 1559 171 0.00 0.00 0.00 0.00 0.00 0.00 0.00
people 0.00 0 0.00 566 259 580 284 0.00 0.00 0.00 0.00 0.00 0.00 0.00
people 0.00 0 0.00 581 260 596 283 0.00 0.00 0.00 0.00 0.00 0.00 0.00
bicycle 0.00 0 0.00 565 270 581 290 0.00 0.00 0.00 0.00 0.00 0.00 0.00
bicycle 0.00 0 0.00 581 270 597 290 0.00 0.00 0.00 0.00 0.00 0.00 0.00
people 0.00 0 0.00 1045 421 1060 440 0.00 0.00 0.00 0.00 0.00 0.00 0.00
