truck 0.00 0 0.00 954 0 1034 47 0.00 0.00 0.00 0.00 0.00 0.00 0.00
truck 0.00 0 0.00 787 0 893 27 0.00 0.00 0.00 0.00 0.00 0.00 0.00
pedestrian 0.00 0 0.00 835 0 847 37 0.00 0.00 0.00 0.00 0.00 0.00 0.00
truck 0.00 0 0.00 693 17 744 107 0.00 0.00 0.00 0.00 0.00 0.00 0.00
pedestrian 0.00 0 0.00 774 46 786 87 0.00 0.00 0.00 0.00 0.00 0.00 0.00
truck 0.00 0 0.00 777 34 934 116 0.00 0.00 0.00 0.00 0.00 0.00 0.00
truck 0.00 0 0.00 833 70 983 142 0.00 0.00 0.00 0.00 0.00 0.00 0.00
truck 0.00 0 0.00 820 118 992 202 0.00 0.00 0.00 0.00 0.00 0.00 0.00
pedestrian 0.00 0 0.00 652 71 673 110 0.00 0.00 0.00 0.00 0.00 0.00 0.00
pedestrian 0.00 0 0.00 628 53 641 92 0.00 0.00 0.00 0.00 0.00 0.00 0.00
pedestrian 0.00 0 0.00 609 48 621 80 0.00 0.00 0.00 0.00 0.00 0.00 0.00
pedestrian 0.00 0 0.00 602 57 611 89 0.00 0.00 0.00 0.00 0.00 0.00 0.00
pedestrian 0.00 0 0.00 608 61 620 94 0.00 0.00 0.00 0.00 0.00 0.00 0.00
pedestrian 0.00 0 0.00 614 65 629 104 0.00 0.00 0.00 0.00 0.00 0.00 0.00
people 0.00 0 0.00 605 75 621 111 0.00 0.00 0.00 0.00 0.00 0.00 0.00
motor 0.00 0 0.00 598 79 629 115 0.00 0.00 0.00 0.00 0.00 0.00 0.00
pedestrian 0.00 0 0.00 586 76 617 118 0.00 0.00 0.00 0.00 0.00 0.00 0.00
pedestrian 0.00 0 0.00 560 9 578 46 0.00 0.00 0.00 0.00 0.00 0.00 0.00
pedestrian 0.00 0 0.00 561 71 575 111 0.00 0.00 0.00 0.00 0.00 0.00 0.00
pedestrian 0.00 0 0.00 549 68 563 107 0.00 0.00 0.00 0.00 0.00 0.00 0.00
truck 0.00 0 0.00 477 37 584 94 0.00 0.00 0.00 0.00 0.00 0.00 0.00
truck 0.00 0 0.00 479 7 616 67 0.00 0.00 0.00 0.00 0.00 0.00 0.00
truck 0.00 0 0.00 496 0 628 45 0.00 0.00 0.00 0.00 0.00 0.00 0.00
truck 0.00 0 0.00 147 27 288 100 0.00 0.00 0.00 0.00 0.00 0.00 0.00
pedestrian 0.00 0 0.00 619 111 632 152 0.00 0.00 0.00 0.00 0.00 0.00 0.00
pedestrian 0.00 0 0.00 621 195 637 239 0.00 0.00 0.00 0.00 0.00 0.00 0.00
car 0.00 0 0.00 702 172 759 249 0.00 0.00 0.00 0.00 0.00 0.00 0.00
pedestrian 0.00 0 0.00 758 228 778 272 0.00 0.00 0.00 0.00 0.00 0.00 0.00
pedestrian 0.00 0 0.00 799 222 820 266 0.00 0.00 0.00 0.00 0.00 0.00 0.00
tricycle 0.00 0 0.00 794 236 869 288 0.00 0.00 0.00 0.00 0.00 0.00 0.00
car 0.00 0 0.00 787 335 856 439 0.00 0.00 0.00 0.00 0.00 0.00 0.00
motor 0.00 0 0.00 836 425 866 488 0.00 0.00 0.00 0.00 0.00 0.00 0.00
car 0.00 0 0.00 807 605 903 765 0.00 0.00 0.00 0.00 0.00 0.00 0.00
car 0.00 0 0.00 417 466 517 633 0.00 0.00 0.00 0.00 0.00 0.00 0.00
tricycle 0.00 0 0.00 450 401 572 464 0.00 0.00 0.00 0.00 0.00 0.00 0.00
motor 0.00 0 0.00 517 342 560 392 0.00 0.00 0.00 0.00 0.00 0.00 0.00
people 0.00 0 0.00 397 220 427 254 0.00 0.00 0.00 0.00 0.00 0.00 0.00
pedestrian 0.00 0 0.00 416 191 432 242 0.00 0.00 0.00 0.00 0.00 0.00 0.00
pedestrian 0.00 0 0.00 422 217 448 269 0.00 0.00 0.00 0.00 0.00 0.00 0.00
