car 0.00 0 0.00 378 548 442 607 0.00 0.00 0.00 0.00 0.00 0.00 0.00
car 0.00 0 0.00 102 667 217 765 0.00 0.00 0.00 0.00 0.00 0.00 0.00
car 0.00 0 0.00 58 594 176 653 0.00 0.00 0.00 0.00 0.00 0.00 0.00
tricycle 0.00 0 0.00 0 614 88 680 0.00 0.00 0.00 0.00 0.00 0.00 0.00
car 0.00 0 0.00 142 528 197 594 0.00 0.00 0.00 0.00 0.00 0.00 0.00
car 0.00 0 0.00 197 451 252 500 0.00 0.00 0.00 0.00 0.00 0.00 0.00
van 0.00 0 0.00 270 407 308 449 0.00 0.00 0.00 0.00 0.00 0.00 0.00
van 0.00 0 0.00 474 386 541 422 0.00 0.00 0.00 0.00 0.00 0.00 0.00
car 0.00 0 0.00 555 371 618 395 0.00 0.00 0.00 0.00 0.00 0.00 0.00
bus 0.00 0 0.00 729 344 850 386 0.00 0.00 0.00 0.00 0.00 0.00 0.00
car 0.00 0 0.00 439 336 484 358 0.00 0.00 0.00 0.00 0.00 0.00 0.00
car 0.00 0 0.00 319 324 350 354 0.00 0.00 0.00 0.00 0.00 0.00 0.00
car 0.00 0 0.00 217 371 265 397 0.00 0.00 0.00 0.00 0.00 0.00 0.00
car 0.00 0 0.00 8 416 94 458 0.00 0.00 0.00 0.00 0.00 0.00 0.00
car 0.00 0 0.00 407 300 424 320 0.00 0.00 0.00 0.00 0.00 0.00 0.00
car 0.00 0 0.00 408 263 427 277 0.00 0.00 0.00 0.00 0.00 0.00 0.00
car 0.00 0 0.00 0 317 41 336 0.00 0.00 0.00 0.00 0.00 0.00 0.00
car 0.00 0 0.00 3 312 51 326 0.00 0.00 0.00 0.00 0.00 0.00 0.00
car 0.00 0 0.00 115 345 152 375 0.00 0.00 0.00 0.00 0.00 0.00 0.00
car 0.00 0 0.00 42 358 97 386 0.00 0.00 0.00 0.00 0.00 0.00 0.00
truck 0.00 0 0.00 7 386 113 428 0.00 0.00 0.00 0.00 0.00 0.00 0.00
truck 0.00 0 0.00 150 342 214 393 0.00 0.00 0.00 0.00 0.00 0.00 0.00
truck 0.00 0 0.00 209 313 237 364 0.00 0.00 0.00 0.00 0.00 0.00 0.00
truck 0.00 0 0.00 186 299 216 338 0.00 0.00 0.00 0.00 0.00 0.00 0.00
car 0.00 0 0.00 169 270 193 288 0.00 0.00 0.00 0.00 0.00 0.00 0.00
car 0.00 0 0.00 235 286 253 301 0.00 0.00 0.00 0.00 0.00 0.00 0.00
car 0.00 0 0.00 219 264 241 282 0.00 0.00 0.00 0.00 0.00 0.00 0.00
truck 0.00 0 0.00 129 240 242 263 0.00 0.00 0.00 0.00 0.00 0.00 0.00
car 0.00 0 0.00 242 250 277 263 0.00 0.00 0.00 0.00 0.00 0.00 0.00
van 0.00 0 0.00 275 278 313 296 0.00 0.00 0.00 0.00 0.00 0.00 0.00
van 0.00 0 0.00 279 270 317 287 0.00 0.00 0.00 0.00 0.00 0.00 0.00
car 0.00 0 0.00 297 269 331 283 0.00 0.00 0.00 0.00 0.00 0.00 0.00
car 0.00 0 0.00 367 240 382 256 0.00 0.00 0.00 0.00 0.00 0.00 0.00
truck 0.00 0 0.00 384 212 406 243 0.00 0.00 0.00 0.00 0.00 0.00 0.00
truck 0.00 0 0.00 403 190 432 220 0.00 0.00 0.00 0.00 0.00 0.00 0.00
car 0.00 0 0.00 427 254 441 268 0.00 0.00 0.00 0.00 0.00 0.00 0.00
car 0.00 0 0.00 431 239 445 252 0.00 0.00 0.00 0.00 0.00 0.00 0.00
car 0.00 0 0.00 457 247 475 258 0.00 0.00 0.00 0.00 0.00 0.00 0.00
van 0.00 0 0.00 443 316 477 337 0.00 0.00 0.00 0.00 0.00 0.00 0.00
truck 0.00 0 0.00 509 268 530 300 0.00 0.00 0.00 0.00 0.00 0.00 0.00
car 0.00 0 0.00 534 242 549 252 0.00 0.00 0.00 0.00 0.00 0.00 0.00
car 0.00 0 0.00 466 205 475 213 0.00 0.00 0.00 0.00 0.00 0.00 0.00
car 0.00 0 0.00 459 197 467 203 0.00 0.00 0.00 0.00 0.00 0.00 0.00
car 0.00 0 0.00 445 198 453 205 0.00 0.00 0.00 0.00 0.00 0.00 0.00
car 0.00 0 0.00 450 192 457 198 0.00 0.00 0.00 0.00 0.00 0.00 0.00
car 0.00 0 0.00 465 169 470 173 0.00 0.00 0.00 0.00 0.00 0.00 0.00
car 0.00 0 0.00 476 163 481 170 0.00 0.00 0.00 0.00 0.00 0.00 0.00
truck 0.00 0 0.00 487 174 499 187 0.00 0.00 0.00 0.00 0.00 0.00 0.00
tricycle 0.00 0 0.00 990 356 1019 372 0.00 0.00 0.00 0.00 0.00 0.00 0.00
pedestrian 0.00 0 0.00 996 351 1005 368 0.00 0.00 0.00 0.00 0.00 0.00 0.00
pedestrian 0.00 0 0.00 1004 348 1012 364 0.00 0.00 0.00 0.00 0.00 0.00 0.00
bus 0.00 0 0.00 1132 271 1154 296 0.00 0.00 0.00 0.00 0.00 0.00 0.00
car 0.00 0 0.00 1119 267 1132 281 0.00 0.00 0.00 0.00 0.00 0.00 0.00
truck 0.00 0 0.00 1104 234 1122 252 0.00 0.00 0.00 0.00 0.00 0.00 0.00
car 0.00 0 0.00 1120 230 1130 240 0.00 0.00 0.00 0.00 0.00 0.00 0.00
van 0.00 0 0.00 1283 317 1329 338 0.00 0.00 0.00 0.00 0.00 0.00 0.00
car 0.00 0 0.00 1223 271 1236 283 0.00 0.00 0.00 0.00 0.00 0.00 0.00
truck 0.00 0 0.00 1186 236 1242 258 0.00 0.00 0.00 0.00 0.00 0.00 0.00
truck 0.00 0 0.00 1199 235 1256 256 0.00 0.00 0.00 0.00 0.00 0.00 0.00
truck 0.00 0 0.00 1210 231 1266 252 0.00 0.00 0.00 0.00 0.00 0.00 0.00
