car 0.00 0 0.00 549 413 656 467 0.00 0.00 0.00 0.00 0.00 0.00 0.00
car 0.00 0 0.00 75 325 171 375 0.00 0.00 0.00 0.00 0.00 0.00 0.00
van 0.00 0 0.00 315 241 369 286 0.00 0.00 0.00 0.00 0.00 0.00 0.00
car 0.00 0 0.00 556 261 613 293 0.00 0.00 0.00 0.00 0.00 0.00 0.00
car 0.00 0 0.00 641 270 710 304 0.00 0.00 0.00 0.00 0.00 0.00 0.00
pedestrian 0.00 0 0.00 610 256 622 284 0.00 0.00 0.00 0.00 0.00 0.00 0.00
car 0.00 0 0.00 579 244 620 274 0.00 0.00 0.00 0.00 0.00 0.00 0.00
car 0.00 0 0.00 540 229 588 259 0.00 0.00 0.00 0.00 0.00 0.00 0.00
pedestrian 0.00 0 0.00 575 228 587 252 0.00 0.00 0.00 0.00 0.00 0.00 0.00
pedestrian 0.00 0 0.00 607 233 617 261 0.00 0.00 0.00 0.00 0.00 0.00 0.00
pedestrian 0.00 0 0.00 632 239 640 268 0.00 0.00 0.00 0.00 0.00 0.00 0.00
car 0.00 0 0.00 576 184 603 207 0.00 0.00 0.00 0.00 0.00 0.00 0.00
car 0.00 0 0.00 974 260 1061 296 0.00 0.00 0.00 0.00 0.00 0.00 0.00
car 0.00 0 0.00 1172 217 1218 243 0.00 0.00 0.00 0.00 0.00 0.00 0.00
car 0.00 0 0.00 1208 218 1257 243 0.00 0.00 0.00 0.00 0.00 0.00 0.00
van 0.00 0 0.00 1228 116 1264 136 0.00 0.00 0.00 0.00 0.00 0.00 0.00
car 0.00 0 0.00 1277 115 1310 131 0.00 0.00 0.00 0.00 0.00 0.00 0.00
tricycle 0.00 0 0.00 195 257 235 281 0.00 0.00 0.00 0.00 0.00 0.00 0.00
van 0.00 0 0.00 26 169 59 198 0.00 0.00 0.00 0.00 0.00 0.00 0.00
van 0.00 0 0.00 56 145 113 187 0.00 0.00 0.00 0.00 0.00 0.00 0.00
car 0.00 0 0.00 159 176 216 197 0.00 0.00 0.00 0.00 0.00 0.00 0.00
van 0.00 0 0.00 178 164 230 186 0.00 0.00 0.00 0.00 0.00 0.00 0.00
van 0.00 0 0.00 201 153 246 175 0.00 0.00 0.00 0.00 0.00 0.00 0.00
car 0.00 0 0.00 188 125 228 145 0.00 0.00 0.00 0.00 0.00 0.00 0.00
motor 0.00 0 0.00 223 138 232 151 0.00 0.00 0.00 0.00 0.00 0.00 0.00
motor 0.00 0 0.00 214 135 226 147 0.00 0.00 0.00 0.00 0.00 0.00 0.00
people 0.00 0 0.00 224 133 232 149 0.00 0.00 0.00 0.00 0.00 0.00 0.00
truck 0.00 0 0.00 446 168 486 214 0.00 0.00 0.00 0.00 0.00 0.00 0.00
truck 0.00 0 0.00 359 172 417 225 0.00 0.00 0.00 0.00 0.00 0.00 0.00
pedestrian 0.00 0 0.00 416 186 423 209 0.00 0.00 0.00 0.00 0.00 0.00 0.00
truck 0.00 0 0.00 397 149 446 196 0.00 0.00 0.00 0.00 0.00 0.00 0.00
truck 0.00 0 0.00 428 128 469 172 0.00 0.00 0.00 0.00 0.00 0.00 0.00
people 0.00 0 0.00 457 160 468 171 0.00 0.00 0.00 0.00 0.00 0.00 0.00
pedestrian 0.00 0 0.00 522 100 529 115 0.00 0.00 0.00 0.00 0.00 0.00 0.00
pedestrian 0.00 0 0.00 606 170 612 189 0.00 0.00 0.00 0.00 0.00 0.00 0.00
truck 0.00 0 0.00 615 127 817 182 0.00 0.00 0.00 0.00 0.00 0.00 0.00
truck 0.00 0 0.00 620 131 800 178 0.00 0.00 0.00 0.00 0.00 0.00 0.00
bus 0.00 0 0.00 748 103 806 131 0.00 0.00 0.00 0.00 0.00 0.00 0.00
pedestrian 0.00 0 0.00 804 110 811 128 0.00 0.00 0.00 0.00 0.00 0.00 0.00
tricycle 0.00 0 0.00 633 100 649 115 0.00 0.00 0.00 0.00 0.00 0.00 0.00
van 0.00 0 0.00 464 83 480 98 0.00 0.00 0.00 0.00 0.00 0.00 0.00
car 0.00 0 0.00 427 82 449 95 0.00 0.00 0.00 0.00 0.00 0.00 0.00
car 0.00 0 0.00 399 77 429 90 0.00 0.00 0.00 0.00 0.00 0.00 0.00
car 0.00 0 0.00 385 68 400 80 0.00 0.00 0.00 0.00 0.00 0.00 0.00
car 0.00 0 0.00 399 69 416 80 0.00 0.00 0.00 0.00 0.00 0.00 0.00
car 0.00 0 0.00 431 69 448 78 0.00 0.00 0.00 0.00 0.00 0.00 0.00
car 0.00 0 0.00 434 61 460 69 0.00 0.00 0.00 0.00 0.00 0.00 0.00
truck 0.00 0 0.00 434 44 522 65 0.00 0.00 0.00 0.00 0.00 0.00 0.00
truck 0.00 0 0.00 471 39 545 65 0.00 0.00 0.00 0.00 0.00 0.00 0.00
car 0.00 0 0.00 553 49 575 57 0.00 0.00 0.00 0.00 0.00 0.00 0.00
van 0.00 0 0.00 645 37 652 46 0.00 0.00 0.00 0.00 0.00 0.00 0.00
truck 0.00 0 0.00 630 37 639 48 0.00 0.00 0.00 0.00 0.00 0.00 0.00
truck 0.00 0 0.00 622 27 633 43 0.00 0.00 0.00 0.00 0.00 0.00 0.00
truck 0.00 0 0.00 608 26 622 42 0.00 0.00 0.00 0.00 0.00 0.00 0.00
truck 0.00 0 0.00 631 13 641 26 0.00 0.00 0.00 0.00 0.00 0.00 0.00
truck 0.00 0 0.00 689 35 707 44 0.00 0.00 0.00 0.00 0.00 0.00 0.00
van 0.00 0 0.00 704 34 718 43 0.00 0.00 0.00 0.00 0.00 0.00 0.00
truck 0.00 0 0.00 666 21 678 36 0.00 0.00 0.00 0.00 0.00 0.00 0.00
car 0.00 0 0.00 658 14 664 19 0.00 0.00 0.00 0.00 0.00 0.00 0.00
motor 0.00 0 0.00 571 72 576 80 0.00 0.00 0.00 0.00 0.00 0.00 0.00
people 0.00 0 0.00 571 69 576 77 0.00 0.00 0.00 0.00 0.00 0.00 0.00
car 0.00 0 0.00 923 244 952 277 0.00 0.00 0.00 0.00 0.00 0.00 0.00
