car 0.00 0 0.00 573 327 708 430 0.00 0.00 0.00 0.00 0.00 0.00 0.00
car 0.00 0 0.00 770 224 864 305 0.00 0.00 0.00 0.00 0.00 0.00 0.00
car 0.00 0 0.00 1030 321 1191 389 0.00 0.00 0.00 0.00 0.00 0.00 0.00
car 0.00 0 0.00 1114 259 1262 316 0.00 0.00 0.00 0.00 0.00 0.00 0.00
car 0.00 0 0.00 1217 198 1346 265 0.00 0.00 0.00 0.00 0.00 0.00 0.00
motor 0.00 0 0.00 254 510 330 568 0.00 0.00 0.00 0.00 0.00 0.00 0.00
people 0.00 0 0.00 272 501 309 558 0.00 0.00 0.00 0.00 0.00 0.00 0.00
people 0.00 0 0.00 257 512 282 557 0.00 0.00 0.00 0.00 0.00 0.00 0.00
pedestrian 0.00 0 0.00 247 466 271 528 0.00 0.00 0.00 0.00 0.00 0.00 0.00
people 0.00 0 0.00 212 724 251 765 0.00 0.00 0.00 0.00 0.00 0.00 0.00
people 0.00 0 0.00 360 372 382 413 0.00 0.00 0.00 0.00 0.00 0.00 0.00
tricycle 0.00 0 0.00 434 352 501 394 0.00 0.00 0.00 0.00 0.00 0.00 0.00
people 0.00 0 0.00 506 296 539 337 0.00 0.00 0.00 0.00 0.00 0.00 0.00
bicycle 0.00 0 0.00 544 267 594 300 0.00 0.00 0.00 0.00 0.00 0.00 0.00
bicycle 0.00 0 0.00 491 256 538 291 0.00 0.00 0.00 0.00 0.00 0.00 0.00
pedestrian 0.00 0 0.00 537 296 553 345 0.00 0.00 0.00 0.00 0.00 0.00 0.00
pedestrian 0.00 0 0.00 672 234 687 277 0.00 0.00 0.00 0.00 0.00 0.00 0.00
van 0.00 0 0.00 449 176 615 269 0.00 0.00 0.00 0.00 0.00 0.00 0.00
car 0.00 0 0.00 584 194 693 249 0.00 0.00 0.00 0.00 0.00 0.00 0.00
pedestrian 0.00 0 0.00 355 220 379 265 0.00 0.00 0.00 0.00 0.00 0.00 0.00
pedestrian 0.00 0 0.00 363 213 381 260 0.00 0.00 0.00 0.00 0.00 0.00 0.00
pedestrian 0.00 0 0.00 571 150 584 185 0.00 0.00 0.00 0.00 0.00 0.00 0.00
motor 0.00 0 0.00 367 174 387 209 0.00 0.00 0.00 0.00 0.00 0.00 0.00
motor 0.00 0 0.00 398 166 417 202 0.00 0.00 0.00 0.00 0.00 0.00 0.00
pedestrian 0.00 0 0.00 378 148 397 188 0.00 0.00 0.00 0.00 0.00 0.00 0.00
pedestrian 0.00 0 0.00 408 143 430 188 0.00 0.00 0.00 0.00 0.00 0.00 0.00
people 0.00 0 0.00 105 270 131 294 0.00 0.00 0.00 0.00 0.00 0.00 0.00
van 0.00 0 0.00 0 221 62 293 0.00 0.00 0.00 0.00 0.00 0.00 0.00
tricycle 0.00 0 0.00 146 173 212 213 0.00 0.00 0.00 0.00 0.00 0.00 0.00
people 0.00 0 0.00 169 161 187 185 0.00 0.00 0.00 0.00 0.00 0.00 0.00
motor 0.00 0 0.00 85 167 128 197 0.00 0.00 0.00 0.00 0.00 0.00 0.00
motor 0.00 0 0.00 38 166 79 196 0.00 0.00 0.00 0.00 0.00 0.00 0.00
motor 0.00 0 0.00 0 161 38 192 0.00 0.00 0.00 0.00 0.00 0.00 0.00
tricycle 0.00 0 0.00 58 368 116 412 0.00 0.00 0.00 0.00 0.00 0.00 0.00
tricycle 0.00 0 0.00 0 328 45 377 0.00 0.00 0.00 0.00 0.00 0.00 0.00
motor 0.00 0 0.00 610 166 644 196 0.00 0.00 0.00 0.00 0.00 0.00 0.00
bicycle 0.00 0 0.00 631 147 651 182 0.00 0.00 0.00 0.00 0.00 0.00 0.00
motor 0.00 0 0.00 660 151 688 183 0.00 0.00 0.00 0.00 0.00 0.00 0.00
bicycle 0.00 0 0.00 673 149 700 179 0.00 0.00 0.00 0.00 0.00 0.00 0.00
motor 0.00 0 0.00 702 160 742 185 0.00 0.00 0.00 0.00 0.00 0.00 0.00
pedestrian 0.00 0 0.00 721 154 732 196 0.00 0.00 0.00 0.00 0.00 0.00 0.00
people 0.00 0 0.00 728 157 735 177 0.00 0.00 0.00 0.00 0.00 0.00 0.00
motor 0.00 0 0.00 679 139 716 167 0.00 0.00 0.00 0.00 0.00 0.00 0.00
bicycle 0.00 0 0.00 700 137 731 160 0.00 0.00 0.00 0.00 0.00 0.00 0.00
motor 0.00 0 0.00 704 128 735 154 0.00 0.00 0.00 0.00 0.00 0.00 0.00
motor 0.00 0 0.00 706 123 742 149 0.00 0.00 0.00 0.00 0.00 0.00 0.00
pedestrian 0.00 0 0.00 698 116 707 151 0.00 0.00 0.00 0.00 0.00 0.00 0.00
pedestrian 0.00 0 0.00 707 118 718 146 0.00 0.00 0.00 0.00 0.00 0.00 0.00
tricycle 0.00 0 0.00 636 127 693 161 0.00 0.00 0.00 0.00 0.00 0.00 0.00
pedestrian 0.00 0 0.00 660 93 672 132 0.00 0.00 0.00 0.00 0.00 0.00 0.00
motor 0.00 0 0.00 803 191 826 221 0.00 0.00 0.00 0.00 0.00 0.00 0.00
people 0.00 0 0.00 811 179 828 219 0.00 0.00 0.00 0.00 0.00 0.00 0.00
pedestrian 0.00 0 0.00 823 157 835 185 0.00 0.00 0.00 0.00 0.00 0.00 0.00
pedestrian 0.00 0 0.00 813 146 826 183 0.00 0.00 0.00 0.00 0.00 0.00 0.00
pedestrian 0.00 0 0.00 857 150 869 186 0.00 0.00 0.00 0.00 0.00 0.00 0.00
motor 0.00 0 0.00 874 159 899 194 0.00 0.00 0.00 0.00 0.00 0.00 0.00
motor 0.00 0 0.00 925 129 948 158 0.00 0.00 0.00 0.00 0.00 0.00 0.00
people 0.00 0 0.00 876 157 895 190 0.00 0.00 0.00 0.00 0.00 0.00 0.00
people 0.00 0 0.00 881 153 899 180 0.00 0.00 0.00 0.00 0.00 0.00 0.00
people 0.00 0 0.00 930 119 947 157 0.00 0.00 0.00 0.00 0.00 0.00 0.00
car 0.00 0 0.00 787 83 867 125 0.00 0.00 0.00 0.00 0.00 0.00 0.00
pedestrian 0.00 0 0.00 753 55 766 89 0.00 0.00 0.00 0.00 0.00 0.00 0.00
van 0.00 0 0.00 811 60 894 110 0.00 0.00 0.00 0.00 0.00 0.00 0.00
pedestrian 0.00 0 0.00 904 91 917 119 0.00 0.00 0.00 0.00 0.00 0.00 0.00
pedestrian 0.00 0 0.00 916 87 930 120 0.00 0.00 0.00 0.00 0.00 0.00 0.00
car 0.00 0 0.00 840 48 920 90 0.00 0.00 0.00 0.00 0.00 0.00 0.00
tricycle 0.00 0 0.00 967 107 1005 141 0.00 0.00 0.00 0.00 0.00 0.00 0.00
people 0.00 0 0.00 973 104 988 130 0.00 0.00 0.00 0.00 0.00 0.00 0.00
bicycle 0.00 0 0.00 962 90 994 114 0.00 0.00 0.00 0.00 0.00 0.00 0.00
people 0.00 0 0.00 965 86 975 108 0.00 0.00 0.00 0.00 0.00 0.00 0.00
pedestrian 0.00 0 0.00 972 77 987 108 0.00 0.00 0.00 0.00 0.00 0.00 0.00
pedestrian 0.00 0 0.00 1074 128 1089 166 0.00 0.00 0.00 0.00 0.00 0.00 0.00
pedestrian 0.00 0 0.00 1087 216 1105 259 0.00 0.00 0.00 0.00 0.00 0.00 0.00
motor 0.00 0 0.00 1064 208 1089 245 0.00 0.00 0.00 0.00 0.00 0.00 0.00
people 0.00 0 0.00 1065 204 1086 245 0.00 0.00 0.00 0.00 0.00 0.00 0.00
car 0.00 0 0.00 889 26 968 66 0.00 0.00 0.00 0.00 0.00 0.00 0.00
car 0.00 0 0.00 927 25 996 58 0.00 0.00 0.00 0.00 0.00 0.00 0.00
car 0.00 0 0.00 932 16 1010 48 0.00 0.00 0.00 0.00 0.00 0.00 0.00
car 0.00 0 0.00 957 5 1041 39 0.00 0.00 0.00 0.00 0.00 0.00 0.00
car 0.00 0 0.00 1011 0 1085 24 0.00 0.00 0.00 0.00 0.00 0.00 0.00
car 0.00 0 0.00 1179 175 1314 227 0.00 0.00 0.00 0.00 0.00 0.00 0.00
car 0.00 0 0.00 1250 159 1360 215 0.00 0.00 0.00 0.00 0.00 0.00 0.00
car 0.00 0 0.00 1257 120 1360 159 0.00 0.00 0.00 0.00 0.00 0.00 0.00
car 0.00 0 0.00 1279 92 1360 127 0.00 0.00 0.00 0.00 0.00 0.00 0.00
car 0.00 0 0.00 1219 29 1268 63 0.00 0.00 0.00 0.00 0.00 0.00 0.00
