car 0.00 0 0.00 1266 172 1359 234 0.00 0.00 0.00 0.00 0.00 0.00 0.00
van 0.00 0 0.00 1170 46 1268 108 0.00 0.00 0.00 0.00 0.00 0.00 0.00
pedestrian 0.00 0 0.00 825 124 849 173 0.00 0.00 0.00 0.00 0.00 0.00 0.00
van 0.00 0 0.00 818 395 994 496 0.00 0.00 0.00 0.00 0.00 0.00 0.00
car 0.00 0 0.00 267 619 523 756 0.00 0.00 0.00 0.00 0.00 0.00 0.00
car 0.00 0 0.00 296 466 497 579 0.00 0.00 0.00 0.00 0.00 0.00 0.00
car 0.00 0 0.00 216 413 417 517 0.00 0.00 0.00 0.00 0.00 0.00 0.00
car 0.00 0 0.00 384 297 559 394 0.00 0.00 0.00 0.00 0.00 0.00 0.00
people 0.00 0 0.00 452 179 474 224 0.00 0.00 0.00 0.00 0.00 0.00 0.00
bicycle 0.00 0 0.00 447 200 483 234 0.00 0.00 0.00 0.00 0.00 0.00 0.00
people 0.00 0 0.00 301 185 326 230 0.00 0.00 0.00 0.00 0.00 0.00 0.00
people 0.00 0 0.00 296 183 322 215 0.00 0.00 0.00 0.00 0.00 0.00 0.00
motor 0.00 0 0.00 301 212 324 240 0.00 0.00 0.00 0.00 0.00 0.00 0.00
people 0.00 0 0.00 190 168 217 211 0.00 0.00 0.00 0.00 0.00 0.00 0.00
motor 0.00 0 0.00 186 181 215 218 0.00 0.00 0.00 0.00 0.00 0.00 0.00
motor 0.00 0 0.00 133 100 178 126 0.00 0.00 0.00 0.00 0.00 0.00 0.00
car 0.00 0 0.00 339 14 395 71 0.00 0.00 0.00 0.00 0.00 0.00 0.00
car 0.00 0 0.00 416 0 470 28 0.00 0.00 0.00 0.00 0.00 0.00 0.00
car 0.00 0 0.00 326 0 374 18 0.00 0.00 0.00 0.00 0.00 0.00 0.00
