car 0.00 0 0.00 404 45 412 53 0.00 0.00 0.00 0.00 0.00 0.00 0.00
car 0.00 0 0.00 376 49 385 57 0.00 0.00 0.00 0.00 0.00 0.00 0.00
car 0.00 0 0.00 485 80 493 94 0.00 0.00 0.00 0.00 0.00 0.00 0.00
car 0.00 0 0.00 603 332 639 370 0.00 0.00 0.00 0.00 0.00 0.00 0.00
car 0.00 0 0.00 591 201 613 221 0.00 0.00 0.00 0.00 0.00 0.00 0.00
car 0.00 0 0.00 575 186 600 201 0.00 0.00 0.00 0.00 0.00 0.00 0.00
car 0.00 0 0.00 359 129 374 142 0.00 0.00 0.00 0.00 0.00 0.00 0.00
car 0.00 0 0.00 352 199 373 219 0.00 0.00 0.00 0.00 0.00 0.00 0.00
truck 0.00 0 0.00 453 340 490 432 0.00 0.00 0.00 0.00 0.00 0.00 0.00
truck 0.00 0 0.00 526 210 587 310 0.00 0.00 0.00 0.00 0.00 0.00 0.00
truck 0.00 0 0.00 438 150 469 214 0.00 0.00 0.00 0.00 0.00 0.00 0.00
truck 0.00 0 0.00 479 97 509 134 0.00 0.00 0.00 0.00 0.00 0.00 0.00
bus 0.00 0 0.00 485 135 512 169 0.00 0.00 0.00 0.00 0.00 0.00 0.00
car 0.00 0 0.00 493 84 502 92 0.00 0.00 0.00 0.00 0.00 0.00 0.00
car 0.00 0 0.00 510 101 520 108 0.00 0.00 0.00 0.00 0.00 0.00 0.00
car 0.00 0 0.00 515 108 524 120 0.00 0.00 0.00 0.00 0.00 0.00 0.00
car 0.00 0 0.00 525 122 541 131 0.00 0.00 0.00 0.00 0.00 0.00 0.00
car 0.00 0 0.00 532 127 548 139 0.00 0.00 0.00 0.00 0.00 0.00 0.00
car 0.00 0 0.00 542 135 557 148 0.00 0.00 0.00 0.00 0.00 0.00 0.00
truck 0.00 0 0.00 572 163 593 188 0.00 0.00 0.00 0.00 0.00 0.00 0.00
pedestrian 0.00 0 0.00 762 328 767 343 0.00 0.00 0.00 0.00 0.00 0.00 0.00
pedestrian 0.00 0 0.00 770 326 779 348 0.00 0.00 0.00 0.00 0.00 0.00 0.00
pedestrian 0.00 0 0.00 750 177 753 192 0.00 0.00 0.00 0.00 0.00 0.00 0.00
pedestrian 0.00 0 0.00 755 176 760 190 0.00 0.00 0.00 0.00 0.00 0.00 0.00
people 0.00 0 0.00 374 359 381 373 0.00 0.00 0.00 0.00 0.00 0.00 0.00
motor 0.00 0 0.00 371 357 382 382 0.00 0.00 0.00 0.00 0.00 0.00 0.00
car 0.00 0 0.00 557 153 574 175 0.00 0.00 0.00 0.00 0.00 0.00 0.00
car 0.00 0 0.00 469 69 481 77 0.00 0.00 0.00 0.00 0.00 0.00 0.00
car 0.00 0 0.00 418 72 429 81 0.00 0.00 0.00 0.00 0.00 0.00 0.00
car 0.00 0 0.00 437 59 448 67 0.00 0.00 0.00 0.00 0.00 0.00 0.00
car 0.00 0 0.00 462 61 472 69 0.00 0.00 0.00 0.00 0.00 0.00 0.00
car 0.00 0 0.00 455 57 467 64 0.00 0.00 0.00 0.00 0.00 0.00 0.00
car 0.00 0 0.00 446 53 459 59 0.00 0.00 0.00 0.00 0.00 0.00 0.00
car 0.00 0 0.00 443 48 454 54 0.00 0.00 0.00 0.00 0.00 0.00 0.00
car 0.00 0 0.00 438 44 450 51 0.00 0.00 0.00 0.00 0.00 0.00 0.00
bus 0.00 0 0.00 419 45 436 58 0.00 0.00 0.00 0.00 0.00 0.00 0.00
people 0.00 0 0.00 404 226 410 240 0.00 0.00 0.00 0.00 0.00 0.00 0.00
motor 0.00 0 0.00 403 231 412 244 0.00 0.00 0.00 0.00 0.00 0.00 0.00
people 0.00 0 0.00 342 73 347 79 0.00 0.00 0.00 0.00 0.00 0.00 0.00
motor 0.00 0 0.00 340 77 349 81 0.00 0.00 0.00 0.00 0.00 0.00 0.00
