van 0.00 0 0.00 39 719 143 765 0.00 0.00 0.00 0.00 0.00 0.00 0.00
pedestrian 0.00 0 0.00 280 412 291 440 0.00 0.00 0.00 0.00 0.00 0.00 0.00
car 0.00 0 0.00 444 574 503 663 0.00 0.00 0.00 0.00 0.00 0.00 0.00
bicycle 0.00 0 0.00 334 378 368 395 0.00 0.00 0.00 0.00 0.00 0.00 0.00
van 0.00 0 0.00 381 371 463 417 0.00 0.00 0.00 0.00 0.00 0.00 0.00
car 0.00 0 0.00 476 340 522 398 0.00 0.00 0.00 0.00 0.00 0.00 0.00
car 0.00 0 0.00 257 303 339 339 0.00 0.00 0.00 0.00 0.00 0.00 0.00
car 0.00 0 0.00 277 188 342 217 0.00 0.00 0.00 0.00 0.00 0.00 0.00
car 0.00 0 0.00 308 177 367 199 0.00 0.00 0.00 0.00 0.00 0.00 0.00
car 0.00 0 0.00 358 139 405 154 0.00 0.00 0.00 0.00 0.00 0.00 0.00
car 0.00 0 0.00 384 333 425 380 0.00 0.00 0.00 0.00 0.00 0.00 0.00
car 0.00 0 0.00 581 442 626 510 0.00 0.00 0.00 0.00 0.00 0.00 0.00
car 0.00 0 0.00 668 450 714 512 0.00 0.00 0.00 0.00 0.00 0.00 0.00
car 0.00 0 0.00 658 635 713 733 0.00 0.00 0.00 0.00 0.00 0.00 0.00
truck 0.00 0 0.00 819 665 909 765 0.00 0.00 0.00 0.00 0.00 0.00 0.00
truck 0.00 0 0.00 787 463 870 612 0.00 0.00 0.00 0.00 0.00 0.00 0.00
car 0.00 0 0.00 783 419 826 474 0.00 0.00 0.00 0.00 0.00 0.00 0.00
car 0.00 0 0.00 694 321 732 366 0.00 0.00 0.00 0.00 0.00 0.00 0.00
car 0.00 0 0.00 679 259 707 288 0.00 0.00 0.00 0.00 0.00 0.00 0.00
car 0.00 0 0.00 624 185 648 212 0.00 0.00 0.00 0.00 0.00 0.00 0.00
van 0.00 0 0.00 761 280 800 342 0.00 0.00 0.00 0.00 0.00 0.00 0.00
car 0.00 0 0.00 675 215 703 244 0.00 0.00 0.00 0.00 0.00 0.00 0.00
car 0.00 0 0.00 693 177 717 201 0.00 0.00 0.00 0.00 0.00 0.00 0.00
van 0.00 0 0.00 739 175 769 213 0.00 0.00 0.00 0.00 0.00 0.00 0.00
van 0.00 0 0.00 684 123 722 171 0.00 0.00 0.00 0.00 0.00 0.00 0.00
car 0.00 0 0.00 595 121 615 142 0.00 0.00 0.00 0.00 0.00 0.00 0.00
car 0.00 0 0.00 521 206 549 235 0.00 0.00 0.00 0.00 0.00 0.00 0.00
bicycle 0.00 0 0.00 507 226 524 249 0.00 0.00 0.00 0.00 0.00 0.00 0.00
van 0.00 0 0.00 497 255 556 292 0.00 0.00 0.00 0.00 0.00 0.00 0.00
car 0.00 0 0.00 451 55 486 70 0.00 0.00 0.00 0.00 0.00 0.00 0.00
car 0.00 0 0.00 358 97 382 115 0.00 0.00 0.00 0.00 0.00 0.00 0.00
car 0.00 0 0.00 386 98 409 118 0.00 0.00 0.00 0.00 0.00 0.00 0.00
car 0.00 0 0.00 364 130 411 144 0.00 0.00 0.00 0.00 0.00 0.00 0.00
car 0.00 0 0.00 373 120 418 138 0.00 0.00 0.00 0.00 0.00 0.00 0.00
car 0.00 0 0.00 396 272 470 302 0.00 0.00 0.00 0.00 0.00 0.00 0.00
car 0.00 0 0.00 422 259 481 286 0.00 0.00 0.00 0.00 0.00 0.00 0.00
car 0.00 0 0.00 418 245 488 272 0.00 0.00 0.00 0.00 0.00 0.00 0.00
car 0.00 0 0.00 425 233 493 258 0.00 0.00 0.00 0.00 0.00 0.00 0.00
car 0.00 0 0.00 434 222 496 246 0.00 0.00 0.00 0.00 0.00 0.00 0.00
car 0.00 0 0.00 442 214 497 236 0.00 0.00 0.00 0.00 0.00 0.00 0.00
car 0.00 0 0.00 440 203 503 226 0.00 0.00 0.00 0.00 0.00 0.00 0.00
car 0.00 0 0.00 451 193 510 216 0.00 0.00 0.00 0.00 0.00 0.00 0.00
car 0.00 0 0.00 439 181 503 204 0.00 0.00 0.00 0.00 0.00 0.00 0.00
van 0.00 0 0.00 453 164 511 194 0.00 0.00 0.00 0.00 0.00 0.00 0.00
car 0.00 0 0.00 467 154 517 172 0.00 0.00 0.00 0.00 0.00 0.00 0.00
car 0.00 0 0.00 482 132 525 150 0.00 0.00 0.00 0.00 0.00 0.00 0.00
car 0.00 0 0.00 493 122 537 135 0.00 0.00 0.00 0.00 0.00 0.00 0.00
car 0.00 0 0.00 499 114 531 127 0.00 0.00 0.00 0.00 0.00 0.00 0.00
car 0.00 0 0.00 598 103 617 121 0.00 0.00 0.00 0.00 0.00 0.00 0.00
van 0.00 0 0.00 530 51 570 71 0.00 0.00 0.00 0.00 0.00 0.00 0.00
truck 0.00 0 0.00 644 38 668 80 0.00 0.00 0.00 0.00 0.00 0.00 0.00
truck 0.00 0 0.00 680 86 700 118 0.00 0.00 0.00 0.00 0.00 0.00 0.00
truck 0.00 0 0.00 679 0 697 34 0.00 0.00 0.00 0.00 0.00 0.00 0.00
truck 0.00 0 0.00 698 0 718 26 0.00 0.00 0.00 0.00 0.00 0.00 0.00
car 0.00 0 0.00 700 22 710 33 0.00 0.00 0.00 0.00 0.00 0.00 0.00
car 0.00 0 0.00 712 126 732 145 0.00 0.00 0.00 0.00 0.00 0.00 0.00
motor 0.00 0 0.00 729 65 733 75 0.00 0.00 0.00 0.00 0.00 0.00 0.00
people 0.00 0 0.00 730 63 733 72 0.00 0.00 0.00 0.00 0.00 0.00 0.00
motor 0.00 0 0.00 720 220 727 238 0.00 0.00 0.00 0.00 0.00 0.00 0.00
people 0.00 0 0.00 720 216 728 235 0.00 0.00 0.00 0.00 0.00 0.00 0.00
car 0.00 0 0.00 709 107 729 125 0.00 0.00 0.00 0.00 0.00 0.00 0.00
car 0.00 0 0.00 706 92 726 110 0.00 0.00 0.00 0.00 0.00 0.00 0.00
car 0.00 0 0.00 709 82 724 96 0.00 0.00 0.00 0.00 0.00 0.00 0.00
car 0.00 0 0.00 685 72 701 86 0.00 0.00 0.00 0.00 0.00 0.00 0.00
car 0.00 0 0.00 685 61 700 75 0.00 0.00 0.00 0.00 0.00 0.00 0.00
van 0.00 0 0.00 710 68 727 87 0.00 0.00 0.00 0.00 0.00 0.00 0.00
car 0.00 0 0.00 706 63 721 77 0.00 0.00 0.00 0.00 0.00 0.00 0.00
car 0.00 0 0.00 708 51 722 64 0.00 0.00 0.00 0.00 0.00 0.00 0.00
car 0.00 0 0.00 706 43 717 54 0.00 0.00 0.00 0.00 0.00 0.00 0.00
car 0.00 0 0.00 704 34 717 48 0.00 0.00 0.00 0.00 0.00 0.00 0.00
car 0.00 0 0.00 706 28 719 41 0.00 0.00 0.00 0.00 0.00 0.00 0.00
van 0.00 0 0.00 684 49 699 65 0.00 0.00 0.00 0.00 0.00 0.00 0.00
car 0.00 0 0.00 679 44 693 57 0.00 0.00 0.00 0.00 0.00 0.00 0.00
van 0.00 0 0.00 680 35 694 48 0.00 0.00 0.00 0.00 0.00 0.00 0.00
car 0.00 0 0.00 683 30 695 43 0.00 0.00 0.00 0.00 0.00 0.00 0.00
van 0.00 0 0.00 1230 21 1258 35 0.00 0.00 0.00 0.00 0.00 0.00 0.00
car 0.00 0 0.00 1250 29 1280 41 0.00 0.00 0.00 0.00 0.00 0.00 0.00
car 0.00 0 0.00 1267 32 1295 44 0.00 0.00 0.00 0.00 0.00 0.00 0.00
bus 0.00 0 0.00 600 240 653 342 0.00 0.00 0.00 0.00 0.00 0.00 0.00
