people 0.00 0 0.00 1243 626 1279 681 0.00 0.00 0.00 0.00 0.00 0.00 0.00
pedestrian 0.00 0 0.00 1208 537 1260 628 0.00 0.00 0.00 0.00 0.00 0.00 0.00
pedestrian 0.00 0 0.00 1156 539 1191 638 0.00 0.00 0.00 0.00 0.00 0.00 0.00
pedestrian 0.00 0 0.00 1062 519 1104 625 0.00 0.00 0.00 0.00 0.00 0.00 0.00
pedestrian 0.00 0 0.00 991 561 1032 667 0.00 0.00 0.00 0.00 0.00 0.00 0.00
pedestrian 0.00 0 0.00 1015 497 1052 587 0.00 0.00 0.00 0.00 0.00 0.00 0.00
pedestrian 0.00 0 0.00 1037 457 1069 548 0.00 0.00 0.00 0.00 0.00 0.00 0.00
pedestrian 0.00 0 0.00 961 498 1001 591 0.00 0.00 0.00 0.00 0.00 0.00 0.00
people 0.00 0 0.00 964 499 981 539 0.00 0.00 0.00 0.00 0.00 0.00 0.00
pedestrian 0.00 0 0.00 828 444 873 545 0.00 0.00 0.00 0.00 0.00 0.00 0.00
pedestrian 0.00 0 0.00 425 437 468 501 0.00 0.00 0.00 0.00 0.00 0.00 0.00
bicycle 0.00 0 0.00 428 453 478 525 0.00 0.00 0.00 0.00 0.00 0.00 0.00
pedestrian 0.00 0 0.00 756 277 778 349 0.00 0.00 0.00 0.00 0.00 0.00 0.00
pedestrian 0.00 0 0.00 729 277 758 352 0.00 0.00 0.00 0.00 0.00 0.00 0.00
pedestrian 0.00 0 0.00 727 253 751 314 0.00 0.00 0.00 0.00 0.00 0.00 0.00
pedestrian 0.00 0 0.00 693 337 717 412 0.00 0.00 0.00 0.00 0.00 0.00 0.00
pedestrian 0.00 0 0.00 667 317 692 391 0.00 0.00 0.00 0.00 0.00 0.00 0.00
pedestrian 0.00 0 0.00 666 298 687 366 0.00 0.00 0.00 0.00 0.00 0.00 0.00
pedestrian 0.00 0 0.00 646 288 668 348 0.00 0.00 0.00 0.00 0.00 0.00 0.00
pedestrian 0.00 0 0.00 628 268 656 340 0.00 0.00 0.00 0.00 0.00 0.00 0.00
pedestrian 0.00 0 0.00 614 244 637 315 0.00 0.00 0.00 0.00 0.00 0.00 0.00
pedestrian 0.00 0 0.00 687 219 707 284 0.00 0.00 0.00 0.00 0.00 0.00 0.00
pedestrian 0.00 0 0.00 694 198 713 258 0.00 0.00 0.00 0.00 0.00 0.00 0.00
pedestrian 0.00 0 0.00 655 202 676 262 0.00 0.00 0.00 0.00 0.00 0.00 0.00
pedestrian 0.00 0 0.00 43 102 71 153 0.00 0.00 0.00 0.00 0.00 0.00 0.00
pedestrian 0.00 0 0.00 387 112 402 158 0.00 0.00 0.00 0.00 0.00 0.00 0.00
pedestrian 0.00 0 0.00 371 110 389 160 0.00 0.00 0.00 0.00 0.00 0.00 0.00
pedestrian 0.00 0 0.00 340 107 359 165 0.00 0.00 0.00 0.00 0.00 0.00 0.00
pedestrian 0.00 0 0.00 305 113 326 159 0.00 0.00 0.00 0.00 0.00 0.00 0.00
pedestrian 0.00 0 0.00 492 117 508 166 0.00 0.00 0.00 0.00 0.00 0.00 0.00
pedestrian 0.00 0 0.00 592 110 604 154 0.00 0.00 0.00 0.00 0.00 0.00 0.00
pedestrian 0.00 0 0.00 565 88 577 132 0.00 0.00 0.00 0.00 0.00 0.00 0.00
car 0.00 0 0.00 1224 247 1305 352 0.00 0.00 0.00 0.00 0.00 0.00 0.00
car 0.00 0 0.00 1134 248 1217 356 0.00 0.00 0.00 0.00 0.00 0.00 0.00
car 0.00 0 0.00 1053 227 1180 294 0.00 0.00 0.00 0.00 0.00 0.00 0.00
car 0.00 0 0.00 984 157 1096 221 0.00 0.00 0.00 0.00 0.00 0.00 0.00
car 0.00 0 0.00 897 153 985 217 0.00 0.00 0.00 0.00 0.00 0.00 0.00
truck 0.00 0 0.00 802 69 910 164 0.00 0.00 0.00 0.00 0.00 0.00 0.00
car 0.00 0 0.00 757 83 797 134 0.00 0.00 0.00 0.00 0.00 0.00 0.00
car 0.00 0 0.00 647 74 724 113 0.00 0.00 0.00 0.00 0.00 0.00 0.00
car 0.00 0 0.00 607 64 685 95 0.00 0.00 0.00 0.00 0.00 0.00 0.00
car 0.00 0 0.00 970 105 1057 168 0.00 0.00 0.00 0.00 0.00 0.00 0.00
car 0.00 0 0.00 1175 126 1278 174 0.00 0.00 0.00 0.00 0.00 0.00 0.00
car 0.00 0 0.00 1291 152 1360 201 0.00 0.00 0.00 0.00 0.00 0.00 0.00
car 0.00 0 0.00 1287 120 1360 159 0.00 0.00 0.00 0.00 0.00 0.00 0.00
car 0.00 0 0.00 1189 89 1275 131 0.00 0.00 0.00 0.00 0.00 0.00 0.00
van 0.00 0 0.00 1057 97 1157 147 0.00 0.00 0.00 0.00 0.00 0.00 0.00
car 0.00 0 0.00 989 69 1036 104 0.00 0.00 0.00 0.00 0.00 0.00 0.00
car 0.00 0 0.00 951 89 1032 127 0.00 0.00 0.00 0.00 0.00 0.00 0.00
car 0.00 0 0.00 1059 69 1145 97 0.00 0.00 0.00 0.00 0.00 0.00 0.00
car 0.00 0 0.00 1027 63 1102 90 0.00 0.00 0.00 0.00 0.00 0.00 0.00
car 0.00 0 0.00 904 58 968 90 0.00 0.00 0.00 0.00 0.00 0.00 0.00
car 0.00 0 0.00 894 81 951 130 0.00 0.00 0.00 0.00 0.00 0.00 0.00
car 0.00 0 0.00 868 36 941 67 0.00 0.00 0.00 0.00 0.00 0.00 0.00
car 0.00 0 0.00 898 20 966 47 0.00 0.00 0.00 0.00 0.00 0.00 0.00
car 0.00 0 0.00 839 14 887 45 0.00 0.00 0.00 0.00 0.00 0.00 0.00
car 0.00 0 0.00 641 24 696 61 0.00 0.00 0.00 0.00 0.00 0.00 0.00
car 0.00 0 0.00 607 49 673 76 0.00 0.00 0.00 0.00 0.00 0.00 0.00
car 0.00 0 0.00 689 1 731 30 0.00 0.00 0.00 0.00 0.00 0.00 0.00
car 0.00 0 0.00 653 6 701 39 0.00 0.00 0.00 0.00 0.00 0.00 0.00
pedestrian 0.00 0 0.00 547 174 566 233 0.00 0.00 0.00 0.00 0.00 0.00 0.00
pedestrian 0.00 0 0.00 517 170 533 227 0.00 0.00 0.00 0.00 0.00 0.00 0.00
pedestrian 0.00 0 0.00 482 168 499 226 0.00 0.00 0.00 0.00 0.00 0.00 0.00
pedestrian 0.00 0 0.00 457 170 474 228 0.00 0.00 0.00 0.00 0.00 0.00 0.00
pedestrian 0.00 0 0.00 425 169 445 229 0.00 0.00 0.00 0.00 0.00 0.00 0.00
pedestrian 0.00 0 0.00 395 170 412 227 0.00 0.00 0.00 0.00 0.00 0.00 0.00
pedestrian 0.00 0 0.00 332 176 347 228 0.00 0.00 0.00 0.00 0.00 0.00 0.00
pedestrian 0.00 0 0.00 296 178 317 238 0.00 0.00 0.00 0.00 0.00 0.00 0.00
pedestrian 0.00 0 0.00 258 183 275 237 0.00 0.00 0.00 0.00 0.00 0.00 0.00
pedestrian 0.00 0 0.00 228 183 247 244 0.00 0.00 0.00 0.00 0.00 0.00 0.00
pedestrian 0.00 0 0.00 194 185 211 246 0.00 0.00 0.00 0.00 0.00 0.00 0.00
pedestrian 0.00 0 0.00 152 194 171 249 0.00 0.00 0.00 0.00 0.00 0.00 0.00
pedestrian 0.00 0 0.00 122 193 142 252 0.00 0.00 0.00 0.00 0.00 0.00 0.00
pedestrian 0.00 0 0.00 91 199 115 258 0.00 0.00 0.00 0.00 0.00 0.00 0.00
pedestrian 0.00 0 0.00 45 200 68 260 0.00 0.00 0.00 0.00 0.00 0.00 0.00
pedestrian 0.00 0 0.00 12 177 40 244 0.00 0.00 0.00 0.00 0.00 0.00 0.00
pedestrian 0.00 0 0.00 581 182 598 238 0.00 0.00 0.00 0.00 0.00 0.00 0.00
pedestrian 0.00 0 0.00 606 184 617 237 0.00 0.00 0.00 0.00 0.00 0.00 0.00
pedestrian 0.00 0 0.00 623 177 637 229 0.00 0.00 0.00 0.00 0.00 0.00 0.00
pedestrian 0.00 0 0.00 637 166 654 225 0.00 0.00 0.00 0.00 0.00 0.00 0.00
pedestrian 0.00 0 0.00 671 168 687 223 0.00 0.00 0.00 0.00 0.00 0.00 0.00
pedestrian 0.00 0 0.00 577 161 594 222 0.00 0.00 0.00 0.00 0.00 0.00 0.00
pedestrian 0.00 0 0.00 552 156 564 213 0.00 0.00 0.00 0.00 0.00 0.00 0.00
pedestrian 0.00 0 0.00 517 153 530 217 0.00 0.00 0.00 0.00 0.00 0.00 0.00
pedestrian 0.00 0 0.00 462 150 476 212 0.00 0.00 0.00 0.00 0.00 0.00 0.00
pedestrian 0.00 0 0.00 434 151 451 214 0.00 0.00 0.00 0.00 0.00 0.00 0.00
pedestrian 0.00 0 0.00 410 129 427 187 0.00 0.00 0.00 0.00 0.00 0.00 0.00
pedestrian 0.00 0 0.00 161 173 181 230 0.00 0.00 0.00 0.00 0.00 0.00 0.00
pedestrian 0.00 0 0.00 192 172 211 233 0.00 0.00 0.00 0.00 0.00 0.00 0.00
pedestrian 0.00 0 0.00 227 160 247 228 0.00 0.00 0.00 0.00 0.00 0.00 0.00
pedestrian 0.00 0 0.00 267 164 283 219 0.00 0.00 0.00 0.00 0.00 0.00 0.00
pedestrian 0.00 0 0.00 306 165 324 218 0.00 0.00 0.00 0.00 0.00 0.00 0.00
pedestrian 0.00 0 0.00 66 179 87 239 0.00 0.00 0.00 0.00 0.00 0.00 0.00
pedestrian 0.00 0 0.00 53 143 76 195 0.00 0.00 0.00 0.00 0.00 0.00 0.00
pedestrian 0.00 0 0.00 28 144 47 195 0.00 0.00 0.00 0.00 0.00 0.00 0.00
pedestrian 0.00 0 0.00 108 175 130 233 0.00 0.00 0.00 0.00 0.00 0.00 0.00
car 0.00 0 0.00 759 0 807 29 0.00 0.00 0.00 0.00 0.00 0.00 0.00
car 0.00 0 0.00 799 8 830 41 0.00 0.00 0.00 0.00 0.00 0.00 0.00
car 0.00 0 0.00 1292 313 1360 407 0.00 0.00 0.00 0.00 0.00 0.00 0.00
pedestrian 0.00 0 0.00 774 110 791 151 0.00 0.00 0.00 0.00 0.00 0.00 0.00
bicycle 0.00 0 0.00 919 206 958 248 0.00 0.00 0.00 0.00 0.00 0.00 0.00
