car 0.00 0 0.00 399 1022 822 1080 0.00 0.00 0.00 0.00 0.00 0.00 0.00
bicycle 0.00 0 0.00 48 830 155 966 0.00 0.00 0.00 0.00 0.00 0.00 0.00
car 0.00 0 0.00 343 655 532 805 0.00 0.00 0.00 0.00 0.00 0.00 0.00
awning-tricycle 0.00 0 0.00 568 605 626 711 0.00 0.00 0.00 0.00 0.00 0.00 0.00
people 0.00 0 0.00 696 608 718 661 0.00 0.00 0.00 0.00 0.00 0.00 0.00
bicycle 0.00 0 0.00 695 628 721 672 0.00 0.00 0.00 0.00 0.00 0.00 0.00
bus 0.00 0 0.00 724 542 870 592 0.00 0.00 0.00 0.00 0.00 0.00 0.00
truck 0.00 0 0.00 791 570 836 605 0.00 0.00 0.00 0.00 0.00 0.00 0.00
car 0.00 0 0.00 794 585 835 624 0.00 0.00 0.00 0.00 0.00 0.00 0.00
car 0.00 0 0.00 797 594 838 625 0.00 0.00 0.00 0.00 0.00 0.00 0.00
car 0.00 0 0.00 776 605 836 638 0.00 0.00 0.00 0.00 0.00 0.00 0.00
car 0.00 0 0.00 774 621 832 654 0.00 0.00 0.00 0.00 0.00 0.00 0.00
car 0.00 0 0.00 775 632 857 689 0.00 0.00 0.00 0.00 0.00 0.00 0.00
car 0.00 0 0.00 749 650 842 708 0.00 0.00 0.00 0.00 0.00 0.00 0.00
car 0.00 0 0.00 738 675 853 745 0.00 0.00 0.00 0.00 0.00 0.00 0.00
car 0.00 0 0.00 703 723 850 861 0.00 0.00 0.00 0.00 0.00 0.00 0.00
van 0.00 0 0.00 338 652 531 802 0.00 0.00 0.00 0.00 0.00 0.00 0.00
awning-tricycle 0.00 0 0.00 569 612 629 712 0.00 0.00 0.00 0.00 0.00 0.00 0.00
bus 0.00 0 0.00 734 545 871 594 0.00 0.00 0.00 0.00 0.00 0.00 0.00
people 0.00 0 0.00 699 608 719 647 0.00 0.00 0.00 0.00 0.00 0.00 0.00
bicycle 0.00 0 0.00 694 630 719 673 0.00 0.00 0.00 0.00 0.00 0.00 0.00
van 0.00 0 0.00 855 573 895 611 0.00 0.00 0.00 0.00 0.00 0.00 0.00
car 0.00 0 0.00 862 594 908 622 0.00 0.00 0.00 0.00 0.00 0.00 0.00
car 0.00 0 0.00 876 621 953 681 0.00 0.00 0.00 0.00 0.00 0.00 0.00
car 0.00 0 0.00 405 1024 815 1080 0.00 0.00 0.00 0.00 0.00 0.00 0.00
car 0.00 0 0.00 891 672 1038 803 0.00 0.00 0.00 0.00 0.00 0.00 0.00
car 0.00 0 0.00 900 819 1185 1066 0.00 0.00 0.00 0.00 0.00 0.00 0.00
car 0.00 0 0.00 1175 767 1488 962 0.00 0.00 0.00 0.00 0.00 0.00 0.00
pedestrian 0.00 0 0.00 1127 689 1176 827 0.00 0.00 0.00 0.00 0.00 0.00 0.00
pedestrian 0.00 0 0.00 1100 687 1135 802 0.00 0.00 0.00 0.00 0.00 0.00 0.00
pedestrian 0.00 0 0.00 1062 674 1095 799 0.00 0.00 0.00 0.00 0.00 0.00 0.00
pedestrian 0.00 0 0.00 1082 674 1108 801 0.00 0.00 0.00 0.00 0.00 0.00 0.00
people 0.00 0 0.00 1047 630 1078 675 0.00 0.00 0.00 0.00 0.00 0.00 0.00
bicycle 0.00 0 0.00 1052 663 1071 703 0.00 0.00 0.00 0.00 0.00 0.00 0.00
people 0.00 0 0.00 913 577 926 605 0.00 0.00 0.00 0.00 0.00 0.00 0.00
bicycle 0.00 0 0.00 916 590 927 609 0.00 0.00 0.00 0.00 0.00 0.00 0.00
people 0.00 0 0.00 932 580 944 609 0.00 0.00 0.00 0.00 0.00 0.00 0.00
bicycle 0.00 0 0.00 932 591 942 612 0.00 0.00 0.00 0.00 0.00 0.00 0.00
people 0.00 0 0.00 944 585 957 614 0.00 0.00 0.00 0.00 0.00 0.00 0.00
bicycle 0.00 0 0.00 946 601 957 620 0.00 0.00 0.00 0.00 0.00 0.00 0.00
people 0.00 0 0.00 964 590 977 624 0.00 0.00 0.00 0.00 0.00 0.00 0.00
people 0.00 0 0.00 963 600 980 633 0.00 0.00 0.00 0.00 0.00 0.00 0.00
bicycle 0.00 0 0.00 963 623 979 646 0.00 0.00 0.00 0.00 0.00 0.00 0.00
people 0.00 0 0.00 981 602 994 634 0.00 0.00 0.00 0.00 0.00 0.00 0.00
bicycle 0.00 0 0.00 982 624 990 648 0.00 0.00 0.00 0.00 0.00 0.00 0.00
people 0.00 0 0.00 986 605 1007 655 0.00 0.00 0.00 0.00 0.00 0.00 0.00
bicycle 0.00 0 0.00 987 630 1004 664 0.00 0.00 0.00 0.00 0.00 0.00 0.00
people 0.00 0 0.00 1014 620 1037 667 0.00 0.00 0.00 0.00 0.00 0.00 0.00
bicycle 0.00 0 0.00 1016 652 1035 688 0.00 0.00 0.00 0.00 0.00 0.00 0.00
car 0.00 0 0.00 1138 665 1348 777 0.00 0.00 0.00 0.00 0.00 0.00 0.00
people 0.00 0 0.00 1282 678 1325 769 0.00 0.00 0.00 0.00 0.00 0.00 0.00
awning-tricycle 0.00 0 0.00 1605 770 1863 1026 0.00 0.00 0.00 0.00 0.00 0.00 0.00
car 0.00 0 0.00 1354 687 1667 804 0.00 0.00 0.00 0.00 0.00 0.00 0.00
car 0.00 0 0.00 1364 666 1606 740 0.00 0.00 0.00 0.00 0.00 0.00 0.00
car 0.00 0 0.00 1685 686 1920 783 0.00 0.00 0.00 0.00 0.00 0.00 0.00
car 0.00 0 0.00 1622 676 1877 757 0.00 0.00 0.00 0.00 0.00 0.00 0.00
van 0.00 0 0.00 1572 617 1719 689 0.00 0.00 0.00 0.00 0.00 0.00 0.00
car 0.00 0 0.00 1519 626 1631 678 0.00 0.00 0.00 0.00 0.00 0.00 0.00
car 0.00 0 0.00 1468 624 1594 668 0.00 0.00 0.00 0.00 0.00 0.00 0.00
car 0.00 0 0.00 1422 614 1543 654 0.00 0.00 0.00 0.00 0.00 0.00 0.00
car 0.00 0 0.00 1387 612 1488 655 0.00 0.00 0.00 0.00 0.00 0.00 0.00
van 0.00 0 0.00 1281 581 1360 631 0.00 0.00 0.00 0.00 0.00 0.00 0.00
car 0.00 0 0.00 1691 611 1789 667 0.00 0.00 0.00 0.00 0.00 0.00 0.00
car 0.00 0 0.00 1410 580 1477 620 0.00 0.00 0.00 0.00 0.00 0.00 0.00
