car 0.00 0 0.00 737 344 828 463 0.00 0.00 0.00 0.00 0.00 0.00 0.00
car 0.00 0 0.00 138 398 314 482 0.00 0.00 0.00 0.00 0.00 0.00 0.00
truck 0.00 0 0.00 835 246 1051 353 0.00 0.00 0.00 0.00 0.00 0.00 0.00
truck 0.00 0 0.00 1037 544 1324 673 0.00 0.00 0.00 0.00 0.00 0.00 0.00
pedestrian 0.00 0 0.00 1019 628 1051 691 0.00 0.00 0.00 0.00 0.00 0.00 0.00
pedestrian 0.00 0 0.00 482 227 514 276 0.00 0.00 0.00 0.00 0.00 0.00 0.00
pedestrian 0.00 0 0.00 349 327 379 377 0.00 0.00 0.00 0.00 0.00 0.00 0.00
pedestrian 0.00 0 0.00 420 320 451 369 0.00 0.00 0.00 0.00 0.00 0.00 0.00
pedestrian 0.00 0 0.00 412 311 440 358 0.00 0.00 0.00 0.00 0.00 0.00 0.00
pedestrian 0.00 0 0.00 401 296 434 352 0.00 0.00 0.00 0.00 0.00 0.00 0.00
pedestrian 0.00 0 0.00 369 297 401 351 0.00 0.00 0.00 0.00 0.00 0.00 0.00
car 0.00 0 0.00 271 260 427 334 0.00 0.00 0.00 0.00 0.00 0.00 0.00
pedestrian 0.00 0 0.00 303 236 328 276 0.00 0.00 0.00 0.00 0.00 0.00 0.00
tricycle 0.00 0 0.00 4 223 110 352 0.00 0.00 0.00 0.00 0.00 0.00 0.00
car 0.00 0 0.00 564 85 616 154 0.00 0.00 0.00 0.00 0.00 0.00 0.00
motor 0.00 0 0.00 547 140 567 185 0.00 0.00 0.00 0.00 0.00 0.00 0.00
car 0.00 0 0.00 580 0 638 44 0.00 0.00 0.00 0.00 0.00 0.00 0.00
car 0.00 0 0.00 793 21 842 84 0.00 0.00 0.00 0.00 0.00 0.00 0.00
truck 0.00 0 0.00 709 0 770 52 0.00 0.00 0.00 0.00 0.00 0.00 0.00
truck 0.00 0 0.00 1018 160 1233 238 0.00 0.00 0.00 0.00 0.00 0.00 0.00
truck 0.00 0 0.00 821 165 1010 252 0.00 0.00 0.00 0.00 0.00 0.00 0.00
tricycle 0.00 0 0.00 97 597 264 751 0.00 0.00 0.00 0.00 0.00 0.00 0.00
tricycle 0.00 0 0.00 185 634 358 763 0.00 0.00 0.00 0.00 0.00 0.00 0.00
bicycle 0.00 0 0.00 378 134 417 159 0.00 0.00 0.00 0.00 0.00 0.00 0.00
awning-tricycle 0.00 0 0.00 1141 694 1224 765 0.00 0.00 0.00 0.00 0.00 0.00 0.00
