car 0.00 0 0.00 827 586 916 695 0.00 0.00 0.00 0.00 0.00 0.00 0.00
car 0.00 0 0.00 810 481 875 548 0.00 0.00 0.00 0.00 0.00 0.00 0.00
truck 0.00 0 0.00 772 348 834 426 0.00 0.00 0.00 0.00 0.00 0.00 0.00
car 0.00 0 0.00 1011 615 1130 705 0.00 0.00 0.00 0.00 0.00 0.00 0.00
truck 0.00 0 0.00 1106 492 1222 596 0.00 0.00 0.00 0.00 0.00 0.00 0.00
car 0.00 0 0.00 1008 403 1079 463 0.00 0.00 0.00 0.00 0.00 0.00 0.00
motor 0.00 0 0.00 217 566 244 611 0.00 0.00 0.00 0.00 0.00 0.00 0.00
people 0.00 0 0.00 217 555 242 593 0.00 0.00 0.00 0.00 0.00 0.00 0.00
car 0.00 0 0.00 176 449 254 514 0.00 0.00 0.00 0.00 0.00 0.00 0.00
car 0.00 0 0.00 294 346 353 392 0.00 0.00 0.00 0.00 0.00 0.00 0.00
car 0.00 0 0.00 203 328 297 362 0.00 0.00 0.00 0.00 0.00 0.00 0.00
car 0.00 0 0.00 183 290 236 326 0.00 0.00 0.00 0.00 0.00 0.00 0.00
car 0.00 0 0.00 403 263 440 291 0.00 0.00 0.00 0.00 0.00 0.00 0.00
truck 0.00 0 0.00 256 249 296 283 0.00 0.00 0.00 0.00 0.00 0.00 0.00
van 0.00 0 0.00 335 229 397 260 0.00 0.00 0.00 0.00 0.00 0.00 0.00
pedestrian 0.00 0 0.00 382 302 392 332 0.00 0.00 0.00 0.00 0.00 0.00 0.00
people 0.00 0 0.00 386 302 392 316 0.00 0.00 0.00 0.00 0.00 0.00 0.00
pedestrian 0.00 0 0.00 1 297 17 328 0.00 0.00 0.00 0.00 0.00 0.00 0.00
motor 0.00 0 0.00 74 269 98 291 0.00 0.00 0.00 0.00 0.00 0.00 0.00
pedestrian 0.00 0 0.00 212 254 222 279 0.00 0.00 0.00 0.00 0.00 0.00 0.00
pedestrian 0.00 0 0.00 223 254 235 279 0.00 0.00 0.00 0.00 0.00 0.00 0.00
pedestrian 0.00 0 0.00 167 222 178 245 0.00 0.00 0.00 0.00 0.00 0.00 0.00
people 0.00 0 0.00 206 229 216 246 0.00 0.00 0.00 0.00 0.00 0.00 0.00
pedestrian 0.00 0 0.00 216 223 227 246 0.00 0.00 0.00 0.00 0.00 0.00 0.00
motor 0.00 0 0.00 247 212 257 227 0.00 0.00 0.00 0.00 0.00 0.00 0.00
pedestrian 0.00 0 0.00 417 247 427 266 0.00 0.00 0.00 0.00 0.00 0.00 0.00
pedestrian 0.00 0 0.00 427 244 435 267 0.00 0.00 0.00 0.00 0.00 0.00 0.00
pedestrian 0.00 0 0.00 434 241 441 261 0.00 0.00 0.00 0.00 0.00 0.00 0.00
pedestrian 0.00 0 0.00 428 239 436 258 0.00 0.00 0.00 0.00 0.00 0.00 0.00
van 0.00 0 0.00 441 216 469 246 0.00 0.00 0.00 0.00 0.00 0.00 0.00
car 0.00 0 0.00 342 190 371 210 0.00 0.00 0.00 0.00 0.00 0.00 0.00
motor 0.00 0 0.00 300 184 313 196 0.00 0.00 0.00 0.00 0.00 0.00 0.00
van 0.00 0 0.00 318 167 344 190 0.00 0.00 0.00 0.00 0.00 0.00 0.00
motor 0.00 0 0.00 354 160 365 171 0.00 0.00 0.00 0.00 0.00 0.00 0.00
car 0.00 0 0.00 761 293 794 324 0.00 0.00 0.00 0.00 0.00 0.00 0.00
tricycle 0.00 0 0.00 757 258 773 280 0.00 0.00 0.00 0.00 0.00 0.00 0.00
people 0.00 0 0.00 762 258 771 270 0.00 0.00 0.00 0.00 0.00 0.00 0.00
pedestrian 0.00 0 0.00 922 316 932 340 0.00 0.00 0.00 0.00 0.00 0.00 0.00
car 0.00 0 0.00 983 315 1055 355 0.00 0.00 0.00 0.00 0.00 0.00 0.00
bicycle 0.00 0 0.00 939 322 964 341 0.00 0.00 0.00 0.00 0.00 0.00 0.00
pedestrian 0.00 0 0.00 946 315 960 337 0.00 0.00 0.00 0.00 0.00 0.00 0.00
truck 0.00 0 0.00 931 271 979 326 0.00 0.00 0.00 0.00 0.00 0.00 0.00
car 0.00 0 0.00 889 288 922 322 0.00 0.00 0.00 0.00 0.00 0.00 0.00
van 0.00 0 0.00 975 232 1007 259 0.00 0.00 0.00 0.00 0.00 0.00 0.00
van 0.00 0 0.00 862 249 893 279 0.00 0.00 0.00 0.00 0.00 0.00 0.00
pedestrian 0.00 0 0.00 844 248 854 269 0.00 0.00 0.00 0.00 0.00 0.00 0.00
pedestrian 0.00 0 0.00 854 249 862 270 0.00 0.00 0.00 0.00 0.00 0.00 0.00
pedestrian 0.00 0 0.00 854 245 862 264 0.00 0.00 0.00 0.00 0.00 0.00 0.00
van 0.00 0 0.00 846 225 870 252 0.00 0.00 0.00 0.00 0.00 0.00 0.00
car 0.00 0 0.00 841 212 870 232 0.00 0.00 0.00 0.00 0.00 0.00 0.00
car 0.00 0 0.00 818 194 844 217 0.00 0.00 0.00 0.00 0.00 0.00 0.00
car 0.00 0 0.00 739 213 763 233 0.00 0.00 0.00 0.00 0.00 0.00 0.00
awning-tricycle 0.00 0 0.00 717 209 732 233 0.00 0.00 0.00 0.00 0.00 0.00 0.00
people 0.00 0 0.00 720 207 728 221 0.00 0.00 0.00 0.00 0.00 0.00 0.00
motor 0.00 0 0.00 589 213 597 227 0.00 0.00 0.00 0.00 0.00 0.00 0.00
motor 0.00 0 0.00 622 175 629 188 0.00 0.00 0.00 0.00 0.00 0.00 0.00
people 0.00 0 0.00 589 208 596 223 0.00 0.00 0.00 0.00 0.00 0.00 0.00
people 0.00 0 0.00 621 171 628 183 0.00 0.00 0.00 0.00 0.00 0.00 0.00
car 0.00 0 0.00 643 141 658 156 0.00 0.00 0.00 0.00 0.00 0.00 0.00
car 0.00 0 0.00 569 149 602 163 0.00 0.00 0.00 0.00 0.00 0.00 0.00
car 0.00 0 0.00 648 114 660 126 0.00 0.00 0.00 0.00 0.00 0.00 0.00
car 0.00 0 0.00 447 134 479 149 0.00 0.00 0.00 0.00 0.00 0.00 0.00
car 0.00 0 0.00 453 133 483 146 0.00 0.00 0.00 0.00 0.00 0.00 0.00
car 0.00 0 0.00 455 131 485 142 0.00 0.00 0.00 0.00 0.00 0.00 0.00
car 0.00 0 0.00 460 129 492 139 0.00 0.00 0.00 0.00 0.00 0.00 0.00
van 0.00 0 0.00 463 122 495 136 0.00 0.00 0.00 0.00 0.00 0.00 0.00
car 0.00 0 0.00 468 121 497 135 0.00 0.00 0.00 0.00 0.00 0.00 0.00
van 0.00 0 0.00 454 109 479 122 0.00 0.00 0.00 0.00 0.00 0.00 0.00
car 0.00 0 0.00 621 100 632 110 0.00 0.00 0.00 0.00 0.00 0.00 0.00
van 0.00 0 0.00 674 99 684 112 0.00 0.00 0.00 0.00 0.00 0.00 0.00
van 0.00 0 0.00 655 90 665 103 0.00 0.00 0.00 0.00 0.00 0.00 0.00
pedestrian 0.00 0 0.00 823 149 827 161 0.00 0.00 0.00 0.00 0.00 0.00 0.00
van 0.00 0 0.00 815 96 842 111 0.00 0.00 0.00 0.00 0.00 0.00 0.00
van 0.00 0 0.00 810 85 822 98 0.00 0.00 0.00 0.00 0.00 0.00 0.00
van 0.00 0 0.00 825 84 838 97 0.00 0.00 0.00 0.00 0.00 0.00 0.00
van 0.00 0 0.00 795 83 816 94 0.00 0.00 0.00 0.00 0.00 0.00 0.00
car 0.00 0 0.00 511 101 532 110 0.00 0.00 0.00 0.00 0.00 0.00 0.00
car 0.00 0 0.00 575 100 587 110 0.00 0.00 0.00 0.00 0.00 0.00 0.00
car 0.00 0 0.00 514 98 538 107 0.00 0.00 0.00 0.00 0.00 0.00 0.00
car 0.00 0 0.00 589 89 597 96 0.00 0.00 0.00 0.00 0.00 0.00 0.00
car 0.00 0 0.00 524 89 534 99 0.00 0.00 0.00 0.00 0.00 0.00 0.00
car 0.00 0 0.00 530 93 541 102 0.00 0.00 0.00 0.00 0.00 0.00 0.00
motor 0.00 0 0.00 722 139 727 149 0.00 0.00 0.00 0.00 0.00 0.00 0.00
people 0.00 0 0.00 722 137 727 146 0.00 0.00 0.00 0.00 0.00 0.00 0.00
car 0.00 0 0.00 696 96 705 104 0.00 0.00 0.00 0.00 0.00 0.00 0.00
truck 0.00 0 0.00 597 76 607 89 0.00 0.00 0.00 0.00 0.00 0.00 0.00
