car 0.00 0 0.00 720 615 745 669 0.00 0.00 0.00 0.00 0.00 0.00 0.00
car 0.00 0 0.00 677 612 699 663 0.00 0.00 0.00 0.00 0.00 0.00 0.00
car 0.00 0 0.00 773 525 795 579 0.00 0.00 0.00 0.00 0.00 0.00 0.00
pedestrian 0.00 0 0.00 895 581 907 589 0.00 0.00 0.00 0.00 0.00 0.00 0.00
pedestrian 0.00 0 0.00 874 585 881 593 0.00 0.00 0.00 0.00 0.00 0.00 0.00
pedestrian 0.00 0 0.00 866 588 873 595 0.00 0.00 0.00 0.00 0.00 0.00 0.00
car 0.00 0 0.00 813 692 865 717 0.00 0.00 0.00 0.00 0.00 0.00 0.00
pedestrian 0.00 0 0.00 832 726 838 736 0.00 0.00 0.00 0.00 0.00 0.00 0.00
pedestrian 0.00 0 0.00 837 725 842 734 0.00 0.00 0.00 0.00 0.00 0.00 0.00
motor 0.00 0 0.00 573 739 590 753 0.00 0.00 0.00 0.00 0.00 0.00 0.00
motor 0.00 0 0.00 579 728 598 738 0.00 0.00 0.00 0.00 0.00 0.00 0.00
motor 0.00 0 0.00 561 729 577 737 0.00 0.00 0.00 0.00 0.00 0.00 0.00
motor 0.00 0 0.00 562 716 578 726 0.00 0.00 0.00 0.00 0.00 0.00 0.00
motor 0.00 0 0.00 666 636 674 659 0.00 0.00 0.00 0.00 0.00 0.00 0.00
people 0.00 0 0.00 666 643 675 653 0.00 0.00 0.00 0.00 0.00 0.00 0.00
motor 0.00 0 0.00 668 562 676 580 0.00 0.00 0.00 0.00 0.00 0.00 0.00
motor 0.00 0 0.00 757 572 767 593 0.00 0.00 0.00 0.00 0.00 0.00 0.00
people 0.00 0 0.00 757 578 767 588 0.00 0.00 0.00 0.00 0.00 0.00 0.00
people 0.00 0 0.00 668 566 676 576 0.00 0.00 0.00 0.00 0.00 0.00 0.00
pedestrian 0.00 0 0.00 662 607 670 616 0.00 0.00 0.00 0.00 0.00 0.00 0.00
car 0.00 0 0.00 676 488 700 540 0.00 0.00 0.00 0.00 0.00 0.00 0.00
car 0.00 0 0.00 636 488 660 540 0.00 0.00 0.00 0.00 0.00 0.00 0.00
car 0.00 0 0.00 563 466 613 496 0.00 0.00 0.00 0.00 0.00 0.00 0.00
motor 0.00 0 0.00 548 468 561 482 0.00 0.00 0.00 0.00 0.00 0.00 0.00
car 0.00 0 0.00 563 416 616 453 0.00 0.00 0.00 0.00 0.00 0.00 0.00
pedestrian 0.00 0 0.00 556 429 564 439 0.00 0.00 0.00 0.00 0.00 0.00 0.00
pedestrian 0.00 0 0.00 547 440 555 452 0.00 0.00 0.00 0.00 0.00 0.00 0.00
pedestrian 0.00 0 0.00 539 398 547 404 0.00 0.00 0.00 0.00 0.00 0.00 0.00
pedestrian 0.00 0 0.00 545 385 553 394 0.00 0.00 0.00 0.00 0.00 0.00 0.00
pedestrian 0.00 0 0.00 551 377 558 384 0.00 0.00 0.00 0.00 0.00 0.00 0.00
car 0.00 0 0.00 554 377 600 408 0.00 0.00 0.00 0.00 0.00 0.00 0.00
motor 0.00 0 0.00 567 365 583 373 0.00 0.00 0.00 0.00 0.00 0.00 0.00
motor 0.00 0 0.00 570 356 586 363 0.00 0.00 0.00 0.00 0.00 0.00 0.00
motor 0.00 0 0.00 567 345 586 353 0.00 0.00 0.00 0.00 0.00 0.00 0.00
motor 0.00 0 0.00 572 337 589 346 0.00 0.00 0.00 0.00 0.00 0.00 0.00
motor 0.00 0 0.00 642 354 650 370 0.00 0.00 0.00 0.00 0.00 0.00 0.00
motor 0.00 0 0.00 745 375 753 394 0.00 0.00 0.00 0.00 0.00 0.00 0.00
motor 0.00 0 0.00 734 303 742 318 0.00 0.00 0.00 0.00 0.00 0.00 0.00
people 0.00 0 0.00 641 356 651 366 0.00 0.00 0.00 0.00 0.00 0.00 0.00
people 0.00 0 0.00 745 379 754 391 0.00 0.00 0.00 0.00 0.00 0.00 0.00
people 0.00 0 0.00 734 306 742 317 0.00 0.00 0.00 0.00 0.00 0.00 0.00
pedestrian 0.00 0 0.00 615 323 624 335 0.00 0.00 0.00 0.00 0.00 0.00 0.00
pedestrian 0.00 0 0.00 609 326 615 337 0.00 0.00 0.00 0.00 0.00 0.00 0.00
pedestrian 0.00 0 0.00 612 303 617 309 0.00 0.00 0.00 0.00 0.00 0.00 0.00
car 0.00 0 0.00 658 284 682 330 0.00 0.00 0.00 0.00 0.00 0.00 0.00
car 0.00 0 0.00 703 407 727 459 0.00 0.00 0.00 0.00 0.00 0.00 0.00
motor 0.00 0 0.00 579 276 596 284 0.00 0.00 0.00 0.00 0.00 0.00 0.00
motor 0.00 0 0.00 640 216 648 233 0.00 0.00 0.00 0.00 0.00 0.00 0.00
people 0.00 0 0.00 640 219 648 228 0.00 0.00 0.00 0.00 0.00 0.00 0.00
people 0.00 0 0.00 715 207 725 217 0.00 0.00 0.00 0.00 0.00 0.00 0.00
motor 0.00 0 0.00 716 201 724 217 0.00 0.00 0.00 0.00 0.00 0.00 0.00
car 0.00 0 0.00 733 183 756 231 0.00 0.00 0.00 0.00 0.00 0.00 0.00
pedestrian 0.00 0 0.00 595 190 603 199 0.00 0.00 0.00 0.00 0.00 0.00 0.00
pedestrian 0.00 0 0.00 477 185 485 195 0.00 0.00 0.00 0.00 0.00 0.00 0.00
pedestrian 0.00 0 0.00 468 176 478 187 0.00 0.00 0.00 0.00 0.00 0.00 0.00
pedestrian 0.00 0 0.00 513 179 521 190 0.00 0.00 0.00 0.00 0.00 0.00 0.00
pedestrian 0.00 0 0.00 514 172 521 180 0.00 0.00 0.00 0.00 0.00 0.00 0.00
pedestrian 0.00 0 0.00 403 156 414 165 0.00 0.00 0.00 0.00 0.00 0.00 0.00
car 0.00 0 0.00 390 200 439 227 0.00 0.00 0.00 0.00 0.00 0.00 0.00
car 0.00 0 0.00 307 232 340 269 0.00 0.00 0.00 0.00 0.00 0.00 0.00
car 0.00 0 0.00 248 224 296 266 0.00 0.00 0.00 0.00 0.00 0.00 0.00
car 0.00 0 0.00 211 231 255 273 0.00 0.00 0.00 0.00 0.00 0.00 0.00
car 0.00 0 0.00 124 243 150 291 0.00 0.00 0.00 0.00 0.00 0.00 0.00
pedestrian 0.00 0 0.00 241 207 253 216 0.00 0.00 0.00 0.00 0.00 0.00 0.00
pedestrian 0.00 0 0.00 241 202 251 210 0.00 0.00 0.00 0.00 0.00 0.00 0.00
car 0.00 0 0.00 140 225 151 236 0.00 0.00 0.00 0.00 0.00 0.00 0.00
motor 0.00 0 0.00 215 152 231 166 0.00 0.00 0.00 0.00 0.00 0.00 0.00
car 0.00 0 0.00 159 141 205 173 0.00 0.00 0.00 0.00 0.00 0.00 0.00
motor 0.00 0 0.00 149 140 169 151 0.00 0.00 0.00 0.00 0.00 0.00 0.00
car 0.00 0 0.00 162 119 203 141 0.00 0.00 0.00 0.00 0.00 0.00 0.00
motor 0.00 0 0.00 176 102 196 111 0.00 0.00 0.00 0.00 0.00 0.00 0.00
tricycle 0.00 0 0.00 104 145 132 160 0.00 0.00 0.00 0.00 0.00 0.00 0.00
motor 0.00 0 0.00 93 151 106 168 0.00 0.00 0.00 0.00 0.00 0.00 0.00
motor 0.00 0 0.00 305 97 314 114 0.00 0.00 0.00 0.00 0.00 0.00 0.00
bicycle 0.00 0 0.00 268 88 286 97 0.00 0.00 0.00 0.00 0.00 0.00 0.00
car 0.00 0 0.00 284 137 327 162 0.00 0.00 0.00 0.00 0.00 0.00 0.00
car 0.00 0 0.00 371 127 425 150 0.00 0.00 0.00 0.00 0.00 0.00 0.00
tricycle 0.00 0 0.00 495 194 508 222 0.00 0.00 0.00 0.00 0.00 0.00 0.00
pedestrian 0.00 0 0.00 620 105 629 118 0.00 0.00 0.00 0.00 0.00 0.00 0.00
people 0.00 0 0.00 548 122 556 128 0.00 0.00 0.00 0.00 0.00 0.00 0.00
pedestrian 0.00 0 0.00 540 129 547 136 0.00 0.00 0.00 0.00 0.00 0.00 0.00
people 0.00 0 0.00 538 121 546 128 0.00 0.00 0.00 0.00 0.00 0.00 0.00
van 0.00 0 0.00 65 243 97 284 0.00 0.00 0.00 0.00 0.00 0.00 0.00
car 0.00 0 0.00 26 238 58 286 0.00 0.00 0.00 0.00 0.00 0.00 0.00
car 0.00 0 0.00 0 246 27 294 0.00 0.00 0.00 0.00 0.00 0.00 0.00
car 0.00 0 0.00 14 154 66 182 0.00 0.00 0.00 0.00 0.00 0.00 0.00
motor 0.00 0 0.00 46 149 70 162 0.00 0.00 0.00 0.00 0.00 0.00 0.00
motor 0.00 0 0.00 46 123 56 139 0.00 0.00 0.00 0.00 0.00 0.00 0.00
motor 0.00 0 0.00 15 123 32 137 0.00 0.00 0.00 0.00 0.00 0.00 0.00
car 0.00 0 0.00 637 12 659 56 0.00 0.00 0.00 0.00 0.00 0.00 0.00
car 0.00 0 0.00 677 12 700 58 0.00 0.00 0.00 0.00 0.00 0.00 0.00
motor 0.00 0 0.00 711 1 719 20 0.00 0.00 0.00 0.00 0.00 0.00 0.00
people 0.00 0 0.00 711 5 719 19 0.00 0.00 0.00 0.00 0.00 0.00 0.00
car 0.00 0 0.00 844 62 886 105 0.00 0.00 0.00 0.00 0.00 0.00 0.00
motor 0.00 0 0.00 803 110 821 118 0.00 0.00 0.00 0.00 0.00 0.00 0.00
people 0.00 0 0.00 808 108 818 120 0.00 0.00 0.00 0.00 0.00 0.00 0.00
pedestrian 0.00 0 0.00 827 113 835 123 0.00 0.00 0.00 0.00 0.00 0.00 0.00
pedestrian 0.00 0 0.00 788 87 796 97 0.00 0.00 0.00 0.00 0.00 0.00 0.00
pedestrian 0.00 0 0.00 792 91 799 99 0.00 0.00 0.00 0.00 0.00 0.00 0.00
pedestrian 0.00 0 0.00 807 49 812 61 0.00 0.00 0.00 0.00 0.00 0.00 0.00
pedestrian 0.00 0 0.00 800 57 806 66 0.00 0.00 0.00 0.00 0.00 0.00 0.00
pedestrian 0.00 0 0.00 797 54 802 63 0.00 0.00 0.00 0.00 0.00 0.00 0.00
pedestrian 0.00 0 0.00 813 27 820 39 0.00 0.00 0.00 0.00 0.00 0.00 0.00
pedestrian 0.00 0 0.00 813 65 819 72 0.00 0.00 0.00 0.00 0.00 0.00 0.00
car 0.00 0 0.00 933 48 971 96 0.00 0.00 0.00 0.00 0.00 0.00 0.00
car 0.00 0 0.00 970 41 1010 87 0.00 0.00 0.00 0.00 0.00 0.00 0.00
car 0.00 0 0.00 1010 38 1053 82 0.00 0.00 0.00 0.00 0.00 0.00 0.00
van 0.00 0 0.00 1023 61 1075 103 0.00 0.00 0.00 0.00 0.00 0.00 0.00
pedestrian 0.00 0 0.00 1081 64 1089 75 0.00 0.00 0.00 0.00 0.00 0.00 0.00
pedestrian 0.00 0 0.00 1073 62 1082 73 0.00 0.00 0.00 0.00 0.00 0.00 0.00
motor 0.00 0 0.00 1056 38 1069 54 0.00 0.00 0.00 0.00 0.00 0.00 0.00
motor 0.00 0 0.00 1067 35 1078 51 0.00 0.00 0.00 0.00 0.00 0.00 0.00
motor 0.00 0 0.00 1050 51 1060 67 0.00 0.00 0.00 0.00 0.00 0.00 0.00
car 0.00 0 0.00 1088 44 1109 83 0.00 0.00 0.00 0.00 0.00 0.00 0.00
motor 0.00 0 0.00 1117 52 1128 71 0.00 0.00 0.00 0.00 0.00 0.00 0.00
motor 0.00 0 0.00 1154 54 1164 72 0.00 0.00 0.00 0.00 0.00 0.00 0.00
motor 0.00 0 0.00 1154 35 1163 51 0.00 0.00 0.00 0.00 0.00 0.00 0.00
motor 0.00 0 0.00 1178 56 1194 66 0.00 0.00 0.00 0.00 0.00 0.00 0.00
motor 0.00 0 0.00 1177 40 1185 57 0.00 0.00 0.00 0.00 0.00 0.00 0.00
motor 0.00 0 0.00 1186 34 1201 50 0.00 0.00 0.00 0.00 0.00 0.00 0.00
motor 0.00 0 0.00 1209 53 1218 69 0.00 0.00 0.00 0.00 0.00 0.00 0.00
motor 0.00 0 0.00 1209 30 1219 48 0.00 0.00 0.00 0.00 0.00 0.00 0.00
van 0.00 0 0.00 1221 27 1255 68 0.00 0.00 0.00 0.00 0.00 0.00 0.00
car 0.00 0 0.00 1249 29 1280 74 0.00 0.00 0.00 0.00 0.00 0.00 0.00
car 0.00 0 0.00 1331 22 1360 50 0.00 0.00 0.00 0.00 0.00 0.00 0.00
motor 0.00 0 0.00 1097 89 1114 106 0.00 0.00 0.00 0.00 0.00 0.00 0.00
