car 0.00 0 0.00 378 212 388 223 0.00 0.00 0.00 0.00 0.00 0.00 0.00
car 0.00 0 0.00 406 208 421 217 0.00 0.00 0.00 0.00 0.00 0.00 0.00
car 0.00 0 0.00 381 222 394 233 0.00 0.00 0.00 0.00 0.00 0.00 0.00
car 0.00 0 0.00 392 238 402 251 0.00 0.00 0.00 0.00 0.00 0.00 0.00
car 0.00 0 0.00 372 248 385 264 0.00 0.00 0.00 0.00 0.00 0.00 0.00
car 0.00 0 0.00 271 448 304 492 0.00 0.00 0.00 0.00 0.00 0.00 0.00
car 0.00 0 0.00 241 507 274 540 0.00 0.00 0.00 0.00 0.00 0.00 0.00
car 0.00 0 0.00 517 394 545 425 0.00 0.00 0.00 0.00 0.00 0.00 0.00
car 0.00 0 0.00 511 313 525 329 0.00 0.00 0.00 0.00 0.00 0.00 0.00
van 0.00 0 0.00 459 294 476 314 0.00 0.00 0.00 0.00 0.00 0.00 0.00
van 0.00 0 0.00 396 212 405 226 0.00 0.00 0.00 0.00 0.00 0.00 0.00
car 0.00 0 0.00 474 261 489 274 0.00 0.00 0.00 0.00 0.00 0.00 0.00
car 0.00 0 0.00 448 245 459 257 0.00 0.00 0.00 0.00 0.00 0.00 0.00
car 0.00 0 0.00 444 227 453 237 0.00 0.00 0.00 0.00 0.00 0.00 0.00
car 0.00 0 0.00 453 206 463 217 0.00 0.00 0.00 0.00 0.00 0.00 0.00
car 0.00 0 0.00 459 221 467 230 0.00 0.00 0.00 0.00 0.00 0.00 0.00
truck 0.00 0 0.00 439 212 453 227 0.00 0.00 0.00 0.00 0.00 0.00 0.00
car 0.00 0 0.00 469 241 484 253 0.00 0.00 0.00 0.00 0.00 0.00 0.00
awning-tricycle 0.00 0 0.00 491 370 504 401 0.00 0.00 0.00 0.00 0.00 0.00 0.00
people 0.00 0 0.00 561 441 567 454 0.00 0.00 0.00 0.00 0.00 0.00 0.00
people 0.00 0 0.00 564 443 571 456 0.00 0.00 0.00 0.00 0.00 0.00 0.00
motor 0.00 0 0.00 560 445 568 463 0.00 0.00 0.00 0.00 0.00 0.00 0.00
car 0.00 0 0.00 474 230 482 238 0.00 0.00 0.00 0.00 0.00 0.00 0.00
motor 0.00 0 0.00 396 312 400 323 0.00 0.00 0.00 0.00 0.00 0.00 0.00
people 0.00 0 0.00 395 307 399 317 0.00 0.00 0.00 0.00 0.00 0.00 0.00
car 0.00 0 0.00 397 188 406 196 0.00 0.00 0.00 0.00 0.00 0.00 0.00
car 0.00 0 0.00 397 181 406 188 0.00 0.00 0.00 0.00 0.00 0.00 0.00
car 0.00 0 0.00 397 177 407 183 0.00 0.00 0.00 0.00 0.00 0.00 0.00
car 0.00 0 0.00 399 170 405 177 0.00 0.00 0.00 0.00 0.00 0.00 0.00
car 0.00 0 0.00 398 165 408 172 0.00 0.00 0.00 0.00 0.00 0.00 0.00
car 0.00 0 0.00 398 162 406 169 0.00 0.00 0.00 0.00 0.00 0.00 0.00
car 0.00 0 0.00 380 193 391 201 0.00 0.00 0.00 0.00 0.00 0.00 0.00
car 0.00 0 0.00 383 187 392 194 0.00 0.00 0.00 0.00 0.00 0.00 0.00
car 0.00 0 0.00 382 178 391 185 0.00 0.00 0.00 0.00 0.00 0.00 0.00
car 0.00 0 0.00 385 171 393 178 0.00 0.00 0.00 0.00 0.00 0.00 0.00
car 0.00 0 0.00 387 163 394 170 0.00 0.00 0.00 0.00 0.00 0.00 0.00
car 0.00 0 0.00 386 158 393 166 0.00 0.00 0.00 0.00 0.00 0.00 0.00
car 0.00 0 0.00 399 158 406 165 0.00 0.00 0.00 0.00 0.00 0.00 0.00
car 0.00 0 0.00 399 154 406 158 0.00 0.00 0.00 0.00 0.00 0.00 0.00
car 0.00 0 0.00 401 143 408 150 0.00 0.00 0.00 0.00 0.00 0.00 0.00
car 0.00 0 0.00 396 148 400 156 0.00 0.00 0.00 0.00 0.00 0.00 0.00
car 0.00 0 0.00 401 149 408 154 0.00 0.00 0.00 0.00 0.00 0.00 0.00
car 0.00 0 0.00 436 185 442 193 0.00 0.00 0.00 0.00 0.00 0.00 0.00
car 0.00 0 0.00 430 173 439 180 0.00 0.00 0.00 0.00 0.00 0.00 0.00
car 0.00 0 0.00 440 165 447 173 0.00 0.00 0.00 0.00 0.00 0.00 0.00
car 0.00 0 0.00 432 153 438 159 0.00 0.00 0.00 0.00 0.00 0.00 0.00
car 0.00 0 0.00 435 149 442 155 0.00 0.00 0.00 0.00 0.00 0.00 0.00
pedestrian 0.00 0 0.00 577 403 585 421 0.00 0.00 0.00 0.00 0.00 0.00 0.00
pedestrian 0.00 0 0.00 509 266 514 277 0.00 0.00 0.00 0.00 0.00 0.00 0.00
