car 0.00 0 0.00 823 615 966 748 0.00 0.00 0.00 0.00 0.00 0.00 0.00
pedestrian 0.00 0 0.00 819 492 839 544 0.00 0.00 0.00 0.00 0.00 0.00 0.00
car 0.00 0 0.00 845 473 935 608 0.00 0.00 0.00 0.00 0.00 0.00 0.00
pedestrian 0.00 0 0.00 790 394 808 446 0.00 0.00 0.00 0.00 0.00 0.00 0.00
car 0.00 0 0.00 821 356 886 428 0.00 0.00 0.00 0.00 0.00 0.00 0.00
car 0.00 0 0.00 691 256 745 320 0.00 0.00 0.00 0.00 0.00 0.00 0.00
car 0.00 0 0.00 633 223 683 290 0.00 0.00 0.00 0.00 0.00 0.00 0.00
car 0.00 0 0.00 809 197 857 249 0.00 0.00 0.00 0.00 0.00 0.00 0.00
pedestrian 0.00 0 0.00 787 108 799 136 0.00 0.00 0.00 0.00 0.00 0.00 0.00
motor 0.00 0 0.00 752 130 762 155 0.00 0.00 0.00 0.00 0.00 0.00 0.00
people 0.00 0 0.00 750 123 762 150 0.00 0.00 0.00 0.00 0.00 0.00 0.00
car 0.00 0 0.00 1057 112 1115 148 0.00 0.00 0.00 0.00 0.00 0.00 0.00
car 0.00 0 0.00 1041 79 1095 117 0.00 0.00 0.00 0.00 0.00 0.00 0.00
car 0.00 0 0.00 1005 108 1058 154 0.00 0.00 0.00 0.00 0.00 0.00 0.00
car 0.00 0 0.00 992 77 1045 118 0.00 0.00 0.00 0.00 0.00 0.00 0.00
car 0.00 0 0.00 959 83 1001 123 0.00 0.00 0.00 0.00 0.00 0.00 0.00
car 0.00 0 0.00 953 116 1003 153 0.00 0.00 0.00 0.00 0.00 0.00 0.00
car 0.00 0 0.00 911 80 955 118 0.00 0.00 0.00 0.00 0.00 0.00 0.00
van 0.00 0 0.00 907 106 950 150 0.00 0.00 0.00 0.00 0.00 0.00 0.00
car 0.00 0 0.00 862 82 899 120 0.00 0.00 0.00 0.00 0.00 0.00 0.00
car 0.00 0 0.00 825 20 858 48 0.00 0.00 0.00 0.00 0.00 0.00 0.00
van 0.00 0 0.00 815 0 844 21 0.00 0.00 0.00 0.00 0.00 0.00 0.00
car 0.00 0 0.00 852 2 885 28 0.00 0.00 0.00 0.00 0.00 0.00 0.00
car 0.00 0 0.00 867 22 897 50 0.00 0.00 0.00 0.00 0.00 0.00 0.00
car 0.00 0 0.00 909 17 940 48 0.00 0.00 0.00 0.00 0.00 0.00 0.00
car 0.00 0 0.00 943 20 977 47 0.00 0.00 0.00 0.00 0.00 0.00 0.00
car 0.00 0 0.00 980 19 1018 45 0.00 0.00 0.00 0.00 0.00 0.00 0.00
truck 0.00 0 0.00 1017 14 1050 45 0.00 0.00 0.00 0.00 0.00 0.00 0.00
car 0.00 0 0.00 992 0 1029 25 0.00 0.00 0.00 0.00 0.00 0.00 0.00
car 0.00 0 0.00 956 0 996 25 0.00 0.00 0.00 0.00 0.00 0.00 0.00
car 0.00 0 0.00 922 0 957 26 0.00 0.00 0.00 0.00 0.00 0.00 0.00
car 0.00 0 0.00 550 238 605 310 0.00 0.00 0.00 0.00 0.00 0.00 0.00
car 0.00 0 0.00 421 336 490 404 0.00 0.00 0.00 0.00 0.00 0.00 0.00
car 0.00 0 0.00 485 512 578 659 0.00 0.00 0.00 0.00 0.00 0.00 0.00
car 0.00 0 0.00 484 511 577 658 0.00 0.00 0.00 0.00 0.00 0.00 0.00
car 0.00 0 0.00 257 593 388 746 0.00 0.00 0.00 0.00 0.00 0.00 0.00
car 0.00 0 0.00 487 209 549 283 0.00 0.00 0.00 0.00 0.00 0.00 0.00
motor 0.00 0 0.00 230 210 269 240 0.00 0.00 0.00 0.00 0.00 0.00 0.00
motor 0.00 0 0.00 249 208 280 234 0.00 0.00 0.00 0.00 0.00 0.00 0.00
car 0.00 0 0.00 391 184 493 227 0.00 0.00 0.00 0.00 0.00 0.00 0.00
car 0.00 0 0.00 376 218 459 269 0.00 0.00 0.00 0.00 0.00 0.00 0.00
car 0.00 0 0.00 278 262 407 312 0.00 0.00 0.00 0.00 0.00 0.00 0.00
car 0.00 0 0.00 373 293 445 367 0.00 0.00 0.00 0.00 0.00 0.00 0.00
car 0.00 0 0.00 263 291 373 332 0.00 0.00 0.00 0.00 0.00 0.00 0.00
car 0.00 0 0.00 230 313 367 373 0.00 0.00 0.00 0.00 0.00 0.00 0.00
car 0.00 0 0.00 253 343 371 405 0.00 0.00 0.00 0.00 0.00 0.00 0.00
van 0.00 0 0.00 202 381 336 453 0.00 0.00 0.00 0.00 0.00 0.00 0.00
car 0.00 0 0.00 164 493 313 567 0.00 0.00 0.00 0.00 0.00 0.00 0.00
car 0.00 0 0.00 116 558 287 653 0.00 0.00 0.00 0.00 0.00 0.00 0.00
car 0.00 0 0.00 13 686 218 765 0.00 0.00 0.00 0.00 0.00 0.00 0.00
motor 0.00 0 0.00 444 132 472 154 0.00 0.00 0.00 0.00 0.00 0.00 0.00
motor 0.00 0 0.00 453 128 488 149 0.00 0.00 0.00 0.00 0.00 0.00 0.00
car 0.00 0 0.00 434 100 522 136 0.00 0.00 0.00 0.00 0.00 0.00 0.00
car 0.00 0 0.00 459 75 534 108 0.00 0.00 0.00 0.00 0.00 0.00 0.00
car 0.00 0 0.00 509 25 572 54 0.00 0.00 0.00 0.00 0.00 0.00 0.00
car 0.00 0 0.00 510 14 577 44 0.00 0.00 0.00 0.00 0.00 0.00 0.00
motor 0.00 0 0.00 387 88 418 105 0.00 0.00 0.00 0.00 0.00 0.00 0.00
bicycle 0.00 0 0.00 403 43 416 62 0.00 0.00 0.00 0.00 0.00 0.00 0.00
bicycle 0.00 0 0.00 383 67 413 82 0.00 0.00 0.00 0.00 0.00 0.00 0.00
motor 0.00 0 0.00 427 29 451 45 0.00 0.00 0.00 0.00 0.00 0.00 0.00
