pedestrian 0.00 0 0.00 1283 156 1301 194 0.00 0.00 0.00 0.00 0.00 0.00 0.00
motor 0.00 0 0.00 1242 168 1269 191 0.00 0.00 0.00 0.00 0.00 0.00 0.00
bicycle 0.00 0 0.00 1293 149 1315 173 0.00 0.00 0.00 0.00 0.00 0.00 0.00
motor 0.00 0 0.00 1211 179 1230 199 0.00 0.00 0.00 0.00 0.00 0.00 0.00
motor 0.00 0 0.00 1049 188 1071 217 0.00 0.00 0.00 0.00 0.00 0.00 0.00
motor 0.00 0 0.00 1035 181 1056 207 0.00 0.00 0.00 0.00 0.00 0.00 0.00
pedestrian 0.00 0 0.00 930 215 945 253 0.00 0.00 0.00 0.00 0.00 0.00 0.00
car 0.00 0 0.00 933 268 1047 324 0.00 0.00 0.00 0.00 0.00 0.00 0.00
motor 0.00 0 0.00 936 296 963 331 0.00 0.00 0.00 0.00 0.00 0.00 0.00
motor 0.00 0 0.00 919 319 963 353 0.00 0.00 0.00 0.00 0.00 0.00 0.00
pedestrian 0.00 0 0.00 952 324 983 371 0.00 0.00 0.00 0.00 0.00 0.00 0.00
car 0.00 0 0.00 1253 197 1326 245 0.00 0.00 0.00 0.00 0.00 0.00 0.00
car 0.00 0 0.00 1175 223 1269 281 0.00 0.00 0.00 0.00 0.00 0.00 0.00
car 0.00 0 0.00 1114 263 1205 325 0.00 0.00 0.00 0.00 0.00 0.00 0.00
car 0.00 0 0.00 1204 329 1303 401 0.00 0.00 0.00 0.00 0.00 0.00 0.00
van 0.00 0 0.00 1314 263 1360 331 0.00 0.00 0.00 0.00 0.00 0.00 0.00
car 0.00 0 0.00 1079 405 1203 494 0.00 0.00 0.00 0.00 0.00 0.00 0.00
car 0.00 0 0.00 885 370 1010 451 0.00 0.00 0.00 0.00 0.00 0.00 0.00
car 0.00 0 0.00 978 603 1149 765 0.00 0.00 0.00 0.00 0.00 0.00 0.00
van 0.00 0 0.00 890 504 1026 644 0.00 0.00 0.00 0.00 0.00 0.00 0.00
pedestrian 0.00 0 0.00 801 264 814 308 0.00 0.00 0.00 0.00 0.00 0.00 0.00
pedestrian 0.00 0 0.00 818 285 838 326 0.00 0.00 0.00 0.00 0.00 0.00 0.00
motor 0.00 0 0.00 840 274 871 305 0.00 0.00 0.00 0.00 0.00 0.00 0.00
motor 0.00 0 0.00 780 319 814 360 0.00 0.00 0.00 0.00 0.00 0.00 0.00
motor 0.00 0 0.00 790 360 844 402 0.00 0.00 0.00 0.00 0.00 0.00 0.00
motor 0.00 0 0.00 773 389 808 432 0.00 0.00 0.00 0.00 0.00 0.00 0.00
motor 0.00 0 0.00 719 350 737 396 0.00 0.00 0.00 0.00 0.00 0.00 0.00
van 0.00 0 0.00 709 429 842 547 0.00 0.00 0.00 0.00 0.00 0.00 0.00
pedestrian 0.00 0 0.00 740 431 755 481 0.00 0.00 0.00 0.00 0.00 0.00 0.00
pedestrian 0.00 0 0.00 696 436 718 491 0.00 0.00 0.00 0.00 0.00 0.00 0.00
pedestrian 0.00 0 0.00 680 452 701 511 0.00 0.00 0.00 0.00 0.00 0.00 0.00
bicycle 0.00 0 0.00 664 305 706 332 0.00 0.00 0.00 0.00 0.00 0.00 0.00
pedestrian 0.00 0 0.00 665 318 681 352 0.00 0.00 0.00 0.00 0.00 0.00 0.00
pedestrian 0.00 0 0.00 621 269 634 306 0.00 0.00 0.00 0.00 0.00 0.00 0.00
pedestrian 0.00 0 0.00 610 294 622 337 0.00 0.00 0.00 0.00 0.00 0.00 0.00
pedestrian 0.00 0 0.00 617 302 629 341 0.00 0.00 0.00 0.00 0.00 0.00 0.00
pedestrian 0.00 0 0.00 566 325 577 357 0.00 0.00 0.00 0.00 0.00 0.00 0.00
motor 0.00 0 0.00 578 329 615 363 0.00 0.00 0.00 0.00 0.00 0.00 0.00
people 0.00 0 0.00 586 317 605 362 0.00 0.00 0.00 0.00 0.00 0.00 0.00
bicycle 0.00 0 0.00 633 328 652 373 0.00 0.00 0.00 0.00 0.00 0.00 0.00
bicycle 0.00 0 0.00 611 338 635 379 0.00 0.00 0.00 0.00 0.00 0.00 0.00
motor 0.00 0 0.00 626 359 645 406 0.00 0.00 0.00 0.00 0.00 0.00 0.00
pedestrian 0.00 0 0.00 612 377 629 428 0.00 0.00 0.00 0.00 0.00 0.00 0.00
pedestrian 0.00 0 0.00 597 384 615 440 0.00 0.00 0.00 0.00 0.00 0.00 0.00
pedestrian 0.00 0 0.00 581 373 601 428 0.00 0.00 0.00 0.00 0.00 0.00 0.00
pedestrian 0.00 0 0.00 577 388 596 438 0.00 0.00 0.00 0.00 0.00 0.00 0.00
bicycle 0.00 0 0.00 554 448 598 498 0.00 0.00 0.00 0.00 0.00 0.00 0.00
motor 0.00 0 0.00 631 413 664 459 0.00 0.00 0.00 0.00 0.00 0.00 0.00
bicycle 0.00 0 0.00 627 434 655 478 0.00 0.00 0.00 0.00 0.00 0.00 0.00
bicycle 0.00 0 0.00 533 310 550 349 0.00 0.00 0.00 0.00 0.00 0.00 0.00
motor 0.00 0 0.00 516 307 536 344 0.00 0.00 0.00 0.00 0.00 0.00 0.00
motor 0.00 0 0.00 507 338 527 375 0.00 0.00 0.00 0.00 0.00 0.00 0.00
pedestrian 0.00 0 0.00 435 337 455 380 0.00 0.00 0.00 0.00 0.00 0.00 0.00
motor 0.00 0 0.00 491 334 512 377 0.00 0.00 0.00 0.00 0.00 0.00 0.00
people 0.00 0 0.00 476 519 511 558 0.00 0.00 0.00 0.00 0.00 0.00 0.00
motor 0.00 0 0.00 352 423 396 465 0.00 0.00 0.00 0.00 0.00 0.00 0.00
motor 0.00 0 0.00 225 497 271 553 0.00 0.00 0.00 0.00 0.00 0.00 0.00
car 0.00 0 0.00 139 574 334 685 0.00 0.00 0.00 0.00 0.00 0.00 0.00
pedestrian 0.00 0 0.00 383 361 397 389 0.00 0.00 0.00 0.00 0.00 0.00 0.00
pedestrian 0.00 0 0.00 349 364 376 411 0.00 0.00 0.00 0.00 0.00 0.00 0.00
pedestrian 0.00 0 0.00 367 363 386 408 0.00 0.00 0.00 0.00 0.00 0.00 0.00
pedestrian 0.00 0 0.00 351 352 367 401 0.00 0.00 0.00 0.00 0.00 0.00 0.00
pedestrian 0.00 0 0.00 360 342 377 390 0.00 0.00 0.00 0.00 0.00 0.00 0.00
pedestrian 0.00 0 0.00 320 286 340 331 0.00 0.00 0.00 0.00 0.00 0.00 0.00
pedestrian 0.00 0 0.00 309 288 327 332 0.00 0.00 0.00 0.00 0.00 0.00 0.00
pedestrian 0.00 0 0.00 149 355 177 409 0.00 0.00 0.00 0.00 0.00 0.00 0.00
pedestrian 0.00 0 0.00 222 216 239 256 0.00 0.00 0.00 0.00 0.00 0.00 0.00
pedestrian 0.00 0 0.00 241 234 259 272 0.00 0.00 0.00 0.00 0.00 0.00 0.00
pedestrian 0.00 0 0.00 144 216 160 255 0.00 0.00 0.00 0.00 0.00 0.00 0.00
car 0.00 0 0.00 136 273 228 337 0.00 0.00 0.00 0.00 0.00 0.00 0.00
motor 0.00 0 0.00 180 341 224 377 0.00 0.00 0.00 0.00 0.00 0.00 0.00
motor 0.00 0 0.00 186 352 235 391 0.00 0.00 0.00 0.00 0.00 0.00 0.00
motor 0.00 0 0.00 208 358 251 406 0.00 0.00 0.00 0.00 0.00 0.00 0.00
motor 0.00 0 0.00 48 233 91 261 0.00 0.00 0.00 0.00 0.00 0.00 0.00
motor 0.00 0 0.00 16 206 37 229 0.00 0.00 0.00 0.00 0.00 0.00 0.00
pedestrian 0.00 0 0.00 55 183 75 226 0.00 0.00 0.00 0.00 0.00 0.00 0.00
pedestrian 0.00 0 0.00 82 149 105 187 0.00 0.00 0.00 0.00 0.00 0.00 0.00
motor 0.00 0 0.00 138 157 174 184 0.00 0.00 0.00 0.00 0.00 0.00 0.00
pedestrian 0.00 0 0.00 121 161 136 199 0.00 0.00 0.00 0.00 0.00 0.00 0.00
motor 0.00 0 0.00 42 102 67 125 0.00 0.00 0.00 0.00 0.00 0.00 0.00
car 0.00 0 0.00 0 116 38 153 0.00 0.00 0.00 0.00 0.00 0.00 0.00
people 0.00 0 0.00 614 127 634 158 0.00 0.00 0.00 0.00 0.00 0.00 0.00
people 0.00 0 0.00 693 130 711 162 0.00 0.00 0.00 0.00 0.00 0.00 0.00
people 0.00 0 0.00 583 128 598 158 0.00 0.00 0.00 0.00 0.00 0.00 0.00
people 0.00 0 0.00 459 128 477 149 0.00 0.00 0.00 0.00 0.00 0.00 0.00
people 0.00 0 0.00 435 123 448 151 0.00 0.00 0.00 0.00 0.00 0.00 0.00
people 0.00 0 0.00 405 122 423 148 0.00 0.00 0.00 0.00 0.00 0.00 0.00
