car 0.00 0 0.00 291 109 312 126 0.00 0.00 0.00 0.00 0.00 0.00 0.00
pedestrian 0.00 0 0.00 337 111 344 128 0.00 0.00 0.00 0.00 0.00 0.00 0.00
car 0.00 0 0.00 309 61 340 73 0.00 0.00 0.00 0.00 0.00 0.00 0.00
truck 0.00 0 0.00 80 45 126 68 0.00 0.00 0.00 0.00 0.00 0.00 0.00
truck 0.00 0 0.00 133 47 177 68 0.00 0.00 0.00 0.00 0.00 0.00 0.00
truck 0.00 0 0.00 193 55 238 70 0.00 0.00 0.00 0.00 0.00 0.00 0.00
truck 0.00 0 0.00 333 37 371 54 0.00 0.00 0.00 0.00 0.00 0.00 0.00
car 0.00 0 0.00 252 61 285 74 0.00 0.00 0.00 0.00 0.00 0.00 0.00
truck 0.00 0 0.00 510 62 571 92 0.00 0.00 0.00 0.00 0.00 0.00 0.00
pedestrian 0.00 0 0.00 527 79 531 92 0.00 0.00 0.00 0.00 0.00 0.00 0.00
motor 0.00 0 0.00 894 669 922 731 0.00 0.00 0.00 0.00 0.00 0.00 0.00
people 0.00 0 0.00 896 667 920 708 0.00 0.00 0.00 0.00 0.00 0.00 0.00
car 0.00 0 0.00 957 466 1018 533 0.00 0.00 0.00 0.00 0.00 0.00 0.00
car 0.00 0 0.00 907 353 958 406 0.00 0.00 0.00 0.00 0.00 0.00 0.00
car 0.00 0 0.00 1042 371 1101 417 0.00 0.00 0.00 0.00 0.00 0.00 0.00
car 0.00 0 0.00 855 198 889 222 0.00 0.00 0.00 0.00 0.00 0.00 0.00
car 0.00 0 0.00 808 115 828 131 0.00 0.00 0.00 0.00 0.00 0.00 0.00
truck 0.00 0 0.00 830 337 901 435 0.00 0.00 0.00 0.00 0.00 0.00 0.00
truck 0.00 0 0.00 777 213 825 277 0.00 0.00 0.00 0.00 0.00 0.00 0.00
van 0.00 0 0.00 729 202 755 240 0.00 0.00 0.00 0.00 0.00 0.00 0.00
bicycle 0.00 0 0.00 1214 432 1236 460 0.00 0.00 0.00 0.00 0.00 0.00 0.00
people 0.00 0 0.00 1220 425 1237 450 0.00 0.00 0.00 0.00 0.00 0.00 0.00
bicycle 0.00 0 0.00 1233 432 1253 462 0.00 0.00 0.00 0.00 0.00 0.00 0.00
people 0.00 0 0.00 1239 424 1254 455 0.00 0.00 0.00 0.00 0.00 0.00 0.00
van 0.00 0 0.00 852 133 877 157 0.00 0.00 0.00 0.00 0.00 0.00 0.00
truck 0.00 0 0.00 743 132 768 157 0.00 0.00 0.00 0.00 0.00 0.00 0.00
car 0.00 0 0.00 796 79 813 92 0.00 0.00 0.00 0.00 0.00 0.00 0.00
van 0.00 0 0.00 791 47 804 59 0.00 0.00 0.00 0.00 0.00 0.00 0.00
car 0.00 0 0.00 741 53 755 65 0.00 0.00 0.00 0.00 0.00 0.00 0.00
van 0.00 0 0.00 735 57 756 73 0.00 0.00 0.00 0.00 0.00 0.00 0.00
car 0.00 0 0.00 737 40 750 49 0.00 0.00 0.00 0.00 0.00 0.00 0.00
car 0.00 0 0.00 729 30 740 41 0.00 0.00 0.00 0.00 0.00 0.00 0.00
car 0.00 0 0.00 739 13 747 21 0.00 0.00 0.00 0.00 0.00 0.00 0.00
car 0.00 0 0.00 711 4 720 10 0.00 0.00 0.00 0.00 0.00 0.00 0.00
car 0.00 0 0.00 673 2 681 9 0.00 0.00 0.00 0.00 0.00 0.00 0.00
van 0.00 0 0.00 1103 83 1135 100 0.00 0.00 0.00 0.00 0.00 0.00 0.00
truck 0.00 0 0.00 1028 64 1098 99 0.00 0.00 0.00 0.00 0.00 0.00 0.00
tricycle 0.00 0 0.00 1048 106 1073 115 0.00 0.00 0.00 0.00 0.00 0.00 0.00
people 0.00 0 0.00 1062 104 1067 112 0.00 0.00 0.00 0.00 0.00 0.00 0.00
people 0.00 0 0.00 1054 102 1061 113 0.00 0.00 0.00 0.00 0.00 0.00 0.00
car 0.00 0 0.00 1251 96 1286 109 0.00 0.00 0.00 0.00 0.00 0.00 0.00
car 0.00 0 0.00 1235 91 1263 105 0.00 0.00 0.00 0.00 0.00 0.00 0.00
car 0.00 0 0.00 1227 86 1253 100 0.00 0.00 0.00 0.00 0.00 0.00 0.00
van 0.00 0 0.00 1120 63 1146 77 0.00 0.00 0.00 0.00 0.00 0.00 0.00
car 0.00 0 0.00 1106 60 1134 72 0.00 0.00 0.00 0.00 0.00 0.00 0.00
car 0.00 0 0.00 1261 70 1287 81 0.00 0.00 0.00 0.00 0.00 0.00 0.00
car 0.00 0 0.00 1275 73 1296 84 0.00 0.00 0.00 0.00 0.00 0.00 0.00
car 0.00 0 0.00 1285 76 1309 87 0.00 0.00 0.00 0.00 0.00 0.00 0.00
car 0.00 0 0.00 1296 78 1324 91 0.00 0.00 0.00 0.00 0.00 0.00 0.00
van 0.00 0 0.00 1321 80 1352 96 0.00 0.00 0.00 0.00 0.00 0.00 0.00
car 0.00 0 0.00 1333 88 1354 100 0.00 0.00 0.00 0.00 0.00 0.00 0.00
car 0.00 0 0.00 1337 91 1355 102 0.00 0.00 0.00 0.00 0.00 0.00 0.00
