van 0.00 0 0.00 259 403 527 616 0.00 0.00 0.00 0.00 0.00 0.00 0.00
car 0.00 0 0.00 875 332 1027 435 0.00 0.00 0.00 0.00 0.00 0.00 0.00
car 0.00 0 0.00 1054 288 1182 385 0.00 0.00 0.00 0.00 0.00 0.00 0.00
car 0.00 0 0.00 1143 205 1243 278 0.00 0.00 0.00 0.00 0.00 0.00 0.00
car 0.00 0 0.00 1179 114 1259 171 0.00 0.00 0.00 0.00 0.00 0.00 0.00
car 0.00 0 0.00 1250 39 1337 81 0.00 0.00 0.00 0.00 0.00 0.00 0.00
car 0.00 0 0.00 1316 53 1360 100 0.00 0.00 0.00 0.00 0.00 0.00 0.00
car 0.00 0 0.00 987 79 1082 129 0.00 0.00 0.00 0.00 0.00 0.00 0.00
van 0.00 0 0.00 1043 66 1125 115 0.00 0.00 0.00 0.00 0.00 0.00 0.00
car 0.00 0 0.00 1139 29 1221 73 0.00 0.00 0.00 0.00 0.00 0.00 0.00
car 0.00 0 0.00 650 176 767 228 0.00 0.00 0.00 0.00 0.00 0.00 0.00
van 0.00 0 0.00 831 123 934 188 0.00 0.00 0.00 0.00 0.00 0.00 0.00
car 0.00 0 0.00 537 193 664 279 0.00 0.00 0.00 0.00 0.00 0.00 0.00
car 0.00 0 0.00 0 46 78 89 0.00 0.00 0.00 0.00 0.00 0.00 0.00
car 0.00 0 0.00 20 66 112 113 0.00 0.00 0.00 0.00 0.00 0.00 0.00
car 0.00 0 0.00 62 72 156 114 0.00 0.00 0.00 0.00 0.00 0.00 0.00
car 0.00 0 0.00 123 87 234 120 0.00 0.00 0.00 0.00 0.00 0.00 0.00
car 0.00 0 0.00 120 98 230 151 0.00 0.00 0.00 0.00 0.00 0.00 0.00
van 0.00 0 0.00 157 130 242 192 0.00 0.00 0.00 0.00 0.00 0.00 0.00
pedestrian 0.00 0 0.00 225 172 251 228 0.00 0.00 0.00 0.00 0.00 0.00 0.00
pedestrian 0.00 0 0.00 390 218 415 275 0.00 0.00 0.00 0.00 0.00 0.00 0.00
pedestrian 0.00 0 0.00 402 226 425 276 0.00 0.00 0.00 0.00 0.00 0.00 0.00
pedestrian 0.00 0 0.00 500 298 526 358 0.00 0.00 0.00 0.00 0.00 0.00 0.00
tricycle 0.00 0 0.00 1151 79 1194 111 0.00 0.00 0.00 0.00 0.00 0.00 0.00
motor 0.00 0 0.00 1057 117 1088 143 0.00 0.00 0.00 0.00 0.00 0.00 0.00
bicycle 0.00 0 0.00 1168 549 1214 613 0.00 0.00 0.00 0.00 0.00 0.00 0.00
people 0.00 0 0.00 1233 86 1248 114 0.00 0.00 0.00 0.00 0.00 0.00 0.00
motor 0.00 0 0.00 1224 98 1253 122 0.00 0.00 0.00 0.00 0.00 0.00 0.00
motor 0.00 0 0.00 1221 55 1243 81 0.00 0.00 0.00 0.00 0.00 0.00 0.00
car 0.00 0 0.00 1193 16 1259 45 0.00 0.00 0.00 0.00 0.00 0.00 0.00
car 0.00 0 0.00 1240 12 1295 41 0.00 0.00 0.00 0.00 0.00 0.00 0.00
motor 0.00 0 0.00 1292 8 1325 27 0.00 0.00 0.00 0.00 0.00 0.00 0.00
motor 0.00 0 0.00 906 101 942 134 0.00 0.00 0.00 0.00 0.00 0.00 0.00
pedestrian 0.00 0 0.00 1055 55 1068 81 0.00 0.00 0.00 0.00 0.00 0.00 0.00
pedestrian 0.00 0 0.00 1030 52 1044 91 0.00 0.00 0.00 0.00 0.00 0.00 0.00
pedestrian 0.00 0 0.00 615 170 628 202 0.00 0.00 0.00 0.00 0.00 0.00 0.00
pedestrian 0.00 0 0.00 73 27 87 57 0.00 0.00 0.00 0.00 0.00 0.00 0.00
