pedestrian 0.00 0 0.00 1236 379 1251 388 0.00 0.00 0.00 0.00 0.00 0.00 0.00
car 0.00 0 0.00 1299 168 1325 216 0.00 0.00 0.00 0.00 0.00 0.00 0.00
car 0.00 0 0.00 1036 169 1063 217 0.00 0.00 0.00 0.00 0.00 0.00 0.00
car 0.00 0 0.00 1061 166 1085 212 0.00 0.00 0.00 0.00 0.00 0.00 0.00
car 0.00 0 0.00 1086 162 1110 210 0.00 0.00 0.00 0.00 0.00 0.00 0.00
car 0.00 0 0.00 1112 169 1134 216 0.00 0.00 0.00 0.00 0.00 0.00 0.00
car 0.00 0 0.00 1138 169 1162 218 0.00 0.00 0.00 0.00 0.00 0.00 0.00
car 0.00 0 0.00 1161 163 1186 211 0.00 0.00 0.00 0.00 0.00 0.00 0.00
car 0.00 0 0.00 1183 157 1210 202 0.00 0.00 0.00 0.00 0.00 0.00 0.00
car 0.00 0 0.00 981 614 1033 637 0.00 0.00 0.00 0.00 0.00 0.00 0.00
pedestrian 0.00 0 0.00 1260 591 1273 600 0.00 0.00 0.00 0.00 0.00 0.00 0.00
pedestrian 0.00 0 0.00 1076 608 1090 615 0.00 0.00 0.00 0.00 0.00 0.00 0.00
car 0.00 0 0.00 1160 621 1196 635 0.00 0.00 0.00 0.00 0.00 0.00 0.00
car 0.00 0 0.00 1206 615 1257 637 0.00 0.00 0.00 0.00 0.00 0.00 0.00
motor 0.00 0 0.00 1266 624 1284 635 0.00 0.00 0.00 0.00 0.00 0.00 0.00
van 0.00 0 0.00 1083 673 1111 733 0.00 0.00 0.00 0.00 0.00 0.00 0.00
motor 0.00 0 0.00 850 693 868 704 0.00 0.00 0.00 0.00 0.00 0.00 0.00
car 0.00 0 0.00 795 691 837 743 0.00 0.00 0.00 0.00 0.00 0.00 0.00
car 0.00 0 0.00 794 488 816 539 0.00 0.00 0.00 0.00 0.00 0.00 0.00
car 0.00 0 0.00 792 432 815 482 0.00 0.00 0.00 0.00 0.00 0.00 0.00
van 0.00 0 0.00 788 280 808 319 0.00 0.00 0.00 0.00 0.00 0.00 0.00
car 0.00 0 0.00 710 353 733 403 0.00 0.00 0.00 0.00 0.00 0.00 0.00
car 0.00 0 0.00 702 196 724 244 0.00 0.00 0.00 0.00 0.00 0.00 0.00
car 0.00 0 0.00 647 164 668 213 0.00 0.00 0.00 0.00 0.00 0.00 0.00
car 0.00 0 0.00 787 107 811 157 0.00 0.00 0.00 0.00 0.00 0.00 0.00
bicycle 0.00 0 0.00 717 123 723 143 0.00 0.00 0.00 0.00 0.00 0.00 0.00
people 0.00 0 0.00 716 130 723 137 0.00 0.00 0.00 0.00 0.00 0.00 0.00
pedestrian 0.00 0 0.00 1077 746 1091 760 0.00 0.00 0.00 0.00 0.00 0.00 0.00
car 0.00 0 0.00 645 661 670 714 0.00 0.00 0.00 0.00 0.00 0.00 0.00
motor 0.00 0 0.00 691 444 698 463 0.00 0.00 0.00 0.00 0.00 0.00 0.00
people 0.00 0 0.00 691 447 699 456 0.00 0.00 0.00 0.00 0.00 0.00 0.00
car 0.00 0 0.00 458 603 477 656 0.00 0.00 0.00 0.00 0.00 0.00 0.00
car 0.00 0 0.00 455 531 475 581 0.00 0.00 0.00 0.00 0.00 0.00 0.00
car 0.00 0 0.00 54 710 107 731 0.00 0.00 0.00 0.00 0.00 0.00 0.00
car 0.00 0 0.00 266 299 292 342 0.00 0.00 0.00 0.00 0.00 0.00 0.00
car 0.00 0 0.00 88 277 144 302 0.00 0.00 0.00 0.00 0.00 0.00 0.00
van 0.00 0 0.00 59 239 105 261 0.00 0.00 0.00 0.00 0.00 0.00 0.00
car 0.00 0 0.00 136 173 161 218 0.00 0.00 0.00 0.00 0.00 0.00 0.00
car 0.00 0 0.00 298 178 328 231 0.00 0.00 0.00 0.00 0.00 0.00 0.00
van 0.00 0 0.00 459 324 484 387 0.00 0.00 0.00 0.00 0.00 0.00 0.00
motor 0.00 0 0.00 562 21 568 32 0.00 0.00 0.00 0.00 0.00 0.00 0.00
people 0.00 0 0.00 562 18 569 29 0.00 0.00 0.00 0.00 0.00 0.00 0.00
