people 0.00 0 0.00 147 359 165 381 0.00 0.00 0.00 0.00 0.00 0.00 0.00
people 0.00 0 0.00 176 355 191 376 0.00 0.00 0.00 0.00 0.00 0.00 0.00
pedestrian 0.00 0 0.00 202 345 216 376 0.00 0.00 0.00 0.00 0.00 0.00 0.00
people 0.00 0 0.00 188 346 202 367 0.00 0.00 0.00 0.00 0.00 0.00 0.00
people 0.00 0 0.00 202 341 214 360 0.00 0.00 0.00 0.00 0.00 0.00 0.00
people 0.00 0 0.00 169 372 186 392 0.00 0.00 0.00 0.00 0.00 0.00 0.00
tricycle 0.00 0 0.00 131 373 201 421 0.00 0.00 0.00 0.00 0.00 0.00 0.00
pedestrian 0.00 0 0.00 18 300 31 327 0.00 0.00 0.00 0.00 0.00 0.00 0.00
bicycle 0.00 0 0.00 23 290 40 312 0.00 0.00 0.00 0.00 0.00 0.00 0.00
car 0.00 0 0.00 356 356 445 423 0.00 0.00 0.00 0.00 0.00 0.00 0.00
car 0.00 0 0.00 483 290 550 334 0.00 0.00 0.00 0.00 0.00 0.00 0.00
tricycle 0.00 0 0.00 343 240 385 272 0.00 0.00 0.00 0.00 0.00 0.00 0.00
motor 0.00 0 0.00 266 314 295 340 0.00 0.00 0.00 0.00 0.00 0.00 0.00
people 0.00 0 0.00 447 189 456 205 0.00 0.00 0.00 0.00 0.00 0.00 0.00
people 0.00 0 0.00 470 195 478 208 0.00 0.00 0.00 0.00 0.00 0.00 0.00
bicycle 0.00 0 0.00 480 185 499 201 0.00 0.00 0.00 0.00 0.00 0.00 0.00
bicycle 0.00 0 0.00 500 191 519 207 0.00 0.00 0.00 0.00 0.00 0.00 0.00
motor 0.00 0 0.00 365 223 384 247 0.00 0.00 0.00 0.00 0.00 0.00 0.00
motor 0.00 0 0.00 350 229 367 249 0.00 0.00 0.00 0.00 0.00 0.00 0.00
car 0.00 0 0.00 494 243 552 278 0.00 0.00 0.00 0.00 0.00 0.00 0.00
car 0.00 0 0.00 579 232 631 267 0.00 0.00 0.00 0.00 0.00 0.00 0.00
car 0.00 0 0.00 651 124 683 146 0.00 0.00 0.00 0.00 0.00 0.00 0.00
car 0.00 0 0.00 766 124 791 141 0.00 0.00 0.00 0.00 0.00 0.00 0.00
car 0.00 0 0.00 731 99 752 116 0.00 0.00 0.00 0.00 0.00 0.00 0.00
car 0.00 0 0.00 748 94 768 108 0.00 0.00 0.00 0.00 0.00 0.00 0.00
car 0.00 0 0.00 787 111 812 130 0.00 0.00 0.00 0.00 0.00 0.00 0.00
car 0.00 0 0.00 770 82 790 95 0.00 0.00 0.00 0.00 0.00 0.00 0.00
car 0.00 0 0.00 801 69 819 83 0.00 0.00 0.00 0.00 0.00 0.00 0.00
car 0.00 0 0.00 822 91 842 104 0.00 0.00 0.00 0.00 0.00 0.00 0.00
car 0.00 0 0.00 834 85 849 97 0.00 0.00 0.00 0.00 0.00 0.00 0.00
car 0.00 0 0.00 846 80 858 92 0.00 0.00 0.00 0.00 0.00 0.00 0.00
car 0.00 0 0.00 811 64 825 77 0.00 0.00 0.00 0.00 0.00 0.00 0.00
pedestrian 0.00 0 0.00 764 97 770 109 0.00 0.00 0.00 0.00 0.00 0.00 0.00
pedestrian 0.00 0 0.00 820 111 824 124 0.00 0.00 0.00 0.00 0.00 0.00 0.00
car 0.00 0 0.00 855 71 872 84 0.00 0.00 0.00 0.00 0.00 0.00 0.00
car 0.00 0 0.00 838 54 852 64 0.00 0.00 0.00 0.00 0.00 0.00 0.00
people 0.00 0 0.00 847 59 851 67 0.00 0.00 0.00 0.00 0.00 0.00 0.00
motor 0.00 0 0.00 846 62 850 69 0.00 0.00 0.00 0.00 0.00 0.00 0.00
car 0.00 0 0.00 847 52 858 61 0.00 0.00 0.00 0.00 0.00 0.00 0.00
pedestrian 0.00 0 0.00 834 51 837 58 0.00 0.00 0.00 0.00 0.00 0.00 0.00
car 0.00 0 0.00 852 46 863 55 0.00 0.00 0.00 0.00 0.00 0.00 0.00
car 0.00 0 0.00 874 61 887 70 0.00 0.00 0.00 0.00 0.00 0.00 0.00
car 0.00 0 0.00 870 68 880 77 0.00 0.00 0.00 0.00 0.00 0.00 0.00
bus 0.00 0 0.00 885 46 904 62 0.00 0.00 0.00 0.00 0.00 0.00 0.00
