car 0.00 0 0.00 953 256 967 269 0.00 0.00 0.00 0.00 0.00 0.00 0.00
people 0.00 0 0.00 945 277 949 286 0.00 0.00 0.00 0.00 0.00 0.00 0.00
car 0.00 0 0.00 938 285 953 299 0.00 0.00 0.00 0.00 0.00 0.00 0.00
car 0.00 0 0.00 956 273 969 285 0.00 0.00 0.00 0.00 0.00 0.00 0.00
car 0.00 0 0.00 961 279 974 288 0.00 0.00 0.00 0.00 0.00 0.00 0.00
car 0.00 0 0.00 962 288 976 302 0.00 0.00 0.00 0.00 0.00 0.00 0.00
truck 0.00 0 0.00 922 298 937 314 0.00 0.00 0.00 0.00 0.00 0.00 0.00
car 0.00 0 0.00 968 302 981 316 0.00 0.00 0.00 0.00 0.00 0.00 0.00
car 0.00 0 0.00 968 320 987 334 0.00 0.00 0.00 0.00 0.00 0.00 0.00
people 0.00 0 0.00 955 310 960 320 0.00 0.00 0.00 0.00 0.00 0.00 0.00
motor 0.00 0 0.00 955 318 960 328 0.00 0.00 0.00 0.00 0.00 0.00 0.00
people 0.00 0 0.00 946 318 950 326 0.00 0.00 0.00 0.00 0.00 0.00 0.00
motor 0.00 0 0.00 944 321 950 332 0.00 0.00 0.00 0.00 0.00 0.00 0.00
car 0.00 0 0.00 977 338 999 356 0.00 0.00 0.00 0.00 0.00 0.00 0.00
pedestrian 0.00 0 0.00 978 359 985 376 0.00 0.00 0.00 0.00 0.00 0.00 0.00
car 0.00 0 0.00 908 331 927 347 0.00 0.00 0.00 0.00 0.00 0.00 0.00
awning-tricycle 0.00 0 0.00 915 339 930 358 0.00 0.00 0.00 0.00 0.00 0.00 0.00
awning-tricycle 0.00 0 0.00 876 388 891 407 0.00 0.00 0.00 0.00 0.00 0.00 0.00
awning-tricycle 0.00 0 0.00 866 403 893 424 0.00 0.00 0.00 0.00 0.00 0.00 0.00
awning-tricycle 0.00 0 0.00 879 417 899 440 0.00 0.00 0.00 0.00 0.00 0.00 0.00
awning-tricycle 0.00 0 0.00 845 415 873 436 0.00 0.00 0.00 0.00 0.00 0.00 0.00
pedestrian 0.00 0 0.00 927 405 936 425 0.00 0.00 0.00 0.00 0.00 0.00 0.00
car 0.00 0 0.00 946 413 971 441 0.00 0.00 0.00 0.00 0.00 0.00 0.00
car 0.00 0 0.00 920 434 948 460 0.00 0.00 0.00 0.00 0.00 0.00 0.00
motor 0.00 0 0.00 831 450 854 461 0.00 0.00 0.00 0.00 0.00 0.00 0.00
motor 0.00 0 0.00 830 457 853 471 0.00 0.00 0.00 0.00 0.00 0.00 0.00
pedestrian 0.00 0 0.00 838 457 847 474 0.00 0.00 0.00 0.00 0.00 0.00 0.00
people 0.00 0 0.00 1004 429 1012 444 0.00 0.00 0.00 0.00 0.00 0.00 0.00
bicycle 0.00 0 0.00 1004 438 1011 453 0.00 0.00 0.00 0.00 0.00 0.00 0.00
car 0.00 0 0.00 1047 435 1086 453 0.00 0.00 0.00 0.00 0.00 0.00 0.00
car 0.00 0 0.00 1055 446 1098 462 0.00 0.00 0.00 0.00 0.00 0.00 0.00
car 0.00 0 0.00 1060 452 1111 474 0.00 0.00 0.00 0.00 0.00 0.00 0.00
car 0.00 0 0.00 1074 466 1119 489 0.00 0.00 0.00 0.00 0.00 0.00 0.00
car 0.00 0 0.00 1070 484 1126 511 0.00 0.00 0.00 0.00 0.00 0.00 0.00
car 0.00 0 0.00 1016 464 1049 495 0.00 0.00 0.00 0.00 0.00 0.00 0.00
people 0.00 0 0.00 1063 511 1074 527 0.00 0.00 0.00 0.00 0.00 0.00 0.00
people 0.00 0 0.00 1059 515 1067 529 0.00 0.00 0.00 0.00 0.00 0.00 0.00
motor 0.00 0 0.00 1058 523 1078 537 0.00 0.00 0.00 0.00 0.00 0.00 0.00
car 0.00 0 0.00 1032 528 1074 575 0.00 0.00 0.00 0.00 0.00 0.00 0.00
people 0.00 0 0.00 1005 472 1014 487 0.00 0.00 0.00 0.00 0.00 0.00 0.00
motor 0.00 0 0.00 1004 480 1014 499 0.00 0.00 0.00 0.00 0.00 0.00 0.00
people 0.00 0 0.00 1000 487 1007 498 0.00 0.00 0.00 0.00 0.00 0.00 0.00
people 0.00 0 0.00 997 481 1006 497 0.00 0.00 0.00 0.00 0.00 0.00 0.00
motor 0.00 0 0.00 997 488 1008 506 0.00 0.00 0.00 0.00 0.00 0.00 0.00
people 0.00 0 0.00 983 485 991 501 0.00 0.00 0.00 0.00 0.00 0.00 0.00
motor 0.00 0 0.00 980 491 994 512 0.00 0.00 0.00 0.00 0.00 0.00 0.00
people 0.00 0 0.00 966 468 977 484 0.00 0.00 0.00 0.00 0.00 0.00 0.00
motor 0.00 0 0.00 965 477 978 496 0.00 0.00 0.00 0.00 0.00 0.00 0.00
people 0.00 0 0.00 953 471 963 489 0.00 0.00 0.00 0.00 0.00 0.00 0.00
motor 0.00 0 0.00 953 479 963 500 0.00 0.00 0.00 0.00 0.00 0.00 0.00
people 0.00 0 0.00 888 463 897 476 0.00 0.00 0.00 0.00 0.00 0.00 0.00
tricycle 0.00 0 0.00 885 464 900 489 0.00 0.00 0.00 0.00 0.00 0.00 0.00
pedestrian 0.00 0 0.00 883 480 892 505 0.00 0.00 0.00 0.00 0.00 0.00 0.00
pedestrian 0.00 0 0.00 869 475 879 501 0.00 0.00 0.00 0.00 0.00 0.00 0.00
motor 0.00 0 0.00 861 484 873 506 0.00 0.00 0.00 0.00 0.00 0.00 0.00
people 0.00 0 0.00 851 477 860 494 0.00 0.00 0.00 0.00 0.00 0.00 0.00
motor 0.00 0 0.00 849 481 860 504 0.00 0.00 0.00 0.00 0.00 0.00 0.00
pedestrian 0.00 0 0.00 839 492 848 519 0.00 0.00 0.00 0.00 0.00 0.00 0.00
pedestrian 0.00 0 0.00 826 513 839 541 0.00 0.00 0.00 0.00 0.00 0.00 0.00
motor 0.00 0 0.00 804 524 825 545 0.00 0.00 0.00 0.00 0.00 0.00 0.00
people 0.00 0 0.00 847 531 856 546 0.00 0.00 0.00 0.00 0.00 0.00 0.00
tricycle 0.00 0 0.00 839 537 860 561 0.00 0.00 0.00 0.00 0.00 0.00 0.00
people 0.00 0 0.00 937 524 942 538 0.00 0.00 0.00 0.00 0.00 0.00 0.00
people 0.00 0 0.00 930 521 940 539 0.00 0.00 0.00 0.00 0.00 0.00 0.00
people 0.00 0 0.00 924 520 935 538 0.00 0.00 0.00 0.00 0.00 0.00 0.00
motor 0.00 0 0.00 919 530 944 550 0.00 0.00 0.00 0.00 0.00 0.00 0.00
people 0.00 0 0.00 1040 575 1053 610 0.00 0.00 0.00 0.00 0.00 0.00 0.00
motor 0.00 0 0.00 1033 589 1062 607 0.00 0.00 0.00 0.00 0.00 0.00 0.00
motor 0.00 0 0.00 1097 597 1120 619 0.00 0.00 0.00 0.00 0.00 0.00 0.00
pedestrian 0.00 0 0.00 1084 622 1099 657 0.00 0.00 0.00 0.00 0.00 0.00 0.00
people 0.00 0 0.00 1040 636 1054 661 0.00 0.00 0.00 0.00 0.00 0.00 0.00
motor 0.00 0 0.00 1039 645 1051 673 0.00 0.00 0.00 0.00 0.00 0.00 0.00
car 0.00 0 0.00 935 621 986 676 0.00 0.00 0.00 0.00 0.00 0.00 0.00
people 0.00 0 0.00 853 587 862 608 0.00 0.00 0.00 0.00 0.00 0.00 0.00
motor 0.00 0 0.00 846 596 868 616 0.00 0.00 0.00 0.00 0.00 0.00 0.00
pedestrian 0.00 0 0.00 839 605 850 639 0.00 0.00 0.00 0.00 0.00 0.00 0.00
motor 0.00 0 0.00 802 618 833 641 0.00 0.00 0.00 0.00 0.00 0.00 0.00
car 0.00 0 0.00 796 634 837 686 0.00 0.00 0.00 0.00 0.00 0.00 0.00
people 0.00 0 0.00 889 605 899 625 0.00 0.00 0.00 0.00 0.00 0.00 0.00
motor 0.00 0 0.00 887 618 899 643 0.00 0.00 0.00 0.00 0.00 0.00 0.00
people 0.00 0 0.00 907 641 919 665 0.00 0.00 0.00 0.00 0.00 0.00 0.00
motor 0.00 0 0.00 907 652 919 683 0.00 0.00 0.00 0.00 0.00 0.00 0.00
people 0.00 0 0.00 884 641 899 666 0.00 0.00 0.00 0.00 0.00 0.00 0.00
motor 0.00 0 0.00 884 655 897 680 0.00 0.00 0.00 0.00 0.00 0.00 0.00
car 0.00 0 0.00 1106 665 1160 733 0.00 0.00 0.00 0.00 0.00 0.00 0.00
motor 0.00 0 0.00 1135 728 1181 756 0.00 0.00 0.00 0.00 0.00 0.00 0.00
car 0.00 0 0.00 1129 757 1197 823 0.00 0.00 0.00 0.00 0.00 0.00 0.00
car 0.00 0 0.00 1169 818 1244 902 0.00 0.00 0.00 0.00 0.00 0.00 0.00
motor 0.00 0 0.00 1232 909 1255 953 0.00 0.00 0.00 0.00 0.00 0.00 0.00
car 0.00 0 0.00 1152 901 1235 996 0.00 0.00 0.00 0.00 0.00 0.00 0.00
people 0.00 0 0.00 1051 822 1067 859 0.00 0.00 0.00 0.00 0.00 0.00 0.00
motor 0.00 0 0.00 1049 837 1064 878 0.00 0.00 0.00 0.00 0.00 0.00 0.00
people 0.00 0 0.00 1101 865 1122 893 0.00 0.00 0.00 0.00 0.00 0.00 0.00
motor 0.00 0 0.00 1105 859 1119 904 0.00 0.00 0.00 0.00 0.00 0.00 0.00
people 0.00 0 0.00 1108 865 1118 879 0.00 0.00 0.00 0.00 0.00 0.00 0.00
motor 0.00 0 0.00 780 689 812 705 0.00 0.00 0.00 0.00 0.00 0.00 0.00
motor 0.00 0 0.00 773 697 815 718 0.00 0.00 0.00 0.00 0.00 0.00 0.00
car 0.00 0 0.00 766 710 812 757 0.00 0.00 0.00 0.00 0.00 0.00 0.00
motor 0.00 0 0.00 733 660 765 681 0.00 0.00 0.00 0.00 0.00 0.00 0.00
car 0.00 0 0.00 756 775 805 805 0.00 0.00 0.00 0.00 0.00 0.00 0.00
pedestrian 0.00 0 0.00 810 793 826 828 0.00 0.00 0.00 0.00 0.00 0.00 0.00
people 0.00 0 0.00 808 822 818 839 0.00 0.00 0.00 0.00 0.00 0.00 0.00
car 0.00 0 0.00 731 828 801 907 0.00 0.00 0.00 0.00 0.00 0.00 0.00
car 0.00 0 0.00 702 1051 764 1080 0.00 0.00 0.00 0.00 0.00 0.00 0.00
awning-tricycle 0.00 0 0.00 881 978 926 1080 0.00 0.00 0.00 0.00 0.00 0.00 0.00
people 0.00 0 0.00 891 1019 920 1053 0.00 0.00 0.00 0.00 0.00 0.00 0.00
people 0.00 0 0.00 1861 1051 1886 1080 0.00 0.00 0.00 0.00 0.00 0.00 0.00
pedestrian 0.00 0 0.00 1832 1028 1854 1078 0.00 0.00 0.00 0.00 0.00 0.00 0.00
pedestrian 0.00 0 0.00 1793 1044 1810 1077 0.00 0.00 0.00 0.00 0.00 0.00 0.00
motor 0.00 0 0.00 1629 993 1690 1038 0.00 0.00 0.00 0.00 0.00 0.00 0.00
pedestrian 0.00 0 0.00 1687 963 1702 1001 0.00 0.00 0.00 0.00 0.00 0.00 0.00
motor 0.00 0 0.00 1717 944 1779 991 0.00 0.00 0.00 0.00 0.00 0.00 0.00
people 0.00 0 0.00 1707 919 1730 954 0.00 0.00 0.00 0.00 0.00 0.00 0.00
people 0.00 0 0.00 1669 920 1691 956 0.00 0.00 0.00 0.00 0.00 0.00 0.00
people 0.00 0 0.00 1622 865 1648 907 0.00 0.00 0.00 0.00 0.00 0.00 0.00
people 0.00 0 0.00 1611 849 1631 877 0.00 0.00 0.00 0.00 0.00 0.00 0.00
pedestrian 0.00 0 0.00 1577 769 1596 820 0.00 0.00 0.00 0.00 0.00 0.00 0.00
pedestrian 0.00 0 0.00 1642 780 1662 824 0.00 0.00 0.00 0.00 0.00 0.00 0.00
pedestrian 0.00 0 0.00 1688 787 1700 821 0.00 0.00 0.00 0.00 0.00 0.00 0.00
people 0.00 0 0.00 1686 775 1698 801 0.00 0.00 0.00 0.00 0.00 0.00 0.00
motor 0.00 0 0.00 1607 757 1660 796 0.00 0.00 0.00 0.00 0.00 0.00 0.00
motor 0.00 0 0.00 1559 718 1606 743 0.00 0.00 0.00 0.00 0.00 0.00 0.00
people 0.00 0 0.00 1451 704 1458 722 0.00 0.00 0.00 0.00 0.00 0.00 0.00
pedestrian 0.00 0 0.00 1442 703 1457 746 0.00 0.00 0.00 0.00 0.00 0.00 0.00
people 0.00 0 0.00 1401 721 1423 745 0.00 0.00 0.00 0.00 0.00 0.00 0.00
motor 0.00 0 0.00 1495 670 1532 699 0.00 0.00 0.00 0.00 0.00 0.00 0.00
motor 0.00 0 0.00 1551 676 1587 700 0.00 0.00 0.00 0.00 0.00 0.00 0.00
motor 0.00 0 0.00 1549 661 1580 682 0.00 0.00 0.00 0.00 0.00 0.00 0.00
people 0.00 0 0.00 1550 645 1565 671 0.00 0.00 0.00 0.00 0.00 0.00 0.00
pedestrian 0.00 0 0.00 1514 554 1525 587 0.00 0.00 0.00 0.00 0.00 0.00 0.00
pedestrian 0.00 0 0.00 1477 563 1490 596 0.00 0.00 0.00 0.00 0.00 0.00 0.00
pedestrian 0.00 0 0.00 1470 570 1478 594 0.00 0.00 0.00 0.00 0.00 0.00 0.00
people 0.00 0 0.00 1347 556 1363 582 0.00 0.00 0.00 0.00 0.00 0.00 0.00
pedestrian 0.00 0 0.00 1316 546 1327 579 0.00 0.00 0.00 0.00 0.00 0.00 0.00
car 0.00 0 0.00 1275 532 1350 566 0.00 0.00 0.00 0.00 0.00 0.00 0.00
pedestrian 0.00 0 0.00 1404 532 1416 559 0.00 0.00 0.00 0.00 0.00 0.00 0.00
car 0.00 0 0.00 1388 526 1473 560 0.00 0.00 0.00 0.00 0.00 0.00 0.00
car 0.00 0 0.00 1295 522 1377 557 0.00 0.00 0.00 0.00 0.00 0.00 0.00
car 0.00 0 0.00 1262 495 1318 524 0.00 0.00 0.00 0.00 0.00 0.00 0.00
van 0.00 0 0.00 1167 493 1225 532 0.00 0.00 0.00 0.00 0.00 0.00 0.00
people 0.00 0 0.00 1344 490 1355 505 0.00 0.00 0.00 0.00 0.00 0.00 0.00
people 0.00 0 0.00 1410 498 1423 516 0.00 0.00 0.00 0.00 0.00 0.00 0.00
pedestrian 0.00 0 0.00 1403 506 1409 527 0.00 0.00 0.00 0.00 0.00 0.00 0.00
pedestrian 0.00 0 0.00 1398 504 1405 526 0.00 0.00 0.00 0.00 0.00 0.00 0.00
people 0.00 0 0.00 1447 501 1456 526 0.00 0.00 0.00 0.00 0.00 0.00 0.00
bicycle 0.00 0 0.00 1444 512 1466 530 0.00 0.00 0.00 0.00 0.00 0.00 0.00
tricycle 0.00 0 0.00 1449 493 1475 521 0.00 0.00 0.00 0.00 0.00 0.00 0.00
people 0.00 0 0.00 1479 496 1489 515 0.00 0.00 0.00 0.00 0.00 0.00 0.00
people 0.00 0 0.00 1371 493 1381 509 0.00 0.00 0.00 0.00 0.00 0.00 0.00
tricycle 0.00 0 0.00 1484 496 1504 523 0.00 0.00 0.00 0.00 0.00 0.00 0.00
pedestrian 0.00 0 0.00 1512 500 1520 522 0.00 0.00 0.00 0.00 0.00 0.00 0.00
bicycle 0.00 0 0.00 1507 509 1516 529 0.00 0.00 0.00 0.00 0.00 0.00 0.00
car 0.00 0 0.00 1536 520 1569 555 0.00 0.00 0.00 0.00 0.00 0.00 0.00
pedestrian 0.00 0 0.00 1541 460 1548 484 0.00 0.00 0.00 0.00 0.00 0.00 0.00
motor 0.00 0 0.00 1540 465 1559 487 0.00 0.00 0.00 0.00 0.00 0.00 0.00
motor 0.00 0 0.00 1515 450 1532 468 0.00 0.00 0.00 0.00 0.00 0.00 0.00
bicycle 0.00 0 0.00 1496 444 1515 460 0.00 0.00 0.00 0.00 0.00 0.00 0.00
people 0.00 0 0.00 1489 427 1495 440 0.00 0.00 0.00 0.00 0.00 0.00 0.00
motor 0.00 0 0.00 1484 435 1503 447 0.00 0.00 0.00 0.00 0.00 0.00 0.00
pedestrian 0.00 0 0.00 1477 424 1486 451 0.00 0.00 0.00 0.00 0.00 0.00 0.00
pedestrian 0.00 0 0.00 1443 406 1451 423 0.00 0.00 0.00 0.00 0.00 0.00 0.00
pedestrian 0.00 0 0.00 1462 367 1469 383 0.00 0.00 0.00 0.00 0.00 0.00 0.00
pedestrian 0.00 0 0.00 1468 374 1472 385 0.00 0.00 0.00 0.00 0.00 0.00 0.00
people 0.00 0 0.00 1476 365 1482 380 0.00 0.00 0.00 0.00 0.00 0.00 0.00
pedestrian 0.00 0 0.00 1521 415 1527 426 0.00 0.00 0.00 0.00 0.00 0.00 0.00
pedestrian 0.00 0 0.00 1533 406 1539 428 0.00 0.00 0.00 0.00 0.00 0.00 0.00
pedestrian 0.00 0 0.00 1550 399 1559 418 0.00 0.00 0.00 0.00 0.00 0.00 0.00
pedestrian 0.00 0 0.00 1536 392 1545 411 0.00 0.00 0.00 0.00 0.00 0.00 0.00
