car 0.00 0 0.00 746 424 827 513 0.00 0.00 0.00 0.00 0.00 0.00 0.00
car 0.00 0 0.00 1102 420 1194 509 0.00 0.00 0.00 0.00 0.00 0.00 0.00
car 0.00 0 0.00 336 579 528 720 0.00 0.00 0.00 0.00 0.00 0.00 0.00
car 0.00 0 0.00 243 676 419 765 0.00 0.00 0.00 0.00 0.00 0.00 0.00
car 0.00 0 0.00 376 433 465 543 0.00 0.00 0.00 0.00 0.00 0.00 0.00
car 0.00 0 0.00 424 362 503 439 0.00 0.00 0.00 0.00 0.00 0.00 0.00
car 0.00 0 0.00 301 226 369 273 0.00 0.00 0.00 0.00 0.00 0.00 0.00
car 0.00 0 0.00 388 225 435 269 0.00 0.00 0.00 0.00 0.00 0.00 0.00
car 0.00 0 0.00 446 220 500 269 0.00 0.00 0.00 0.00 0.00 0.00 0.00
car 0.00 0 0.00 531 217 575 263 0.00 0.00 0.00 0.00 0.00 0.00 0.00
car 0.00 0 0.00 845 233 895 279 0.00 0.00 0.00 0.00 0.00 0.00 0.00
car 0.00 0 0.00 892 194 929 222 0.00 0.00 0.00 0.00 0.00 0.00 0.00
car 0.00 0 0.00 1086 257 1176 302 0.00 0.00 0.00 0.00 0.00 0.00 0.00
car 0.00 0 0.00 547 146 622 178 0.00 0.00 0.00 0.00 0.00 0.00 0.00
car 0.00 0 0.00 426 163 521 203 0.00 0.00 0.00 0.00 0.00 0.00 0.00
car 0.00 0 0.00 526 138 585 165 0.00 0.00 0.00 0.00 0.00 0.00 0.00
van 0.00 0 0.00 570 125 616 156 0.00 0.00 0.00 0.00 0.00 0.00 0.00
car 0.00 0 0.00 571 115 618 136 0.00 0.00 0.00 0.00 0.00 0.00 0.00
van 0.00 0 0.00 580 97 624 119 0.00 0.00 0.00 0.00 0.00 0.00 0.00
van 0.00 0 0.00 612 103 643 128 0.00 0.00 0.00 0.00 0.00 0.00 0.00
bus 0.00 0 0.00 566 77 647 109 0.00 0.00 0.00 0.00 0.00 0.00 0.00
car 0.00 0 0.00 672 83 693 98 0.00 0.00 0.00 0.00 0.00 0.00 0.00
car 0.00 0 0.00 740 79 758 98 0.00 0.00 0.00 0.00 0.00 0.00 0.00
people 0.00 0 0.00 724 81 731 96 0.00 0.00 0.00 0.00 0.00 0.00 0.00
bicycle 0.00 0 0.00 724 88 731 100 0.00 0.00 0.00 0.00 0.00 0.00 0.00
pedestrian 0.00 0 0.00 758 72 765 88 0.00 0.00 0.00 0.00 0.00 0.00 0.00
pedestrian 0.00 0 0.00 922 172 936 200 0.00 0.00 0.00 0.00 0.00 0.00 0.00
bicycle 0.00 0 0.00 986 266 1027 293 0.00 0.00 0.00 0.00 0.00 0.00 0.00
motor 0.00 0 0.00 969 241 993 265 0.00 0.00 0.00 0.00 0.00 0.00 0.00
car 0.00 0 0.00 718 52 734 68 0.00 0.00 0.00 0.00 0.00 0.00 0.00
car 0.00 0 0.00 655 30 665 41 0.00 0.00 0.00 0.00 0.00 0.00 0.00
car 0.00 0 0.00 623 63 641 77 0.00 0.00 0.00 0.00 0.00 0.00 0.00
car 0.00 0 0.00 595 66 618 79 0.00 0.00 0.00 0.00 0.00 0.00 0.00
car 0.00 0 0.00 607 57 629 70 0.00 0.00 0.00 0.00 0.00 0.00 0.00
car 0.00 0 0.00 607 52 621 63 0.00 0.00 0.00 0.00 0.00 0.00 0.00
car 0.00 0 0.00 601 31 626 43 0.00 0.00 0.00 0.00 0.00 0.00 0.00
car 0.00 0 0.00 609 44 620 56 0.00 0.00 0.00 0.00 0.00 0.00 0.00
car 0.00 0 0.00 623 27 642 38 0.00 0.00 0.00 0.00 0.00 0.00 0.00
car 0.00 0 0.00 607 44 621 54 0.00 0.00 0.00 0.00 0.00 0.00 0.00
car 0.00 0 0.00 713 47 724 58 0.00 0.00 0.00 0.00 0.00 0.00 0.00
car 0.00 0 0.00 707 40 720 54 0.00 0.00 0.00 0.00 0.00 0.00 0.00
car 0.00 0 0.00 700 40 717 50 0.00 0.00 0.00 0.00 0.00 0.00 0.00
car 0.00 0 0.00 806 154 887 184 0.00 0.00 0.00 0.00 0.00 0.00 0.00
car 0.00 0 0.00 693 35 723 44 0.00 0.00 0.00 0.00 0.00 0.00 0.00
car 0.00 0 0.00 697 33 733 42 0.00 0.00 0.00 0.00 0.00 0.00 0.00
car 0.00 0 0.00 690 30 721 36 0.00 0.00 0.00 0.00 0.00 0.00 0.00
car 0.00 0 0.00 216 322 369 382 0.00 0.00 0.00 0.00 0.00 0.00 0.00
