pedestrian 0.00 0 0.00 248 436 265 473 0.00 0.00 0.00 0.00 0.00 0.00 0.00
pedestrian 0.00 0 0.00 293 745 316 765 0.00 0.00 0.00 0.00 0.00 0.00 0.00
pedestrian 0.00 0 0.00 465 388 478 418 0.00 0.00 0.00 0.00 0.00 0.00 0.00
pedestrian 0.00 0 0.00 532 360 555 409 0.00 0.00 0.00 0.00 0.00 0.00 0.00
people 0.00 0 0.00 574 388 595 410 0.00 0.00 0.00 0.00 0.00 0.00 0.00
people 0.00 0 0.00 292 217 311 254 0.00 0.00 0.00 0.00 0.00 0.00 0.00
people 0.00 0 0.00 364 231 382 273 0.00 0.00 0.00 0.00 0.00 0.00 0.00
people 0.00 0 0.00 389 231 416 262 0.00 0.00 0.00 0.00 0.00 0.00 0.00
people 0.00 0 0.00 395 220 421 252 0.00 0.00 0.00 0.00 0.00 0.00 0.00
people 0.00 0 0.00 406 215 432 244 0.00 0.00 0.00 0.00 0.00 0.00 0.00
people 0.00 0 0.00 417 211 435 233 0.00 0.00 0.00 0.00 0.00 0.00 0.00
people 0.00 0 0.00 421 188 439 222 0.00 0.00 0.00 0.00 0.00 0.00 0.00
people 0.00 0 0.00 436 194 455 232 0.00 0.00 0.00 0.00 0.00 0.00 0.00
people 0.00 0 0.00 608 267 622 298 0.00 0.00 0.00 0.00 0.00 0.00 0.00
people 0.00 0 0.00 620 257 638 295 0.00 0.00 0.00 0.00 0.00 0.00 0.00
people 0.00 0 0.00 622 237 642 270 0.00 0.00 0.00 0.00 0.00 0.00 0.00
