pedestrian 0.00 0 0.00 291 522 304 540 0.00 0.00 0.00 0.00 0.00 0.00 0.00
bus 0.00 0 0.00 94 400 191 524 0.00 0.00 0.00 0.00 0.00 0.00 0.00
car 0.00 0 0.00 201 463 239 512 0.00 0.00 0.00 0.00 0.00 0.00 0.00
car 0.00 0 0.00 223 420 257 461 0.00 0.00 0.00 0.00 0.00 0.00 0.00
car 0.00 0 0.00 177 379 209 411 0.00 0.00 0.00 0.00 0.00 0.00 0.00
tricycle 0.00 0 0.00 272 361 287 383 0.00 0.00 0.00 0.00 0.00 0.00 0.00
people 0.00 0 0.00 273 365 281 377 0.00 0.00 0.00 0.00 0.00 0.00 0.00
car 0.00 0 0.00 266 301 287 321 0.00 0.00 0.00 0.00 0.00 0.00 0.00
car 0.00 0 0.00 261 271 281 291 0.00 0.00 0.00 0.00 0.00 0.00 0.00
car 0.00 0 0.00 338 211 349 222 0.00 0.00 0.00 0.00 0.00 0.00 0.00
car 0.00 0 0.00 334 198 345 208 0.00 0.00 0.00 0.00 0.00 0.00 0.00
van 0.00 0 0.00 297 221 310 236 0.00 0.00 0.00 0.00 0.00 0.00 0.00
car 0.00 0 0.00 411 344 429 366 0.00 0.00 0.00 0.00 0.00 0.00 0.00
people 0.00 0 0.00 415 374 420 385 0.00 0.00 0.00 0.00 0.00 0.00 0.00
people 0.00 0 0.00 423 377 429 389 0.00 0.00 0.00 0.00 0.00 0.00 0.00
motor 0.00 0 0.00 422 380 431 393 0.00 0.00 0.00 0.00 0.00 0.00 0.00
motor 0.00 0 0.00 414 378 422 390 0.00 0.00 0.00 0.00 0.00 0.00 0.00
pedestrian 0.00 0 0.00 407 347 412 360 0.00 0.00 0.00 0.00 0.00 0.00 0.00
car 0.00 0 0.00 409 320 425 338 0.00 0.00 0.00 0.00 0.00 0.00 0.00
people 0.00 0 0.00 388 311 393 321 0.00 0.00 0.00 0.00 0.00 0.00 0.00
motor 0.00 0 0.00 387 313 393 325 0.00 0.00 0.00 0.00 0.00 0.00 0.00
pedestrian 0.00 0 0.00 456 260 460 270 0.00 0.00 0.00 0.00 0.00 0.00 0.00
car 0.00 0 0.00 375 241 386 253 0.00 0.00 0.00 0.00 0.00 0.00 0.00
car 0.00 0 0.00 392 217 403 227 0.00 0.00 0.00 0.00 0.00 0.00 0.00
car 0.00 0 0.00 393 160 400 165 0.00 0.00 0.00 0.00 0.00 0.00 0.00
car 0.00 0 0.00 396 149 403 154 0.00 0.00 0.00 0.00 0.00 0.00 0.00
truck 0.00 0 0.00 404 151 411 157 0.00 0.00 0.00 0.00 0.00 0.00 0.00
pedestrian 0.00 0 0.00 200 316 205 329 0.00 0.00 0.00 0.00 0.00 0.00 0.00
awning-tricycle 0.00 0 0.00 190 331 215 343 0.00 0.00 0.00 0.00 0.00 0.00 0.00
awning-tricycle 0.00 0 0.00 191 336 214 347 0.00 0.00 0.00 0.00 0.00 0.00 0.00
awning-tricycle 0.00 0 0.00 187 339 213 352 0.00 0.00 0.00 0.00 0.00 0.00 0.00
pedestrian 0.00 0 0.00 927 461 938 480 0.00 0.00 0.00 0.00 0.00 0.00 0.00
pedestrian 0.00 0 0.00 932 459 939 478 0.00 0.00 0.00 0.00 0.00 0.00 0.00
tricycle 0.00 0 0.00 463 283 472 297 0.00 0.00 0.00 0.00 0.00 0.00 0.00
awning-tricycle 0.00 0 0.00 412 279 423 293 0.00 0.00 0.00 0.00 0.00 0.00 0.00
pedestrian 0.00 0 0.00 420 301 425 312 0.00 0.00 0.00 0.00 0.00 0.00 0.00
pedestrian 0.00 0 0.00 435 176 437 182 0.00 0.00 0.00 0.00 0.00 0.00 0.00
