car 0.00 0 0.00 606 496 663 540 0.00 0.00 0.00 0.00 0.00 0.00 0.00
tricycle 0.00 0 0.00 596 381 629 428 0.00 0.00 0.00 0.00 0.00 0.00 0.00
car 0.00 0 0.00 531 294 587 328 0.00 0.00 0.00 0.00 0.00 0.00 0.00
pedestrian 0.00 0 0.00 588 251 598 273 0.00 0.00 0.00 0.00 0.00 0.00 0.00
car 0.00 0 0.00 579 262 638 288 0.00 0.00 0.00 0.00 0.00 0.00 0.00
car 0.00 0 0.00 685 319 758 351 0.00 0.00 0.00 0.00 0.00 0.00 0.00
car 0.00 0 0.00 709 271 764 300 0.00 0.00 0.00 0.00 0.00 0.00 0.00
pedestrian 0.00 0 0.00 678 267 685 290 0.00 0.00 0.00 0.00 0.00 0.00 0.00
pedestrian 0.00 0 0.00 677 266 684 289 0.00 0.00 0.00 0.00 0.00 0.00 0.00
people 0.00 0 0.00 919 190 926 201 0.00 0.00 0.00 0.00 0.00 0.00 0.00
car 0.00 0 0.00 935 241 960 265 0.00 0.00 0.00 0.00 0.00 0.00 0.00
van 0.00 0 0.00 913 231 954 253 0.00 0.00 0.00 0.00 0.00 0.00 0.00
car 0.00 0 0.00 900 227 942 243 0.00 0.00 0.00 0.00 0.00 0.00 0.00
car 0.00 0 0.00 882 214 934 233 0.00 0.00 0.00 0.00 0.00 0.00 0.00
car 0.00 0 0.00 859 207 909 223 0.00 0.00 0.00 0.00 0.00 0.00 0.00
car 0.00 0 0.00 832 193 879 209 0.00 0.00 0.00 0.00 0.00 0.00 0.00
car 0.00 0 0.00 812 186 857 201 0.00 0.00 0.00 0.00 0.00 0.00 0.00
car 0.00 0 0.00 772 155 797 169 0.00 0.00 0.00 0.00 0.00 0.00 0.00
pedestrian 0.00 0 0.00 783 167 789 180 0.00 0.00 0.00 0.00 0.00 0.00 0.00
car 0.00 0 0.00 791 168 820 180 0.00 0.00 0.00 0.00 0.00 0.00 0.00
car 0.00 0 0.00 804 172 838 189 0.00 0.00 0.00 0.00 0.00 0.00 0.00
car 0.00 0 0.00 802 180 836 193 0.00 0.00 0.00 0.00 0.00 0.00 0.00
car 0.00 0 0.00 751 156 772 171 0.00 0.00 0.00 0.00 0.00 0.00 0.00
car 0.00 0 0.00 734 157 753 170 0.00 0.00 0.00 0.00 0.00 0.00 0.00
tricycle 0.00 0 0.00 731 163 751 176 0.00 0.00 0.00 0.00 0.00 0.00 0.00
pedestrian 0.00 0 0.00 724 158 728 170 0.00 0.00 0.00 0.00 0.00 0.00 0.00
car 0.00 0 0.00 804 242 867 267 0.00 0.00 0.00 0.00 0.00 0.00 0.00
pedestrian 0.00 0 0.00 722 240 732 259 0.00 0.00 0.00 0.00 0.00 0.00 0.00
pedestrian 0.00 0 0.00 726 222 734 240 0.00 0.00 0.00 0.00 0.00 0.00 0.00
car 0.00 0 0.00 677 175 697 189 0.00 0.00 0.00 0.00 0.00 0.00 0.00
car 0.00 0 0.00 779 222 825 240 0.00 0.00 0.00 0.00 0.00 0.00 0.00
car 0.00 0 0.00 765 214 809 231 0.00 0.00 0.00 0.00 0.00 0.00 0.00
car 0.00 0 0.00 746 205 794 223 0.00 0.00 0.00 0.00 0.00 0.00 0.00
car 0.00 0 0.00 738 200 776 215 0.00 0.00 0.00 0.00 0.00 0.00 0.00
car 0.00 0 0.00 729 194 768 208 0.00 0.00 0.00 0.00 0.00 0.00 0.00
car 0.00 0 0.00 723 187 759 202 0.00 0.00 0.00 0.00 0.00 0.00 0.00
car 0.00 0 0.00 716 182 754 196 0.00 0.00 0.00 0.00 0.00 0.00 0.00
car 0.00 0 0.00 706 177 744 191 0.00 0.00 0.00 0.00 0.00 0.00 0.00
car 0.00 0 0.00 700 173 733 185 0.00 0.00 0.00 0.00 0.00 0.00 0.00
car 0.00 0 0.00 693 170 722 181 0.00 0.00 0.00 0.00 0.00 0.00 0.00
car 0.00 0 0.00 660 224 711 243 0.00 0.00 0.00 0.00 0.00 0.00 0.00
car 0.00 0 0.00 644 215 690 232 0.00 0.00 0.00 0.00 0.00 0.00 0.00
car 0.00 0 0.00 642 207 688 226 0.00 0.00 0.00 0.00 0.00 0.00 0.00
car 0.00 0 0.00 637 200 680 218 0.00 0.00 0.00 0.00 0.00 0.00 0.00
car 0.00 0 0.00 634 193 672 210 0.00 0.00 0.00 0.00 0.00 0.00 0.00
car 0.00 0 0.00 633 187 670 203 0.00 0.00 0.00 0.00 0.00 0.00 0.00
car 0.00 0 0.00 632 182 672 197 0.00 0.00 0.00 0.00 0.00 0.00 0.00
van 0.00 0 0.00 605 139 644 153 0.00 0.00 0.00 0.00 0.00 0.00 0.00
car 0.00 0 0.00 575 135 600 144 0.00 0.00 0.00 0.00 0.00 0.00 0.00
car 0.00 0 0.00 548 129 569 140 0.00 0.00 0.00 0.00 0.00 0.00 0.00
pedestrian 0.00 0 0.00 557 129 562 142 0.00 0.00 0.00 0.00 0.00 0.00 0.00
car 0.00 0 0.00 518 124 529 135 0.00 0.00 0.00 0.00 0.00 0.00 0.00
van 0.00 0 0.00 526 133 535 144 0.00 0.00 0.00 0.00 0.00 0.00 0.00
pedestrian 0.00 0 0.00 561 186 567 200 0.00 0.00 0.00 0.00 0.00 0.00 0.00
pedestrian 0.00 0 0.00 570 170 574 182 0.00 0.00 0.00 0.00 0.00 0.00 0.00
car 0.00 0 0.00 541 193 559 211 0.00 0.00 0.00 0.00 0.00 0.00 0.00
car 0.00 0 0.00 477 274 506 303 0.00 0.00 0.00 0.00 0.00 0.00 0.00
car 0.00 0 0.00 454 134 466 144 0.00 0.00 0.00 0.00 0.00 0.00 0.00
car 0.00 0 0.00 421 117 430 125 0.00 0.00 0.00 0.00 0.00 0.00 0.00
tricycle 0.00 0 0.00 436 118 443 126 0.00 0.00 0.00 0.00 0.00 0.00 0.00
people 0.00 0 0.00 438 119 442 125 0.00 0.00 0.00 0.00 0.00 0.00 0.00
car 0.00 0 0.00 408 132 421 141 0.00 0.00 0.00 0.00 0.00 0.00 0.00
car 0.00 0 0.00 392 118 413 126 0.00 0.00 0.00 0.00 0.00 0.00 0.00
car 0.00 0 0.00 385 125 405 133 0.00 0.00 0.00 0.00 0.00 0.00 0.00
car 0.00 0 0.00 385 129 403 136 0.00 0.00 0.00 0.00 0.00 0.00 0.00
car 0.00 0 0.00 383 130 396 140 0.00 0.00 0.00 0.00 0.00 0.00 0.00
car 0.00 0 0.00 388 148 403 158 0.00 0.00 0.00 0.00 0.00 0.00 0.00
truck 0.00 0 0.00 380 153 399 180 0.00 0.00 0.00 0.00 0.00 0.00 0.00
car 0.00 0 0.00 362 141 389 151 0.00 0.00 0.00 0.00 0.00 0.00 0.00
car 0.00 0 0.00 352 149 380 159 0.00 0.00 0.00 0.00 0.00 0.00 0.00
car 0.00 0 0.00 331 174 349 188 0.00 0.00 0.00 0.00 0.00 0.00 0.00
motor 0.00 0 0.00 283 199 292 213 0.00 0.00 0.00 0.00 0.00 0.00 0.00
pedestrian 0.00 0 0.00 151 178 158 192 0.00 0.00 0.00 0.00 0.00 0.00 0.00
tricycle 0.00 0 0.00 184 268 231 292 0.00 0.00 0.00 0.00 0.00 0.00 0.00
bicycle 0.00 0 0.00 239 254 258 267 0.00 0.00 0.00 0.00 0.00 0.00 0.00
car 0.00 0 0.00 233 276 277 314 0.00 0.00 0.00 0.00 0.00 0.00 0.00
pedestrian 0.00 0 0.00 285 241 290 259 0.00 0.00 0.00 0.00 0.00 0.00 0.00
car 0.00 0 0.00 234 223 288 245 0.00 0.00 0.00 0.00 0.00 0.00 0.00
car 0.00 0 0.00 286 201 325 228 0.00 0.00 0.00 0.00 0.00 0.00 0.00
pedestrian 0.00 0 0.00 308 262 319 283 0.00 0.00 0.00 0.00 0.00 0.00 0.00
car 0.00 0 0.00 312 241 340 268 0.00 0.00 0.00 0.00 0.00 0.00 0.00
car 0.00 0 0.00 350 243 379 270 0.00 0.00 0.00 0.00 0.00 0.00 0.00
car 0.00 0 0.00 363 280 397 314 0.00 0.00 0.00 0.00 0.00 0.00 0.00
car 0.00 0 0.00 180 325 235 373 0.00 0.00 0.00 0.00 0.00 0.00 0.00
car 0.00 0 0.00 123 368 194 432 0.00 0.00 0.00 0.00 0.00 0.00 0.00
car 0.00 0 0.00 182 368 249 429 0.00 0.00 0.00 0.00 0.00 0.00 0.00
car 0.00 0 0.00 338 381 410 450 0.00 0.00 0.00 0.00 0.00 0.00 0.00
car 0.00 0 0.00 0 409 73 458 0.00 0.00 0.00 0.00 0.00 0.00 0.00
pedestrian 0.00 0 0.00 72 519 95 540 0.00 0.00 0.00 0.00 0.00 0.00 0.00
bicycle 0.00 0 0.00 62 391 94 406 0.00 0.00 0.00 0.00 0.00 0.00 0.00
motor 0.00 0 0.00 67 379 99 397 0.00 0.00 0.00 0.00 0.00 0.00 0.00
motor 0.00 0 0.00 83 367 115 384 0.00 0.00 0.00 0.00 0.00 0.00 0.00
bicycle 0.00 0 0.00 98 351 126 364 0.00 0.00 0.00 0.00 0.00 0.00 0.00
