bicycle 0.00 0 0.00 1293 160 1318 175 0.00 0.00 0.00 0.00 0.00 0.00 0.00
people 0.00 0 0.00 1302 152 1315 172 0.00 0.00 0.00 0.00 0.00 0.00 0.00
car 0.00 0 0.00 1056 17 1112 45 0.00 0.00 0.00 0.00 0.00 0.00 0.00
car 0.00 0 0.00 1026 59 1061 98 0.00 0.00 0.00 0.00 0.00 0.00 0.00
pedestrian 0.00 0 0.00 1027 97 1040 119 0.00 0.00 0.00 0.00 0.00 0.00 0.00
car 0.00 0 0.00 1023 126 1094 161 0.00 0.00 0.00 0.00 0.00 0.00 0.00
motor 0.00 0 0.00 1111 146 1128 168 0.00 0.00 0.00 0.00 0.00 0.00 0.00
pedestrian 0.00 0 0.00 1102 149 1115 171 0.00 0.00 0.00 0.00 0.00 0.00 0.00
pedestrian 0.00 0 0.00 1109 138 1121 155 0.00 0.00 0.00 0.00 0.00 0.00 0.00
car 0.00 0 0.00 1241 369 1327 416 0.00 0.00 0.00 0.00 0.00 0.00 0.00
car 0.00 0 0.00 1050 395 1139 445 0.00 0.00 0.00 0.00 0.00 0.00 0.00
car 0.00 0 0.00 865 387 950 439 0.00 0.00 0.00 0.00 0.00 0.00 0.00
car 0.00 0 0.00 891 337 978 379 0.00 0.00 0.00 0.00 0.00 0.00 0.00
tricycle 0.00 0 0.00 1122 450 1209 502 0.00 0.00 0.00 0.00 0.00 0.00 0.00
car 0.00 0 0.00 1303 711 1360 765 0.00 0.00 0.00 0.00 0.00 0.00 0.00
van 0.00 0 0.00 705 474 822 536 0.00 0.00 0.00 0.00 0.00 0.00 0.00
bus 0.00 0 0.00 552 321 692 455 0.00 0.00 0.00 0.00 0.00 0.00 0.00
van 0.00 0 0.00 497 558 578 614 0.00 0.00 0.00 0.00 0.00 0.00 0.00
car 0.00 0 0.00 186 523 291 586 0.00 0.00 0.00 0.00 0.00 0.00 0.00
car 0.00 0 0.00 0 450 69 499 0.00 0.00 0.00 0.00 0.00 0.00 0.00
car 0.00 0 0.00 0 586 52 638 0.00 0.00 0.00 0.00 0.00 0.00 0.00
motor 0.00 0 0.00 958 192 985 209 0.00 0.00 0.00 0.00 0.00 0.00 0.00
people 0.00 0 0.00 966 190 980 209 0.00 0.00 0.00 0.00 0.00 0.00 0.00
people 0.00 0 0.00 975 192 987 210 0.00 0.00 0.00 0.00 0.00 0.00 0.00
awning-tricycle 0.00 0 0.00 968 109 1003 140 0.00 0.00 0.00 0.00 0.00 0.00 0.00
car 0.00 0 0.00 948 59 983 99 0.00 0.00 0.00 0.00 0.00 0.00 0.00
awning-tricycle 0.00 0 0.00 926 92 953 122 0.00 0.00 0.00 0.00 0.00 0.00 0.00
bicycle 0.00 0 0.00 969 20 983 40 0.00 0.00 0.00 0.00 0.00 0.00 0.00
motor 0.00 0 0.00 944 22 953 40 0.00 0.00 0.00 0.00 0.00 0.00 0.00
pedestrian 0.00 0 0.00 880 2 890 24 0.00 0.00 0.00 0.00 0.00 0.00 0.00
car 0.00 0 0.00 882 54 919 102 0.00 0.00 0.00 0.00 0.00 0.00 0.00
car 0.00 0 0.00 822 36 878 67 0.00 0.00 0.00 0.00 0.00 0.00 0.00
car 0.00 0 0.00 848 52 887 90 0.00 0.00 0.00 0.00 0.00 0.00 0.00
car 0.00 0 0.00 766 0 806 18 0.00 0.00 0.00 0.00 0.00 0.00 0.00
pedestrian 0.00 0 0.00 784 29 794 52 0.00 0.00 0.00 0.00 0.00 0.00 0.00
pedestrian 0.00 0 0.00 789 71 796 94 0.00 0.00 0.00 0.00 0.00 0.00 0.00
motor 0.00 0 0.00 831 66 841 83 0.00 0.00 0.00 0.00 0.00 0.00 0.00
motor 0.00 0 0.00 829 88 843 106 0.00 0.00 0.00 0.00 0.00 0.00 0.00
people 0.00 0 0.00 833 84 840 101 0.00 0.00 0.00 0.00 0.00 0.00 0.00
pedestrian 0.00 0 0.00 880 144 891 163 0.00 0.00 0.00 0.00 0.00 0.00 0.00
pedestrian 0.00 0 0.00 835 123 847 143 0.00 0.00 0.00 0.00 0.00 0.00 0.00
pedestrian 0.00 0 0.00 859 130 868 152 0.00 0.00 0.00 0.00 0.00 0.00 0.00
pedestrian 0.00 0 0.00 843 144 853 165 0.00 0.00 0.00 0.00 0.00 0.00 0.00
pedestrian 0.00 0 0.00 799 145 807 166 0.00 0.00 0.00 0.00 0.00 0.00 0.00
pedestrian 0.00 0 0.00 803 137 812 158 0.00 0.00 0.00 0.00 0.00 0.00 0.00
pedestrian 0.00 0 0.00 817 144 825 166 0.00 0.00 0.00 0.00 0.00 0.00 0.00
pedestrian 0.00 0 0.00 818 136 828 159 0.00 0.00 0.00 0.00 0.00 0.00 0.00
pedestrian 0.00 0 0.00 779 165 787 186 0.00 0.00 0.00 0.00 0.00 0.00 0.00
pedestrian 0.00 0 0.00 771 159 781 182 0.00 0.00 0.00 0.00 0.00 0.00 0.00
awning-tricycle 0.00 0 0.00 713 175 741 211 0.00 0.00 0.00 0.00 0.00 0.00 0.00
pedestrian 0.00 0 0.00 661 180 673 203 0.00 0.00 0.00 0.00 0.00 0.00 0.00
pedestrian 0.00 0 0.00 660 175 674 197 0.00 0.00 0.00 0.00 0.00 0.00 0.00
car 0.00 0 0.00 567 103 604 151 0.00 0.00 0.00 0.00 0.00 0.00 0.00
motor 0.00 0 0.00 458 298 483 317 0.00 0.00 0.00 0.00 0.00 0.00 0.00
people 0.00 0 0.00 460 293 473 313 0.00 0.00 0.00 0.00 0.00 0.00 0.00
people 0.00 0 0.00 455 298 468 315 0.00 0.00 0.00 0.00 0.00 0.00 0.00
motor 0.00 0 0.00 459 231 474 255 0.00 0.00 0.00 0.00 0.00 0.00 0.00
people 0.00 0 0.00 464 227 471 247 0.00 0.00 0.00 0.00 0.00 0.00 0.00
car 0.00 0 0.00 474 229 486 251 0.00 0.00 0.00 0.00 0.00 0.00 0.00
people 0.00 0 0.00 473 223 484 243 0.00 0.00 0.00 0.00 0.00 0.00 0.00
motor 0.00 0 0.00 565 25 575 51 0.00 0.00 0.00 0.00 0.00 0.00 0.00
people 0.00 0 0.00 567 27 576 45 0.00 0.00 0.00 0.00 0.00 0.00 0.00
car 0.00 0 0.00 463 52 499 98 0.00 0.00 0.00 0.00 0.00 0.00 0.00
car 0.00 0 0.00 369 41 400 86 0.00 0.00 0.00 0.00 0.00 0.00 0.00
pedestrian 0.00 0 0.00 451 46 462 70 0.00 0.00 0.00 0.00 0.00 0.00 0.00
pedestrian 0.00 0 0.00 444 41 451 65 0.00 0.00 0.00 0.00 0.00 0.00 0.00
pedestrian 0.00 0 0.00 451 0 458 19 0.00 0.00 0.00 0.00 0.00 0.00 0.00
pedestrian 0.00 0 0.00 464 0 477 17 0.00 0.00 0.00 0.00 0.00 0.00 0.00
car 0.00 0 0.00 378 0 405 27 0.00 0.00 0.00 0.00 0.00 0.00 0.00
motor 0.00 0 0.00 424 46 434 66 0.00 0.00 0.00 0.00 0.00 0.00 0.00
people 0.00 0 0.00 423 42 433 63 0.00 0.00 0.00 0.00 0.00 0.00 0.00
people 0.00 0 0.00 429 44 435 61 0.00 0.00 0.00 0.00 0.00 0.00 0.00
pedestrian 0.00 0 0.00 98 332 119 359 0.00 0.00 0.00 0.00 0.00 0.00 0.00
pedestrian 0.00 0 0.00 95 325 118 348 0.00 0.00 0.00 0.00 0.00 0.00 0.00
car 0.00 0 0.00 14 294 108 333 0.00 0.00 0.00 0.00 0.00 0.00 0.00
pedestrian 0.00 0 0.00 169 238 184 262 0.00 0.00 0.00 0.00 0.00 0.00 0.00
pedestrian 0.00 0 0.00 180 241 192 261 0.00 0.00 0.00 0.00 0.00 0.00 0.00
car 0.00 0 0.00 187 208 257 246 0.00 0.00 0.00 0.00 0.00 0.00 0.00
car 0.00 0 0.00 81 263 165 301 0.00 0.00 0.00 0.00 0.00 0.00 0.00
tricycle 0.00 0 0.00 37 258 79 277 0.00 0.00 0.00 0.00 0.00 0.00 0.00
people 0.00 0 0.00 354 13 365 29 0.00 0.00 0.00 0.00 0.00 0.00 0.00
pedestrian 0.00 0 0.00 337 28 345 53 0.00 0.00 0.00 0.00 0.00 0.00 0.00
motor 0.00 0 0.00 342 91 367 112 0.00 0.00 0.00 0.00 0.00 0.00 0.00
bicycle 0.00 0 0.00 231 159 249 182 0.00 0.00 0.00 0.00 0.00 0.00 0.00
pedestrian 0.00 0 0.00 4 96 22 119 0.00 0.00 0.00 0.00 0.00 0.00 0.00
pedestrian 0.00 0 0.00 3 74 14 99 0.00 0.00 0.00 0.00 0.00 0.00 0.00
pedestrian 0.00 0 0.00 95 86 110 110 0.00 0.00 0.00 0.00 0.00 0.00 0.00
pedestrian 0.00 0 0.00 94 100 107 121 0.00 0.00 0.00 0.00 0.00 0.00 0.00
motor 0.00 0 0.00 165 130 177 153 0.00 0.00 0.00 0.00 0.00 0.00 0.00
motor 0.00 0 0.00 178 132 190 156 0.00 0.00 0.00 0.00 0.00 0.00 0.00
motor 0.00 0 0.00 191 131 204 157 0.00 0.00 0.00 0.00 0.00 0.00 0.00
motor 0.00 0 0.00 201 132 210 157 0.00 0.00 0.00 0.00 0.00 0.00 0.00
motor 0.00 0 0.00 210 132 222 155 0.00 0.00 0.00 0.00 0.00 0.00 0.00
tricycle 0.00 0 0.00 247 168 298 204 0.00 0.00 0.00 0.00 0.00 0.00 0.00
tricycle 0.00 0 0.00 263 163 299 190 0.00 0.00 0.00 0.00 0.00 0.00 0.00
awning-tricycle 0.00 0 0.00 285 144 328 180 0.00 0.00 0.00 0.00 0.00 0.00 0.00
tricycle 0.00 0 0.00 306 132 349 157 0.00 0.00 0.00 0.00 0.00 0.00 0.00
motor 0.00 0 0.00 294 98 314 119 0.00 0.00 0.00 0.00 0.00 0.00 0.00
people 0.00 0 0.00 309 56 317 71 0.00 0.00 0.00 0.00 0.00 0.00 0.00
motor 0.00 0 0.00 240 103 261 126 0.00 0.00 0.00 0.00 0.00 0.00 0.00
motor 0.00 0 0.00 230 114 243 138 0.00 0.00 0.00 0.00 0.00 0.00 0.00
motor 0.00 0 0.00 225 129 237 154 0.00 0.00 0.00 0.00 0.00 0.00 0.00
motor 0.00 0 0.00 245 139 267 162 0.00 0.00 0.00 0.00 0.00 0.00 0.00
bicycle 0.00 0 0.00 272 74 296 90 0.00 0.00 0.00 0.00 0.00 0.00 0.00
motor 0.00 0 0.00 251 66 271 78 0.00 0.00 0.00 0.00 0.00 0.00 0.00
bicycle 0.00 0 0.00 229 32 248 51 0.00 0.00 0.00 0.00 0.00 0.00 0.00
motor 0.00 0 0.00 238 23 257 33 0.00 0.00 0.00 0.00 0.00 0.00 0.00
motor 0.00 0 0.00 274 86 294 100 0.00 0.00 0.00 0.00 0.00 0.00 0.00
motor 0.00 0 0.00 233 59 251 75 0.00 0.00 0.00 0.00 0.00 0.00 0.00
motor 0.00 0 0.00 226 80 244 97 0.00 0.00 0.00 0.00 0.00 0.00 0.00
motor 0.00 0 0.00 261 106 280 121 0.00 0.00 0.00 0.00 0.00 0.00 0.00
motor 0.00 0 0.00 264 112 281 130 0.00 0.00 0.00 0.00 0.00 0.00 0.00
motor 0.00 0 0.00 253 82 273 101 0.00 0.00 0.00 0.00 0.00 0.00 0.00
motor 0.00 0 0.00 247 91 268 105 0.00 0.00 0.00 0.00 0.00 0.00 0.00
pedestrian 0.00 0 0.00 318 0 324 19 0.00 0.00 0.00 0.00 0.00 0.00 0.00
pedestrian 0.00 0 0.00 304 2 312 18 0.00 0.00 0.00 0.00 0.00 0.00 0.00
motor 0.00 0 0.00 307 20 329 36 0.00 0.00 0.00 0.00 0.00 0.00 0.00
motor 0.00 0 0.00 306 28 325 42 0.00 0.00 0.00 0.00 0.00 0.00 0.00
motor 0.00 0 0.00 328 79 348 95 0.00 0.00 0.00 0.00 0.00 0.00 0.00
people 0.00 0 0.00 336 73 342 95 0.00 0.00 0.00 0.00 0.00 0.00 0.00
motor 0.00 0 0.00 289 128 309 154 0.00 0.00 0.00 0.00 0.00 0.00 0.00
pedestrian 0.00 0 0.00 135 164 147 191 0.00 0.00 0.00 0.00 0.00 0.00 0.00
