car 0.00 0 0.00 48 189 154 238 0.00 0.00 0.00 0.00 0.00 0.00 0.00
car 0.00 0 0.00 215 242 314 289 0.00 0.00 0.00 0.00 0.00 0.00 0.00
car 0.00 0 0.00 332 262 434 313 0.00 0.00 0.00 0.00 0.00 0.00 0.00
car 0.00 0 0.00 940 131 979 167 0.00 0.00 0.00 0.00 0.00 0.00 0.00
car 0.00 0 0.00 1001 131 1037 176 0.00 0.00 0.00 0.00 0.00 0.00 0.00
car 0.00 0 0.00 1066 158 1098 189 0.00 0.00 0.00 0.00 0.00 0.00 0.00
car 0.00 0 0.00 1132 114 1184 146 0.00 0.00 0.00 0.00 0.00 0.00 0.00
car 0.00 0 0.00 1065 73 1094 102 0.00 0.00 0.00 0.00 0.00 0.00 0.00
car 0.00 0 0.00 1007 45 1029 71 0.00 0.00 0.00 0.00 0.00 0.00 0.00
car 0.00 0 0.00 705 198 759 255 0.00 0.00 0.00 0.00 0.00 0.00 0.00
car 0.00 0 0.00 736 167 778 220 0.00 0.00 0.00 0.00 0.00 0.00 0.00
car 0.00 0 0.00 219 474 379 549 0.00 0.00 0.00 0.00 0.00 0.00 0.00
car 0.00 0 0.00 800 99 829 126 0.00 0.00 0.00 0.00 0.00 0.00 0.00
car 0.00 0 0.00 853 45 875 67 0.00 0.00 0.00 0.00 0.00 0.00 0.00
car 0.00 0 0.00 825 62 861 85 0.00 0.00 0.00 0.00 0.00 0.00 0.00
car 0.00 0 0.00 784 120 814 153 0.00 0.00 0.00 0.00 0.00 0.00 0.00
car 0.00 0 0.00 578 213 622 264 0.00 0.00 0.00 0.00 0.00 0.00 0.00
van 0.00 0 0.00 161 556 328 664 0.00 0.00 0.00 0.00 0.00 0.00 0.00
van 0.00 0 0.00 4 614 98 723 0.00 0.00 0.00 0.00 0.00 0.00 0.00
van 0.00 0 0.00 239 687 379 765 0.00 0.00 0.00 0.00 0.00 0.00 0.00
bicycle 0.00 0 0.00 916 255 925 277 0.00 0.00 0.00 0.00 0.00 0.00 0.00
bicycle 0.00 0 0.00 862 620 883 664 0.00 0.00 0.00 0.00 0.00 0.00 0.00
motor 0.00 0 0.00 1234 424 1251 462 0.00 0.00 0.00 0.00 0.00 0.00 0.00
motor 0.00 0 0.00 278 403 323 424 0.00 0.00 0.00 0.00 0.00 0.00 0.00
people 0.00 0 0.00 286 384 297 409 0.00 0.00 0.00 0.00 0.00 0.00 0.00
people 0.00 0 0.00 275 385 284 414 0.00 0.00 0.00 0.00 0.00 0.00 0.00
pedestrian 0.00 0 0.00 255 399 270 455 0.00 0.00 0.00 0.00 0.00 0.00 0.00
pedestrian 0.00 0 0.00 528 248 543 281 0.00 0.00 0.00 0.00 0.00 0.00 0.00
pedestrian 0.00 0 0.00 582 256 596 296 0.00 0.00 0.00 0.00 0.00 0.00 0.00
people 0.00 0 0.00 916 244 928 262 0.00 0.00 0.00 0.00 0.00 0.00 0.00
people 0.00 0 0.00 864 578 886 630 0.00 0.00 0.00 0.00 0.00 0.00 0.00
people 0.00 0 0.00 1240 414 1254 444 0.00 0.00 0.00 0.00 0.00 0.00 0.00
pedestrian 0.00 0 0.00 1296 138 1307 166 0.00 0.00 0.00 0.00 0.00 0.00 0.00
people 0.00 0 0.00 814 178 823 208 0.00 0.00 0.00 0.00 0.00 0.00 0.00
