pedestrian 0.00 0 0.00 15 446 38 483 0.00 0.00 0.00 0.00 0.00 0.00 0.00
bicycle 0.00 0 0.00 330 448 349 487 0.00 0.00 0.00 0.00 0.00 0.00 0.00
bicycle 0.00 0 0.00 281 413 295 441 0.00 0.00 0.00 0.00 0.00 0.00 0.00
bicycle 0.00 0 0.00 292 411 307 443 0.00 0.00 0.00 0.00 0.00 0.00 0.00
bicycle 0.00 0 0.00 474 436 503 460 0.00 0.00 0.00 0.00 0.00 0.00 0.00
bicycle 0.00 0 0.00 833 424 874 444 0.00 0.00 0.00 0.00 0.00 0.00 0.00
bicycle 0.00 0 0.00 932 423 969 448 0.00 0.00 0.00 0.00 0.00 0.00 0.00
pedestrian 0.00 0 0.00 1087 437 1106 469 0.00 0.00 0.00 0.00 0.00 0.00 0.00
bicycle 0.00 0 0.00 1234 433 1272 458 0.00 0.00 0.00 0.00 0.00 0.00 0.00
bicycle 0.00 0 0.00 1183 636 1234 664 0.00 0.00 0.00 0.00 0.00 0.00 0.00
pedestrian 0.00 0 0.00 1181 647 1203 689 0.00 0.00 0.00 0.00 0.00 0.00 0.00
