pedestrian 0.00 0 0.00 71 47 92 81 0.00 0.00 0.00 0.00 0.00 0.00 0.00
people 0.00 0 0.00 78 47 93 66 0.00 0.00 0.00 0.00 0.00 0.00 0.00
pedestrian 0.00 0 0.00 87 40 109 72 0.00 0.00 0.00 0.00 0.00 0.00 0.00
bicycle 0.00 0 0.00 83 54 114 81 0.00 0.00 0.00 0.00 0.00 0.00 0.00
car 0.00 0 0.00 123 53 209 116 0.00 0.00 0.00 0.00 0.00 0.00 0.00
car 0.00 0 0.00 230 29 316 95 0.00 0.00 0.00 0.00 0.00 0.00 0.00
car 0.00 0 0.00 298 60 349 136 0.00 0.00 0.00 0.00 0.00 0.00 0.00
people 0.00 0 0.00 147 129 167 156 0.00 0.00 0.00 0.00 0.00 0.00 0.00
motor 0.00 0 0.00 141 137 174 165 0.00 0.00 0.00 0.00 0.00 0.00 0.00
car 0.00 0 0.00 0 190 75 262 0.00 0.00 0.00 0.00 0.00 0.00 0.00
car 0.00 0 0.00 31 317 152 405 0.00 0.00 0.00 0.00 0.00 0.00 0.00
car 0.00 0 0.00 155 275 274 360 0.00 0.00 0.00 0.00 0.00 0.00 0.00
car 0.00 0 0.00 0 467 73 567 0.00 0.00 0.00 0.00 0.00 0.00 0.00
pedestrian 0.00 0 0.00 330 659 350 688 0.00 0.00 0.00 0.00 0.00 0.00 0.00
pedestrian 0.00 0 0.00 564 49 577 84 0.00 0.00 0.00 0.00 0.00 0.00 0.00
car 0.00 0 0.00 362 97 445 182 0.00 0.00 0.00 0.00 0.00 0.00 0.00
car 0.00 0 0.00 542 180 633 243 0.00 0.00 0.00 0.00 0.00 0.00 0.00
car 0.00 0 0.00 613 407 737 494 0.00 0.00 0.00 0.00 0.00 0.00 0.00
van 0.00 0 0.00 416 415 544 519 0.00 0.00 0.00 0.00 0.00 0.00 0.00
people 0.00 0 0.00 417 519 432 547 0.00 0.00 0.00 0.00 0.00 0.00 0.00
people 0.00 0 0.00 426 520 446 559 0.00 0.00 0.00 0.00 0.00 0.00 0.00
people 0.00 0 0.00 436 526 448 547 0.00 0.00 0.00 0.00 0.00 0.00 0.00
motor 0.00 0 0.00 422 527 460 559 0.00 0.00 0.00 0.00 0.00 0.00 0.00
car 0.00 0 0.00 664 575 815 698 0.00 0.00 0.00 0.00 0.00 0.00 0.00
people 0.00 0 0.00 804 204 821 230 0.00 0.00 0.00 0.00 0.00 0.00 0.00
people 0.00 0 0.00 814 258 829 284 0.00 0.00 0.00 0.00 0.00 0.00 0.00
people 0.00 0 0.00 804 263 824 293 0.00 0.00 0.00 0.00 0.00 0.00 0.00
people 0.00 0 0.00 825 274 842 308 0.00 0.00 0.00 0.00 0.00 0.00 0.00
people 0.00 0 0.00 830 314 856 347 0.00 0.00 0.00 0.00 0.00 0.00 0.00
people 0.00 0 0.00 848 310 859 329 0.00 0.00 0.00 0.00 0.00 0.00 0.00
people 0.00 0 0.00 866 121 886 156 0.00 0.00 0.00 0.00 0.00 0.00 0.00
motor 0.00 0 0.00 861 133 886 160 0.00 0.00 0.00 0.00 0.00 0.00 0.00
motor 0.00 0 0.00 802 216 821 242 0.00 0.00 0.00 0.00 0.00 0.00 0.00
motor 0.00 0 0.00 801 270 827 302 0.00 0.00 0.00 0.00 0.00 0.00 0.00
motor 0.00 0 0.00 816 283 845 317 0.00 0.00 0.00 0.00 0.00 0.00 0.00
motor 0.00 0 0.00 831 321 856 354 0.00 0.00 0.00 0.00 0.00 0.00 0.00
car 0.00 0 0.00 843 144 925 230 0.00 0.00 0.00 0.00 0.00 0.00 0.00
car 0.00 0 0.00 925 62 998 135 0.00 0.00 0.00 0.00 0.00 0.00 0.00
van 0.00 0 0.00 929 143 1000 229 0.00 0.00 0.00 0.00 0.00 0.00 0.00
car 0.00 0 0.00 988 93 1057 167 0.00 0.00 0.00 0.00 0.00 0.00 0.00
car 0.00 0 0.00 1053 0 1119 74 0.00 0.00 0.00 0.00 0.00 0.00 0.00
car 0.00 0 0.00 1121 89 1186 162 0.00 0.00 0.00 0.00 0.00 0.00 0.00
people 0.00 0 0.00 1223 135 1244 168 0.00 0.00 0.00 0.00 0.00 0.00 0.00
bicycle 0.00 0 0.00 1221 145 1242 174 0.00 0.00 0.00 0.00 0.00 0.00 0.00
