car 0.00 0 0.00 127 683 356 765 0.00 0.00 0.00 0.00 0.00 0.00 0.00
car 0.00 0 0.00 167 575 366 684 0.00 0.00 0.00 0.00 0.00 0.00 0.00
car 0.00 0 0.00 647 293 713 379 0.00 0.00 0.00 0.00 0.00 0.00 0.00
motor 0.00 0 0.00 425 419 455 456 0.00 0.00 0.00 0.00 0.00 0.00 0.00
motor 0.00 0 0.00 245 535 309 580 0.00 0.00 0.00 0.00 0.00 0.00 0.00
motor 0.00 0 0.00 323 547 387 592 0.00 0.00 0.00 0.00 0.00 0.00 0.00
motor 0.00 0 0.00 307 534 370 580 0.00 0.00 0.00 0.00 0.00 0.00 0.00
bicycle 0.00 0 0.00 333 469 400 510 0.00 0.00 0.00 0.00 0.00 0.00 0.00
pedestrian 0.00 0 0.00 427 536 454 599 0.00 0.00 0.00 0.00 0.00 0.00 0.00
pedestrian 0.00 0 0.00 385 549 416 617 0.00 0.00 0.00 0.00 0.00 0.00 0.00
pedestrian 0.00 0 0.00 399 526 421 588 0.00 0.00 0.00 0.00 0.00 0.00 0.00
pedestrian 0.00 0 0.00 532 303 555 358 0.00 0.00 0.00 0.00 0.00 0.00 0.00
pedestrian 0.00 0 0.00 521 285 540 332 0.00 0.00 0.00 0.00 0.00 0.00 0.00
car 0.00 0 0.00 860 638 1073 748 0.00 0.00 0.00 0.00 0.00 0.00 0.00
car 0.00 0 0.00 829 550 1032 646 0.00 0.00 0.00 0.00 0.00 0.00 0.00
car 0.00 0 0.00 823 467 1015 543 0.00 0.00 0.00 0.00 0.00 0.00 0.00
car 0.00 0 0.00 1064 386 1156 497 0.00 0.00 0.00 0.00 0.00 0.00 0.00
car 0.00 0 0.00 1133 519 1264 673 0.00 0.00 0.00 0.00 0.00 0.00 0.00
car 0.00 0 0.00 920 187 1024 231 0.00 0.00 0.00 0.00 0.00 0.00 0.00
car 0.00 0 0.00 740 126 840 170 0.00 0.00 0.00 0.00 0.00 0.00 0.00
car 0.00 0 0.00 1067 169 1122 225 0.00 0.00 0.00 0.00 0.00 0.00 0.00
car 0.00 0 0.00 1130 164 1217 208 0.00 0.00 0.00 0.00 0.00 0.00 0.00
car 0.00 0 0.00 984 115 1052 161 0.00 0.00 0.00 0.00 0.00 0.00 0.00
car 0.00 0 0.00 1155 99 1225 146 0.00 0.00 0.00 0.00 0.00 0.00 0.00
car 0.00 0 0.00 1238 160 1320 222 0.00 0.00 0.00 0.00 0.00 0.00 0.00
car 0.00 0 0.00 1279 99 1337 135 0.00 0.00 0.00 0.00 0.00 0.00 0.00
car 0.00 0 0.00 1083 53 1138 91 0.00 0.00 0.00 0.00 0.00 0.00 0.00
car 0.00 0 0.00 1109 22 1155 50 0.00 0.00 0.00 0.00 0.00 0.00 0.00
car 0.00 0 0.00 1014 42 1056 78 0.00 0.00 0.00 0.00 0.00 0.00 0.00
car 0.00 0 0.00 976 2 1010 33 0.00 0.00 0.00 0.00 0.00 0.00 0.00
people 0.00 0 0.00 649 633 684 692 0.00 0.00 0.00 0.00 0.00 0.00 0.00
tricycle 0.00 0 0.00 633 584 690 723 0.00 0.00 0.00 0.00 0.00 0.00 0.00
people 0.00 0 0.00 604 303 621 358 0.00 0.00 0.00 0.00 0.00 0.00 0.00
motor 0.00 0 0.00 593 317 629 359 0.00 0.00 0.00 0.00 0.00 0.00 0.00
pedestrian 0.00 0 0.00 787 687 814 734 0.00 0.00 0.00 0.00 0.00 0.00 0.00
pedestrian 0.00 0 0.00 832 644 864 705 0.00 0.00 0.00 0.00 0.00 0.00 0.00
pedestrian 0.00 0 0.00 795 622 822 687 0.00 0.00 0.00 0.00 0.00 0.00 0.00
pedestrian 0.00 0 0.00 812 667 828 706 0.00 0.00 0.00 0.00 0.00 0.00 0.00
car 0.00 0 0.00 830 418 1003 488 0.00 0.00 0.00 0.00 0.00 0.00 0.00
car 0.00 0 0.00 833 373 987 434 0.00 0.00 0.00 0.00 0.00 0.00 0.00
car 0.00 0 0.00 832 372 986 433 0.00 0.00 0.00 0.00 0.00 0.00 0.00
van 0.00 0 0.00 832 293 950 365 0.00 0.00 0.00 0.00 0.00 0.00 0.00
people 0.00 0 0.00 1074 242 1093 278 0.00 0.00 0.00 0.00 0.00 0.00 0.00
people 0.00 0 0.00 1075 241 1088 275 0.00 0.00 0.00 0.00 0.00 0.00 0.00
motor 0.00 0 0.00 1072 256 1092 287 0.00 0.00 0.00 0.00 0.00 0.00 0.00
tricycle 0.00 0 0.00 965 263 1035 308 0.00 0.00 0.00 0.00 0.00 0.00 0.00
pedestrian 0.00 0 0.00 1013 281 1029 318 0.00 0.00 0.00 0.00 0.00 0.00 0.00
pedestrian 0.00 0 0.00 886 239 902 276 0.00 0.00 0.00 0.00 0.00 0.00 0.00
car 0.00 0 0.00 1238 701 1360 764 0.00 0.00 0.00 0.00 0.00 0.00 0.00
tricycle 0.00 0 0.00 768 226 809 276 0.00 0.00 0.00 0.00 0.00 0.00 0.00
tricycle 0.00 0 0.00 588 176 663 224 0.00 0.00 0.00 0.00 0.00 0.00 0.00
people 0.00 0 0.00 828 116 840 140 0.00 0.00 0.00 0.00 0.00 0.00 0.00
people 0.00 0 0.00 840 118 851 143 0.00 0.00 0.00 0.00 0.00 0.00 0.00
people 0.00 0 0.00 847 110 858 128 0.00 0.00 0.00 0.00 0.00 0.00 0.00
people 0.00 0 0.00 834 109 845 127 0.00 0.00 0.00 0.00 0.00 0.00 0.00
tricycle 0.00 0 0.00 826 119 873 144 0.00 0.00 0.00 0.00 0.00 0.00 0.00
pedestrian 0.00 0 0.00 806 88 821 123 0.00 0.00 0.00 0.00 0.00 0.00 0.00
people 0.00 0 0.00 885 109 899 145 0.00 0.00 0.00 0.00 0.00 0.00 0.00
tricycle 0.00 0 0.00 884 112 928 147 0.00 0.00 0.00 0.00 0.00 0.00 0.00
van 0.00 0 0.00 889 53 924 105 0.00 0.00 0.00 0.00 0.00 0.00 0.00
van 0.00 0 0.00 1043 16 1076 57 0.00 0.00 0.00 0.00 0.00 0.00 0.00
people 0.00 0 0.00 1236 84 1250 111 0.00 0.00 0.00 0.00 0.00 0.00 0.00
people 0.00 0 0.00 1039 83 1052 105 0.00 0.00 0.00 0.00 0.00 0.00 0.00
people 0.00 0 0.00 1080 20 1090 39 0.00 0.00 0.00 0.00 0.00 0.00 0.00
motor 0.00 0 0.00 1038 96 1054 117 0.00 0.00 0.00 0.00 0.00 0.00 0.00
motor 0.00 0 0.00 1232 96 1249 117 0.00 0.00 0.00 0.00 0.00 0.00 0.00
motor 0.00 0 0.00 1079 27 1092 48 0.00 0.00 0.00 0.00 0.00 0.00 0.00
