people 0.00 0 0.00 769 581 775 592 0.00 0.00 0.00 0.00 0.00 0.00 0.00
motor 0.00 0 0.00 767 583 776 598 0.00 0.00 0.00 0.00 0.00 0.00 0.00
truck 0.00 0 0.00 818 413 847 449 0.00 0.00 0.00 0.00 0.00 0.00 0.00
car 0.00 0 0.00 701 346 727 357 0.00 0.00 0.00 0.00 0.00 0.00 0.00
van 0.00 0 0.00 738 295 747 306 0.00 0.00 0.00 0.00 0.00 0.00 0.00
van 0.00 0 0.00 581 287 592 299 0.00 0.00 0.00 0.00 0.00 0.00 0.00
van 0.00 0 0.00 588 256 599 268 0.00 0.00 0.00 0.00 0.00 0.00 0.00
van 0.00 0 0.00 598 236 607 245 0.00 0.00 0.00 0.00 0.00 0.00 0.00
van 0.00 0 0.00 618 257 626 268 0.00 0.00 0.00 0.00 0.00 0.00 0.00
car 0.00 0 0.00 615 284 625 295 0.00 0.00 0.00 0.00 0.00 0.00 0.00
car 0.00 0 0.00 646 257 657 265 0.00 0.00 0.00 0.00 0.00 0.00 0.00
truck 0.00 0 0.00 672 254 682 268 0.00 0.00 0.00 0.00 0.00 0.00 0.00
truck 0.00 0 0.00 641 185 652 204 0.00 0.00 0.00 0.00 0.00 0.00 0.00
truck 0.00 0 0.00 735 186 745 204 0.00 0.00 0.00 0.00 0.00 0.00 0.00
van 0.00 0 0.00 725 203 738 210 0.00 0.00 0.00 0.00 0.00 0.00 0.00
truck 0.00 0 0.00 585 167 599 185 0.00 0.00 0.00 0.00 0.00 0.00 0.00
van 0.00 0 0.00 632 140 637 145 0.00 0.00 0.00 0.00 0.00 0.00 0.00
van 0.00 0 0.00 647 136 652 140 0.00 0.00 0.00 0.00 0.00 0.00 0.00
van 0.00 0 0.00 668 146 672 151 0.00 0.00 0.00 0.00 0.00 0.00 0.00
van 0.00 0 0.00 598 143 603 148 0.00 0.00 0.00 0.00 0.00 0.00 0.00
car 0.00 0 0.00 640 145 644 148 0.00 0.00 0.00 0.00 0.00 0.00 0.00
people 0.00 0 0.00 685 171 688 176 0.00 0.00 0.00 0.00 0.00 0.00 0.00
motor 0.00 0 0.00 683 173 689 177 0.00 0.00 0.00 0.00 0.00 0.00 0.00
van 0.00 0 0.00 659 127 663 132 0.00 0.00 0.00 0.00 0.00 0.00 0.00
truck 0.00 0 0.00 658 106 665 115 0.00 0.00 0.00 0.00 0.00 0.00 0.00
car 0.00 0 0.00 668 113 671 118 0.00 0.00 0.00 0.00 0.00 0.00 0.00
car 0.00 0 0.00 667 108 671 111 0.00 0.00 0.00 0.00 0.00 0.00 0.00
car 0.00 0 0.00 659 90 662 94 0.00 0.00 0.00 0.00 0.00 0.00 0.00
car 0.00 0 0.00 710 117 714 121 0.00 0.00 0.00 0.00 0.00 0.00 0.00
car 0.00 0 0.00 648 87 652 90 0.00 0.00 0.00 0.00 0.00 0.00 0.00
truck 0.00 0 0.00 670 85 675 94 0.00 0.00 0.00 0.00 0.00 0.00 0.00
