car 0.00 0 0.00 652 409 739 460 0.00 0.00 0.00 0.00 0.00 0.00 0.00
car 0.00 0 0.00 526 331 606 370 0.00 0.00 0.00 0.00 0.00 0.00 0.00
tricycle 0.00 0 0.00 766 411 826 452 0.00 0.00 0.00 0.00 0.00 0.00 0.00
people 0.00 0 0.00 773 405 792 432 0.00 0.00 0.00 0.00 0.00 0.00 0.00
tricycle 0.00 0 0.00 1045 454 1076 501 0.00 0.00 0.00 0.00 0.00 0.00 0.00
people 0.00 0 0.00 1053 451 1071 476 0.00 0.00 0.00 0.00 0.00 0.00 0.00
pedestrian 0.00 0 0.00 1130 404 1149 442 0.00 0.00 0.00 0.00 0.00 0.00 0.00
people 0.00 0 0.00 1242 343 1257 359 0.00 0.00 0.00 0.00 0.00 0.00 0.00
car 0.00 0 0.00 810 283 888 317 0.00 0.00 0.00 0.00 0.00 0.00 0.00
car 0.00 0 0.00 998 283 1077 313 0.00 0.00 0.00 0.00 0.00 0.00 0.00
motor 0.00 0 0.00 1270 316 1302 336 0.00 0.00 0.00 0.00 0.00 0.00 0.00
people 0.00 0 0.00 1345 335 1358 354 0.00 0.00 0.00 0.00 0.00 0.00 0.00
car 0.00 0 0.00 1184 231 1238 255 0.00 0.00 0.00 0.00 0.00 0.00 0.00
van 0.00 0 0.00 1262 235 1312 265 0.00 0.00 0.00 0.00 0.00 0.00 0.00
car 0.00 0 0.00 1203 207 1249 231 0.00 0.00 0.00 0.00 0.00 0.00 0.00
pedestrian 0.00 0 0.00 1190 211 1201 230 0.00 0.00 0.00 0.00 0.00 0.00 0.00
pedestrian 0.00 0 0.00 1181 212 1188 230 0.00 0.00 0.00 0.00 0.00 0.00 0.00
pedestrian 0.00 0 0.00 1144 208 1153 227 0.00 0.00 0.00 0.00 0.00 0.00 0.00
car 0.00 0 0.00 1132 203 1172 222 0.00 0.00 0.00 0.00 0.00 0.00 0.00
motor 0.00 0 0.00 1055 212 1065 225 0.00 0.00 0.00 0.00 0.00 0.00 0.00
motor 0.00 0 0.00 932 226 1096 279 0.00 0.00 0.00 0.00 0.00 0.00 0.00
motor 0.00 0 0.00 806 236 919 283 0.00 0.00 0.00 0.00 0.00 0.00 0.00
motor 0.00 0 0.00 893 220 992 270 0.00 0.00 0.00 0.00 0.00 0.00 0.00
car 0.00 0 0.00 901 206 936 226 0.00 0.00 0.00 0.00 0.00 0.00 0.00
car 0.00 0 0.00 871 206 907 228 0.00 0.00 0.00 0.00 0.00 0.00 0.00
car 0.00 0 0.00 731 239 795 266 0.00 0.00 0.00 0.00 0.00 0.00 0.00
car 0.00 0 0.00 680 232 710 261 0.00 0.00 0.00 0.00 0.00 0.00 0.00
motor 0.00 0 0.00 678 281 706 298 0.00 0.00 0.00 0.00 0.00 0.00 0.00
people 0.00 0 0.00 685 272 696 297 0.00 0.00 0.00 0.00 0.00 0.00 0.00
car 0.00 0 0.00 441 257 508 285 0.00 0.00 0.00 0.00 0.00 0.00 0.00
pedestrian 0.00 0 0.00 426 236 434 262 0.00 0.00 0.00 0.00 0.00 0.00 0.00
tricycle 0.00 0 0.00 385 271 417 300 0.00 0.00 0.00 0.00 0.00 0.00 0.00
pedestrian 0.00 0 0.00 406 253 418 281 0.00 0.00 0.00 0.00 0.00 0.00 0.00
pedestrian 0.00 0 0.00 392 248 404 274 0.00 0.00 0.00 0.00 0.00 0.00 0.00
car 0.00 0 0.00 381 242 416 267 0.00 0.00 0.00 0.00 0.00 0.00 0.00
car 0.00 0 0.00 284 244 349 269 0.00 0.00 0.00 0.00 0.00 0.00 0.00
pedestrian 0.00 0 0.00 388 204 396 225 0.00 0.00 0.00 0.00 0.00 0.00 0.00
car 0.00 0 0.00 350 200 376 221 0.00 0.00 0.00 0.00 0.00 0.00 0.00
car 0.00 0 0.00 288 194 311 214 0.00 0.00 0.00 0.00 0.00 0.00 0.00
pedestrian 0.00 0 0.00 373 189 379 207 0.00 0.00 0.00 0.00 0.00 0.00 0.00
tricycle 0.00 0 0.00 0 270 25 289 0.00 0.00 0.00 0.00 0.00 0.00 0.00
pedestrian 0.00 0 0.00 213 181 221 202 0.00 0.00 0.00 0.00 0.00 0.00 0.00
people 0.00 0 0.00 216 187 226 198 0.00 0.00 0.00 0.00 0.00 0.00 0.00
pedestrian 0.00 0 0.00 498 181 506 200 0.00 0.00 0.00 0.00 0.00 0.00 0.00
truck 0.00 0 0.00 380 148 568 200 0.00 0.00 0.00 0.00 0.00 0.00 0.00
truck 0.00 0 0.00 379 155 549 196 0.00 0.00 0.00 0.00 0.00 0.00 0.00
bus 0.00 0 0.00 490 134 544 161 0.00 0.00 0.00 0.00 0.00 0.00 0.00
tricycle 0.00 0 0.00 373 135 387 149 0.00 0.00 0.00 0.00 0.00 0.00 0.00
van 0.00 0 0.00 192 122 214 138 0.00 0.00 0.00 0.00 0.00 0.00 0.00
car 0.00 0 0.00 146 125 172 136 0.00 0.00 0.00 0.00 0.00 0.00 0.00
car 0.00 0 0.00 112 121 145 132 0.00 0.00 0.00 0.00 0.00 0.00 0.00
car 0.00 0 0.00 143 113 158 123 0.00 0.00 0.00 0.00 0.00 0.00 0.00
car 0.00 0 0.00 92 112 107 124 0.00 0.00 0.00 0.00 0.00 0.00 0.00
car 0.00 0 0.00 106 113 124 124 0.00 0.00 0.00 0.00 0.00 0.00 0.00
pedestrian 0.00 0 0.00 34 134 41 148 0.00 0.00 0.00 0.00 0.00 0.00 0.00
car 0.00 0 0.00 141 106 169 116 0.00 0.00 0.00 0.00 0.00 0.00 0.00
car 0.00 0 0.00 264 96 287 105 0.00 0.00 0.00 0.00 0.00 0.00 0.00
car 0.00 0 0.00 329 94 340 102 0.00 0.00 0.00 0.00 0.00 0.00 0.00
truck 0.00 0 0.00 353 85 364 95 0.00 0.00 0.00 0.00 0.00 0.00 0.00
truck 0.00 0 0.00 315 76 329 92 0.00 0.00 0.00 0.00 0.00 0.00 0.00
car 0.00 0 0.00 339 75 346 81 0.00 0.00 0.00 0.00 0.00 0.00 0.00
car 0.00 0 0.00 344 80 352 87 0.00 0.00 0.00 0.00 0.00 0.00 0.00
truck 0.00 0 0.00 332 66 341 79 0.00 0.00 0.00 0.00 0.00 0.00 0.00
truck 0.00 0 0.00 373 73 384 87 0.00 0.00 0.00 0.00 0.00 0.00 0.00
truck 0.00 0 0.00 360 72 375 82 0.00 0.00 0.00 0.00 0.00 0.00 0.00
van 0.00 0 0.00 351 68 358 73 0.00 0.00 0.00 0.00 0.00 0.00 0.00
truck 0.00 0 0.00 389 73 480 92 0.00 0.00 0.00 0.00 0.00 0.00 0.00
truck 0.00 0 0.00 399 85 416 92 0.00 0.00 0.00 0.00 0.00 0.00 0.00
van 0.00 0 0.00 415 84 427 92 0.00 0.00 0.00 0.00 0.00 0.00 0.00
