car 0.00 0 0.00 1048 136 1108 196 0.00 0.00 0.00 0.00 0.00 0.00 0.00
pedestrian 0.00 0 0.00 993 52 1003 87 0.00 0.00 0.00 0.00 0.00 0.00 0.00
pedestrian 0.00 0 0.00 981 44 994 84 0.00 0.00 0.00 0.00 0.00 0.00 0.00
van 0.00 0 0.00 796 201 859 278 0.00 0.00 0.00 0.00 0.00 0.00 0.00
car 0.00 0 0.00 710 283 793 378 0.00 0.00 0.00 0.00 0.00 0.00 0.00
car 0.00 0 0.00 670 76 718 131 0.00 0.00 0.00 0.00 0.00 0.00 0.00
car 0.00 0 0.00 590 59 623 120 0.00 0.00 0.00 0.00 0.00 0.00 0.00
van 0.00 0 0.00 554 152 605 245 0.00 0.00 0.00 0.00 0.00 0.00 0.00
car 0.00 0 0.00 583 427 667 587 0.00 0.00 0.00 0.00 0.00 0.00 0.00
tricycle 0.00 0 0.00 467 396 505 473 0.00 0.00 0.00 0.00 0.00 0.00 0.00
people 0.00 0 0.00 470 405 493 447 0.00 0.00 0.00 0.00 0.00 0.00 0.00
car 0.00 0 0.00 348 370 425 499 0.00 0.00 0.00 0.00 0.00 0.00 0.00
car 0.00 0 0.00 396 183 465 276 0.00 0.00 0.00 0.00 0.00 0.00 0.00
car 0.00 0 0.00 294 1 342 21 0.00 0.00 0.00 0.00 0.00 0.00 0.00
pedestrian 0.00 0 0.00 352 0 362 23 0.00 0.00 0.00 0.00 0.00 0.00 0.00
car 0.00 0 0.00 264 11 322 65 0.00 0.00 0.00 0.00 0.00 0.00 0.00
car 0.00 0 0.00 231 92 299 165 0.00 0.00 0.00 0.00 0.00 0.00 0.00
pedestrian 0.00 0 0.00 259 196 275 237 0.00 0.00 0.00 0.00 0.00 0.00 0.00
people 0.00 0 0.00 216 234 238 263 0.00 0.00 0.00 0.00 0.00 0.00 0.00
tricycle 0.00 0 0.00 212 226 255 284 0.00 0.00 0.00 0.00 0.00 0.00 0.00
people 0.00 0 0.00 166 393 195 431 0.00 0.00 0.00 0.00 0.00 0.00 0.00
people 0.00 0 0.00 174 384 197 424 0.00 0.00 0.00 0.00 0.00 0.00 0.00
motor 0.00 0 0.00 173 409 195 458 0.00 0.00 0.00 0.00 0.00 0.00 0.00
car 0.00 0 0.00 36 696 158 765 0.00 0.00 0.00 0.00 0.00 0.00 0.00
car 0.00 0 0.00 33 356 147 493 0.00 0.00 0.00 0.00 0.00 0.00 0.00
car 0.00 0 0.00 99 264 193 377 0.00 0.00 0.00 0.00 0.00 0.00 0.00
van 0.00 0 0.00 33 187 172 270 0.00 0.00 0.00 0.00 0.00 0.00 0.00
car 0.00 0 0.00 23 167 159 226 0.00 0.00 0.00 0.00 0.00 0.00 0.00
car 0.00 0 0.00 47 134 181 189 0.00 0.00 0.00 0.00 0.00 0.00 0.00
car 0.00 0 0.00 3 73 117 117 0.00 0.00 0.00 0.00 0.00 0.00 0.00
car 0.00 0 0.00 1 54 109 89 0.00 0.00 0.00 0.00 0.00 0.00 0.00
car 0.00 0 0.00 62 1 162 25 0.00 0.00 0.00 0.00 0.00 0.00 0.00
