car 0.00 0 0.00 249 703 370 835 0.00 0.00 0.00 0.00 0.00 0.00 0.00
car 0.00 0 0.00 728 592 837 704 0.00 0.00 0.00 0.00 0.00 0.00 0.00
car 0.00 0 0.00 801 638 909 751 0.00 0.00 0.00 0.00 0.00 0.00 0.00
car 0.00 0 0.00 888 792 1009 930 0.00 0.00 0.00 0.00 0.00 0.00 0.00
car 0.00 0 0.00 985 842 1102 982 0.00 0.00 0.00 0.00 0.00 0.00 0.00
car 0.00 0 0.00 1022 633 1139 763 0.00 0.00 0.00 0.00 0.00 0.00 0.00
car 0.00 0 0.00 1097 669 1211 801 0.00 0.00 0.00 0.00 0.00 0.00 0.00
car 0.00 0 0.00 920 516 1023 626 0.00 0.00 0.00 0.00 0.00 0.00 0.00
car 0.00 0 0.00 854 461 960 578 0.00 0.00 0.00 0.00 0.00 0.00 0.00
car 0.00 0 0.00 995 329 1082 422 0.00 0.00 0.00 0.00 0.00 0.00 0.00
car 0.00 0 0.00 1020 402 1121 517 0.00 0.00 0.00 0.00 0.00 0.00 0.00
car 0.00 0 0.00 1148 264 1236 355 0.00 0.00 0.00 0.00 0.00 0.00 0.00
car 0.00 0 0.00 1096 220 1182 311 0.00 0.00 0.00 0.00 0.00 0.00 0.00
car 0.00 0 0.00 1251 160 1331 243 0.00 0.00 0.00 0.00 0.00 0.00 0.00
car 0.00 0 0.00 1328 269 1400 375 0.00 0.00 0.00 0.00 0.00 0.00 0.00
truck 0.00 0 0.00 1218 492 1361 649 0.00 0.00 0.00 0.00 0.00 0.00 0.00
car 0.00 0 0.00 944 605 1060 737 0.00 0.00 0.00 0.00 0.00 0.00 0.00
van 0.00 0 0.00 835 742 937 857 0.00 0.00 0.00 0.00 0.00 0.00 0.00
van 0.00 0 0.00 323 446 435 539 0.00 0.00 0.00 0.00 0.00 0.00 0.00
car 0.00 0 0.00 464 342 567 453 0.00 0.00 0.00 0.00 0.00 0.00 0.00
car 0.00 0 0.00 221 346 328 429 0.00 0.00 0.00 0.00 0.00 0.00 0.00
car 0.00 0 0.00 187 317 294 393 0.00 0.00 0.00 0.00 0.00 0.00 0.00
car 0.00 0 0.00 151 287 261 360 0.00 0.00 0.00 0.00 0.00 0.00 0.00
car 0.00 0 0.00 129 261 224 333 0.00 0.00 0.00 0.00 0.00 0.00 0.00
car 0.00 0 0.00 92 229 194 303 0.00 0.00 0.00 0.00 0.00 0.00 0.00
car 0.00 0 0.00 74 202 174 270 0.00 0.00 0.00 0.00 0.00 0.00 0.00
car 0.00 0 0.00 51 170 143 245 0.00 0.00 0.00 0.00 0.00 0.00 0.00
car 0.00 0 0.00 681 89 765 158 0.00 0.00 0.00 0.00 0.00 0.00 0.00
car 0.00 0 0.00 765 35 835 99 0.00 0.00 0.00 0.00 0.00 0.00 0.00
car 0.00 0 0.00 792 7 867 70 0.00 0.00 0.00 0.00 0.00 0.00 0.00
car 0.00 0 0.00 855 45 932 121 0.00 0.00 0.00 0.00 0.00 0.00 0.00
car 0.00 0 0.00 722 51 805 118 0.00 0.00 0.00 0.00 0.00 0.00 0.00
car 0.00 0 0.00 555 208 639 283 0.00 0.00 0.00 0.00 0.00 0.00 0.00
car 0.00 0 0.00 384 250 470 325 0.00 0.00 0.00 0.00 0.00 0.00 0.00
car 0.00 0 0.00 205 104 277 167 0.00 0.00 0.00 0.00 0.00 0.00 0.00
car 0.00 0 0.00 144 51 213 113 0.00 0.00 0.00 0.00 0.00 0.00 0.00
car 0.00 0 0.00 93 12 155 63 0.00 0.00 0.00 0.00 0.00 0.00 0.00
car 0.00 0 0.00 255 378 372 472 0.00 0.00 0.00 0.00 0.00 0.00 0.00
car 0.00 0 0.00 527 116 615 205 0.00 0.00 0.00 0.00 0.00 0.00 0.00
pedestrian 0.00 0 0.00 551 394 568 432 0.00 0.00 0.00 0.00 0.00 0.00 0.00
pedestrian 0.00 0 0.00 712 240 722 270 0.00 0.00 0.00 0.00 0.00 0.00 0.00
bicycle 0.00 0 0.00 702 187 728 209 0.00 0.00 0.00 0.00 0.00 0.00 0.00
motor 0.00 0 0.00 680 117 713 148 0.00 0.00 0.00 0.00 0.00 0.00 0.00
motor 0.00 0 0.00 662 126 691 160 0.00 0.00 0.00 0.00 0.00 0.00 0.00
motor 0.00 0 0.00 646 137 672 170 0.00 0.00 0.00 0.00 0.00 0.00 0.00
pedestrian 0.00 0 0.00 1078 37 1094 68 0.00 0.00 0.00 0.00 0.00 0.00 0.00
pedestrian 0.00 0 0.00 1004 125 1020 165 0.00 0.00 0.00 0.00 0.00 0.00 0.00
pedestrian 0.00 0 0.00 557 581 578 603 0.00 0.00 0.00 0.00 0.00 0.00 0.00
pedestrian 0.00 0 0.00 87 687 123 706 0.00 0.00 0.00 0.00 0.00 0.00 0.00
people 0.00 0 0.00 408 528 427 550 0.00 0.00 0.00 0.00 0.00 0.00 0.00
people 0.00 0 0.00 635 409 652 425 0.00 0.00 0.00 0.00 0.00 0.00 0.00
people 0.00 0 0.00 627 415 646 434 0.00 0.00 0.00 0.00 0.00 0.00 0.00
bicycle 0.00 0 0.00 636 404 659 435 0.00 0.00 0.00 0.00 0.00 0.00 0.00
bicycle 0.00 0 0.00 407 527 438 556 0.00 0.00 0.00 0.00 0.00 0.00 0.00
pedestrian 0.00 0 0.00 49 797 88 818 0.00 0.00 0.00 0.00 0.00 0.00 0.00
pedestrian 0.00 0 0.00 34 869 78 892 0.00 0.00 0.00 0.00 0.00 0.00 0.00
pedestrian 0.00 0 0.00 126 860 166 884 0.00 0.00 0.00 0.00 0.00 0.00 0.00
pedestrian 0.00 0 0.00 63 777 106 805 0.00 0.00 0.00 0.00 0.00 0.00 0.00
pedestrian 0.00 0 0.00 397 1028 419 1047 0.00 0.00 0.00 0.00 0.00 0.00 0.00
pedestrian 0.00 0 0.00 672 950 696 975 0.00 0.00 0.00 0.00 0.00 0.00 0.00
pedestrian 0.00 0 0.00 573 827 593 853 0.00 0.00 0.00 0.00 0.00 0.00 0.00
pedestrian 0.00 0 0.00 682 774 695 786 0.00 0.00 0.00 0.00 0.00 0.00 0.00
pedestrian 0.00 0 0.00 618 887 635 900 0.00 0.00 0.00 0.00 0.00 0.00 0.00
pedestrian 0.00 0 0.00 635 877 658 893 0.00 0.00 0.00 0.00 0.00 0.00 0.00
pedestrian 0.00 0 0.00 690 763 709 781 0.00 0.00 0.00 0.00 0.00 0.00 0.00
