car 0.00 0 0.00 1188 1204 1321 1371 0.00 0.00 0.00 0.00 0.00 0.00 0.00
car 0.00 0 0.00 1105 1048 1217 1197 0.00 0.00 0.00 0.00 0.00 0.00 0.00
car 0.00 0 0.00 1410 1130 1561 1276 0.00 0.00 0.00 0.00 0.00 0.00 0.00
car 0.00 0 0.00 1320 1006 1445 1119 0.00 0.00 0.00 0.00 0.00 0.00 0.00
car 0.00 0 0.00 1722 888 1856 1028 0.00 0.00 0.00 0.00 0.00 0.00 0.00
tricycle 0.00 0 0.00 1866 1044 1938 1095 0.00 0.00 0.00 0.00 0.00 0.00 0.00
car 0.00 0 0.00 1908 878 2000 940 0.00 0.00 0.00 0.00 0.00 0.00 0.00
car 0.00 0 0.00 915 818 1029 900 0.00 0.00 0.00 0.00 0.00 0.00 0.00
car 0.00 0 0.00 881 728 981 804 0.00 0.00 0.00 0.00 0.00 0.00 0.00
car 0.00 0 0.00 881 636 949 711 0.00 0.00 0.00 0.00 0.00 0.00 0.00
car 0.00 0 0.00 1000 610 1066 666 0.00 0.00 0.00 0.00 0.00 0.00 0.00
car 0.00 0 0.00 964 564 1034 617 0.00 0.00 0.00 0.00 0.00 0.00 0.00
car 0.00 0 0.00 839 585 896 646 0.00 0.00 0.00 0.00 0.00 0.00 0.00
car 0.00 0 0.00 660 614 717 671 0.00 0.00 0.00 0.00 0.00 0.00 0.00
car 0.00 0 0.00 787 505 835 555 0.00 0.00 0.00 0.00 0.00 0.00 0.00
car 0.00 0 0.00 760 466 804 511 0.00 0.00 0.00 0.00 0.00 0.00 0.00
car 0.00 0 0.00 731 443 774 484 0.00 0.00 0.00 0.00 0.00 0.00 0.00
car 0.00 0 0.00 705 416 746 453 0.00 0.00 0.00 0.00 0.00 0.00 0.00
car 0.00 0 0.00 864 458 915 497 0.00 0.00 0.00 0.00 0.00 0.00 0.00
car 0.00 0 0.00 832 428 882 465 0.00 0.00 0.00 0.00 0.00 0.00 0.00
pedestrian 0.00 0 0.00 394 604 410 638 0.00 0.00 0.00 0.00 0.00 0.00 0.00
car 0.00 0 0.00 758 340 806 369 0.00 0.00 0.00 0.00 0.00 0.00 0.00
van 0.00 0 0.00 787 226 843 251 0.00 0.00 0.00 0.00 0.00 0.00 0.00
car 0.00 0 0.00 716 225 761 246 0.00 0.00 0.00 0.00 0.00 0.00 0.00
car 0.00 0 0.00 674 232 723 253 0.00 0.00 0.00 0.00 0.00 0.00 0.00
van 0.00 0 0.00 631 213 684 239 0.00 0.00 0.00 0.00 0.00 0.00 0.00
van 0.00 0 0.00 571 211 620 235 0.00 0.00 0.00 0.00 0.00 0.00 0.00
pedestrian 0.00 0 0.00 524 210 529 228 0.00 0.00 0.00 0.00 0.00 0.00 0.00
car 0.00 0 0.00 387 151 406 168 0.00 0.00 0.00 0.00 0.00 0.00 0.00
car 0.00 0 0.00 340 195 368 220 0.00 0.00 0.00 0.00 0.00 0.00 0.00
car 0.00 0 0.00 284 227 331 249 0.00 0.00 0.00 0.00 0.00 0.00 0.00
car 0.00 0 0.00 202 239 250 267 0.00 0.00 0.00 0.00 0.00 0.00 0.00
car 0.00 0 0.00 1873 332 1912 360 0.00 0.00 0.00 0.00 0.00 0.00 0.00
car 0.00 0 0.00 1950 415 2000 454 0.00 0.00 0.00 0.00 0.00 0.00 0.00
car 0.00 0 0.00 378 136 395 151 0.00 0.00 0.00 0.00 0.00 0.00 0.00
car 0.00 0 0.00 383 145 399 160 0.00 0.00 0.00 0.00 0.00 0.00 0.00
