bicycle 0.00 0 0.00 781 767 795 789 0.00 0.00 0.00 0.00 0.00 0.00 0.00
bicycle 0.00 0 0.00 826 826 845 852 0.00 0.00 0.00 0.00 0.00 0.00 0.00
bicycle 0.00 0 0.00 672 568 689 584 0.00 0.00 0.00 0.00 0.00 0.00 0.00
pedestrian 0.00 0 0.00 1015 903 1028 919 0.00 0.00 0.00 0.00 0.00 0.00 0.00
pedestrian 0.00 0 0.00 904 776 916 796 0.00 0.00 0.00 0.00 0.00 0.00 0.00
pedestrian 0.00 0 0.00 597 407 605 422 0.00 0.00 0.00 0.00 0.00 0.00 0.00
pedestrian 0.00 0 0.00 851 509 861 527 0.00 0.00 0.00 0.00 0.00 0.00 0.00
pedestrian 0.00 0 0.00 821 529 830 545 0.00 0.00 0.00 0.00 0.00 0.00 0.00
pedestrian 0.00 0 0.00 469 323 481 340 0.00 0.00 0.00 0.00 0.00 0.00 0.00
bicycle 0.00 0 0.00 538 310 552 324 0.00 0.00 0.00 0.00 0.00 0.00 0.00
