car 0.00 0 0.00 1284 988 1350 1077 0.00 0.00 0.00 0.00 0.00 0.00 0.00
car 0.00 0 0.00 1479 904 1560 1017 0.00 0.00 0.00 0.00 0.00 0.00 0.00
car 0.00 0 0.00 1503 1020 1584 1077 0.00 0.00 0.00 0.00 0.00 0.00 0.00
car 0.00 0 0.00 1827 848 1915 922 0.00 0.00 0.00 0.00 0.00 0.00 0.00
pedestrian 0.00 0 0.00 1780 917 1801 960 0.00 0.00 0.00 0.00 0.00 0.00 0.00
car 0.00 0 0.00 1737 818 1836 886 0.00 0.00 0.00 0.00 0.00 0.00 0.00
van 0.00 0 0.00 1660 782 1777 841 0.00 0.00 0.00 0.00 0.00 0.00 0.00
car 0.00 0 0.00 1598 751 1713 804 0.00 0.00 0.00 0.00 0.00 0.00 0.00
car 0.00 0 0.00 1535 718 1646 769 0.00 0.00 0.00 0.00 0.00 0.00 0.00
car 0.00 0 0.00 1504 680 1595 730 0.00 0.00 0.00 0.00 0.00 0.00 0.00
van 0.00 0 0.00 1415 587 1495 636 0.00 0.00 0.00 0.00 0.00 0.00 0.00
car 0.00 0 0.00 1381 564 1460 607 0.00 0.00 0.00 0.00 0.00 0.00 0.00
car 0.00 0 0.00 1366 525 1443 574 0.00 0.00 0.00 0.00 0.00 0.00 0.00
car 0.00 0 0.00 1363 499 1440 537 0.00 0.00 0.00 0.00 0.00 0.00 0.00
car 0.00 0 0.00 1363 460 1425 500 0.00 0.00 0.00 0.00 0.00 0.00 0.00
car 0.00 0 0.00 1339 437 1399 473 0.00 0.00 0.00 0.00 0.00 0.00 0.00
car 0.00 0 0.00 1303 412 1369 447 0.00 0.00 0.00 0.00 0.00 0.00 0.00
car 0.00 0 0.00 1294 390 1364 421 0.00 0.00 0.00 0.00 0.00 0.00 0.00
car 0.00 0 0.00 1288 319 1347 346 0.00 0.00 0.00 0.00 0.00 0.00 0.00
car 0.00 0 0.00 1169 567 1259 615 0.00 0.00 0.00 0.00 0.00 0.00 0.00
car 0.00 0 0.00 1183 546 1272 589 0.00 0.00 0.00 0.00 0.00 0.00 0.00
car 0.00 0 0.00 1163 501 1243 537 0.00 0.00 0.00 0.00 0.00 0.00 0.00
car 0.00 0 0.00 1162 480 1240 511 0.00 0.00 0.00 0.00 0.00 0.00 0.00
car 0.00 0 0.00 1174 439 1247 473 0.00 0.00 0.00 0.00 0.00 0.00 0.00
car 0.00 0 0.00 1170 352 1234 383 0.00 0.00 0.00 0.00 0.00 0.00 0.00
van 0.00 0 0.00 1177 311 1227 341 0.00 0.00 0.00 0.00 0.00 0.00 0.00
pedestrian 0.00 0 0.00 1194 392 1203 416 0.00 0.00 0.00 0.00 0.00 0.00 0.00
bicycle 0.00 0 0.00 1173 399 1197 412 0.00 0.00 0.00 0.00 0.00 0.00 0.00
pedestrian 0.00 0 0.00 1265 366 1276 390 0.00 0.00 0.00 0.00 0.00 0.00 0.00
motor 0.00 0 0.00 1356 368 1376 387 0.00 0.00 0.00 0.00 0.00 0.00 0.00
van 0.00 0 0.00 1321 276 1371 305 0.00 0.00 0.00 0.00 0.00 0.00 0.00
car 0.00 0 0.00 1177 288 1237 315 0.00 0.00 0.00 0.00 0.00 0.00 0.00
car 0.00 0 0.00 982 406 1015 443 0.00 0.00 0.00 0.00 0.00 0.00 0.00
van 0.00 0 0.00 1044 324 1070 360 0.00 0.00 0.00 0.00 0.00 0.00 0.00
pedestrian 0.00 0 0.00 997 156 1005 177 0.00 0.00 0.00 0.00 0.00 0.00 0.00
truck 0.00 0 0.00 957 185 1016 289 0.00 0.00 0.00 0.00 0.00 0.00 0.00
people 0.00 0 0.00 1049 94 1053 103 0.00 0.00 0.00 0.00 0.00 0.00 0.00
people 0.00 0 0.00 1070 49 1074 59 0.00 0.00 0.00 0.00 0.00 0.00 0.00
motor 0.00 0 0.00 1044 99 1059 109 0.00 0.00 0.00 0.00 0.00 0.00 0.00
motor 0.00 0 0.00 1067 52 1077 62 0.00 0.00 0.00 0.00 0.00 0.00 0.00
pedestrian 0.00 0 0.00 1089 52 1094 67 0.00 0.00 0.00 0.00 0.00 0.00 0.00
car 0.00 0 0.00 1127 57 1141 73 0.00 0.00 0.00 0.00 0.00 0.00 0.00
van 0.00 0 0.00 1152 76 1184 93 0.00 0.00 0.00 0.00 0.00 0.00 0.00
