truck 0.00 0 0.00 399 693 449 718 0.00 0.00 0.00 0.00 0.00 0.00 0.00
truck 0.00 0 0.00 139 773 179 831 0.00 0.00 0.00 0.00 0.00 0.00 0.00
truck 0.00 0 0.00 113 727 152 791 0.00 0.00 0.00 0.00 0.00 0.00 0.00
truck 0.00 0 0.00 191 643 245 667 0.00 0.00 0.00 0.00 0.00 0.00 0.00
truck 0.00 0 0.00 154 613 185 657 0.00 0.00 0.00 0.00 0.00 0.00 0.00
truck 0.00 0 0.00 68 725 107 774 0.00 0.00 0.00 0.00 0.00 0.00 0.00
truck 0.00 0 0.00 39 722 76 773 0.00 0.00 0.00 0.00 0.00 0.00 0.00
truck 0.00 0 0.00 18 712 49 761 0.00 0.00 0.00 0.00 0.00 0.00 0.00
truck 0.00 0 0.00 31 541 68 589 0.00 0.00 0.00 0.00 0.00 0.00 0.00
truck 0.00 0 0.00 41 572 83 646 0.00 0.00 0.00 0.00 0.00 0.00 0.00
truck 0.00 0 0.00 85 583 119 631 0.00 0.00 0.00 0.00 0.00 0.00 0.00
truck 0.00 0 0.00 116 595 145 644 0.00 0.00 0.00 0.00 0.00 0.00 0.00
car 0.00 0 0.00 428 933 466 958 0.00 0.00 0.00 0.00 0.00 0.00 0.00
car 0.00 0 0.00 430 877 468 900 0.00 0.00 0.00 0.00 0.00 0.00 0.00
car 0.00 0 0.00 628 931 645 971 0.00 0.00 0.00 0.00 0.00 0.00 0.00
car 0.00 0 0.00 633 995 650 1029 0.00 0.00 0.00 0.00 0.00 0.00 0.00
car 0.00 0 0.00 631 1033 647 1050 0.00 0.00 0.00 0.00 0.00 0.00 0.00
motor 0.00 0 0.00 618 996 625 1015 0.00 0.00 0.00 0.00 0.00 0.00 0.00
motor 0.00 0 0.00 902 719 917 739 0.00 0.00 0.00 0.00 0.00 0.00 0.00
motor 0.00 0 0.00 584 248 592 263 0.00 0.00 0.00 0.00 0.00 0.00 0.00
motor 0.00 0 0.00 560 181 568 199 0.00 0.00 0.00 0.00 0.00 0.00 0.00
van 0.00 0 0.00 481 732 532 753 0.00 0.00 0.00 0.00 0.00 0.00 0.00
pedestrian 0.00 0 0.00 199 811 210 821 0.00 0.00 0.00 0.00 0.00 0.00 0.00
pedestrian 0.00 0 0.00 582 135 587 144 0.00 0.00 0.00 0.00 0.00 0.00 0.00
pedestrian 0.00 0 0.00 584 129 591 140 0.00 0.00 0.00 0.00 0.00 0.00 0.00
pedestrian 0.00 0 0.00 724 92 730 102 0.00 0.00 0.00 0.00 0.00 0.00 0.00
pedestrian 0.00 0 0.00 744 100 750 110 0.00 0.00 0.00 0.00 0.00 0.00 0.00
pedestrian 0.00 0 0.00 729 83 737 91 0.00 0.00 0.00 0.00 0.00 0.00 0.00
pedestrian 0.00 0 0.00 732 80 736 89 0.00 0.00 0.00 0.00 0.00 0.00 0.00
motor 0.00 0 0.00 856 66 864 84 0.00 0.00 0.00 0.00 0.00 0.00 0.00
car 0.00 0 0.00 1266 250 1304 268 0.00 0.00 0.00 0.00 0.00 0.00 0.00
car 0.00 0 0.00 1303 3 1345 30 0.00 0.00 0.00 0.00 0.00 0.00 0.00
van 0.00 0 0.00 1249 0 1288 12 0.00 0.00 0.00 0.00 0.00 0.00 0.00
van 0.00 0 0.00 1308 257 1349 276 0.00 0.00 0.00 0.00 0.00 0.00 0.00
