car 0.00 0 0.00 384 1014 435 1050 0.00 0.00 0.00 0.00 0.00 0.00 0.00
car 0.00 0 0.00 306 987 404 1050 0.00 0.00 0.00 0.00 0.00 0.00 0.00
car 0.00 0 0.00 424 929 507 1020 0.00 0.00 0.00 0.00 0.00 0.00 0.00
car 0.00 0 0.00 381 897 474 998 0.00 0.00 0.00 0.00 0.00 0.00 0.00
car 0.00 0 0.00 348 866 436 969 0.00 0.00 0.00 0.00 0.00 0.00 0.00
car 0.00 0 0.00 319 832 402 923 0.00 0.00 0.00 0.00 0.00 0.00 0.00
car 0.00 0 0.00 274 803 369 892 0.00 0.00 0.00 0.00 0.00 0.00 0.00
car 0.00 0 0.00 254 781 341 859 0.00 0.00 0.00 0.00 0.00 0.00 0.00
car 0.00 0 0.00 216 750 311 837 0.00 0.00 0.00 0.00 0.00 0.00 0.00
car 0.00 0 0.00 189 728 275 807 0.00 0.00 0.00 0.00 0.00 0.00 0.00
car 0.00 0 0.00 162 698 248 778 0.00 0.00 0.00 0.00 0.00 0.00 0.00
car 0.00 0 0.00 126 672 216 757 0.00 0.00 0.00 0.00 0.00 0.00 0.00
car 0.00 0 0.00 92 649 193 733 0.00 0.00 0.00 0.00 0.00 0.00 0.00
car 0.00 0 0.00 273 961 351 1048 0.00 0.00 0.00 0.00 0.00 0.00 0.00
car 0.00 0 0.00 240 917 336 1014 0.00 0.00 0.00 0.00 0.00 0.00 0.00
car 0.00 0 0.00 198 889 300 990 0.00 0.00 0.00 0.00 0.00 0.00 0.00
car 0.00 0 0.00 171 854 261 944 0.00 0.00 0.00 0.00 0.00 0.00 0.00
car 0.00 0 0.00 136 833 224 919 0.00 0.00 0.00 0.00 0.00 0.00 0.00
car 0.00 0 0.00 106 800 195 889 0.00 0.00 0.00 0.00 0.00 0.00 0.00
car 0.00 0 0.00 69 775 161 855 0.00 0.00 0.00 0.00 0.00 0.00 0.00
car 0.00 0 0.00 34 753 128 835 0.00 0.00 0.00 0.00 0.00 0.00 0.00
car 0.00 0 0.00 0 713 79 802 0.00 0.00 0.00 0.00 0.00 0.00 0.00
car 0.00 0 0.00 355 512 455 593 0.00 0.00 0.00 0.00 0.00 0.00 0.00
car 0.00 0 0.00 507 707 640 828 0.00 0.00 0.00 0.00 0.00 0.00 0.00
car 0.00 0 0.00 472 789 574 886 0.00 0.00 0.00 0.00 0.00 0.00 0.00
truck 0.00 0 0.00 1207 797 1400 961 0.00 0.00 0.00 0.00 0.00 0.00 0.00
car 0.00 0 0.00 1170 700 1213 781 0.00 0.00 0.00 0.00 0.00 0.00 0.00
car 0.00 0 0.00 1214 709 1262 786 0.00 0.00 0.00 0.00 0.00 0.00 0.00
motor 0.00 0 0.00 1275 739 1291 770 0.00 0.00 0.00 0.00 0.00 0.00 0.00
motor 0.00 0 0.00 1155 673 1184 692 0.00 0.00 0.00 0.00 0.00 0.00 0.00
motor 0.00 0 0.00 945 620 985 653 0.00 0.00 0.00 0.00 0.00 0.00 0.00
people 0.00 0 0.00 953 626 970 644 0.00 0.00 0.00 0.00 0.00 0.00 0.00
people 0.00 0 0.00 269 307 327 350 0.00 0.00 0.00 0.00 0.00 0.00 0.00
motor 0.00 0 0.00 386 272 401 297 0.00 0.00 0.00 0.00 0.00 0.00 0.00
truck 0.00 0 0.00 133 197 197 252 0.00 0.00 0.00 0.00 0.00 0.00 0.00
van 0.00 0 0.00 176 172 223 216 0.00 0.00 0.00 0.00 0.00 0.00 0.00
truck 0.00 0 0.00 229 158 339 247 0.00 0.00 0.00 0.00 0.00 0.00 0.00
car 0.00 0 0.00 74 161 130 202 0.00 0.00 0.00 0.00 0.00 0.00 0.00
pedestrian 0.00 0 0.00 51 52 67 74 0.00 0.00 0.00 0.00 0.00 0.00 0.00
pedestrian 0.00 0 0.00 156 80 168 97 0.00 0.00 0.00 0.00 0.00 0.00 0.00
people 0.00 0 0.00 183 81 190 99 0.00 0.00 0.00 0.00 0.00 0.00 0.00
motor 0.00 0 0.00 181 88 194 105 0.00 0.00 0.00 0.00 0.00 0.00 0.00
car 0.00 0 0.00 150 41 208 68 0.00 0.00 0.00 0.00 0.00 0.00 0.00
pedestrian 0.00 0 0.00 453 228 461 246 0.00 0.00 0.00 0.00 0.00 0.00 0.00
car 0.00 0 0.00 531 300 581 355 0.00 0.00 0.00 0.00 0.00 0.00 0.00
car 0.00 0 0.00 575 312 617 366 0.00 0.00 0.00 0.00 0.00 0.00 0.00
car 0.00 0 0.00 601 339 654 393 0.00 0.00 0.00 0.00 0.00 0.00 0.00
car 0.00 0 0.00 707 395 759 452 0.00 0.00 0.00 0.00 0.00 0.00 0.00
tricycle 0.00 0 0.00 779 415 796 461 0.00 0.00 0.00 0.00 0.00 0.00 0.00
tricycle 0.00 0 0.00 799 435 818 472 0.00 0.00 0.00 0.00 0.00 0.00 0.00
car 0.00 0 0.00 821 455 856 518 0.00 0.00 0.00 0.00 0.00 0.00 0.00
motor 0.00 0 0.00 661 385 682 413 0.00 0.00 0.00 0.00 0.00 0.00 0.00
people 0.00 0 0.00 1155 577 1166 592 0.00 0.00 0.00 0.00 0.00 0.00 0.00
people 0.00 0 0.00 1295 645 1310 661 0.00 0.00 0.00 0.00 0.00 0.00 0.00
people 0.00 0 0.00 1289 628 1305 649 0.00 0.00 0.00 0.00 0.00 0.00 0.00
people 0.00 0 0.00 1261 641 1278 655 0.00 0.00 0.00 0.00 0.00 0.00 0.00
people 0.00 0 0.00 1311 644 1325 659 0.00 0.00 0.00 0.00 0.00 0.00 0.00
people 0.00 0 0.00 1378 695 1397 710 0.00 0.00 0.00 0.00 0.00 0.00 0.00
