truck 0.00 0 0.00 466 568 601 647 0.00 0.00 0.00 0.00 0.00 0.00 0.00
car 0.00 0 0.00 685 578 746 627 0.00 0.00 0.00 0.00 0.00 0.00 0.00
car 0.00 0 0.00 800 503 843 547 0.00 0.00 0.00 0.00 0.00 0.00 0.00
car 0.00 0 0.00 851 456 901 503 0.00 0.00 0.00 0.00 0.00 0.00 0.00
car 0.00 0 0.00 960 434 1008 477 0.00 0.00 0.00 0.00 0.00 0.00 0.00
car 0.00 0 0.00 929 391 981 439 0.00 0.00 0.00 0.00 0.00 0.00 0.00
car 0.00 0 0.00 1030 324 1078 363 0.00 0.00 0.00 0.00 0.00 0.00 0.00
car 0.00 0 0.00 1352 104 1392 138 0.00 0.00 0.00 0.00 0.00 0.00 0.00
bus 0.00 0 0.00 396 347 455 409 0.00 0.00 0.00 0.00 0.00 0.00 0.00
car 0.00 0 0.00 446 357 489 400 0.00 0.00 0.00 0.00 0.00 0.00 0.00
car 0.00 0 0.00 412 321 452 359 0.00 0.00 0.00 0.00 0.00 0.00 0.00
bus 0.00 0 0.00 344 286 399 346 0.00 0.00 0.00 0.00 0.00 0.00 0.00
car 0.00 0 0.00 372 277 413 317 0.00 0.00 0.00 0.00 0.00 0.00 0.00
car 0.00 0 0.00 338 235 380 274 0.00 0.00 0.00 0.00 0.00 0.00 0.00
car 0.00 0 0.00 320 257 355 293 0.00 0.00 0.00 0.00 0.00 0.00 0.00
car 0.00 0 0.00 309 203 347 241 0.00 0.00 0.00 0.00 0.00 0.00 0.00
car 0.00 0 0.00 273 165 310 202 0.00 0.00 0.00 0.00 0.00 0.00 0.00
car 0.00 0 0.00 210 99 247 133 0.00 0.00 0.00 0.00 0.00 0.00 0.00
truck 0.00 0 0.00 253 212 339 323 0.00 0.00 0.00 0.00 0.00 0.00 0.00
truck 0.00 0 0.00 245 269 307 340 0.00 0.00 0.00 0.00 0.00 0.00 0.00
