van 0.00 0 0.00 696 660 735 750 0.00 0.00 0.00 0.00 0.00 0.00 0.00
car 0.00 0 0.00 574 676 612 750 0.00 0.00 0.00 0.00 0.00 0.00 0.00
car 0.00 0 0.00 415 708 456 771 0.00 0.00 0.00 0.00 0.00 0.00 0.00
car 0.00 0 0.00 465 766 508 787 0.00 0.00 0.00 0.00 0.00 0.00 0.00
car 0.00 0 0.00 336 748 383 787 0.00 0.00 0.00 0.00 0.00 0.00 0.00
car 0.00 0 0.00 517 466 554 519 0.00 0.00 0.00 0.00 0.00 0.00 0.00
car 0.00 0 0.00 615 285 645 329 0.00 0.00 0.00 0.00 0.00 0.00 0.00
car 0.00 0 0.00 661 246 683 279 0.00 0.00 0.00 0.00 0.00 0.00 0.00
car 0.00 0 0.00 575 145 598 173 0.00 0.00 0.00 0.00 0.00 0.00 0.00
car 0.00 0 0.00 672 44 696 74 0.00 0.00 0.00 0.00 0.00 0.00 0.00
car 0.00 0 0.00 565 15 589 39 0.00 0.00 0.00 0.00 0.00 0.00 0.00
bus 0.00 0 0.00 703 77 727 135 0.00 0.00 0.00 0.00 0.00 0.00 0.00
truck 0.00 0 0.00 507 185 560 274 0.00 0.00 0.00 0.00 0.00 0.00 0.00
truck 0.00 0 0.00 321 176 367 258 0.00 0.00 0.00 0.00 0.00 0.00 0.00
van 0.00 0 0.00 113 718 168 787 0.00 0.00 0.00 0.00 0.00 0.00 0.00
car 0.00 0 0.00 202 603 243 665 0.00 0.00 0.00 0.00 0.00 0.00 0.00
van 0.00 0 0.00 219 501 257 561 0.00 0.00 0.00 0.00 0.00 0.00 0.00
van 0.00 0 0.00 99 513 142 563 0.00 0.00 0.00 0.00 0.00 0.00 0.00
van 0.00 0 0.00 172 340 211 377 0.00 0.00 0.00 0.00 0.00 0.00 0.00
van 0.00 0 0.00 295 311 330 358 0.00 0.00 0.00 0.00 0.00 0.00 0.00
van 0.00 0 0.00 271 123 296 155 0.00 0.00 0.00 0.00 0.00 0.00 0.00
van 0.00 0 0.00 302 48 326 78 0.00 0.00 0.00 0.00 0.00 0.00 0.00
van 0.00 0 0.00 121 465 161 503 0.00 0.00 0.00 0.00 0.00 0.00 0.00
car 0.00 0 0.00 143 426 177 463 0.00 0.00 0.00 0.00 0.00 0.00 0.00
car 0.00 0 0.00 158 381 195 422 0.00 0.00 0.00 0.00 0.00 0.00 0.00
car 0.00 0 0.00 193 303 225 338 0.00 0.00 0.00 0.00 0.00 0.00 0.00
car 0.00 0 0.00 231 213 258 239 0.00 0.00 0.00 0.00 0.00 0.00 0.00
car 0.00 0 0.00 325 4 349 23 0.00 0.00 0.00 0.00 0.00 0.00 0.00
car 0.00 0 0.00 317 21 343 40 0.00 0.00 0.00 0.00 0.00 0.00 0.00
car 0.00 0 0.00 312 37 334 57 0.00 0.00 0.00 0.00 0.00 0.00 0.00
pedestrian 0.00 0 0.00 301 135 312 153 0.00 0.00 0.00 0.00 0.00 0.00 0.00
pedestrian 0.00 0 0.00 1006 764 1021 787 0.00 0.00 0.00 0.00 0.00 0.00 0.00
pedestrian 0.00 0 0.00 1022 681 1037 707 0.00 0.00 0.00 0.00 0.00 0.00 0.00
pedestrian 0.00 0 0.00 795 718 805 730 0.00 0.00 0.00 0.00 0.00 0.00 0.00
people 0.00 0 0.00 966 555 978 570 0.00 0.00 0.00 0.00 0.00 0.00 0.00
pedestrian 0.00 0 0.00 975 369 986 387 0.00 0.00 0.00 0.00 0.00 0.00 0.00
pedestrian 0.00 0 0.00 853 411 862 430 0.00 0.00 0.00 0.00 0.00 0.00 0.00
pedestrian 0.00 0 0.00 854 385 862 402 0.00 0.00 0.00 0.00 0.00 0.00 0.00
pedestrian 0.00 0 0.00 838 365 847 378 0.00 0.00 0.00 0.00 0.00 0.00 0.00
pedestrian 0.00 0 0.00 837 150 845 163 0.00 0.00 0.00 0.00 0.00 0.00 0.00
pedestrian 0.00 0 0.00 921 125 931 140 0.00 0.00 0.00 0.00 0.00 0.00 0.00
pedestrian 0.00 0 0.00 817 125 829 139 0.00 0.00 0.00 0.00 0.00 0.00 0.00
pedestrian 0.00 0 0.00 809 92 822 106 0.00 0.00 0.00 0.00 0.00 0.00 0.00
pedestrian 0.00 0 0.00 862 16 868 29 0.00 0.00 0.00 0.00 0.00 0.00 0.00
pedestrian 0.00 0 0.00 378 271 387 284 0.00 0.00 0.00 0.00 0.00 0.00 0.00
pedestrian 0.00 0 0.00 374 274 386 291 0.00 0.00 0.00 0.00 0.00 0.00 0.00
pedestrian 0.00 0 0.00 313 501 328 522 0.00 0.00 0.00 0.00 0.00 0.00 0.00
pedestrian 0.00 0 0.00 967 367 975 383 0.00 0.00 0.00 0.00 0.00 0.00 0.00
pedestrian 0.00 0 0.00 844 364 854 379 0.00 0.00 0.00 0.00 0.00 0.00 0.00
pedestrian 0.00 0 0.00 881 389 889 407 0.00 0.00 0.00 0.00 0.00 0.00 0.00
pedestrian 0.00 0 0.00 872 388 880 401 0.00 0.00 0.00 0.00 0.00 0.00 0.00
pedestrian 0.00 0 0.00 863 386 871 402 0.00 0.00 0.00 0.00 0.00 0.00 0.00
pedestrian 0.00 0 0.00 866 412 873 429 0.00 0.00 0.00 0.00 0.00 0.00 0.00
pedestrian 0.00 0 0.00 860 413 867 426 0.00 0.00 0.00 0.00 0.00 0.00 0.00
pedestrian 0.00 0 0.00 855 413 860 430 0.00 0.00 0.00 0.00 0.00 0.00 0.00
pedestrian 0.00 0 0.00 816 73 822 87 0.00 0.00 0.00 0.00 0.00 0.00 0.00
pedestrian 0.00 0 0.00 858 20 863 31 0.00 0.00 0.00 0.00 0.00 0.00 0.00
pedestrian 0.00 0 0.00 850 16 854 26 0.00 0.00 0.00 0.00 0.00 0.00 0.00
