car 0.00 0 0.00 569 326 612 399 0.00 0.00 0.00 0.00 0.00 0.00 0.00
car 0.00 0 0.00 590 436 644 527 0.00 0.00 0.00 0.00 0.00 0.00 0.00
car 0.00 0 0.00 608 550 659 631 0.00 0.00 0.00 0.00 0.00 0.00 0.00
car 0.00 0 0.00 546 245 588 309 0.00 0.00 0.00 0.00 0.00 0.00 0.00
car 0.00 0 0.00 605 233 647 298 0.00 0.00 0.00 0.00 0.00 0.00 0.00
car 0.00 0 0.00 656 397 707 478 0.00 0.00 0.00 0.00 0.00 0.00 0.00
pedestrian 0.00 0 0.00 250 675 273 692 0.00 0.00 0.00 0.00 0.00 0.00 0.00
pedestrian 0.00 0 0.00 295 550 316 570 0.00 0.00 0.00 0.00 0.00 0.00 0.00
pedestrian 0.00 0 0.00 207 611 230 629 0.00 0.00 0.00 0.00 0.00 0.00 0.00
pedestrian 0.00 0 0.00 155 758 179 779 0.00 0.00 0.00 0.00 0.00 0.00 0.00
pedestrian 0.00 0 0.00 173 671 198 684 0.00 0.00 0.00 0.00 0.00 0.00 0.00
pedestrian 0.00 0 0.00 150 667 171 686 0.00 0.00 0.00 0.00 0.00 0.00 0.00
pedestrian 0.00 0 0.00 85 755 107 776 0.00 0.00 0.00 0.00 0.00 0.00 0.00
pedestrian 0.00 0 0.00 70 738 91 758 0.00 0.00 0.00 0.00 0.00 0.00 0.00
pedestrian 0.00 0 0.00 58 648 83 668 0.00 0.00 0.00 0.00 0.00 0.00 0.00
pedestrian 0.00 0 0.00 84 618 104 638 0.00 0.00 0.00 0.00 0.00 0.00 0.00
pedestrian 0.00 0 0.00 1196 635 1220 659 0.00 0.00 0.00 0.00 0.00 0.00 0.00
pedestrian 0.00 0 0.00 386 338 405 358 0.00 0.00 0.00 0.00 0.00 0.00 0.00
pedestrian 0.00 0 0.00 419 208 430 233 0.00 0.00 0.00 0.00 0.00 0.00 0.00
pedestrian 0.00 0 0.00 426 75 438 98 0.00 0.00 0.00 0.00 0.00 0.00 0.00
pedestrian 0.00 0 0.00 417 83 426 99 0.00 0.00 0.00 0.00 0.00 0.00 0.00
pedestrian 0.00 0 0.00 399 82 410 104 0.00 0.00 0.00 0.00 0.00 0.00 0.00
pedestrian 0.00 0 0.00 178 29 185 43 0.00 0.00 0.00 0.00 0.00 0.00 0.00
pedestrian 0.00 0 0.00 176 23 183 39 0.00 0.00 0.00 0.00 0.00 0.00 0.00
pedestrian 0.00 0 0.00 389 85 399 105 0.00 0.00 0.00 0.00 0.00 0.00 0.00
pedestrian 0.00 0 0.00 422 203 430 223 0.00 0.00 0.00 0.00 0.00 0.00 0.00
people 0.00 0 0.00 391 337 399 347 0.00 0.00 0.00 0.00 0.00 0.00 0.00
pedestrian 0.00 0 0.00 55 727 73 745 0.00 0.00 0.00 0.00 0.00 0.00 0.00
car 0.00 0 0.00 689 0 752 22 0.00 0.00 0.00 0.00 0.00 0.00 0.00
car 0.00 0 0.00 957 0 1026 20 0.00 0.00 0.00 0.00 0.00 0.00 0.00
pedestrian 0.00 0 0.00 1015 145 1027 171 0.00 0.00 0.00 0.00 0.00 0.00 0.00
pedestrian 0.00 0 0.00 1074 399 1092 428 0.00 0.00 0.00 0.00 0.00 0.00 0.00
pedestrian 0.00 0 0.00 1093 397 1107 429 0.00 0.00 0.00 0.00 0.00 0.00 0.00
pedestrian 0.00 0 0.00 1104 405 1120 436 0.00 0.00 0.00 0.00 0.00 0.00 0.00
