car 0.00 0 0.00 668 770 716 851 0.00 0.00 0.00 0.00 0.00 0.00 0.00
car 0.00 0 0.00 947 785 1002 859 0.00 0.00 0.00 0.00 0.00 0.00 0.00
car 0.00 0 0.00 1062 771 1111 837 0.00 0.00 0.00 0.00 0.00 0.00 0.00
car 0.00 0 0.00 1605 994 1738 1056 0.00 0.00 0.00 0.00 0.00 0.00 0.00
car 0.00 0 0.00 741 533 773 578 0.00 0.00 0.00 0.00 0.00 0.00 0.00
car 0.00 0 0.00 820 494 852 535 0.00 0.00 0.00 0.00 0.00 0.00 0.00
car 0.00 0 0.00 772 419 804 452 0.00 0.00 0.00 0.00 0.00 0.00 0.00
car 0.00 0 0.00 786 345 811 373 0.00 0.00 0.00 0.00 0.00 0.00 0.00
car 0.00 0 0.00 668 1005 726 1074 0.00 0.00 0.00 0.00 0.00 0.00 0.00
car 0.00 0 0.00 719 243 741 261 0.00 0.00 0.00 0.00 0.00 0.00 0.00
car 0.00 0 0.00 754 234 776 255 0.00 0.00 0.00 0.00 0.00 0.00 0.00
car 0.00 0 0.00 721 175 740 190 0.00 0.00 0.00 0.00 0.00 0.00 0.00
car 0.00 0 0.00 642 198 663 218 0.00 0.00 0.00 0.00 0.00 0.00 0.00
car 0.00 0 0.00 711 141 726 155 0.00 0.00 0.00 0.00 0.00 0.00 0.00
van 0.00 0 0.00 684 136 701 159 0.00 0.00 0.00 0.00 0.00 0.00 0.00
bus 0.00 0 0.00 585 50 604 80 0.00 0.00 0.00 0.00 0.00 0.00 0.00
car 0.00 0 0.00 623 60 637 74 0.00 0.00 0.00 0.00 0.00 0.00 0.00
van 0.00 0 0.00 683 57 695 72 0.00 0.00 0.00 0.00 0.00 0.00 0.00
car 0.00 0 0.00 694 84 706 95 0.00 0.00 0.00 0.00 0.00 0.00 0.00
car 0.00 0 0.00 624 25 635 35 0.00 0.00 0.00 0.00 0.00 0.00 0.00
car 0.00 0 0.00 666 29 676 39 0.00 0.00 0.00 0.00 0.00 0.00 0.00
car 0.00 0 0.00 678 15 688 23 0.00 0.00 0.00 0.00 0.00 0.00 0.00
car 0.00 0 0.00 617 7 628 18 0.00 0.00 0.00 0.00 0.00 0.00 0.00
car 0.00 0 0.00 630 0 641 7 0.00 0.00 0.00 0.00 0.00 0.00 0.00
van 0.00 0 0.00 1183 551 1244 588 0.00 0.00 0.00 0.00 0.00 0.00 0.00
car 0.00 0 0.00 1112 465 1177 494 0.00 0.00 0.00 0.00 0.00 0.00 0.00
car 0.00 0 0.00 1010 410 1073 438 0.00 0.00 0.00 0.00 0.00 0.00 0.00
van 0.00 0 0.00 1010 382 1054 409 0.00 0.00 0.00 0.00 0.00 0.00 0.00
van 0.00 0 0.00 970 334 1032 363 0.00 0.00 0.00 0.00 0.00 0.00 0.00
van 0.00 0 0.00 952 308 997 335 0.00 0.00 0.00 0.00 0.00 0.00 0.00
car 0.00 0 0.00 943 294 991 314 0.00 0.00 0.00 0.00 0.00 0.00 0.00
car 0.00 0 0.00 878 272 901 298 0.00 0.00 0.00 0.00 0.00 0.00 0.00
car 0.00 0 0.00 891 234 938 254 0.00 0.00 0.00 0.00 0.00 0.00 0.00
car 0.00 0 0.00 894 225 934 238 0.00 0.00 0.00 0.00 0.00 0.00 0.00
van 0.00 0 0.00 881 216 921 229 0.00 0.00 0.00 0.00 0.00 0.00 0.00
van 0.00 0 0.00 891 194 922 213 0.00 0.00 0.00 0.00 0.00 0.00 0.00
van 0.00 0 0.00 877 193 907 210 0.00 0.00 0.00 0.00 0.00 0.00 0.00
car 0.00 0 0.00 835 180 851 197 0.00 0.00 0.00 0.00 0.00 0.00 0.00
car 0.00 0 0.00 851 161 887 172 0.00 0.00 0.00 0.00 0.00 0.00 0.00
car 0.00 0 0.00 851 155 886 167 0.00 0.00 0.00 0.00 0.00 0.00 0.00
motor 0.00 0 0.00 1032 535 1048 562 0.00 0.00 0.00 0.00 0.00 0.00 0.00
van 0.00 0 0.00 790 101 803 119 0.00 0.00 0.00 0.00 0.00 0.00 0.00
van 0.00 0 0.00 804 94 831 109 0.00 0.00 0.00 0.00 0.00 0.00 0.00
car 0.00 0 0.00 876 139 910 154 0.00 0.00 0.00 0.00 0.00 0.00 0.00
car 0.00 0 0.00 838 143 871 156 0.00 0.00 0.00 0.00 0.00 0.00 0.00
motor 0.00 0 0.00 936 182 953 193 0.00 0.00 0.00 0.00 0.00 0.00 0.00
people 0.00 0 0.00 861 396 869 410 0.00 0.00 0.00 0.00 0.00 0.00 0.00
motor 0.00 0 0.00 860 409 871 423 0.00 0.00 0.00 0.00 0.00 0.00 0.00
motor 0.00 0 0.00 954 438 960 447 0.00 0.00 0.00 0.00 0.00 0.00 0.00
motor 0.00 0 0.00 1067 625 1078 635 0.00 0.00 0.00 0.00 0.00 0.00 0.00
motor 0.00 0 0.00 1119 685 1140 707 0.00 0.00 0.00 0.00 0.00 0.00 0.00
motor 0.00 0 0.00 429 808 442 852 0.00 0.00 0.00 0.00 0.00 0.00 0.00
motor 0.00 0 0.00 514 715 529 738 0.00 0.00 0.00 0.00 0.00 0.00 0.00
motor 0.00 0 0.00 538 721 552 741 0.00 0.00 0.00 0.00 0.00 0.00 0.00
pedestrian 0.00 0 0.00 541 182 549 198 0.00 0.00 0.00 0.00 0.00 0.00 0.00
people 0.00 0 0.00 552 177 557 185 0.00 0.00 0.00 0.00 0.00 0.00 0.00
motor 0.00 0 0.00 550 184 557 192 0.00 0.00 0.00 0.00 0.00 0.00 0.00
people 0.00 0 0.00 516 702 532 728 0.00 0.00 0.00 0.00 0.00 0.00 0.00
people 0.00 0 0.00 534 706 549 724 0.00 0.00 0.00 0.00 0.00 0.00 0.00
people 0.00 0 0.00 427 814 449 838 0.00 0.00 0.00 0.00 0.00 0.00 0.00
people 0.00 0 0.00 1069 609 1077 624 0.00 0.00 0.00 0.00 0.00 0.00 0.00
people 0.00 0 0.00 1126 676 1135 694 0.00 0.00 0.00 0.00 0.00 0.00 0.00
people 0.00 0 0.00 952 425 964 446 0.00 0.00 0.00 0.00 0.00 0.00 0.00
people 0.00 0 0.00 1463 811 1476 832 0.00 0.00 0.00 0.00 0.00 0.00 0.00
people 0.00 0 0.00 1529 805 1539 823 0.00 0.00 0.00 0.00 0.00 0.00 0.00
motor 0.00 0 0.00 1447 819 1485 838 0.00 0.00 0.00 0.00 0.00 0.00 0.00
motor 0.00 0 0.00 1509 817 1546 829 0.00 0.00 0.00 0.00 0.00 0.00 0.00
pedestrian 0.00 0 0.00 790 122 795 133 0.00 0.00 0.00 0.00 0.00 0.00 0.00
people 0.00 0 0.00 1588 798 1608 824 0.00 0.00 0.00 0.00 0.00 0.00 0.00
motor 0.00 0 0.00 1570 810 1612 831 0.00 0.00 0.00 0.00 0.00 0.00 0.00
