car 0.00 0 0.00 1631 48 1741 130 0.00 0.00 0.00 0.00 0.00 0.00 0.00
car 0.00 0 0.00 1321 197 1439 288 0.00 0.00 0.00 0.00 0.00 0.00 0.00
car 0.00 0 0.00 1520 96 1645 192 0.00 0.00 0.00 0.00 0.00 0.00 0.00
motor 0.00 0 0.00 1461 228 1494 282 0.00 0.00 0.00 0.00 0.00 0.00 0.00
motor 0.00 0 0.00 1491 275 1525 318 0.00 0.00 0.00 0.00 0.00 0.00 0.00
motor 0.00 0 0.00 798 537 850 556 0.00 0.00 0.00 0.00 0.00 0.00 0.00
people 0.00 0 0.00 635 617 651 631 0.00 0.00 0.00 0.00 0.00 0.00 0.00
people 0.00 0 0.00 636 633 651 648 0.00 0.00 0.00 0.00 0.00 0.00 0.00
people 0.00 0 0.00 644 653 662 670 0.00 0.00 0.00 0.00 0.00 0.00 0.00
pedestrian 0.00 0 0.00 671 655 689 668 0.00 0.00 0.00 0.00 0.00 0.00 0.00
people 0.00 0 0.00 650 637 667 654 0.00 0.00 0.00 0.00 0.00 0.00 0.00
people 0.00 0 0.00 665 641 678 657 0.00 0.00 0.00 0.00 0.00 0.00 0.00
people 0.00 0 0.00 667 604 683 624 0.00 0.00 0.00 0.00 0.00 0.00 0.00
people 0.00 0 0.00 647 606 663 620 0.00 0.00 0.00 0.00 0.00 0.00 0.00
people 0.00 0 0.00 655 594 673 611 0.00 0.00 0.00 0.00 0.00 0.00 0.00
car 0.00 0 0.00 320 695 455 793 0.00 0.00 0.00 0.00 0.00 0.00 0.00
motor 0.00 0 0.00 264 800 317 821 0.00 0.00 0.00 0.00 0.00 0.00 0.00
car 0.00 0 0.00 110 852 207 969 0.00 0.00 0.00 0.00 0.00 0.00 0.00
motor 0.00 0 0.00 971 565 1001 606 0.00 0.00 0.00 0.00 0.00 0.00 0.00
motor 0.00 0 0.00 1195 461 1216 490 0.00 0.00 0.00 0.00 0.00 0.00 0.00
motor 0.00 0 0.00 1189 407 1204 432 0.00 0.00 0.00 0.00 0.00 0.00 0.00
motor 0.00 0 0.00 1188 425 1216 447 0.00 0.00 0.00 0.00 0.00 0.00 0.00
motor 0.00 0 0.00 1106 221 1125 246 0.00 0.00 0.00 0.00 0.00 0.00 0.00
motor 0.00 0 0.00 1774 145 1811 191 0.00 0.00 0.00 0.00 0.00 0.00 0.00
pedestrian 0.00 0 0.00 1573 47 1592 67 0.00 0.00 0.00 0.00 0.00 0.00 0.00
