van 0.00 0 0.00 180 693 232 737 0.00 0.00 0.00 0.00 0.00 0.00 0.00
van 0.00 0 0.00 69 616 115 655 0.00 0.00 0.00 0.00 0.00 0.00 0.00
car 0.00 0 0.00 0 550 26 587 0.00 0.00 0.00 0.00 0.00 0.00 0.00
motor 0.00 0 0.00 34 655 53 672 0.00 0.00 0.00 0.00 0.00 0.00 0.00
people 0.00 0 0.00 34 657 48 666 0.00 0.00 0.00 0.00 0.00 0.00 0.00
car 0.00 0 0.00 285 625 334 661 0.00 0.00 0.00 0.00 0.00 0.00 0.00
motor 0.00 0 0.00 533 631 555 648 0.00 0.00 0.00 0.00 0.00 0.00 0.00
people 0.00 0 0.00 539 635 550 647 0.00 0.00 0.00 0.00 0.00 0.00 0.00
car 0.00 0 0.00 29 225 66 254 0.00 0.00 0.00 0.00 0.00 0.00 0.00
car 0.00 0 0.00 0 306 40 349 0.00 0.00 0.00 0.00 0.00 0.00 0.00
car 0.00 0 0.00 166 168 210 201 0.00 0.00 0.00 0.00 0.00 0.00 0.00
car 0.00 0 0.00 448 0 481 28 0.00 0.00 0.00 0.00 0.00 0.00 0.00
truck 0.00 0 0.00 397 62 440 105 0.00 0.00 0.00 0.00 0.00 0.00 0.00
bus 0.00 0 0.00 262 232 361 323 0.00 0.00 0.00 0.00 0.00 0.00 0.00
van 0.00 0 0.00 174 333 209 366 0.00 0.00 0.00 0.00 0.00 0.00 0.00
bus 0.00 0 0.00 326 388 419 469 0.00 0.00 0.00 0.00 0.00 0.00 0.00
car 0.00 0 0.00 464 544 510 583 0.00 0.00 0.00 0.00 0.00 0.00 0.00
bus 0.00 0 0.00 805 692 931 787 0.00 0.00 0.00 0.00 0.00 0.00 0.00
truck 0.00 0 0.00 712 437 760 481 0.00 0.00 0.00 0.00 0.00 0.00 0.00
car 0.00 0 0.00 686 470 724 506 0.00 0.00 0.00 0.00 0.00 0.00 0.00
van 0.00 0 0.00 714 533 750 579 0.00 0.00 0.00 0.00 0.00 0.00 0.00
car 0.00 0 0.00 762 545 793 588 0.00 0.00 0.00 0.00 0.00 0.00 0.00
van 0.00 0 0.00 898 592 948 634 0.00 0.00 0.00 0.00 0.00 0.00 0.00
van 0.00 0 0.00 916 573 964 611 0.00 0.00 0.00 0.00 0.00 0.00 0.00
car 0.00 0 0.00 939 555 986 592 0.00 0.00 0.00 0.00 0.00 0.00 0.00
truck 0.00 0 0.00 1054 610 1181 701 0.00 0.00 0.00 0.00 0.00 0.00 0.00
truck 0.00 0 0.00 1197 702 1303 784 0.00 0.00 0.00 0.00 0.00 0.00 0.00
van 0.00 0 0.00 1125 769 1182 787 0.00 0.00 0.00 0.00 0.00 0.00 0.00
van 0.00 0 0.00 1090 745 1150 773 0.00 0.00 0.00 0.00 0.00 0.00 0.00
van 0.00 0 0.00 1046 722 1105 750 0.00 0.00 0.00 0.00 0.00 0.00 0.00
van 0.00 0 0.00 1016 696 1073 727 0.00 0.00 0.00 0.00 0.00 0.00 0.00
people 0.00 0 0.00 1296 322 1306 333 0.00 0.00 0.00 0.00 0.00 0.00 0.00
people 0.00 0 0.00 1340 203 1345 216 0.00 0.00 0.00 0.00 0.00 0.00 0.00
people 0.00 0 0.00 1315 185 1323 192 0.00 0.00 0.00 0.00 0.00 0.00 0.00
people 0.00 0 0.00 1307 130 1320 140 0.00 0.00 0.00 0.00 0.00 0.00 0.00
people 0.00 0 0.00 1307 120 1315 127 0.00 0.00 0.00 0.00 0.00 0.00 0.00
people 0.00 0 0.00 1309 117 1320 124 0.00 0.00 0.00 0.00 0.00 0.00 0.00
pedestrian 0.00 0 0.00 1179 33 1186 44 0.00 0.00 0.00 0.00 0.00 0.00 0.00
pedestrian 0.00 0 0.00 1186 40 1194 50 0.00 0.00 0.00 0.00 0.00 0.00 0.00
pedestrian 0.00 0 0.00 1210 39 1218 50 0.00 0.00 0.00 0.00 0.00 0.00 0.00
car 0.00 0 0.00 815 266 857 297 0.00 0.00 0.00 0.00 0.00 0.00 0.00
van 0.00 0 0.00 908 161 944 186 0.00 0.00 0.00 0.00 0.00 0.00 0.00
van 0.00 0 0.00 862 136 899 162 0.00 0.00 0.00 0.00 0.00 0.00 0.00
car 0.00 0 0.00 823 112 860 140 0.00 0.00 0.00 0.00 0.00 0.00 0.00
truck 0.00 0 0.00 1011 0 1081 34 0.00 0.00 0.00 0.00 0.00 0.00 0.00
bus 0.00 0 0.00 731 0 825 45 0.00 0.00 0.00 0.00 0.00 0.00 0.00
bus 0.00 0 0.00 760 0 843 33 0.00 0.00 0.00 0.00 0.00 0.00 0.00
