car 0.00 0 0.00 567 623 586 658 0.00 0.00 0.00 0.00 0.00 0.00 0.00
car 0.00 0 0.00 728 545 746 585 0.00 0.00 0.00 0.00 0.00 0.00 0.00
car 0.00 0 0.00 725 415 741 451 0.00 0.00 0.00 0.00 0.00 0.00 0.00
car 0.00 0 0.00 685 439 700 475 0.00 0.00 0.00 0.00 0.00 0.00 0.00
car 0.00 0 0.00 744 734 763 778 0.00 0.00 0.00 0.00 0.00 0.00 0.00
bus 0.00 0 0.00 650 729 674 786 0.00 0.00 0.00 0.00 0.00 0.00 0.00
motor 0.00 0 0.00 729 0 734 10 0.00 0.00 0.00 0.00 0.00 0.00 0.00
motor 0.00 0 0.00 707 261 713 276 0.00 0.00 0.00 0.00 0.00 0.00 0.00
people 0.00 0 0.00 707 265 712 270 0.00 0.00 0.00 0.00 0.00 0.00 0.00
car 0.00 0 0.00 1369 332 1393 363 0.00 0.00 0.00 0.00 0.00 0.00 0.00
car 0.00 0 0.00 1255 388 1272 412 0.00 0.00 0.00 0.00 0.00 0.00 0.00
car 0.00 0 0.00 1271 390 1286 417 0.00 0.00 0.00 0.00 0.00 0.00 0.00
car 0.00 0 0.00 1286 297 1302 326 0.00 0.00 0.00 0.00 0.00 0.00 0.00
car 0.00 0 0.00 1330 242 1349 274 0.00 0.00 0.00 0.00 0.00 0.00 0.00
pedestrian 0.00 0 0.00 1152 437 1157 446 0.00 0.00 0.00 0.00 0.00 0.00 0.00
pedestrian 0.00 0 0.00 1145 434 1151 444 0.00 0.00 0.00 0.00 0.00 0.00 0.00
pedestrian 0.00 0 0.00 1148 437 1153 445 0.00 0.00 0.00 0.00 0.00 0.00 0.00
pedestrian 0.00 0 0.00 1157 450 1162 456 0.00 0.00 0.00 0.00 0.00 0.00 0.00
pedestrian 0.00 0 0.00 1149 448 1156 456 0.00 0.00 0.00 0.00 0.00 0.00 0.00
pedestrian 0.00 0 0.00 1161 444 1165 451 0.00 0.00 0.00 0.00 0.00 0.00 0.00
pedestrian 0.00 0 0.00 1159 440 1166 448 0.00 0.00 0.00 0.00 0.00 0.00 0.00
pedestrian 0.00 0 0.00 1138 474 1143 480 0.00 0.00 0.00 0.00 0.00 0.00 0.00
pedestrian 0.00 0 0.00 1237 339 1243 345 0.00 0.00 0.00 0.00 0.00 0.00 0.00
pedestrian 0.00 0 0.00 1237 319 1242 326 0.00 0.00 0.00 0.00 0.00 0.00 0.00
pedestrian 0.00 0 0.00 1234 315 1237 322 0.00 0.00 0.00 0.00 0.00 0.00 0.00
pedestrian 0.00 0 0.00 1247 326 1253 335 0.00 0.00 0.00 0.00 0.00 0.00 0.00
pedestrian 0.00 0 0.00 1269 285 1276 295 0.00 0.00 0.00 0.00 0.00 0.00 0.00
pedestrian 0.00 0 0.00 1254 321 1259 327 0.00 0.00 0.00 0.00 0.00 0.00 0.00
pedestrian 0.00 0 0.00 1241 319 1248 328 0.00 0.00 0.00 0.00 0.00 0.00 0.00
pedestrian 0.00 0 0.00 1240 329 1245 337 0.00 0.00 0.00 0.00 0.00 0.00 0.00
pedestrian 0.00 0 0.00 1229 339 1234 346 0.00 0.00 0.00 0.00 0.00 0.00 0.00
pedestrian 0.00 0 0.00 1213 358 1217 365 0.00 0.00 0.00 0.00 0.00 0.00 0.00
pedestrian 0.00 0 0.00 1149 417 1154 422 0.00 0.00 0.00 0.00 0.00 0.00 0.00
car 0.00 0 0.00 1376 76 1394 101 0.00 0.00 0.00 0.00 0.00 0.00 0.00
pedestrian 0.00 0 0.00 1342 134 1348 142 0.00 0.00 0.00 0.00 0.00 0.00 0.00
pedestrian 0.00 0 0.00 1330 178 1336 186 0.00 0.00 0.00 0.00 0.00 0.00 0.00
pedestrian 0.00 0 0.00 1328 169 1334 176 0.00 0.00 0.00 0.00 0.00 0.00 0.00
pedestrian 0.00 0 0.00 1327 175 1331 183 0.00 0.00 0.00 0.00 0.00 0.00 0.00
pedestrian 0.00 0 0.00 1359 72 1366 78 0.00 0.00 0.00 0.00 0.00 0.00 0.00
pedestrian 0.00 0 0.00 1361 62 1368 70 0.00 0.00 0.00 0.00 0.00 0.00 0.00
pedestrian 0.00 0 0.00 1379 16 1384 27 0.00 0.00 0.00 0.00 0.00 0.00 0.00
pedestrian 0.00 0 0.00 1388 8 1393 17 0.00 0.00 0.00 0.00 0.00 0.00 0.00
pedestrian 0.00 0 0.00 1383 0 1390 11 0.00 0.00 0.00 0.00 0.00 0.00 0.00
pedestrian 0.00 0 0.00 1373 38 1379 44 0.00 0.00 0.00 0.00 0.00 0.00 0.00
pedestrian 0.00 0 0.00 1369 54 1376 65 0.00 0.00 0.00 0.00 0.00 0.00 0.00
pedestrian 0.00 0 0.00 1369 47 1378 58 0.00 0.00 0.00 0.00 0.00 0.00 0.00
pedestrian 0.00 0 0.00 1373 42 1378 52 0.00 0.00 0.00 0.00 0.00 0.00 0.00
