car 0.00 0 0.00 1205 220 1400 347 0.00 0.00 0.00 0.00 0.00 0.00 0.00
truck 0.00 0 0.00 925 3 984 57 0.00 0.00 0.00 0.00 0.00 0.00 0.00
truck 0.00 0 0.00 911 58 935 79 0.00 0.00 0.00 0.00 0.00 0.00 0.00
car 0.00 0 0.00 894 79 911 94 0.00 0.00 0.00 0.00 0.00 0.00 0.00
van 0.00 0 0.00 909 73 929 94 0.00 0.00 0.00 0.00 0.00 0.00 0.00
car 0.00 0 0.00 873 107 891 126 0.00 0.00 0.00 0.00 0.00 0.00 0.00
car 0.00 0 0.00 923 95 954 124 0.00 0.00 0.00 0.00 0.00 0.00 0.00
truck 0.00 0 0.00 766 157 867 265 0.00 0.00 0.00 0.00 0.00 0.00 0.00
car 0.00 0 0.00 802 231 836 261 0.00 0.00 0.00 0.00 0.00 0.00 0.00
truck 0.00 0 0.00 791 182 813 206 0.00 0.00 0.00 0.00 0.00 0.00 0.00
van 0.00 0 0.00 744 227 764 242 0.00 0.00 0.00 0.00 0.00 0.00 0.00
car 0.00 0 0.00 751 227 768 243 0.00 0.00 0.00 0.00 0.00 0.00 0.00
car 0.00 0 0.00 739 245 762 266 0.00 0.00 0.00 0.00 0.00 0.00 0.00
car 0.00 0 0.00 712 267 724 279 0.00 0.00 0.00 0.00 0.00 0.00 0.00
car 0.00 0 0.00 694 282 715 305 0.00 0.00 0.00 0.00 0.00 0.00 0.00
car 0.00 0 0.00 680 282 698 302 0.00 0.00 0.00 0.00 0.00 0.00 0.00
van 0.00 0 0.00 735 279 763 312 0.00 0.00 0.00 0.00 0.00 0.00 0.00
car 0.00 0 0.00 727 288 755 316 0.00 0.00 0.00 0.00 0.00 0.00 0.00
car 0.00 0 0.00 725 302 764 334 0.00 0.00 0.00 0.00 0.00 0.00 0.00
car 0.00 0 0.00 717 321 754 354 0.00 0.00 0.00 0.00 0.00 0.00 0.00
car 0.00 0 0.00 702 320 731 349 0.00 0.00 0.00 0.00 0.00 0.00 0.00
pedestrian 0.00 0 0.00 677 306 686 314 0.00 0.00 0.00 0.00 0.00 0.00 0.00
car 0.00 0 0.00 668 302 684 309 0.00 0.00 0.00 0.00 0.00 0.00 0.00
truck 0.00 0 0.00 647 316 688 349 0.00 0.00 0.00 0.00 0.00 0.00 0.00
truck 0.00 0 0.00 605 350 639 380 0.00 0.00 0.00 0.00 0.00 0.00 0.00
truck 0.00 0 0.00 593 336 634 373 0.00 0.00 0.00 0.00 0.00 0.00 0.00
car 0.00 0 0.00 673 354 706 385 0.00 0.00 0.00 0.00 0.00 0.00 0.00
car 0.00 0 0.00 659 363 691 394 0.00 0.00 0.00 0.00 0.00 0.00 0.00
truck 0.00 0 0.00 639 349 684 401 0.00 0.00 0.00 0.00 0.00 0.00 0.00
car 0.00 0 0.00 631 397 664 432 0.00 0.00 0.00 0.00 0.00 0.00 0.00
car 0.00 0 0.00 619 402 651 434 0.00 0.00 0.00 0.00 0.00 0.00 0.00
truck 0.00 0 0.00 602 405 637 443 0.00 0.00 0.00 0.00 0.00 0.00 0.00
truck 0.00 0 0.00 534 368 596 431 0.00 0.00 0.00 0.00 0.00 0.00 0.00
car 0.00 0 0.00 597 435 631 468 0.00 0.00 0.00 0.00 0.00 0.00 0.00
car 0.00 0 0.00 578 441 612 479 0.00 0.00 0.00 0.00 0.00 0.00 0.00
van 0.00 0 0.00 568 449 600 483 0.00 0.00 0.00 0.00 0.00 0.00 0.00
car 0.00 0 0.00 584 457 626 497 0.00 0.00 0.00 0.00 0.00 0.00 0.00
people 0.00 0 0.00 542 492 555 503 0.00 0.00 0.00 0.00 0.00 0.00 0.00
motor 0.00 0 0.00 543 489 560 508 0.00 0.00 0.00 0.00 0.00 0.00 0.00
car 0.00 0 0.00 587 544 637 583 0.00 0.00 0.00 0.00 0.00 0.00 0.00
car 0.00 0 0.00 571 577 624 620 0.00 0.00 0.00 0.00 0.00 0.00 0.00
car 0.00 0 0.00 481 551 524 591 0.00 0.00 0.00 0.00 0.00 0.00 0.00
car 0.00 0 0.00 437 604 483 647 0.00 0.00 0.00 0.00 0.00 0.00 0.00
car 0.00 0 0.00 390 636 433 676 0.00 0.00 0.00 0.00 0.00 0.00 0.00
truck 0.00 0 0.00 418 679 499 747 0.00 0.00 0.00 0.00 0.00 0.00 0.00
car 0.00 0 0.00 363 726 407 769 0.00 0.00 0.00 0.00 0.00 0.00 0.00
car 0.00 0 0.00 325 696 359 725 0.00 0.00 0.00 0.00 0.00 0.00 0.00
car 0.00 0 0.00 300 730 336 762 0.00 0.00 0.00 0.00 0.00 0.00 0.00
car 0.00 0 0.00 269 743 291 763 0.00 0.00 0.00 0.00 0.00 0.00 0.00
car 0.00 0 0.00 243 770 266 792 0.00 0.00 0.00 0.00 0.00 0.00 0.00
car 0.00 0 0.00 205 800 231 822 0.00 0.00 0.00 0.00 0.00 0.00 0.00
car 0.00 0 0.00 189 825 212 844 0.00 0.00 0.00 0.00 0.00 0.00 0.00
car 0.00 0 0.00 160 851 185 874 0.00 0.00 0.00 0.00 0.00 0.00 0.00
car 0.00 0 0.00 221 827 269 875 0.00 0.00 0.00 0.00 0.00 0.00 0.00
car 0.00 0 0.00 240 755 261 771 0.00 0.00 0.00 0.00 0.00 0.00 0.00
car 0.00 0 0.00 220 776 241 795 0.00 0.00 0.00 0.00 0.00 0.00 0.00
car 0.00 0 0.00 205 776 224 792 0.00 0.00 0.00 0.00 0.00 0.00 0.00
car 0.00 0 0.00 184 794 204 811 0.00 0.00 0.00 0.00 0.00 0.00 0.00
car 0.00 0 0.00 179 781 194 794 0.00 0.00 0.00 0.00 0.00 0.00 0.00
car 0.00 0 0.00 179 824 196 843 0.00 0.00 0.00 0.00 0.00 0.00 0.00
car 0.00 0 0.00 168 821 184 839 0.00 0.00 0.00 0.00 0.00 0.00 0.00
van 0.00 0 0.00 103 862 127 882 0.00 0.00 0.00 0.00 0.00 0.00 0.00
car 0.00 0 0.00 86 951 144 1014 0.00 0.00 0.00 0.00 0.00 0.00 0.00
car 0.00 0 0.00 19 981 57 1026 0.00 0.00 0.00 0.00 0.00 0.00 0.00
car 0.00 0 0.00 63 931 91 966 0.00 0.00 0.00 0.00 0.00 0.00 0.00
car 0.00 0 0.00 86 901 106 923 0.00 0.00 0.00 0.00 0.00 0.00 0.00
car 0.00 0 0.00 88 889 104 903 0.00 0.00 0.00 0.00 0.00 0.00 0.00
car 0.00 0 0.00 217 717 227 726 0.00 0.00 0.00 0.00 0.00 0.00 0.00
car 0.00 0 0.00 209 719 216 725 0.00 0.00 0.00 0.00 0.00 0.00 0.00
car 0.00 0 0.00 183 739 190 744 0.00 0.00 0.00 0.00 0.00 0.00 0.00
car 0.00 0 0.00 147 758 154 764 0.00 0.00 0.00 0.00 0.00 0.00 0.00
