truck 0.00 0 0.00 180 1195 547 1500 0.00 0.00 0.00 0.00 0.00 0.00 0.00
truck 0.00 0 0.00 933 842 1092 1139 0.00 0.00 0.00 0.00 0.00 0.00 0.00
truck 0.00 0 0.00 957 1234 1137 1500 0.00 0.00 0.00 0.00 0.00 0.00 0.00
truck 0.00 0 0.00 1047 354 1232 690 0.00 0.00 0.00 0.00 0.00 0.00 0.00
truck 0.00 0 0.00 1045 103 1244 253 0.00 0.00 0.00 0.00 0.00 0.00 0.00
car 0.00 0 0.00 542 556 658 754 0.00 0.00 0.00 0.00 0.00 0.00 0.00
car 0.00 0 0.00 638 102 694 183 0.00 0.00 0.00 0.00 0.00 0.00 0.00
car 0.00 0 0.00 659 40 711 112 0.00 0.00 0.00 0.00 0.00 0.00 0.00
car 0.00 0 0.00 869 38 957 98 0.00 0.00 0.00 0.00 0.00 0.00 0.00
car 0.00 0 0.00 1014 55 1133 111 0.00 0.00 0.00 0.00 0.00 0.00 0.00
truck 0.00 0 0.00 1046 106 1242 256 0.00 0.00 0.00 0.00 0.00 0.00 0.00
car 0.00 0 0.00 1223 38 1335 97 0.00 0.00 0.00 0.00 0.00 0.00 0.00
car 0.00 0 0.00 1236 102 1348 161 0.00 0.00 0.00 0.00 0.00 0.00 0.00
van 0.00 0 0.00 1016 209 1088 334 0.00 0.00 0.00 0.00 0.00 0.00 0.00
tricycle 0.00 0 0.00 905 275 957 389 0.00 0.00 0.00 0.00 0.00 0.00 0.00
car 0.00 0 0.00 656 0 711 42 0.00 0.00 0.00 0.00 0.00 0.00 0.00
pedestrian 0.00 0 0.00 896 1064 941 1133 0.00 0.00 0.00 0.00 0.00 0.00 0.00
pedestrian 0.00 0 0.00 913 917 949 984 0.00 0.00 0.00 0.00 0.00 0.00 0.00
pedestrian 0.00 0 0.00 897 860 932 927 0.00 0.00 0.00 0.00 0.00 0.00 0.00
pedestrian 0.00 0 0.00 899 670 928 740 0.00 0.00 0.00 0.00 0.00 0.00 0.00
pedestrian 0.00 0 0.00 840 623 870 694 0.00 0.00 0.00 0.00 0.00 0.00 0.00
pedestrian 0.00 0 0.00 800 607 829 677 0.00 0.00 0.00 0.00 0.00 0.00 0.00
pedestrian 0.00 0 0.00 686 598 728 675 0.00 0.00 0.00 0.00 0.00 0.00 0.00
pedestrian 0.00 0 0.00 299 950 357 1023 0.00 0.00 0.00 0.00 0.00 0.00 0.00
pedestrian 0.00 0 0.00 975 311 996 368 0.00 0.00 0.00 0.00 0.00 0.00 0.00
motor 0.00 0 0.00 774 203 799 248 0.00 0.00 0.00 0.00 0.00 0.00 0.00
motor 0.00 0 0.00 820 8 837 42 0.00 0.00 0.00 0.00 0.00 0.00 0.00
bicycle 0.00 0 0.00 832 62 853 104 0.00 0.00 0.00 0.00 0.00 0.00 0.00
bicycle 0.00 0 0.00 728 24 748 59 0.00 0.00 0.00 0.00 0.00 0.00 0.00
pedestrian 0.00 0 0.00 831 48 855 99 0.00 0.00 0.00 0.00 0.00 0.00 0.00
pedestrian 0.00 0 0.00 726 5 747 54 0.00 0.00 0.00 0.00 0.00 0.00 0.00
pedestrian 0.00 0 0.00 775 191 798 242 0.00 0.00 0.00 0.00 0.00 0.00 0.00
pedestrian 0.00 0 0.00 777 204 797 239 0.00 0.00 0.00 0.00 0.00 0.00 0.00
pedestrian 0.00 0 0.00 818 0 838 37 0.00 0.00 0.00 0.00 0.00 0.00 0.00
van 0.00 0 0.00 1093 4 1207 64 0.00 0.00 0.00 0.00 0.00 0.00 0.00
