truck 0.00 0 0.00 196 563 342 682 0.00 0.00 0.00 0.00 0.00 0.00 0.00
truck 0.00 0 0.00 520 267 609 347 0.00 0.00 0.00 0.00 0.00 0.00 0.00
truck 0.00 0 0.00 960 604 1038 729 0.00 0.00 0.00 0.00 0.00 0.00 0.00
truck 0.00 0 0.00 1237 519 1288 601 0.00 0.00 0.00 0.00 0.00 0.00 0.00
truck 0.00 0 0.00 1148 530 1338 889 0.00 0.00 0.00 0.00 0.00 0.00 0.00
motor 0.00 0 0.00 1063 736 1091 804 0.00 0.00 0.00 0.00 0.00 0.00 0.00
motor 0.00 0 0.00 1221 479 1237 508 0.00 0.00 0.00 0.00 0.00 0.00 0.00
car 0.00 0 0.00 1135 270 1162 298 0.00 0.00 0.00 0.00 0.00 0.00 0.00
awning-tricycle 0.00 0 0.00 1088 177 1102 200 0.00 0.00 0.00 0.00 0.00 0.00 0.00
awning-tricycle 0.00 0 0.00 1082 167 1093 187 0.00 0.00 0.00 0.00 0.00 0.00 0.00
tricycle 0.00 0 0.00 1134 117 1145 132 0.00 0.00 0.00 0.00 0.00 0.00 0.00
pedestrian 0.00 0 0.00 1487 533 1500 574 0.00 0.00 0.00 0.00 0.00 0.00 0.00
tricycle 0.00 0 0.00 1448 578 1543 626 0.00 0.00 0.00 0.00 0.00 0.00 0.00
motor 0.00 0 0.00 1345 536 1363 572 0.00 0.00 0.00 0.00 0.00 0.00 0.00
bicycle 0.00 0 0.00 1171 226 1178 244 0.00 0.00 0.00 0.00 0.00 0.00 0.00
motor 0.00 0 0.00 1159 227 1165 244 0.00 0.00 0.00 0.00 0.00 0.00 0.00
tricycle 0.00 0 0.00 1155 134 1166 151 0.00 0.00 0.00 0.00 0.00 0.00 0.00
tricycle 0.00 0 0.00 1166 159 1180 174 0.00 0.00 0.00 0.00 0.00 0.00 0.00
motor 0.00 0 0.00 1161 193 1168 206 0.00 0.00 0.00 0.00 0.00 0.00 0.00
motor 0.00 0 0.00 1145 159 1150 169 0.00 0.00 0.00 0.00 0.00 0.00 0.00
people 0.00 0 0.00 1162 188 1169 203 0.00 0.00 0.00 0.00 0.00 0.00 0.00
people 0.00 0 0.00 1160 222 1165 240 0.00 0.00 0.00 0.00 0.00 0.00 0.00
people 0.00 0 0.00 1172 219 1178 240 0.00 0.00 0.00 0.00 0.00 0.00 0.00
people 0.00 0 0.00 1145 154 1151 168 0.00 0.00 0.00 0.00 0.00 0.00 0.00
people 0.00 0 0.00 1224 474 1236 503 0.00 0.00 0.00 0.00 0.00 0.00 0.00
van 0.00 0 0.00 733 311 779 360 0.00 0.00 0.00 0.00 0.00 0.00 0.00
