truck 0.00 0 0.00 169 902 300 1050 0.00 0.00 0.00 0.00 0.00 0.00 0.00
truck 0.00 0 0.00 129 845 284 1037 0.00 0.00 0.00 0.00 0.00 0.00 0.00
truck 0.00 0 0.00 453 744 582 948 0.00 0.00 0.00 0.00 0.00 0.00 0.00
truck 0.00 0 0.00 442 615 599 835 0.00 0.00 0.00 0.00 0.00 0.00 0.00
truck 0.00 0 0.00 422 592 490 749 0.00 0.00 0.00 0.00 0.00 0.00 0.00
truck 0.00 0 0.00 439 916 566 1050 0.00 0.00 0.00 0.00 0.00 0.00 0.00
car 0.00 0 0.00 78 238 97 254 0.00 0.00 0.00 0.00 0.00 0.00 0.00
car 0.00 0 0.00 48 242 73 254 0.00 0.00 0.00 0.00 0.00 0.00 0.00
car 0.00 0 0.00 54 236 75 247 0.00 0.00 0.00 0.00 0.00 0.00 0.00
car 0.00 0 0.00 69 230 90 245 0.00 0.00 0.00 0.00 0.00 0.00 0.00
car 0.00 0 0.00 0 273 20 287 0.00 0.00 0.00 0.00 0.00 0.00 0.00
car 0.00 0 0.00 717 426 737 455 0.00 0.00 0.00 0.00 0.00 0.00 0.00
car 0.00 0 0.00 688 29 694 36 0.00 0.00 0.00 0.00 0.00 0.00 0.00
car 0.00 0 0.00 795 24 801 31 0.00 0.00 0.00 0.00 0.00 0.00 0.00
van 0.00 0 0.00 832 134 854 147 0.00 0.00 0.00 0.00 0.00 0.00 0.00
van 0.00 0 0.00 737 15 745 20 0.00 0.00 0.00 0.00 0.00 0.00 0.00
motor 0.00 0 0.00 712 377 718 393 0.00 0.00 0.00 0.00 0.00 0.00 0.00
motor 0.00 0 0.00 729 374 736 389 0.00 0.00 0.00 0.00 0.00 0.00 0.00
motor 0.00 0 0.00 745 375 751 388 0.00 0.00 0.00 0.00 0.00 0.00 0.00
motor 0.00 0 0.00 1285 308 1300 319 0.00 0.00 0.00 0.00 0.00 0.00 0.00
motor 0.00 0 0.00 754 323 767 334 0.00 0.00 0.00 0.00 0.00 0.00 0.00
bicycle 0.00 0 0.00 662 512 670 532 0.00 0.00 0.00 0.00 0.00 0.00 0.00
motor 0.00 0 0.00 673 914 683 953 0.00 0.00 0.00 0.00 0.00 0.00 0.00
motor 0.00 0 0.00 1007 958 1026 992 0.00 0.00 0.00 0.00 0.00 0.00 0.00
motor 0.00 0 0.00 959 956 993 974 0.00 0.00 0.00 0.00 0.00 0.00 0.00
motor 0.00 0 0.00 956 935 987 954 0.00 0.00 0.00 0.00 0.00 0.00 0.00
motor 0.00 0 0.00 954 921 981 939 0.00 0.00 0.00 0.00 0.00 0.00 0.00
motor 0.00 0 0.00 946 904 978 924 0.00 0.00 0.00 0.00 0.00 0.00 0.00
motor 0.00 0 0.00 942 887 973 905 0.00 0.00 0.00 0.00 0.00 0.00 0.00
motor 0.00 0 0.00 928 853 962 870 0.00 0.00 0.00 0.00 0.00 0.00 0.00
motor 0.00 0 0.00 928 836 961 856 0.00 0.00 0.00 0.00 0.00 0.00 0.00
motor 0.00 0 0.00 962 835 992 852 0.00 0.00 0.00 0.00 0.00 0.00 0.00
motor 0.00 0 0.00 986 823 1023 840 0.00 0.00 0.00 0.00 0.00 0.00 0.00
motor 0.00 0 0.00 982 809 1012 828 0.00 0.00 0.00 0.00 0.00 0.00 0.00
motor 0.00 0 0.00 958 823 984 839 0.00 0.00 0.00 0.00 0.00 0.00 0.00
motor 0.00 0 0.00 920 823 956 848 0.00 0.00 0.00 0.00 0.00 0.00 0.00
motor 0.00 0 0.00 949 810 978 831 0.00 0.00 0.00 0.00 0.00 0.00 0.00
motor 0.00 0 0.00 923 804 957 830 0.00 0.00 0.00 0.00 0.00 0.00 0.00
people 0.00 0 0.00 731 375 735 386 0.00 0.00 0.00 0.00 0.00 0.00 0.00
people 0.00 0 0.00 713 378 717 391 0.00 0.00 0.00 0.00 0.00 0.00 0.00
people 0.00 0 0.00 746 376 750 386 0.00 0.00 0.00 0.00 0.00 0.00 0.00
people 0.00 0 0.00 663 512 669 526 0.00 0.00 0.00 0.00 0.00 0.00 0.00
people 0.00 0 0.00 675 919 681 935 0.00 0.00 0.00 0.00 0.00 0.00 0.00
people 0.00 0 0.00 761 324 766 332 0.00 0.00 0.00 0.00 0.00 0.00 0.00
people 0.00 0 0.00 1292 309 1299 319 0.00 0.00 0.00 0.00 0.00 0.00 0.00
tricycle 0.00 0 0.00 1088 302 1114 317 0.00 0.00 0.00 0.00 0.00 0.00 0.00
