van 0.00 0 0.00 511 576 554 658 0.00 0.00 0.00 0.00 0.00 0.00 0.00
van 0.00 0 0.00 643 189 673 237 0.00 0.00 0.00 0.00 0.00 0.00 0.00
van 0.00 0 0.00 621 18 646 55 0.00 0.00 0.00 0.00 0.00 0.00 0.00
van 0.00 0 0.00 556 584 605 667 0.00 0.00 0.00 0.00 0.00 0.00 0.00
truck 0.00 0 0.00 557 340 604 433 0.00 0.00 0.00 0.00 0.00 0.00 0.00
truck 0.00 0 0.00 609 286 657 391 0.00 0.00 0.00 0.00 0.00 0.00 0.00
car 0.00 0 0.00 539 480 577 544 0.00 0.00 0.00 0.00 0.00 0.00 0.00
car 0.00 0 0.00 577 489 616 555 0.00 0.00 0.00 0.00 0.00 0.00 0.00
car 0.00 0 0.00 606 420 641 473 0.00 0.00 0.00 0.00 0.00 0.00 0.00
car 0.00 0 0.00 575 300 605 338 0.00 0.00 0.00 0.00 0.00 0.00 0.00
car 0.00 0 0.00 590 235 617 280 0.00 0.00 0.00 0.00 0.00 0.00 0.00
car 0.00 0 0.00 636 242 666 291 0.00 0.00 0.00 0.00 0.00 0.00 0.00
car 0.00 0 0.00 604 182 631 223 0.00 0.00 0.00 0.00 0.00 0.00 0.00
car 0.00 0 0.00 653 135 677 173 0.00 0.00 0.00 0.00 0.00 0.00 0.00
car 0.00 0 0.00 604 133 631 166 0.00 0.00 0.00 0.00 0.00 0.00 0.00
bus 0.00 0 0.00 611 55 641 114 0.00 0.00 0.00 0.00 0.00 0.00 0.00
truck 0.00 0 0.00 650 49 685 127 0.00 0.00 0.00 0.00 0.00 0.00 0.00
car 0.00 0 0.00 661 28 685 53 0.00 0.00 0.00 0.00 0.00 0.00 0.00
car 0.00 0 0.00 736 96 761 146 0.00 0.00 0.00 0.00 0.00 0.00 0.00
car 0.00 0 0.00 136 219 172 265 0.00 0.00 0.00 0.00 0.00 0.00 0.00
car 0.00 0 0.00 169 225 234 252 0.00 0.00 0.00 0.00 0.00 0.00 0.00
car 0.00 0 0.00 172 200 231 224 0.00 0.00 0.00 0.00 0.00 0.00 0.00
car 0.00 0 0.00 224 50 272 71 0.00 0.00 0.00 0.00 0.00 0.00 0.00
car 0.00 0 0.00 424 10 450 40 0.00 0.00 0.00 0.00 0.00 0.00 0.00
car 0.00 0 0.00 433 36 485 58 0.00 0.00 0.00 0.00 0.00 0.00 0.00
car 0.00 0 0.00 480 63 511 95 0.00 0.00 0.00 0.00 0.00 0.00 0.00
car 0.00 0 0.00 90 195 148 221 0.00 0.00 0.00 0.00 0.00 0.00 0.00
car 0.00 0 0.00 109 220 148 270 0.00 0.00 0.00 0.00 0.00 0.00 0.00
car 0.00 0 0.00 30 82 84 108 0.00 0.00 0.00 0.00 0.00 0.00 0.00
car 0.00 0 0.00 36 105 94 133 0.00 0.00 0.00 0.00 0.00 0.00 0.00
car 0.00 0 0.00 24 128 69 149 0.00 0.00 0.00 0.00 0.00 0.00 0.00
car 0.00 0 0.00 65 128 114 156 0.00 0.00 0.00 0.00 0.00 0.00 0.00
car 0.00 0 0.00 103 139 181 176 0.00 0.00 0.00 0.00 0.00 0.00 0.00
car 0.00 0 0.00 80 157 159 195 0.00 0.00 0.00 0.00 0.00 0.00 0.00
car 0.00 0 0.00 34 167 86 189 0.00 0.00 0.00 0.00 0.00 0.00 0.00
car 0.00 0 0.00 29 186 87 214 0.00 0.00 0.00 0.00 0.00 0.00 0.00
car 0.00 0 0.00 99 115 157 142 0.00 0.00 0.00 0.00 0.00 0.00 0.00
car 0.00 0 0.00 476 39 530 62 0.00 0.00 0.00 0.00 0.00 0.00 0.00
car 0.00 0 0.00 490 27 538 46 0.00 0.00 0.00 0.00 0.00 0.00 0.00
car 0.00 0 0.00 446 23 491 43 0.00 0.00 0.00 0.00 0.00 0.00 0.00
car 0.00 0 0.00 500 5 550 28 0.00 0.00 0.00 0.00 0.00 0.00 0.00
truck 0.00 0 0.00 198 102 268 142 0.00 0.00 0.00 0.00 0.00 0.00 0.00
truck 0.00 0 0.00 164 67 282 118 0.00 0.00 0.00 0.00 0.00 0.00 0.00
car 0.00 0 0.00 73 218 115 264 0.00 0.00 0.00 0.00 0.00 0.00 0.00
van 0.00 0 0.00 1300 43 1365 76 0.00 0.00 0.00 0.00 0.00 0.00 0.00
