people 0.00 0 0.00 485 466 505 500 0.00 0.00 0.00 0.00 0.00 0.00 0.00
car 0.00 0 0.00 287 168 381 213 0.00 0.00 0.00 0.00 0.00 0.00 0.00
car 0.00 0 0.00 343 318 434 368 0.00 0.00 0.00 0.00 0.00 0.00 0.00
car 0.00 0 0.00 382 508 495 576 0.00 0.00 0.00 0.00 0.00 0.00 0.00
car 0.00 0 0.00 409 593 478 698 0.00 0.00 0.00 0.00 0.00 0.00 0.00
car 0.00 0 0.00 502 752 625 822 0.00 0.00 0.00 0.00 0.00 0.00 0.00
car 0.00 0 0.00 714 894 822 994 0.00 0.00 0.00 0.00 0.00 0.00 0.00
car 0.00 0 0.00 776 956 879 1048 0.00 0.00 0.00 0.00 0.00 0.00 0.00
car 0.00 0 0.00 840 998 937 1077 0.00 0.00 0.00 0.00 0.00 0.00 0.00
car 0.00 0 0.00 942 701 1011 804 0.00 0.00 0.00 0.00 0.00 0.00 0.00
car 0.00 0 0.00 1058 650 1159 757 0.00 0.00 0.00 0.00 0.00 0.00 0.00
van 0.00 0 0.00 1207 580 1296 681 0.00 0.00 0.00 0.00 0.00 0.00 0.00
car 0.00 0 0.00 1253 562 1356 669 0.00 0.00 0.00 0.00 0.00 0.00 0.00
car 0.00 0 0.00 1071 471 1169 535 0.00 0.00 0.00 0.00 0.00 0.00 0.00
car 0.00 0 0.00 1128 336 1215 410 0.00 0.00 0.00 0.00 0.00 0.00 0.00
