truck 0.00 0 0.00 799 383 818 407 0.00 0.00 0.00 0.00 0.00 0.00 0.00
truck 0.00 0 0.00 818 378 840 407 0.00 0.00 0.00 0.00 0.00 0.00 0.00
car 0.00 0 0.00 850 404 866 420 0.00 0.00 0.00 0.00 0.00 0.00 0.00
car 0.00 0 0.00 839 396 856 412 0.00 0.00 0.00 0.00 0.00 0.00 0.00
car 0.00 0 0.00 810 406 849 423 0.00 0.00 0.00 0.00 0.00 0.00 0.00
car 0.00 0 0.00 821 425 845 448 0.00 0.00 0.00 0.00 0.00 0.00 0.00
car 0.00 0 0.00 827 449 851 471 0.00 0.00 0.00 0.00 0.00 0.00 0.00
car 0.00 0 0.00 830 467 856 495 0.00 0.00 0.00 0.00 0.00 0.00 0.00
car 0.00 0 0.00 787 466 813 490 0.00 0.00 0.00 0.00 0.00 0.00 0.00
truck 0.00 0 0.00 950 585 1002 643 0.00 0.00 0.00 0.00 0.00 0.00 0.00
van 0.00 0 0.00 854 644 901 705 0.00 0.00 0.00 0.00 0.00 0.00 0.00
truck 0.00 0 0.00 851 955 986 1213 0.00 0.00 0.00 0.00 0.00 0.00 0.00
truck 0.00 0 0.00 663 1232 827 1500 0.00 0.00 0.00 0.00 0.00 0.00 0.00
bus 0.00 0 0.00 867 357 890 382 0.00 0.00 0.00 0.00 0.00 0.00 0.00
people 0.00 0 0.00 1012 412 1019 423 0.00 0.00 0.00 0.00 0.00 0.00 0.00
motor 0.00 0 0.00 1008 415 1020 424 0.00 0.00 0.00 0.00 0.00 0.00 0.00
motor 0.00 0 0.00 1020 411 1031 425 0.00 0.00 0.00 0.00 0.00 0.00 0.00
car 0.00 0 0.00 858 350 870 361 0.00 0.00 0.00 0.00 0.00 0.00 0.00
awning-tricycle 0.00 0 0.00 793 410 806 427 0.00 0.00 0.00 0.00 0.00 0.00 0.00
car 0.00 0 0.00 747 419 791 436 0.00 0.00 0.00 0.00 0.00 0.00 0.00
van 0.00 0 0.00 492 405 541 431 0.00 0.00 0.00 0.00 0.00 0.00 0.00
car 0.00 0 0.00 448 429 486 447 0.00 0.00 0.00 0.00 0.00 0.00 0.00
car 0.00 0 0.00 1 796 139 852 0.00 0.00 0.00 0.00 0.00 0.00 0.00
car 0.00 0 0.00 157 680 271 724 0.00 0.00 0.00 0.00 0.00 0.00 0.00
car 0.00 0 0.00 232 643 322 679 0.00 0.00 0.00 0.00 0.00 0.00 0.00
van 0.00 0 0.00 262 625 356 662 0.00 0.00 0.00 0.00 0.00 0.00 0.00
van 0.00 0 0.00 280 612 362 646 0.00 0.00 0.00 0.00 0.00 0.00 0.00
car 0.00 0 0.00 289 601 379 635 0.00 0.00 0.00 0.00 0.00 0.00 0.00
awning-tricycle 0.00 0 0.00 385 479 415 508 0.00 0.00 0.00 0.00 0.00 0.00 0.00
car 0.00 0 0.00 303 489 356 514 0.00 0.00 0.00 0.00 0.00 0.00 0.00
car 0.00 0 0.00 212 511 288 539 0.00 0.00 0.00 0.00 0.00 0.00 0.00
van 0.00 0 0.00 247 523 299 564 0.00 0.00 0.00 0.00 0.00 0.00 0.00
car 0.00 0 0.00 209 561 265 598 0.00 0.00 0.00 0.00 0.00 0.00 0.00
car 0.00 0 0.00 1 1040 155 1124 0.00 0.00 0.00 0.00 0.00 0.00 0.00
truck 0.00 0 0.00 1 1112 296 1308 0.00 0.00 0.00 0.00 0.00 0.00 0.00
pedestrian 0.00 0 0.00 209 1230 242 1316 0.00 0.00 0.00 0.00 0.00 0.00 0.00
car 0.00 0 0.00 0 869 26 927 0.00 0.00 0.00 0.00 0.00 0.00 0.00
motor 0.00 0 0.00 188 572 207 595 0.00 0.00 0.00 0.00 0.00 0.00 0.00
