car 0.00 0 0.00 0 125 143 196 0.00 0.00 0.00 0.00 0.00 0.00 0.00
pedestrian 0.00 0 0.00 396 51 416 82 0.00 0.00 0.00 0.00 0.00 0.00 0.00
pedestrian 0.00 0 0.00 369 43 388 81 0.00 0.00 0.00 0.00 0.00 0.00 0.00
pedestrian 0.00 0 0.00 375 30 402 78 0.00 0.00 0.00 0.00 0.00 0.00 0.00
car 0.00 0 0.00 267 138 419 243 0.00 0.00 0.00 0.00 0.00 0.00 0.00
pedestrian 0.00 0 0.00 241 269 287 323 0.00 0.00 0.00 0.00 0.00 0.00 0.00
pedestrian 0.00 0 0.00 174 330 216 366 0.00 0.00 0.00 0.00 0.00 0.00 0.00
pedestrian 0.00 0 0.00 150 336 189 373 0.00 0.00 0.00 0.00 0.00 0.00 0.00
car 0.00 0 0.00 501 229 577 398 0.00 0.00 0.00 0.00 0.00 0.00 0.00
tricycle 0.00 0 0.00 216 773 286 899 0.00 0.00 0.00 0.00 0.00 0.00 0.00
car 0.00 0 0.00 196 967 309 1050 0.00 0.00 0.00 0.00 0.00 0.00 0.00
bus 0.00 0 0.00 603 174 709 455 0.00 0.00 0.00 0.00 0.00 0.00 0.00
car 0.00 0 0.00 760 355 843 542 0.00 0.00 0.00 0.00 0.00 0.00 0.00
pedestrian 0.00 0 0.00 1127 0 1148 32 0.00 0.00 0.00 0.00 0.00 0.00 0.00
pedestrian 0.00 0 0.00 1085 6 1111 53 0.00 0.00 0.00 0.00 0.00 0.00 0.00
pedestrian 0.00 0 0.00 1272 4 1305 59 0.00 0.00 0.00 0.00 0.00 0.00 0.00
car 0.00 0 0.00 1153 113 1267 179 0.00 0.00 0.00 0.00 0.00 0.00 0.00
motor 0.00 0 0.00 1022 205 1076 235 0.00 0.00 0.00 0.00 0.00 0.00 0.00
people 0.00 0 0.00 1043 191 1060 236 0.00 0.00 0.00 0.00 0.00 0.00 0.00
van 0.00 0 0.00 1347 324 1400 396 0.00 0.00 0.00 0.00 0.00 0.00 0.00
car 0.00 0 0.00 1084 504 1177 638 0.00 0.00 0.00 0.00 0.00 0.00 0.00
car 0.00 0 0.00 1080 753 1299 935 0.00 0.00 0.00 0.00 0.00 0.00 0.00
