pedestrian 0.00 0 0.00 578 1022 609 1055 0.00 0.00 0.00 0.00 0.00 0.00 0.00
pedestrian 0.00 0 0.00 383 1372 424 1399 0.00 0.00 0.00 0.00 0.00 0.00 0.00
bicycle 0.00 0 0.00 467 1407 523 1429 0.00 0.00 0.00 0.00 0.00 0.00 0.00
bicycle 0.00 0 0.00 557 895 608 923 0.00 0.00 0.00 0.00 0.00 0.00 0.00
bicycle 0.00 0 0.00 651 897 708 927 0.00 0.00 0.00 0.00 0.00 0.00 0.00
bicycle 0.00 0 0.00 781 898 836 924 0.00 0.00 0.00 0.00 0.00 0.00 0.00
pedestrian 0.00 0 0.00 1446 95 1461 122 0.00 0.00 0.00 0.00 0.00 0.00 0.00
pedestrian 0.00 0 0.00 1453 92 1469 119 0.00 0.00 0.00 0.00 0.00 0.00 0.00
bicycle 0.00 0 0.00 1459 39 1487 61 0.00 0.00 0.00 0.00 0.00 0.00 0.00
pedestrian 0.00 0 0.00 1502 133 1521 163 0.00 0.00 0.00 0.00 0.00 0.00 0.00
bicycle 0.00 0 0.00 1534 264 1558 288 0.00 0.00 0.00 0.00 0.00 0.00 0.00
pedestrian 0.00 0 0.00 1541 258 1554 281 0.00 0.00 0.00 0.00 0.00 0.00 0.00
bicycle 0.00 0 0.00 1576 285 1600 310 0.00 0.00 0.00 0.00 0.00 0.00 0.00
bicycle 0.00 0 0.00 1579 206 1626 229 0.00 0.00 0.00 0.00 0.00 0.00 0.00
pedestrian 0.00 0 0.00 1897 521 1919 555 0.00 0.00 0.00 0.00 0.00 0.00 0.00
pedestrian 0.00 0 0.00 1910 528 1933 562 0.00 0.00 0.00 0.00 0.00 0.00 0.00
bicycle 0.00 0 0.00 262 1414 330 1448 0.00 0.00 0.00 0.00 0.00 0.00 0.00
bicycle 0.00 0 0.00 1668 669 1696 712 0.00 0.00 0.00 0.00 0.00 0.00 0.00
