car 0.00 0 0.00 589 784 638 884 0.00 0.00 0.00 0.00 0.00 0.00 0.00
car 0.00 0 0.00 668 895 719 1019 0.00 0.00 0.00 0.00 0.00 0.00 0.00
car 0.00 0 0.00 578 635 618 714 0.00 0.00 0.00 0.00 0.00 0.00 0.00
car 0.00 0 0.00 559 520 593 582 0.00 0.00 0.00 0.00 0.00 0.00 0.00
car 0.00 0 0.00 551 462 581 509 0.00 0.00 0.00 0.00 0.00 0.00 0.00
car 0.00 0 0.00 549 125 579 155 0.00 0.00 0.00 0.00 0.00 0.00 0.00
car 0.00 0 0.00 338 136 388 152 0.00 0.00 0.00 0.00 0.00 0.00 0.00
car 0.00 0 0.00 330 126 379 144 0.00 0.00 0.00 0.00 0.00 0.00 0.00
car 0.00 0 0.00 335 113 384 132 0.00 0.00 0.00 0.00 0.00 0.00 0.00
car 0.00 0 0.00 338 104 385 119 0.00 0.00 0.00 0.00 0.00 0.00 0.00
car 0.00 0 0.00 342 99 383 116 0.00 0.00 0.00 0.00 0.00 0.00 0.00
car 0.00 0 0.00 342 93 378 109 0.00 0.00 0.00 0.00 0.00 0.00 0.00
car 0.00 0 0.00 351 81 396 102 0.00 0.00 0.00 0.00 0.00 0.00 0.00
car 0.00 0 0.00 346 71 382 87 0.00 0.00 0.00 0.00 0.00 0.00 0.00
car 0.00 0 0.00 346 62 392 82 0.00 0.00 0.00 0.00 0.00 0.00 0.00
car 0.00 0 0.00 347 54 387 70 0.00 0.00 0.00 0.00 0.00 0.00 0.00
car 0.00 0 0.00 347 46 380 59 0.00 0.00 0.00 0.00 0.00 0.00 0.00
car 0.00 0 0.00 349 36 389 55 0.00 0.00 0.00 0.00 0.00 0.00 0.00
car 0.00 0 0.00 345 27 385 45 0.00 0.00 0.00 0.00 0.00 0.00 0.00
car 0.00 0 0.00 346 17 387 37 0.00 0.00 0.00 0.00 0.00 0.00 0.00
car 0.00 0 0.00 354 11 395 31 0.00 0.00 0.00 0.00 0.00 0.00 0.00
car 0.00 0 0.00 352 3 394 21 0.00 0.00 0.00 0.00 0.00 0.00 0.00
car 0.00 0 0.00 360 1 394 10 0.00 0.00 0.00 0.00 0.00 0.00 0.00
car 0.00 0 0.00 215 68 245 95 0.00 0.00 0.00 0.00 0.00 0.00 0.00
car 0.00 0 0.00 186 88 225 109 0.00 0.00 0.00 0.00 0.00 0.00 0.00
car 0.00 0 0.00 138 111 177 137 0.00 0.00 0.00 0.00 0.00 0.00 0.00
car 0.00 0 0.00 247 144 268 173 0.00 0.00 0.00 0.00 0.00 0.00 0.00
car 0.00 0 0.00 187 146 205 175 0.00 0.00 0.00 0.00 0.00 0.00 0.00
bicycle 0.00 0 0.00 254 0 272 10 0.00 0.00 0.00 0.00 0.00 0.00 0.00
motor 0.00 0 0.00 245 27 260 35 0.00 0.00 0.00 0.00 0.00 0.00 0.00
motor 0.00 0 0.00 243 44 256 51 0.00 0.00 0.00 0.00 0.00 0.00 0.00
motor 0.00 0 0.00 247 20 261 27 0.00 0.00 0.00 0.00 0.00 0.00 0.00
pedestrian 0.00 0 0.00 320 6 325 22 0.00 0.00 0.00 0.00 0.00 0.00 0.00
pedestrian 0.00 0 0.00 300 19 308 30 0.00 0.00 0.00 0.00 0.00 0.00 0.00
pedestrian 0.00 0 0.00 296 17 302 31 0.00 0.00 0.00 0.00 0.00 0.00 0.00
pedestrian 0.00 0 0.00 245 106 251 125 0.00 0.00 0.00 0.00 0.00 0.00 0.00
pedestrian 0.00 0 0.00 240 104 246 123 0.00 0.00 0.00 0.00 0.00 0.00 0.00
van 0.00 0 0.00 279 135 300 170 0.00 0.00 0.00 0.00 0.00 0.00 0.00
car 0.00 0 0.00 215 146 238 173 0.00 0.00 0.00 0.00 0.00 0.00 0.00
car 0.00 0 0.00 168 99 212 122 0.00 0.00 0.00 0.00 0.00 0.00 0.00
pedestrian 0.00 0 0.00 402 75 411 92 0.00 0.00 0.00 0.00 0.00 0.00 0.00
pedestrian 0.00 0 0.00 393 73 399 89 0.00 0.00 0.00 0.00 0.00 0.00 0.00
pedestrian 0.00 0 0.00 387 69 394 88 0.00 0.00 0.00 0.00 0.00 0.00 0.00
van 0.00 0 0.00 457 35 473 58 0.00 0.00 0.00 0.00 0.00 0.00 0.00
car 0.00 0 0.00 490 61 506 83 0.00 0.00 0.00 0.00 0.00 0.00 0.00
car 0.00 0 0.00 494 110 514 139 0.00 0.00 0.00 0.00 0.00 0.00 0.00
car 0.00 0 0.00 492 84 511 110 0.00 0.00 0.00 0.00 0.00 0.00 0.00
motor 0.00 0 0.00 439 129 446 148 0.00 0.00 0.00 0.00 0.00 0.00 0.00
people 0.00 0 0.00 440 129 445 140 0.00 0.00 0.00 0.00 0.00 0.00 0.00
car 0.00 0 0.00 405 241 470 266 0.00 0.00 0.00 0.00 0.00 0.00 0.00
car 0.00 0 0.00 279 262 348 286 0.00 0.00 0.00 0.00 0.00 0.00 0.00
car 0.00 0 0.00 135 273 207 298 0.00 0.00 0.00 0.00 0.00 0.00 0.00
car 0.00 0 0.00 4 262 73 290 0.00 0.00 0.00 0.00 0.00 0.00 0.00
pedestrian 0.00 0 0.00 382 163 390 179 0.00 0.00 0.00 0.00 0.00 0.00 0.00
pedestrian 0.00 0 0.00 373 156 379 166 0.00 0.00 0.00 0.00 0.00 0.00 0.00
car 0.00 0 0.00 142 318 225 345 0.00 0.00 0.00 0.00 0.00 0.00 0.00
car 0.00 0 0.00 53 381 118 409 0.00 0.00 0.00 0.00 0.00 0.00 0.00
car 0.00 0 0.00 315 450 391 490 0.00 0.00 0.00 0.00 0.00 0.00 0.00
car 0.00 0 0.00 342 491 418 535 0.00 0.00 0.00 0.00 0.00 0.00 0.00
car 0.00 0 0.00 317 512 402 567 0.00 0.00 0.00 0.00 0.00 0.00 0.00
pedestrian 0.00 0 0.00 310 416 314 427 0.00 0.00 0.00 0.00 0.00 0.00 0.00
pedestrian 0.00 0 0.00 301 456 310 476 0.00 0.00 0.00 0.00 0.00 0.00 0.00
pedestrian 0.00 0 0.00 292 480 301 501 0.00 0.00 0.00 0.00 0.00 0.00 0.00
pedestrian 0.00 0 0.00 306 489 315 511 0.00 0.00 0.00 0.00 0.00 0.00 0.00
motor 0.00 0 0.00 424 450 440 475 0.00 0.00 0.00 0.00 0.00 0.00 0.00
car 0.00 0 0.00 316 628 392 679 0.00 0.00 0.00 0.00 0.00 0.00 0.00
car 0.00 0 0.00 309 699 389 782 0.00 0.00 0.00 0.00 0.00 0.00 0.00
motor 0.00 0 0.00 402 629 428 643 0.00 0.00 0.00 0.00 0.00 0.00 0.00
motor 0.00 0 0.00 403 774 434 790 0.00 0.00 0.00 0.00 0.00 0.00 0.00
car 0.00 0 0.00 333 844 411 937 0.00 0.00 0.00 0.00 0.00 0.00 0.00
car 0.00 0 0.00 327 956 418 1050 0.00 0.00 0.00 0.00 0.00 0.00 0.00
pedestrian 0.00 0 0.00 201 794 218 810 0.00 0.00 0.00 0.00 0.00 0.00 0.00
car 0.00 0 0.00 542 9 560 30 0.00 0.00 0.00 0.00 0.00 0.00 0.00
car 0.00 0 0.00 541 1 557 15 0.00 0.00 0.00 0.00 0.00 0.00 0.00
pedestrian 0.00 0 0.00 591 1 594 10 0.00 0.00 0.00 0.00 0.00 0.00 0.00
pedestrian 0.00 0 0.00 599 1 603 8 0.00 0.00 0.00 0.00 0.00 0.00 0.00
pedestrian 0.00 0 0.00 607 0 611 8 0.00 0.00 0.00 0.00 0.00 0.00 0.00
pedestrian 0.00 0 0.00 595 13 598 26 0.00 0.00 0.00 0.00 0.00 0.00 0.00
pedestrian 0.00 0 0.00 633 79 640 94 0.00 0.00 0.00 0.00 0.00 0.00 0.00
pedestrian 0.00 0 0.00 625 104 631 120 0.00 0.00 0.00 0.00 0.00 0.00 0.00
car 0.00 0 0.00 683 7 695 19 0.00 0.00 0.00 0.00 0.00 0.00 0.00
van 0.00 0 0.00 767 121 814 147 0.00 0.00 0.00 0.00 0.00 0.00 0.00
car 0.00 0 0.00 752 220 813 244 0.00 0.00 0.00 0.00 0.00 0.00 0.00
people 0.00 0 0.00 806 93 810 103 0.00 0.00 0.00 0.00 0.00 0.00 0.00
car 0.00 0 0.00 854 108 883 124 0.00 0.00 0.00 0.00 0.00 0.00 0.00
motor 0.00 0 0.00 838 151 852 165 0.00 0.00 0.00 0.00 0.00 0.00 0.00
car 0.00 0 0.00 802 64 841 80 0.00 0.00 0.00 0.00 0.00 0.00 0.00
pedestrian 0.00 0 0.00 888 131 892 145 0.00 0.00 0.00 0.00 0.00 0.00 0.00
pedestrian 0.00 0 0.00 956 248 960 260 0.00 0.00 0.00 0.00 0.00 0.00 0.00
pedestrian 0.00 0 0.00 984 370 994 391 0.00 0.00 0.00 0.00 0.00 0.00 0.00
pedestrian 0.00 0 0.00 973 372 981 388 0.00 0.00 0.00 0.00 0.00 0.00 0.00
car 0.00 0 0.00 841 326 903 353 0.00 0.00 0.00 0.00 0.00 0.00 0.00
car 0.00 0 0.00 883 376 955 409 0.00 0.00 0.00 0.00 0.00 0.00 0.00
motor 0.00 0 0.00 976 332 997 343 0.00 0.00 0.00 0.00 0.00 0.00 0.00
bicycle 0.00 0 0.00 816 380 824 403 0.00 0.00 0.00 0.00 0.00 0.00 0.00
people 0.00 0 0.00 815 381 824 396 0.00 0.00 0.00 0.00 0.00 0.00 0.00
pedestrian 0.00 0 0.00 748 370 754 390 0.00 0.00 0.00 0.00 0.00 0.00 0.00
pedestrian 0.00 0 0.00 731 391 738 410 0.00 0.00 0.00 0.00 0.00 0.00 0.00
pedestrian 0.00 0 0.00 756 368 762 381 0.00 0.00 0.00 0.00 0.00 0.00 0.00
pedestrian 0.00 0 0.00 829 362 836 382 0.00 0.00 0.00 0.00 0.00 0.00 0.00
pedestrian 0.00 0 0.00 775 441 783 463 0.00 0.00 0.00 0.00 0.00 0.00 0.00
pedestrian 0.00 0 0.00 767 441 773 463 0.00 0.00 0.00 0.00 0.00 0.00 0.00
pedestrian 0.00 0 0.00 859 439 865 459 0.00 0.00 0.00 0.00 0.00 0.00 0.00
pedestrian 0.00 0 0.00 855 432 863 451 0.00 0.00 0.00 0.00 0.00 0.00 0.00
pedestrian 0.00 0 0.00 875 425 882 443 0.00 0.00 0.00 0.00 0.00 0.00 0.00
pedestrian 0.00 0 0.00 858 423 865 438 0.00 0.00 0.00 0.00 0.00 0.00 0.00
pedestrian 0.00 0 0.00 830 383 839 401 0.00 0.00 0.00 0.00 0.00 0.00 0.00
pedestrian 0.00 0 0.00 843 392 849 410 0.00 0.00 0.00 0.00 0.00 0.00 0.00
pedestrian 0.00 0 0.00 707 377 716 394 0.00 0.00 0.00 0.00 0.00 0.00 0.00
pedestrian 0.00 0 0.00 722 389 726 401 0.00 0.00 0.00 0.00 0.00 0.00 0.00
pedestrian 0.00 0 0.00 718 383 724 397 0.00 0.00 0.00 0.00 0.00 0.00 0.00
pedestrian 0.00 0 0.00 980 467 990 490 0.00 0.00 0.00 0.00 0.00 0.00 0.00
pedestrian 0.00 0 0.00 835 571 844 593 0.00 0.00 0.00 0.00 0.00 0.00 0.00
pedestrian 0.00 0 0.00 881 609 891 633 0.00 0.00 0.00 0.00 0.00 0.00 0.00
pedestrian 0.00 0 0.00 897 617 904 631 0.00 0.00 0.00 0.00 0.00 0.00 0.00
pedestrian 0.00 0 0.00 892 774 903 800 0.00 0.00 0.00 0.00 0.00 0.00 0.00
pedestrian 0.00 0 0.00 874 789 885 814 0.00 0.00 0.00 0.00 0.00 0.00 0.00
pedestrian 0.00 0 0.00 969 897 982 927 0.00 0.00 0.00 0.00 0.00 0.00 0.00
pedestrian 0.00 0 0.00 916 999 937 1029 0.00 0.00 0.00 0.00 0.00 0.00 0.00
motor 0.00 0 0.00 814 938 846 954 0.00 0.00 0.00 0.00 0.00 0.00 0.00
motor 0.00 0 0.00 820 961 859 984 0.00 0.00 0.00 0.00 0.00 0.00 0.00
motor 0.00 0 0.00 785 1009 825 1036 0.00 0.00 0.00 0.00 0.00 0.00 0.00
motor 0.00 0 0.00 780 848 817 867 0.00 0.00 0.00 0.00 0.00 0.00 0.00
motor 0.00 0 0.00 774 825 809 844 0.00 0.00 0.00 0.00 0.00 0.00 0.00
pedestrian 0.00 0 0.00 1038 98 1044 112 0.00 0.00 0.00 0.00 0.00 0.00 0.00
pedestrian 0.00 0 0.00 1032 91 1039 106 0.00 0.00 0.00 0.00 0.00 0.00 0.00
pedestrian 0.00 0 0.00 1087 81 1093 98 0.00 0.00 0.00 0.00 0.00 0.00 0.00
pedestrian 0.00 0 0.00 1054 83 1059 91 0.00 0.00 0.00 0.00 0.00 0.00 0.00
pedestrian 0.00 0 0.00 1090 88 1096 102 0.00 0.00 0.00 0.00 0.00 0.00 0.00
pedestrian 0.00 0 0.00 1116 76 1120 89 0.00 0.00 0.00 0.00 0.00 0.00 0.00
pedestrian 0.00 0 0.00 1126 78 1131 90 0.00 0.00 0.00 0.00 0.00 0.00 0.00
pedestrian 0.00 0 0.00 1121 78 1125 87 0.00 0.00 0.00 0.00 0.00 0.00 0.00
pedestrian 0.00 0 0.00 1105 79 1110 89 0.00 0.00 0.00 0.00 0.00 0.00 0.00
van 0.00 0 0.00 1076 133 1114 162 0.00 0.00 0.00 0.00 0.00 0.00 0.00
car 0.00 0 0.00 1111 306 1167 333 0.00 0.00 0.00 0.00 0.00 0.00 0.00
pedestrian 0.00 0 0.00 1003 425 1010 446 0.00 0.00 0.00 0.00 0.00 0.00 0.00
pedestrian 0.00 0 0.00 992 446 1001 466 0.00 0.00 0.00 0.00 0.00 0.00 0.00
pedestrian 0.00 0 0.00 1071 417 1079 439 0.00 0.00 0.00 0.00 0.00 0.00 0.00
pedestrian 0.00 0 0.00 1055 438 1064 459 0.00 0.00 0.00 0.00 0.00 0.00 0.00
pedestrian 0.00 0 0.00 1035 457 1045 476 0.00 0.00 0.00 0.00 0.00 0.00 0.00
pedestrian 0.00 0 0.00 1018 477 1027 498 0.00 0.00 0.00 0.00 0.00 0.00 0.00
pedestrian 0.00 0 0.00 1003 488 1014 508 0.00 0.00 0.00 0.00 0.00 0.00 0.00
pedestrian 0.00 0 0.00 997 509 1005 531 0.00 0.00 0.00 0.00 0.00 0.00 0.00
pedestrian 0.00 0 0.00 1030 535 1039 558 0.00 0.00 0.00 0.00 0.00 0.00 0.00
pedestrian 0.00 0 0.00 1046 514 1056 536 0.00 0.00 0.00 0.00 0.00 0.00 0.00
pedestrian 0.00 0 0.00 1063 496 1075 518 0.00 0.00 0.00 0.00 0.00 0.00 0.00
pedestrian 0.00 0 0.00 1073 478 1082 500 0.00 0.00 0.00 0.00 0.00 0.00 0.00
pedestrian 0.00 0 0.00 1082 466 1094 485 0.00 0.00 0.00 0.00 0.00 0.00 0.00
pedestrian 0.00 0 0.00 1101 454 1110 475 0.00 0.00 0.00 0.00 0.00 0.00 0.00
pedestrian 0.00 0 0.00 1109 437 1120 460 0.00 0.00 0.00 0.00 0.00 0.00 0.00
pedestrian 0.00 0 0.00 1114 484 1123 504 0.00 0.00 0.00 0.00 0.00 0.00 0.00
pedestrian 0.00 0 0.00 1088 521 1099 541 0.00 0.00 0.00 0.00 0.00 0.00 0.00
pedestrian 0.00 0 0.00 1139 516 1151 538 0.00 0.00 0.00 0.00 0.00 0.00 0.00
motor 0.00 0 0.00 1156 455 1181 473 0.00 0.00 0.00 0.00 0.00 0.00 0.00
motor 0.00 0 0.00 1141 475 1166 489 0.00 0.00 0.00 0.00 0.00 0.00 0.00
motor 0.00 0 0.00 1147 489 1168 502 0.00 0.00 0.00 0.00 0.00 0.00 0.00
car 0.00 0 0.00 951 618 1019 690 0.00 0.00 0.00 0.00 0.00 0.00 0.00
car 0.00 0 0.00 993 587 1064 648 0.00 0.00 0.00 0.00 0.00 0.00 0.00
pedestrian 0.00 0 0.00 1000 848 1018 876 0.00 0.00 0.00 0.00 0.00 0.00 0.00
pedestrian 0.00 0 0.00 1224 570 1229 586 0.00 0.00 0.00 0.00 0.00 0.00 0.00
pedestrian 0.00 0 0.00 1211 567 1217 584 0.00 0.00 0.00 0.00 0.00 0.00 0.00
pedestrian 0.00 0 0.00 1202 347 1210 367 0.00 0.00 0.00 0.00 0.00 0.00 0.00
pedestrian 0.00 0 0.00 1179 348 1191 364 0.00 0.00 0.00 0.00 0.00 0.00 0.00
pedestrian 0.00 0 0.00 1221 347 1230 367 0.00 0.00 0.00 0.00 0.00 0.00 0.00
car 0.00 0 0.00 1176 301 1233 327 0.00 0.00 0.00 0.00 0.00 0.00 0.00
van 0.00 0 0.00 1169 143 1216 166 0.00 0.00 0.00 0.00 0.00 0.00 0.00
car 0.00 0 0.00 1170 138 1210 157 0.00 0.00 0.00 0.00 0.00 0.00 0.00
car 0.00 0 0.00 1198 129 1230 149 0.00 0.00 0.00 0.00 0.00 0.00 0.00
car 0.00 0 0.00 1230 131 1254 150 0.00 0.00 0.00 0.00 0.00 0.00 0.00
car 0.00 0 0.00 1308 122 1364 149 0.00 0.00 0.00 0.00 0.00 0.00 0.00
pedestrian 0.00 0 0.00 1353 103 1359 119 0.00 0.00 0.00 0.00 0.00 0.00 0.00
pedestrian 0.00 0 0.00 1319 87 1328 105 0.00 0.00 0.00 0.00 0.00 0.00 0.00
pedestrian 0.00 0 0.00 1278 84 1287 102 0.00 0.00 0.00 0.00 0.00 0.00 0.00
van 0.00 0 0.00 1182 23 1199 45 0.00 0.00 0.00 0.00 0.00 0.00 0.00
pedestrian 0.00 0 0.00 1342 118 1346 130 0.00 0.00 0.00 0.00 0.00 0.00 0.00
pedestrian 0.00 0 0.00 1334 117 1340 131 0.00 0.00 0.00 0.00 0.00 0.00 0.00
