car 0.00 0 0.00 474 110 503 145 0.00 0.00 0.00 0.00 0.00 0.00 0.00
car 0.00 0 0.00 534 84 560 129 0.00 0.00 0.00 0.00 0.00 0.00 0.00
car 0.00 0 0.00 545 12 567 53 0.00 0.00 0.00 0.00 0.00 0.00 0.00
van 0.00 0 0.00 563 303 593 373 0.00 0.00 0.00 0.00 0.00 0.00 0.00
van 0.00 0 0.00 488 601 531 692 0.00 0.00 0.00 0.00 0.00 0.00 0.00
van 0.00 0 0.00 435 114 465 162 0.00 0.00 0.00 0.00 0.00 0.00 0.00
van 0.00 0 0.00 478 203 528 258 0.00 0.00 0.00 0.00 0.00 0.00 0.00
pedestrian 0.00 0 0.00 295 311 305 328 0.00 0.00 0.00 0.00 0.00 0.00 0.00
pedestrian 0.00 0 0.00 302 311 312 330 0.00 0.00 0.00 0.00 0.00 0.00 0.00
pedestrian 0.00 0 0.00 353 157 362 174 0.00 0.00 0.00 0.00 0.00 0.00 0.00
pedestrian 0.00 0 0.00 356 89 364 107 0.00 0.00 0.00 0.00 0.00 0.00 0.00
pedestrian 0.00 0 0.00 704 462 714 485 0.00 0.00 0.00 0.00 0.00 0.00 0.00
pedestrian 0.00 0 0.00 693 464 702 486 0.00 0.00 0.00 0.00 0.00 0.00 0.00
