van 0.00 0 0.00 793 949 908 1027 0.00 0.00 0.00 0.00 0.00 0.00 0.00
van 0.00 0 0.00 877 530 948 576 0.00 0.00 0.00 0.00 0.00 0.00 0.00
car 0.00 0 0.00 840 855 965 926 0.00 0.00 0.00 0.00 0.00 0.00 0.00
car 0.00 0 0.00 1143 314 1206 342 0.00 0.00 0.00 0.00 0.00 0.00 0.00
car 0.00 0 0.00 1512 531 1563 583 0.00 0.00 0.00 0.00 0.00 0.00 0.00
car 0.00 0 0.00 1487 348 1552 373 0.00 0.00 0.00 0.00 0.00 0.00 0.00
car 0.00 0 0.00 1626 355 1695 384 0.00 0.00 0.00 0.00 0.00 0.00 0.00
car 0.00 0 0.00 1801 364 1883 399 0.00 0.00 0.00 0.00 0.00 0.00 0.00
car 0.00 0 0.00 1279 219 1300 245 0.00 0.00 0.00 0.00 0.00 0.00 0.00
car 0.00 0 0.00 1251 208 1274 235 0.00 0.00 0.00 0.00 0.00 0.00 0.00
car 0.00 0 0.00 1244 185 1263 207 0.00 0.00 0.00 0.00 0.00 0.00 0.00
car 0.00 0 0.00 1271 185 1294 213 0.00 0.00 0.00 0.00 0.00 0.00 0.00
van 0.00 0 0.00 1269 144 1288 169 0.00 0.00 0.00 0.00 0.00 0.00 0.00
car 0.00 0 0.00 1241 107 1257 123 0.00 0.00 0.00 0.00 0.00 0.00 0.00
car 0.00 0 0.00 1235 79 1250 93 0.00 0.00 0.00 0.00 0.00 0.00 0.00
car 0.00 0 0.00 1263 56 1275 70 0.00 0.00 0.00 0.00 0.00 0.00 0.00
car 0.00 0 0.00 1251 34 1260 44 0.00 0.00 0.00 0.00 0.00 0.00 0.00
car 0.00 0 0.00 1232 24 1243 35 0.00 0.00 0.00 0.00 0.00 0.00 0.00
car 0.00 0 0.00 1224 13 1232 22 0.00 0.00 0.00 0.00 0.00 0.00 0.00
car 0.00 0 0.00 1244 17 1257 29 0.00 0.00 0.00 0.00 0.00 0.00 0.00
car 0.00 0 0.00 1254 10 1262 20 0.00 0.00 0.00 0.00 0.00 0.00 0.00
car 0.00 0 0.00 893 129 923 141 0.00 0.00 0.00 0.00 0.00 0.00 0.00
car 0.00 0 0.00 882 135 919 151 0.00 0.00 0.00 0.00 0.00 0.00 0.00
motor 0.00 0 0.00 1073 629 1088 663 0.00 0.00 0.00 0.00 0.00 0.00 0.00
motor 0.00 0 0.00 904 818 935 861 0.00 0.00 0.00 0.00 0.00 0.00 0.00
motor 0.00 0 0.00 933 829 956 867 0.00 0.00 0.00 0.00 0.00 0.00 0.00
people 0.00 0 0.00 1450 285 1457 300 0.00 0.00 0.00 0.00 0.00 0.00 0.00
people 0.00 0 0.00 1569 307 1575 326 0.00 0.00 0.00 0.00 0.00 0.00 0.00
people 0.00 0 0.00 1623 311 1629 328 0.00 0.00 0.00 0.00 0.00 0.00 0.00
people 0.00 0 0.00 1867 311 1872 326 0.00 0.00 0.00 0.00 0.00 0.00 0.00
people 0.00 0 0.00 1845 488 1859 503 0.00 0.00 0.00 0.00 0.00 0.00 0.00
people 0.00 0 0.00 1757 536 1769 558 0.00 0.00 0.00 0.00 0.00 0.00 0.00
motor 0.00 0 0.00 1439 294 1461 301 0.00 0.00 0.00 0.00 0.00 0.00 0.00
motor 0.00 0 0.00 1558 315 1582 327 0.00 0.00 0.00 0.00 0.00 0.00 0.00
motor 0.00 0 0.00 1613 321 1633 330 0.00 0.00 0.00 0.00 0.00 0.00 0.00
motor 0.00 0 0.00 1852 319 1872 332 0.00 0.00 0.00 0.00 0.00 0.00 0.00
motor 0.00 0 0.00 1841 499 1866 509 0.00 0.00 0.00 0.00 0.00 0.00 0.00
motor 0.00 0 0.00 1753 546 1771 563 0.00 0.00 0.00 0.00 0.00 0.00 0.00
motor 0.00 0 0.00 773 516 801 538 0.00 0.00 0.00 0.00 0.00 0.00 0.00
motor 0.00 0 0.00 688 888 731 915 0.00 0.00 0.00 0.00 0.00 0.00 0.00
car 0.00 0 0.00 803 671 905 717 0.00 0.00 0.00 0.00 0.00 0.00 0.00
people 0.00 0 0.00 1164 115 1170 121 0.00 0.00 0.00 0.00 0.00 0.00 0.00
motor 0.00 0 0.00 1164 123 1171 128 0.00 0.00 0.00 0.00 0.00 0.00 0.00
