car 0.00 0 0.00 898 28 943 63 0.00 0.00 0.00 0.00 0.00 0.00 0.00
car 0.00 0 0.00 867 42 921 85 0.00 0.00 0.00 0.00 0.00 0.00 0.00
car 0.00 0 0.00 740 118 803 154 0.00 0.00 0.00 0.00 0.00 0.00 0.00
car 0.00 0 0.00 663 175 717 213 0.00 0.00 0.00 0.00 0.00 0.00 0.00
car 0.00 0 0.00 643 193 689 237 0.00 0.00 0.00 0.00 0.00 0.00 0.00
car 0.00 0 0.00 604 216 656 255 0.00 0.00 0.00 0.00 0.00 0.00 0.00
car 0.00 0 0.00 568 234 623 277 0.00 0.00 0.00 0.00 0.00 0.00 0.00
car 0.00 0 0.00 345 370 418 426 0.00 0.00 0.00 0.00 0.00 0.00 0.00
motor 0.00 0 0.00 273 390 290 412 0.00 0.00 0.00 0.00 0.00 0.00 0.00
car 0.00 0 0.00 1543 114 1611 156 0.00 0.00 0.00 0.00 0.00 0.00 0.00
car 0.00 0 0.00 1473 188 1543 235 0.00 0.00 0.00 0.00 0.00 0.00 0.00
pedestrian 0.00 0 0.00 1456 224 1463 237 0.00 0.00 0.00 0.00 0.00 0.00 0.00
motor 0.00 0 0.00 1460 220 1476 232 0.00 0.00 0.00 0.00 0.00 0.00 0.00
motor 0.00 0 0.00 1429 209 1453 225 0.00 0.00 0.00 0.00 0.00 0.00 0.00
motor 0.00 0 0.00 1402 203 1423 215 0.00 0.00 0.00 0.00 0.00 0.00 0.00
motor 0.00 0 0.00 1364 183 1388 201 0.00 0.00 0.00 0.00 0.00 0.00 0.00
car 0.00 0 0.00 1321 342 1394 398 0.00 0.00 0.00 0.00 0.00 0.00 0.00
pedestrian 0.00 0 0.00 1368 341 1376 359 0.00 0.00 0.00 0.00 0.00 0.00 0.00
car 0.00 0 0.00 1273 387 1353 454 0.00 0.00 0.00 0.00 0.00 0.00 0.00
car 0.00 0 0.00 1247 423 1323 483 0.00 0.00 0.00 0.00 0.00 0.00 0.00
motor 0.00 0 0.00 1499 433 1536 465 0.00 0.00 0.00 0.00 0.00 0.00 0.00
car 0.00 0 0.00 1156 509 1240 570 0.00 0.00 0.00 0.00 0.00 0.00 0.00
car 0.00 0 0.00 1126 557 1211 619 0.00 0.00 0.00 0.00 0.00 0.00 0.00
car 0.00 0 0.00 1034 674 1118 740 0.00 0.00 0.00 0.00 0.00 0.00 0.00
car 0.00 0 0.00 828 878 932 966 0.00 0.00 0.00 0.00 0.00 0.00 0.00
car 0.00 0 0.00 709 869 800 960 0.00 0.00 0.00 0.00 0.00 0.00 0.00
car 0.00 0 0.00 474 808 566 892 0.00 0.00 0.00 0.00 0.00 0.00 0.00
