car 0.00 0 0.00 137 408 164 429 0.00 0.00 0.00 0.00 0.00 0.00 0.00
car 0.00 0 0.00 153 417 191 438 0.00 0.00 0.00 0.00 0.00 0.00 0.00
truck 0.00 0 0.00 309 453 392 511 0.00 0.00 0.00 0.00 0.00 0.00 0.00
car 0.00 0 0.00 431 515 489 562 0.00 0.00 0.00 0.00 0.00 0.00 0.00
car 0.00 0 0.00 496 539 563 591 0.00 0.00 0.00 0.00 0.00 0.00 0.00
car 0.00 0 0.00 596 545 648 596 0.00 0.00 0.00 0.00 0.00 0.00 0.00
people 0.00 0 0.00 627 576 643 611 0.00 0.00 0.00 0.00 0.00 0.00 0.00
pedestrian 0.00 0 0.00 563 558 580 597 0.00 0.00 0.00 0.00 0.00 0.00 0.00
car 0.00 0 0.00 696 544 754 596 0.00 0.00 0.00 0.00 0.00 0.00 0.00
car 0.00 0 0.00 764 533 842 588 0.00 0.00 0.00 0.00 0.00 0.00 0.00
car 0.00 0 0.00 842 527 921 583 0.00 0.00 0.00 0.00 0.00 0.00 0.00
car 0.00 0 0.00 904 519 978 567 0.00 0.00 0.00 0.00 0.00 0.00 0.00
pedestrian 0.00 0 0.00 1283 420 1294 450 0.00 0.00 0.00 0.00 0.00 0.00 0.00
car 0.00 0 0.00 1221 579 1321 650 0.00 0.00 0.00 0.00 0.00 0.00 0.00
car 0.00 0 0.00 1144 624 1267 701 0.00 0.00 0.00 0.00 0.00 0.00 0.00
car 0.00 0 0.00 1138 690 1262 799 0.00 0.00 0.00 0.00 0.00 0.00 0.00
car 0.00 0 0.00 15 467 66 502 0.00 0.00 0.00 0.00 0.00 0.00 0.00
car 0.00 0 0.00 64 512 131 562 0.00 0.00 0.00 0.00 0.00 0.00 0.00
car 0.00 0 0.00 99 551 184 611 0.00 0.00 0.00 0.00 0.00 0.00 0.00
car 0.00 0 0.00 155 583 265 657 0.00 0.00 0.00 0.00 0.00 0.00 0.00
car 0.00 0 0.00 229 654 365 776 0.00 0.00 0.00 0.00 0.00 0.00 0.00
car 0.00 0 0.00 524 954 812 1050 0.00 0.00 0.00 0.00 0.00 0.00 0.00
truck 0.00 0 0.00 0 840 312 1048 0.00 0.00 0.00 0.00 0.00 0.00 0.00
