car 0.00 0 0.00 185 408 232 456 0.00 0.00 0.00 0.00 0.00 0.00 0.00
car 0.00 0 0.00 355 752 436 819 0.00 0.00 0.00 0.00 0.00 0.00 0.00
car 0.00 0 0.00 648 621 732 688 0.00 0.00 0.00 0.00 0.00 0.00 0.00
car 0.00 0 0.00 197 102 232 120 0.00 0.00 0.00 0.00 0.00 0.00 0.00
van 0.00 0 0.00 348 477 428 542 0.00 0.00 0.00 0.00 0.00 0.00 0.00
van 0.00 0 0.00 468 496 539 557 0.00 0.00 0.00 0.00 0.00 0.00 0.00
car 0.00 0 0.00 48 6 76 24 0.00 0.00 0.00 0.00 0.00 0.00 0.00
pedestrian 0.00 0 0.00 65 37 72 44 0.00 0.00 0.00 0.00 0.00 0.00 0.00
pedestrian 0.00 0 0.00 83 32 92 43 0.00 0.00 0.00 0.00 0.00 0.00 0.00
people 0.00 0 0.00 257 154 264 166 0.00 0.00 0.00 0.00 0.00 0.00 0.00
people 0.00 0 0.00 452 240 459 252 0.00 0.00 0.00 0.00 0.00 0.00 0.00
motor 0.00 0 0.00 253 151 267 169 0.00 0.00 0.00 0.00 0.00 0.00 0.00
awning-tricycle 0.00 0 0.00 710 228 729 251 0.00 0.00 0.00 0.00 0.00 0.00 0.00
truck 0.00 0 0.00 1073 271 1216 338 0.00 0.00 0.00 0.00 0.00 0.00 0.00
van 0.00 0 0.00 858 424 930 476 0.00 0.00 0.00 0.00 0.00 0.00 0.00
