pedestrian 0.00 0 0.00 616 911 638 969 0.00 0.00 0.00 0.00 0.00 0.00 0.00
pedestrian 0.00 0 0.00 462 619 476 652 0.00 0.00 0.00 0.00 0.00 0.00 0.00
pedestrian 0.00 0 0.00 497 626 508 652 0.00 0.00 0.00 0.00 0.00 0.00 0.00
pedestrian 0.00 0 0.00 492 629 500 652 0.00 0.00 0.00 0.00 0.00 0.00 0.00
pedestrian 0.00 0 0.00 910 705 930 737 0.00 0.00 0.00 0.00 0.00 0.00 0.00
pedestrian 0.00 0 0.00 930 714 943 749 0.00 0.00 0.00 0.00 0.00 0.00 0.00
people 0.00 0 0.00 743 740 765 779 0.00 0.00 0.00 0.00 0.00 0.00 0.00
motor 0.00 0 0.00 726 751 771 780 0.00 0.00 0.00 0.00 0.00 0.00 0.00
car 0.00 0 0.00 549 657 642 701 0.00 0.00 0.00 0.00 0.00 0.00 0.00
car 0.00 0 0.00 581 616 644 653 0.00 0.00 0.00 0.00 0.00 0.00 0.00
car 0.00 0 0.00 780 649 846 687 0.00 0.00 0.00 0.00 0.00 0.00 0.00
car 0.00 0 0.00 736 603 790 640 0.00 0.00 0.00 0.00 0.00 0.00 0.00
car 0.00 0 0.00 797 573 851 610 0.00 0.00 0.00 0.00 0.00 0.00 0.00
car 0.00 0 0.00 865 508 901 536 0.00 0.00 0.00 0.00 0.00 0.00 0.00
car 0.00 0 0.00 586 516 631 539 0.00 0.00 0.00 0.00 0.00 0.00 0.00
car 0.00 0 0.00 684 593 745 640 0.00 0.00 0.00 0.00 0.00 0.00 0.00
car 0.00 0 0.00 839 620 887 655 0.00 0.00 0.00 0.00 0.00 0.00 0.00
car 0.00 0 0.00 887 586 933 624 0.00 0.00 0.00 0.00 0.00 0.00 0.00
car 0.00 0 0.00 929 563 968 596 0.00 0.00 0.00 0.00 0.00 0.00 0.00
car 0.00 0 0.00 960 551 995 583 0.00 0.00 0.00 0.00 0.00 0.00 0.00
car 0.00 0 0.00 806 533 847 565 0.00 0.00 0.00 0.00 0.00 0.00 0.00
car 0.00 0 0.00 750 546 803 584 0.00 0.00 0.00 0.00 0.00 0.00 0.00
car 0.00 0 0.00 702 572 757 607 0.00 0.00 0.00 0.00 0.00 0.00 0.00
car 0.00 0 0.00 901 495 934 516 0.00 0.00 0.00 0.00 0.00 0.00 0.00
car 0.00 0 0.00 939 484 972 505 0.00 0.00 0.00 0.00 0.00 0.00 0.00
car 0.00 0 0.00 964 472 993 492 0.00 0.00 0.00 0.00 0.00 0.00 0.00
truck 0.00 0 0.00 609 553 669 593 0.00 0.00 0.00 0.00 0.00 0.00 0.00
car 0.00 0 0.00 586 556 627 579 0.00 0.00 0.00 0.00 0.00 0.00 0.00
van 0.00 0 0.00 536 497 578 527 0.00 0.00 0.00 0.00 0.00 0.00 0.00
van 0.00 0 0.00 513 535 555 565 0.00 0.00 0.00 0.00 0.00 0.00 0.00
car 0.00 0 0.00 684 532 733 560 0.00 0.00 0.00 0.00 0.00 0.00 0.00
car 0.00 0 0.00 661 529 710 557 0.00 0.00 0.00 0.00 0.00 0.00 0.00
van 0.00 0 0.00 466 491 513 516 0.00 0.00 0.00 0.00 0.00 0.00 0.00
car 0.00 0 0.00 343 467 389 490 0.00 0.00 0.00 0.00 0.00 0.00 0.00
car 0.00 0 0.00 445 484 484 507 0.00 0.00 0.00 0.00 0.00 0.00 0.00
car 0.00 0 0.00 427 479 466 503 0.00 0.00 0.00 0.00 0.00 0.00 0.00
car 0.00 0 0.00 411 482 450 505 0.00 0.00 0.00 0.00 0.00 0.00 0.00
car 0.00 0 0.00 394 477 433 501 0.00 0.00 0.00 0.00 0.00 0.00 0.00
car 0.00 0 0.00 465 532 505 556 0.00 0.00 0.00 0.00 0.00 0.00 0.00
car 0.00 0 0.00 443 527 483 550 0.00 0.00 0.00 0.00 0.00 0.00 0.00
car 0.00 0 0.00 420 523 460 546 0.00 0.00 0.00 0.00 0.00 0.00 0.00
car 0.00 0 0.00 400 517 440 540 0.00 0.00 0.00 0.00 0.00 0.00 0.00
car 0.00 0 0.00 386 515 426 538 0.00 0.00 0.00 0.00 0.00 0.00 0.00
car 0.00 0 0.00 974 423 1004 440 0.00 0.00 0.00 0.00 0.00 0.00 0.00
car 0.00 0 0.00 927 444 961 460 0.00 0.00 0.00 0.00 0.00 0.00 0.00
car 0.00 0 0.00 1006 455 1033 472 0.00 0.00 0.00 0.00 0.00 0.00 0.00
car 0.00 0 0.00 983 420 1013 437 0.00 0.00 0.00 0.00 0.00 0.00 0.00
car 0.00 0 0.00 1096 771 1227 840 0.00 0.00 0.00 0.00 0.00 0.00 0.00
motor 0.00 0 0.00 1122 648 1163 674 0.00 0.00 0.00 0.00 0.00 0.00 0.00
motor 0.00 0 0.00 1174 646 1203 673 0.00 0.00 0.00 0.00 0.00 0.00 0.00
motor 0.00 0 0.00 1082 633 1112 656 0.00 0.00 0.00 0.00 0.00 0.00 0.00
motor 0.00 0 0.00 1034 619 1072 644 0.00 0.00 0.00 0.00 0.00 0.00 0.00
motor 0.00 0 0.00 1287 697 1301 726 0.00 0.00 0.00 0.00 0.00 0.00 0.00
bicycle 0.00 0 0.00 1331 720 1357 756 0.00 0.00 0.00 0.00 0.00 0.00 0.00
car 0.00 0 0.00 227 620 297 666 0.00 0.00 0.00 0.00 0.00 0.00 0.00
car 0.00 0 0.00 159 780 282 861 0.00 0.00 0.00 0.00 0.00 0.00 0.00
car 0.00 0 0.00 0 888 103 989 0.00 0.00 0.00 0.00 0.00 0.00 0.00
car 0.00 0 0.00 0 734 63 797 0.00 0.00 0.00 0.00 0.00 0.00 0.00
car 0.00 0 0.00 741 493 796 522 0.00 0.00 0.00 0.00 0.00 0.00 0.00
