car 0.00 0 0.00 17 882 307 1051 0.00 0.00 0.00 0.00 0.00 0.00 0.00
motor 0.00 0 0.00 228 533 287 575 0.00 0.00 0.00 0.00 0.00 0.00 0.00
pedestrian 0.00 0 0.00 673 1336 720 1419 0.00 0.00 0.00 0.00 0.00 0.00 0.00
pedestrian 0.00 0 0.00 613 1219 660 1312 0.00 0.00 0.00 0.00 0.00 0.00 0.00
people 0.00 0 0.00 659 1201 682 1224 0.00 0.00 0.00 0.00 0.00 0.00 0.00
car 0.00 0 0.00 844 927 993 1185 0.00 0.00 0.00 0.00 0.00 0.00 0.00
pedestrian 0.00 0 0.00 1083 1015 1124 1088 0.00 0.00 0.00 0.00 0.00 0.00 0.00
people 0.00 0 0.00 1111 1043 1142 1085 0.00 0.00 0.00 0.00 0.00 0.00 0.00
pedestrian 0.00 0 0.00 1174 908 1209 974 0.00 0.00 0.00 0.00 0.00 0.00 0.00
pedestrian 0.00 0 0.00 1082 1391 1111 1446 0.00 0.00 0.00 0.00 0.00 0.00 0.00
pedestrian 0.00 0 0.00 1111 1398 1157 1459 0.00 0.00 0.00 0.00 0.00 0.00 0.00
awning-tricycle 0.00 0 0.00 1204 1028 1314 1246 0.00 0.00 0.00 0.00 0.00 0.00 0.00
van 0.00 0 0.00 1428 862 1561 1163 0.00 0.00 0.00 0.00 0.00 0.00 0.00
pedestrian 0.00 0 0.00 1335 1083 1375 1144 0.00 0.00 0.00 0.00 0.00 0.00 0.00
pedestrian 0.00 0 0.00 1436 847 1460 917 0.00 0.00 0.00 0.00 0.00 0.00 0.00
pedestrian 0.00 0 0.00 1498 779 1539 856 0.00 0.00 0.00 0.00 0.00 0.00 0.00
pedestrian 0.00 0 0.00 1221 758 1254 829 0.00 0.00 0.00 0.00 0.00 0.00 0.00
truck 0.00 0 0.00 1505 720 1892 1058 0.00 0.00 0.00 0.00 0.00 0.00 0.00
car 0.00 0 0.00 1576 701 1776 804 0.00 0.00 0.00 0.00 0.00 0.00 0.00
car 0.00 0 0.00 1842 736 2000 841 0.00 0.00 0.00 0.00 0.00 0.00 0.00
motor 0.00 0 0.00 1882 646 1976 691 0.00 0.00 0.00 0.00 0.00 0.00 0.00
people 0.00 0 0.00 1914 633 1962 696 0.00 0.00 0.00 0.00 0.00 0.00 0.00
car 0.00 0 0.00 1825 578 2000 675 0.00 0.00 0.00 0.00 0.00 0.00 0.00
car 0.00 0 0.00 1487 534 1679 635 0.00 0.00 0.00 0.00 0.00 0.00 0.00
pedestrian 0.00 0 0.00 1628 496 1668 569 0.00 0.00 0.00 0.00 0.00 0.00 0.00
van 0.00 0 0.00 1620 460 1812 571 0.00 0.00 0.00 0.00 0.00 0.00 0.00
pedestrian 0.00 0 0.00 1299 478 1322 529 0.00 0.00 0.00 0.00 0.00 0.00 0.00
car 0.00 0 0.00 1284 452 1404 542 0.00 0.00 0.00 0.00 0.00 0.00 0.00
pedestrian 0.00 0 0.00 1101 405 1124 464 0.00 0.00 0.00 0.00 0.00 0.00 0.00
people 0.00 0 0.00 1204 383 1228 433 0.00 0.00 0.00 0.00 0.00 0.00 0.00
bicycle 0.00 0 0.00 1205 395 1225 445 0.00 0.00 0.00 0.00 0.00 0.00 0.00
pedestrian 0.00 0 0.00 1014 511 1040 574 0.00 0.00 0.00 0.00 0.00 0.00 0.00
car 0.00 0 0.00 938 494 1028 613 0.00 0.00 0.00 0.00 0.00 0.00 0.00
van 0.00 0 0.00 1596 324 1761 423 0.00 0.00 0.00 0.00 0.00 0.00 0.00
people 0.00 0 0.00 1328 387 1366 419 0.00 0.00 0.00 0.00 0.00 0.00 0.00
people 0.00 0 0.00 1334 367 1366 399 0.00 0.00 0.00 0.00 0.00 0.00 0.00
pedestrian 0.00 0 0.00 1259 312 1285 354 0.00 0.00 0.00 0.00 0.00 0.00 0.00
motor 0.00 0 0.00 1233 297 1259 335 0.00 0.00 0.00 0.00 0.00 0.00 0.00
pedestrian 0.00 0 0.00 1283 286 1298 325 0.00 0.00 0.00 0.00 0.00 0.00 0.00
pedestrian 0.00 0 0.00 1295 264 1311 303 0.00 0.00 0.00 0.00 0.00 0.00 0.00
pedestrian 0.00 0 0.00 1262 241 1280 280 0.00 0.00 0.00 0.00 0.00 0.00 0.00
bicycle 0.00 0 0.00 1268 256 1282 291 0.00 0.00 0.00 0.00 0.00 0.00 0.00
car 0.00 0 0.00 1008 398 1080 490 0.00 0.00 0.00 0.00 0.00 0.00 0.00
car 0.00 0 0.00 1045 303 1111 381 0.00 0.00 0.00 0.00 0.00 0.00 0.00
car 0.00 0 0.00 1086 214 1146 283 0.00 0.00 0.00 0.00 0.00 0.00 0.00
pedestrian 0.00 0 0.00 1011 351 1029 403 0.00 0.00 0.00 0.00 0.00 0.00 0.00
people 0.00 0 0.00 1127 177 1144 206 0.00 0.00 0.00 0.00 0.00 0.00 0.00
bicycle 0.00 0 0.00 1190 210 1204 244 0.00 0.00 0.00 0.00 0.00 0.00 0.00
people 0.00 0 0.00 1192 195 1206 233 0.00 0.00 0.00 0.00 0.00 0.00 0.00
pedestrian 0.00 0 0.00 1198 180 1213 221 0.00 0.00 0.00 0.00 0.00 0.00 0.00
pedestrian 0.00 0 0.00 1187 160 1202 200 0.00 0.00 0.00 0.00 0.00 0.00 0.00
pedestrian 0.00 0 0.00 1186 131 1200 172 0.00 0.00 0.00 0.00 0.00 0.00 0.00
people 0.00 0 0.00 1185 99 1200 121 0.00 0.00 0.00 0.00 0.00 0.00 0.00
pedestrian 0.00 0 0.00 1162 85 1177 123 0.00 0.00 0.00 0.00 0.00 0.00 0.00
tricycle 0.00 0 0.00 1142 132 1169 170 0.00 0.00 0.00 0.00 0.00 0.00 0.00
tricycle 0.00 0 0.00 1203 88 1226 121 0.00 0.00 0.00 0.00 0.00 0.00 0.00
pedestrian 0.00 0 0.00 1147 123 1160 156 0.00 0.00 0.00 0.00 0.00 0.00 0.00
pedestrian 0.00 0 0.00 1200 28 1212 56 0.00 0.00 0.00 0.00 0.00 0.00 0.00
motor 0.00 0 0.00 1220 31 1232 61 0.00 0.00 0.00 0.00 0.00 0.00 0.00
pedestrian 0.00 0 0.00 1226 9 1234 38 0.00 0.00 0.00 0.00 0.00 0.00 0.00
pedestrian 0.00 0 0.00 1234 0 1244 31 0.00 0.00 0.00 0.00 0.00 0.00 0.00
pedestrian 0.00 0 0.00 1272 108 1284 149 0.00 0.00 0.00 0.00 0.00 0.00 0.00
bicycle 0.00 0 0.00 1280 148 1296 181 0.00 0.00 0.00 0.00 0.00 0.00 0.00
people 0.00 0 0.00 1279 139 1294 180 0.00 0.00 0.00 0.00 0.00 0.00 0.00
motor 0.00 0 0.00 1288 108 1305 137 0.00 0.00 0.00 0.00 0.00 0.00 0.00
people 0.00 0 0.00 1291 100 1305 129 0.00 0.00 0.00 0.00 0.00 0.00 0.00
motor 0.00 0 0.00 1289 110 1304 138 0.00 0.00 0.00 0.00 0.00 0.00 0.00
car 0.00 0 0.00 1282 66 1356 103 0.00 0.00 0.00 0.00 0.00 0.00 0.00
car 0.00 0 0.00 1237 67 1270 103 0.00 0.00 0.00 0.00 0.00 0.00 0.00
car 0.00 0 0.00 1245 38 1286 76 0.00 0.00 0.00 0.00 0.00 0.00 0.00
car 0.00 0 0.00 1253 17 1284 41 0.00 0.00 0.00 0.00 0.00 0.00 0.00
pedestrian 0.00 0 0.00 1300 8 1311 36 0.00 0.00 0.00 0.00 0.00 0.00 0.00
pedestrian 0.00 0 0.00 1313 9 1323 37 0.00 0.00 0.00 0.00 0.00 0.00 0.00
tricycle 0.00 0 0.00 1722 276 1771 328 0.00 0.00 0.00 0.00 0.00 0.00 0.00
bicycle 0.00 0 0.00 1838 320 1871 363 0.00 0.00 0.00 0.00 0.00 0.00 0.00
bicycle 0.00 0 0.00 1810 290 1843 325 0.00 0.00 0.00 0.00 0.00 0.00 0.00
bicycle 0.00 0 0.00 1719 232 1770 259 0.00 0.00 0.00 0.00 0.00 0.00 0.00
pedestrian 0.00 0 0.00 1573 261 1593 306 0.00 0.00 0.00 0.00 0.00 0.00 0.00
motor 0.00 0 0.00 1648 229 1700 261 0.00 0.00 0.00 0.00 0.00 0.00 0.00
motor 0.00 0 0.00 1676 194 1714 215 0.00 0.00 0.00 0.00 0.00 0.00 0.00
pedestrian 0.00 0 0.00 1668 167 1698 202 0.00 0.00 0.00 0.00 0.00 0.00 0.00
car 0.00 0 0.00 1448 233 1501 299 0.00 0.00 0.00 0.00 0.00 0.00 0.00
tricycle 0.00 0 0.00 1447 139 1479 174 0.00 0.00 0.00 0.00 0.00 0.00 0.00
van 0.00 0 0.00 1426 71 1457 117 0.00 0.00 0.00 0.00 0.00 0.00 0.00
car 0.00 0 0.00 1457 71 1509 110 0.00 0.00 0.00 0.00 0.00 0.00 0.00
car 0.00 0 0.00 1452 17 1489 51 0.00 0.00 0.00 0.00 0.00 0.00 0.00
bicycle 0.00 0 0.00 1531 26 1539 48 0.00 0.00 0.00 0.00 0.00 0.00 0.00
people 0.00 0 0.00 1590 52 1605 75 0.00 0.00 0.00 0.00 0.00 0.00 0.00
people 0.00 0 0.00 1580 35 1596 60 0.00 0.00 0.00 0.00 0.00 0.00 0.00
car 0.00 0 0.00 1533 76 1631 107 0.00 0.00 0.00 0.00 0.00 0.00 0.00
van 0.00 0 0.00 1541 97 1617 154 0.00 0.00 0.00 0.00 0.00 0.00 0.00
car 0.00 0 0.00 1550 91 1642 132 0.00 0.00 0.00 0.00 0.00 0.00 0.00
car 0.00 0 0.00 1694 83 1779 118 0.00 0.00 0.00 0.00 0.00 0.00 0.00
pedestrian 0.00 0 0.00 1631 104 1650 142 0.00 0.00 0.00 0.00 0.00 0.00 0.00
motor 0.00 0 0.00 1596 145 1631 173 0.00 0.00 0.00 0.00 0.00 0.00 0.00
bicycle 0.00 0 0.00 1636 136 1655 167 0.00 0.00 0.00 0.00 0.00 0.00 0.00
bicycle 0.00 0 0.00 1622 128 1647 153 0.00 0.00 0.00 0.00 0.00 0.00 0.00
car 0.00 0 0.00 1572 197 1690 247 0.00 0.00 0.00 0.00 0.00 0.00 0.00
car 0.00 0 0.00 1604 184 1660 220 0.00 0.00 0.00 0.00 0.00 0.00 0.00
