van 0.00 0 0.00 190 839 350 929 0.00 0.00 0.00 0.00 0.00 0.00 0.00
car 0.00 0 0.00 332 794 475 871 0.00 0.00 0.00 0.00 0.00 0.00 0.00
car 0.00 0 0.00 626 816 789 893 0.00 0.00 0.00 0.00 0.00 0.00 0.00
car 0.00 0 0.00 858 895 1074 990 0.00 0.00 0.00 0.00 0.00 0.00 0.00
car 0.00 0 0.00 915 824 1094 918 0.00 0.00 0.00 0.00 0.00 0.00 0.00
car 0.00 0 0.00 1273 854 1400 959 0.00 0.00 0.00 0.00 0.00 0.00 0.00
car 0.00 0 0.00 976 723 1129 786 0.00 0.00 0.00 0.00 0.00 0.00 0.00
bus 0.00 0 0.00 540 657 855 786 0.00 0.00 0.00 0.00 0.00 0.00 0.00
car 0.00 0 0.00 932 603 982 647 0.00 0.00 0.00 0.00 0.00 0.00 0.00
car 0.00 0 0.00 1336 651 1400 691 0.00 0.00 0.00 0.00 0.00 0.00 0.00
pedestrian 0.00 0 0.00 1270 703 1287 756 0.00 0.00 0.00 0.00 0.00 0.00 0.00
pedestrian 0.00 0 0.00 1300 710 1325 759 0.00 0.00 0.00 0.00 0.00 0.00 0.00
pedestrian 0.00 0 0.00 977 679 997 731 0.00 0.00 0.00 0.00 0.00 0.00 0.00
pedestrian 0.00 0 0.00 918 682 938 729 0.00 0.00 0.00 0.00 0.00 0.00 0.00
pedestrian 0.00 0 0.00 900 684 922 727 0.00 0.00 0.00 0.00 0.00 0.00 0.00
pedestrian 0.00 0 0.00 1080 626 1097 667 0.00 0.00 0.00 0.00 0.00 0.00 0.00
pedestrian 0.00 0 0.00 1028 607 1046 636 0.00 0.00 0.00 0.00 0.00 0.00 0.00
pedestrian 0.00 0 0.00 916 626 933 659 0.00 0.00 0.00 0.00 0.00 0.00 0.00
pedestrian 0.00 0 0.00 1334 631 1346 660 0.00 0.00 0.00 0.00 0.00 0.00 0.00
people 0.00 0 0.00 1344 637 1360 664 0.00 0.00 0.00 0.00 0.00 0.00 0.00
bicycle 0.00 0 0.00 1267 640 1298 670 0.00 0.00 0.00 0.00 0.00 0.00 0.00
people 0.00 0 0.00 863 667 876 696 0.00 0.00 0.00 0.00 0.00 0.00 0.00
bicycle 0.00 0 0.00 851 681 889 702 0.00 0.00 0.00 0.00 0.00 0.00 0.00
bicycle 0.00 0 0.00 936 502 951 513 0.00 0.00 0.00 0.00 0.00 0.00 0.00
people 0.00 0 0.00 941 493 949 511 0.00 0.00 0.00 0.00 0.00 0.00 0.00
pedestrian 0.00 0 0.00 963 468 970 482 0.00 0.00 0.00 0.00 0.00 0.00 0.00
pedestrian 0.00 0 0.00 797 515 804 535 0.00 0.00 0.00 0.00 0.00 0.00 0.00
pedestrian 0.00 0 0.00 805 517 814 535 0.00 0.00 0.00 0.00 0.00 0.00 0.00
pedestrian 0.00 0 0.00 813 518 821 533 0.00 0.00 0.00 0.00 0.00 0.00 0.00
pedestrian 0.00 0 0.00 971 456 979 470 0.00 0.00 0.00 0.00 0.00 0.00 0.00
pedestrian 0.00 0 0.00 1113 471 1119 491 0.00 0.00 0.00 0.00 0.00 0.00 0.00
pedestrian 0.00 0 0.00 1129 479 1135 493 0.00 0.00 0.00 0.00 0.00 0.00 0.00
pedestrian 0.00 0 0.00 1136 473 1145 492 0.00 0.00 0.00 0.00 0.00 0.00 0.00
pedestrian 0.00 0 0.00 1123 474 1130 492 0.00 0.00 0.00 0.00 0.00 0.00 0.00
pedestrian 0.00 0 0.00 1182 479 1189 499 0.00 0.00 0.00 0.00 0.00 0.00 0.00
pedestrian 0.00 0 0.00 1217 496 1225 514 0.00 0.00 0.00 0.00 0.00 0.00 0.00
pedestrian 0.00 0 0.00 1168 498 1175 514 0.00 0.00 0.00 0.00 0.00 0.00 0.00
bus 0.00 0 0.00 1079 513 1138 590 0.00 0.00 0.00 0.00 0.00 0.00 0.00
bus 0.00 0 0.00 1153 509 1202 597 0.00 0.00 0.00 0.00 0.00 0.00 0.00
pedestrian 0.00 0 0.00 469 594 484 626 0.00 0.00 0.00 0.00 0.00 0.00 0.00
pedestrian 0.00 0 0.00 452 598 464 632 0.00 0.00 0.00 0.00 0.00 0.00 0.00
pedestrian 0.00 0 0.00 317 544 331 571 0.00 0.00 0.00 0.00 0.00 0.00 0.00
pedestrian 0.00 0 0.00 335 562 349 592 0.00 0.00 0.00 0.00 0.00 0.00 0.00
pedestrian 0.00 0 0.00 331 632 347 674 0.00 0.00 0.00 0.00 0.00 0.00 0.00
bicycle 0.00 0 0.00 462 562 496 577 0.00 0.00 0.00 0.00 0.00 0.00 0.00
bicycle 0.00 0 0.00 305 551 324 569 0.00 0.00 0.00 0.00 0.00 0.00 0.00
bicycle 0.00 0 0.00 346 554 362 575 0.00 0.00 0.00 0.00 0.00 0.00 0.00
motor 0.00 0 0.00 444 630 459 657 0.00 0.00 0.00 0.00 0.00 0.00 0.00
motor 0.00 0 0.00 309 588 349 609 0.00 0.00 0.00 0.00 0.00 0.00 0.00
pedestrian 0.00 0 0.00 426 619 438 648 0.00 0.00 0.00 0.00 0.00 0.00 0.00
pedestrian 0.00 0 0.00 384 615 395 649 0.00 0.00 0.00 0.00 0.00 0.00 0.00
pedestrian 0.00 0 0.00 402 621 415 657 0.00 0.00 0.00 0.00 0.00 0.00 0.00
pedestrian 0.00 0 0.00 409 585 422 611 0.00 0.00 0.00 0.00 0.00 0.00 0.00
pedestrian 0.00 0 0.00 440 580 451 604 0.00 0.00 0.00 0.00 0.00 0.00 0.00
pedestrian 0.00 0 0.00 451 580 464 609 0.00 0.00 0.00 0.00 0.00 0.00 0.00
pedestrian 0.00 0 0.00 457 589 467 617 0.00 0.00 0.00 0.00 0.00 0.00 0.00
pedestrian 0.00 0 0.00 308 607 316 639 0.00 0.00 0.00 0.00 0.00 0.00 0.00
pedestrian 0.00 0 0.00 315 614 326 649 0.00 0.00 0.00 0.00 0.00 0.00 0.00
pedestrian 0.00 0 0.00 323 619 338 653 0.00 0.00 0.00 0.00 0.00 0.00 0.00
pedestrian 0.00 0 0.00 211 544 223 569 0.00 0.00 0.00 0.00 0.00 0.00 0.00
pedestrian 0.00 0 0.00 229 621 243 659 0.00 0.00 0.00 0.00 0.00 0.00 0.00
pedestrian 0.00 0 0.00 250 617 267 660 0.00 0.00 0.00 0.00 0.00 0.00 0.00
bicycle 0.00 0 0.00 221 550 243 565 0.00 0.00 0.00 0.00 0.00 0.00 0.00
bicycle 0.00 0 0.00 241 629 270 644 0.00 0.00 0.00 0.00 0.00 0.00 0.00
car 0.00 0 0.00 0 873 117 956 0.00 0.00 0.00 0.00 0.00 0.00 0.00
