car 0.00 0 0.00 790 569 830 637 0.00 0.00 0.00 0.00 0.00 0.00 0.00
car 0.00 0 0.00 699 584 737 640 0.00 0.00 0.00 0.00 0.00 0.00 0.00
car 0.00 0 0.00 736 371 772 409 0.00 0.00 0.00 0.00 0.00 0.00 0.00
car 0.00 0 0.00 736 315 771 347 0.00 0.00 0.00 0.00 0.00 0.00 0.00
car 0.00 0 0.00 632 268 661 297 0.00 0.00 0.00 0.00 0.00 0.00 0.00
car 0.00 0 0.00 580 220 608 243 0.00 0.00 0.00 0.00 0.00 0.00 0.00
car 0.00 0 0.00 595 200 627 227 0.00 0.00 0.00 0.00 0.00 0.00 0.00
truck 0.00 0 0.00 574 122 622 159 0.00 0.00 0.00 0.00 0.00 0.00 0.00
truck 0.00 0 0.00 504 134 531 159 0.00 0.00 0.00 0.00 0.00 0.00 0.00
car 0.00 0 0.00 304 179 329 196 0.00 0.00 0.00 0.00 0.00 0.00 0.00
motor 0.00 0 0.00 374 144 388 156 0.00 0.00 0.00 0.00 0.00 0.00 0.00
car 0.00 0 0.00 300 163 321 178 0.00 0.00 0.00 0.00 0.00 0.00 0.00
car 0.00 0 0.00 265 153 291 173 0.00 0.00 0.00 0.00 0.00 0.00 0.00
van 0.00 0 0.00 852 38 873 51 0.00 0.00 0.00 0.00 0.00 0.00 0.00
car 0.00 0 0.00 783 124 812 138 0.00 0.00 0.00 0.00 0.00 0.00 0.00
van 0.00 0 0.00 442 468 483 490 0.00 0.00 0.00 0.00 0.00 0.00 0.00
truck 0.00 0 0.00 533 117 566 139 0.00 0.00 0.00 0.00 0.00 0.00 0.00
