people 0.00 0 0.00 865 659 869 664 0.00 0.00 0.00 0.00 0.00 0.00 0.00
pedestrian 0.00 0 0.00 855 638 859 647 0.00 0.00 0.00 0.00 0.00 0.00 0.00
pedestrian 0.00 0 0.00 857 637 862 646 0.00 0.00 0.00 0.00 0.00 0.00 0.00
pedestrian 0.00 0 0.00 862 634 865 643 0.00 0.00 0.00 0.00 0.00 0.00 0.00
pedestrian 0.00 0 0.00 852 622 855 629 0.00 0.00 0.00 0.00 0.00 0.00 0.00
pedestrian 0.00 0 0.00 886 602 889 609 0.00 0.00 0.00 0.00 0.00 0.00 0.00
car 0.00 0 0.00 910 584 916 590 0.00 0.00 0.00 0.00 0.00 0.00 0.00
car 0.00 0 0.00 920 575 923 578 0.00 0.00 0.00 0.00 0.00 0.00 0.00
car 0.00 0 0.00 919 568 923 570 0.00 0.00 0.00 0.00 0.00 0.00 0.00
car 0.00 0 0.00 919 578 922 581 0.00 0.00 0.00 0.00 0.00 0.00 0.00
car 0.00 0 0.00 923 582 928 585 0.00 0.00 0.00 0.00 0.00 0.00 0.00
car 0.00 0 0.00 922 584 928 588 0.00 0.00 0.00 0.00 0.00 0.00 0.00
car 0.00 0 0.00 922 586 929 589 0.00 0.00 0.00 0.00 0.00 0.00 0.00
car 0.00 0 0.00 923 588 928 593 0.00 0.00 0.00 0.00 0.00 0.00 0.00
car 0.00 0 0.00 923 592 928 596 0.00 0.00 0.00 0.00 0.00 0.00 0.00
car 0.00 0 0.00 912 593 918 598 0.00 0.00 0.00 0.00 0.00 0.00 0.00
car 0.00 0 0.00 918 596 924 600 0.00 0.00 0.00 0.00 0.00 0.00 0.00
car 0.00 0 0.00 918 597 924 602 0.00 0.00 0.00 0.00 0.00 0.00 0.00
van 0.00 0 0.00 919 599 923 605 0.00 0.00 0.00 0.00 0.00 0.00 0.00
car 0.00 0 0.00 905 596 910 600 0.00 0.00 0.00 0.00 0.00 0.00 0.00
car 0.00 0 0.00 905 600 911 604 0.00 0.00 0.00 0.00 0.00 0.00 0.00
truck 0.00 0 0.00 897 605 911 623 0.00 0.00 0.00 0.00 0.00 0.00 0.00
truck 0.00 0 0.00 890 600 903 615 0.00 0.00 0.00 0.00 0.00 0.00 0.00
car 0.00 0 0.00 911 621 920 630 0.00 0.00 0.00 0.00 0.00 0.00 0.00
car 0.00 0 0.00 911 632 919 639 0.00 0.00 0.00 0.00 0.00 0.00 0.00
car 0.00 0 0.00 905 640 915 649 0.00 0.00 0.00 0.00 0.00 0.00 0.00
car 0.00 0 0.00 863 615 871 622 0.00 0.00 0.00 0.00 0.00 0.00 0.00
car 0.00 0 0.00 854 616 861 622 0.00 0.00 0.00 0.00 0.00 0.00 0.00
car 0.00 0 0.00 844 617 852 623 0.00 0.00 0.00 0.00 0.00 0.00 0.00
car 0.00 0 0.00 839 607 846 613 0.00 0.00 0.00 0.00 0.00 0.00 0.00
car 0.00 0 0.00 825 610 841 616 0.00 0.00 0.00 0.00 0.00 0.00 0.00
car 0.00 0 0.00 826 627 839 636 0.00 0.00 0.00 0.00 0.00 0.00 0.00
car 0.00 0 0.00 897 655 908 666 0.00 0.00 0.00 0.00 0.00 0.00 0.00
car 0.00 0 0.00 895 671 907 682 0.00 0.00 0.00 0.00 0.00 0.00 0.00
car 0.00 0 0.00 893 693 908 707 0.00 0.00 0.00 0.00 0.00 0.00 0.00
car 0.00 0 0.00 883 710 901 727 0.00 0.00 0.00 0.00 0.00 0.00 0.00
car 0.00 0 0.00 813 806 840 838 0.00 0.00 0.00 0.00 0.00 0.00 0.00
car 0.00 0 0.00 800 843 831 881 0.00 0.00 0.00 0.00 0.00 0.00 0.00
van 0.00 0 0.00 775 871 806 922 0.00 0.00 0.00 0.00 0.00 0.00 0.00
car 0.00 0 0.00 735 872 767 912 0.00 0.00 0.00 0.00 0.00 0.00 0.00
car 0.00 0 0.00 753 921 797 984 0.00 0.00 0.00 0.00 0.00 0.00 0.00
car 0.00 0 0.00 706 913 751 969 0.00 0.00 0.00 0.00 0.00 0.00 0.00
car 0.00 0 0.00 674 974 724 1041 0.00 0.00 0.00 0.00 0.00 0.00 0.00
car 0.00 0 0.00 721 989 772 1050 0.00 0.00 0.00 0.00 0.00 0.00 0.00
