car 0.00 0 0.00 697 676 728 731 0.00 0.00 0.00 0.00 0.00 0.00 0.00
motor 0.00 0 0.00 797 722 827 739 0.00 0.00 0.00 0.00 0.00 0.00 0.00
car 0.00 0 0.00 755 463 772 483 0.00 0.00 0.00 0.00 0.00 0.00 0.00
car 0.00 0 0.00 720 416 743 427 0.00 0.00 0.00 0.00 0.00 0.00 0.00
car 0.00 0 0.00 796 437 825 451 0.00 0.00 0.00 0.00 0.00 0.00 0.00
car 0.00 0 0.00 757 430 785 444 0.00 0.00 0.00 0.00 0.00 0.00 0.00
pedestrian 0.00 0 0.00 597 544 602 559 0.00 0.00 0.00 0.00 0.00 0.00 0.00
car 0.00 0 0.00 821 445 848 462 0.00 0.00 0.00 0.00 0.00 0.00 0.00
car 0.00 0 0.00 864 442 898 457 0.00 0.00 0.00 0.00 0.00 0.00 0.00
car 0.00 0 0.00 894 384 913 393 0.00 0.00 0.00 0.00 0.00 0.00 0.00
car 0.00 0 0.00 908 395 927 404 0.00 0.00 0.00 0.00 0.00 0.00 0.00
car 0.00 0 0.00 889 483 907 500 0.00 0.00 0.00 0.00 0.00 0.00 0.00
car 0.00 0 0.00 864 524 883 542 0.00 0.00 0.00 0.00 0.00 0.00 0.00
car 0.00 0 0.00 864 548 884 571 0.00 0.00 0.00 0.00 0.00 0.00 0.00
car 0.00 0 0.00 867 581 891 604 0.00 0.00 0.00 0.00 0.00 0.00 0.00
van 0.00 0 0.00 868 613 893 645 0.00 0.00 0.00 0.00 0.00 0.00 0.00
car 0.00 0 0.00 958 454 989 468 0.00 0.00 0.00 0.00 0.00 0.00 0.00
car 0.00 0 0.00 921 445 958 457 0.00 0.00 0.00 0.00 0.00 0.00 0.00
car 0.00 0 0.00 774 404 797 417 0.00 0.00 0.00 0.00 0.00 0.00 0.00
car 0.00 0 0.00 968 406 986 419 0.00 0.00 0.00 0.00 0.00 0.00 0.00
motor 0.00 0 0.00 913 480 918 491 0.00 0.00 0.00 0.00 0.00 0.00 0.00
motor 0.00 0 0.00 914 492 921 503 0.00 0.00 0.00 0.00 0.00 0.00 0.00
motor 0.00 0 0.00 960 647 967 662 0.00 0.00 0.00 0.00 0.00 0.00 0.00
motor 0.00 0 0.00 998 852 1007 879 0.00 0.00 0.00 0.00 0.00 0.00 0.00
motor 0.00 0 0.00 967 851 982 881 0.00 0.00 0.00 0.00 0.00 0.00 0.00
pedestrian 0.00 0 0.00 1104 683 1110 706 0.00 0.00 0.00 0.00 0.00 0.00 0.00
pedestrian 0.00 0 0.00 1012 558 1019 574 0.00 0.00 0.00 0.00 0.00 0.00 0.00
pedestrian 0.00 0 0.00 1003 555 1010 570 0.00 0.00 0.00 0.00 0.00 0.00 0.00
people 0.00 0 0.00 1001 849 1008 860 0.00 0.00 0.00 0.00 0.00 0.00 0.00
people 0.00 0 0.00 969 847 980 863 0.00 0.00 0.00 0.00 0.00 0.00 0.00
people 0.00 0 0.00 805 721 818 730 0.00 0.00 0.00 0.00 0.00 0.00 0.00
people 0.00 0 0.00 961 647 968 657 0.00 0.00 0.00 0.00 0.00 0.00 0.00
people 0.00 0 0.00 913 480 917 485 0.00 0.00 0.00 0.00 0.00 0.00 0.00
people 0.00 0 0.00 915 491 920 498 0.00 0.00 0.00 0.00 0.00 0.00 0.00
car 0.00 0 0.00 863 509 879 523 0.00 0.00 0.00 0.00 0.00 0.00 0.00
bus 0.00 0 0.00 861 472 886 510 0.00 0.00 0.00 0.00 0.00 0.00 0.00
