car 0.00 0 0.00 485 737 678 849 0.00 0.00 0.00 0.00 0.00 0.00 0.00
van 0.00 0 0.00 426 827 626 964 0.00 0.00 0.00 0.00 0.00 0.00 0.00
van 0.00 0 0.00 354 918 563 1050 0.00 0.00 0.00 0.00 0.00 0.00 0.00
van 0.00 0 0.00 722 458 828 534 0.00 0.00 0.00 0.00 0.00 0.00 0.00
car 0.00 0 0.00 719 430 845 498 0.00 0.00 0.00 0.00 0.00 0.00 0.00
car 0.00 0 0.00 750 402 860 458 0.00 0.00 0.00 0.00 0.00 0.00 0.00
car 0.00 0 0.00 766 376 881 429 0.00 0.00 0.00 0.00 0.00 0.00 0.00
van 0.00 0 0.00 786 344 884 398 0.00 0.00 0.00 0.00 0.00 0.00 0.00
van 0.00 0 0.00 796 324 893 372 0.00 0.00 0.00 0.00 0.00 0.00 0.00
car 0.00 0 0.00 813 305 914 355 0.00 0.00 0.00 0.00 0.00 0.00 0.00
car 0.00 0 0.00 823 288 923 329 0.00 0.00 0.00 0.00 0.00 0.00 0.00
car 0.00 0 0.00 843 271 934 306 0.00 0.00 0.00 0.00 0.00 0.00 0.00
car 0.00 0 0.00 853 247 941 292 0.00 0.00 0.00 0.00 0.00 0.00 0.00
van 0.00 0 0.00 861 219 954 269 0.00 0.00 0.00 0.00 0.00 0.00 0.00
car 0.00 0 0.00 891 208 961 236 0.00 0.00 0.00 0.00 0.00 0.00 0.00
car 0.00 0 0.00 894 191 965 218 0.00 0.00 0.00 0.00 0.00 0.00 0.00
car 0.00 0 0.00 908 183 974 214 0.00 0.00 0.00 0.00 0.00 0.00 0.00
car 0.00 0 0.00 906 172 979 200 0.00 0.00 0.00 0.00 0.00 0.00 0.00
car 0.00 0 0.00 914 158 987 186 0.00 0.00 0.00 0.00 0.00 0.00 0.00
car 0.00 0 0.00 920 147 985 176 0.00 0.00 0.00 0.00 0.00 0.00 0.00
car 0.00 0 0.00 926 138 993 170 0.00 0.00 0.00 0.00 0.00 0.00 0.00
car 0.00 0 0.00 934 130 1002 167 0.00 0.00 0.00 0.00 0.00 0.00 0.00
car 0.00 0 0.00 944 113 1013 140 0.00 0.00 0.00 0.00 0.00 0.00 0.00
car 0.00 0 0.00 950 100 1014 124 0.00 0.00 0.00 0.00 0.00 0.00 0.00
car 0.00 0 0.00 935 82 959 110 0.00 0.00 0.00 0.00 0.00 0.00 0.00
car 0.00 0 0.00 908 78 932 106 0.00 0.00 0.00 0.00 0.00 0.00 0.00
car 0.00 0 0.00 860 95 892 129 0.00 0.00 0.00 0.00 0.00 0.00 0.00
car 0.00 0 0.00 876 89 906 113 0.00 0.00 0.00 0.00 0.00 0.00 0.00
car 0.00 0 0.00 875 73 903 96 0.00 0.00 0.00 0.00 0.00 0.00 0.00
pedestrian 0.00 0 0.00 486 671 510 721 0.00 0.00 0.00 0.00 0.00 0.00 0.00
pedestrian 0.00 0 0.00 611 660 626 713 0.00 0.00 0.00 0.00 0.00 0.00 0.00
pedestrian 0.00 0 0.00 590 615 612 662 0.00 0.00 0.00 0.00 0.00 0.00 0.00
motor 0.00 0 0.00 303 676 364 738 0.00 0.00 0.00 0.00 0.00 0.00 0.00
pedestrian 0.00 0 0.00 714 316 729 349 0.00 0.00 0.00 0.00 0.00 0.00 0.00
car 0.00 0 0.00 769 249 821 295 0.00 0.00 0.00 0.00 0.00 0.00 0.00
bicycle 0.00 0 0.00 684 314 707 336 0.00 0.00 0.00 0.00 0.00 0.00 0.00
motor 0.00 0 0.00 666 344 682 376 0.00 0.00 0.00 0.00 0.00 0.00 0.00
motor 0.00 0 0.00 677 336 689 369 0.00 0.00 0.00 0.00 0.00 0.00 0.00
tricycle 0.00 0 0.00 941 428 965 470 0.00 0.00 0.00 0.00 0.00 0.00 0.00
pedestrian 0.00 0 0.00 877 181 887 210 0.00 0.00 0.00 0.00 0.00 0.00 0.00
people 0.00 0 0.00 837 218 850 238 0.00 0.00 0.00 0.00 0.00 0.00 0.00
bicycle 0.00 0 0.00 836 226 847 255 0.00 0.00 0.00 0.00 0.00 0.00 0.00
bicycle 0.00 0 0.00 823 176 845 200 0.00 0.00 0.00 0.00 0.00 0.00 0.00
motor 0.00 0 0.00 774 211 788 233 0.00 0.00 0.00 0.00 0.00 0.00 0.00
pedestrian 0.00 0 0.00 987 79 998 99 0.00 0.00 0.00 0.00 0.00 0.00 0.00
pedestrian 0.00 0 0.00 998 67 1007 87 0.00 0.00 0.00 0.00 0.00 0.00 0.00
car 0.00 0 0.00 1085 146 1128 175 0.00 0.00 0.00 0.00 0.00 0.00 0.00
van 0.00 0 0.00 971 23 1009 44 0.00 0.00 0.00 0.00 0.00 0.00 0.00
van 0.00 0 0.00 1237 190 1274 225 0.00 0.00 0.00 0.00 0.00 0.00 0.00
van 0.00 0 0.00 1275 150 1310 180 0.00 0.00 0.00 0.00 0.00 0.00 0.00
car 0.00 0 0.00 1297 220 1342 261 0.00 0.00 0.00 0.00 0.00 0.00 0.00
van 0.00 0 0.00 1347 170 1394 211 0.00 0.00 0.00 0.00 0.00 0.00 0.00
people 0.00 0 0.00 1373 259 1389 274 0.00 0.00 0.00 0.00 0.00 0.00 0.00
motor 0.00 0 0.00 1367 263 1382 289 0.00 0.00 0.00 0.00 0.00 0.00 0.00
motor 0.00 0 0.00 1252 126 1276 139 0.00 0.00 0.00 0.00 0.00 0.00 0.00
people 0.00 0 0.00 1260 121 1267 134 0.00 0.00 0.00 0.00 0.00 0.00 0.00
pedestrian 0.00 0 0.00 1326 117 1340 139 0.00 0.00 0.00 0.00 0.00 0.00 0.00
pedestrian 0.00 0 0.00 1325 86 1336 108 0.00 0.00 0.00 0.00 0.00 0.00 0.00
pedestrian 0.00 0 0.00 1310 70 1318 88 0.00 0.00 0.00 0.00 0.00 0.00 0.00
pedestrian 0.00 0 0.00 1303 60 1312 76 0.00 0.00 0.00 0.00 0.00 0.00 0.00
pedestrian 0.00 0 0.00 1321 60 1331 80 0.00 0.00 0.00 0.00 0.00 0.00 0.00
pedestrian 0.00 0 0.00 1331 61 1341 78 0.00 0.00 0.00 0.00 0.00 0.00 0.00
pedestrian 0.00 0 0.00 1361 68 1371 88 0.00 0.00 0.00 0.00 0.00 0.00 0.00
pedestrian 0.00 0 0.00 1345 88 1354 107 0.00 0.00 0.00 0.00 0.00 0.00 0.00
pedestrian 0.00 0 0.00 1341 81 1349 98 0.00 0.00 0.00 0.00 0.00 0.00 0.00
pedestrian 0.00 0 0.00 1357 90 1366 111 0.00 0.00 0.00 0.00 0.00 0.00 0.00
pedestrian 0.00 0 0.00 1372 112 1385 132 0.00 0.00 0.00 0.00 0.00 0.00 0.00
car 0.00 0 0.00 1081 19 1101 43 0.00 0.00 0.00 0.00 0.00 0.00 0.00
car 0.00 0 0.00 1110 26 1125 48 0.00 0.00 0.00 0.00 0.00 0.00 0.00
car 0.00 0 0.00 1139 23 1157 50 0.00 0.00 0.00 0.00 0.00 0.00 0.00
car 0.00 0 0.00 1168 35 1191 55 0.00 0.00 0.00 0.00 0.00 0.00 0.00
van 0.00 0 0.00 1145 7 1161 30 0.00 0.00 0.00 0.00 0.00 0.00 0.00
car 0.00 0 0.00 1020 18 1037 36 0.00 0.00 0.00 0.00 0.00 0.00 0.00
pedestrian 0.00 0 0.00 1023 24 1029 38 0.00 0.00 0.00 0.00 0.00 0.00 0.00
pedestrian 0.00 0 0.00 1020 12 1026 24 0.00 0.00 0.00 0.00 0.00 0.00 0.00
car 0.00 0 0.00 1165 0 1180 16 0.00 0.00 0.00 0.00 0.00 0.00 0.00
pedestrian 0.00 0 0.00 1260 0 1267 12 0.00 0.00 0.00 0.00 0.00 0.00 0.00
van 0.00 0 0.00 1265 13 1304 31 0.00 0.00 0.00 0.00 0.00 0.00 0.00
