pedestrian 0.00 0 0.00 1292 157 1304 171 0.00 0.00 0.00 0.00 0.00 0.00 0.00
pedestrian 0.00 0 0.00 1196 182 1207 196 0.00 0.00 0.00 0.00 0.00 0.00 0.00
pedestrian 0.00 0 0.00 1186 242 1200 263 0.00 0.00 0.00 0.00 0.00 0.00 0.00
people 0.00 0 0.00 1160 281 1173 295 0.00 0.00 0.00 0.00 0.00 0.00 0.00
pedestrian 0.00 0 0.00 1178 287 1187 302 0.00 0.00 0.00 0.00 0.00 0.00 0.00
pedestrian 0.00 0 0.00 1217 347 1230 364 0.00 0.00 0.00 0.00 0.00 0.00 0.00
pedestrian 0.00 0 0.00 1194 374 1207 387 0.00 0.00 0.00 0.00 0.00 0.00 0.00
people 0.00 0 0.00 1210 438 1224 449 0.00 0.00 0.00 0.00 0.00 0.00 0.00
pedestrian 0.00 0 0.00 1198 443 1208 456 0.00 0.00 0.00 0.00 0.00 0.00 0.00
motor 0.00 0 0.00 1222 617 1253 635 0.00 0.00 0.00 0.00 0.00 0.00 0.00
motor 0.00 0 0.00 1257 627 1283 642 0.00 0.00 0.00 0.00 0.00 0.00 0.00
people 0.00 0 0.00 1289 750 1302 769 0.00 0.00 0.00 0.00 0.00 0.00 0.00
motor 0.00 0 0.00 904 17 931 37 0.00 0.00 0.00 0.00 0.00 0.00 0.00
motor 0.00 0 0.00 903 48 927 62 0.00 0.00 0.00 0.00 0.00 0.00 0.00
motor 0.00 0 0.00 904 59 930 72 0.00 0.00 0.00 0.00 0.00 0.00 0.00
motor 0.00 0 0.00 899 72 925 85 0.00 0.00 0.00 0.00 0.00 0.00 0.00
motor 0.00 0 0.00 906 86 923 104 0.00 0.00 0.00 0.00 0.00 0.00 0.00
motor 0.00 0 0.00 897 89 921 109 0.00 0.00 0.00 0.00 0.00 0.00 0.00
motor 0.00 0 0.00 890 115 919 134 0.00 0.00 0.00 0.00 0.00 0.00 0.00
motor 0.00 0 0.00 887 131 917 147 0.00 0.00 0.00 0.00 0.00 0.00 0.00
motor 0.00 0 0.00 881 174 908 190 0.00 0.00 0.00 0.00 0.00 0.00 0.00
motor 0.00 0 0.00 878 219 902 236 0.00 0.00 0.00 0.00 0.00 0.00 0.00
motor 0.00 0 0.00 873 231 899 243 0.00 0.00 0.00 0.00 0.00 0.00 0.00
motor 0.00 0 0.00 873 237 899 252 0.00 0.00 0.00 0.00 0.00 0.00 0.00
motor 0.00 0 0.00 870 247 899 263 0.00 0.00 0.00 0.00 0.00 0.00 0.00
motor 0.00 0 0.00 816 112 840 126 0.00 0.00 0.00 0.00 0.00 0.00 0.00
pedestrian 0.00 0 0.00 817 115 827 132 0.00 0.00 0.00 0.00 0.00 0.00 0.00
motor 0.00 0 0.00 790 204 816 218 0.00 0.00 0.00 0.00 0.00 0.00 0.00
motor 0.00 0 0.00 783 228 813 242 0.00 0.00 0.00 0.00 0.00 0.00 0.00
motor 0.00 0 0.00 784 243 813 260 0.00 0.00 0.00 0.00 0.00 0.00 0.00
motor 0.00 0 0.00 784 274 809 289 0.00 0.00 0.00 0.00 0.00 0.00 0.00
motor 0.00 0 0.00 781 284 802 296 0.00 0.00 0.00 0.00 0.00 0.00 0.00
pedestrian 0.00 0 0.00 787 310 794 324 0.00 0.00 0.00 0.00 0.00 0.00 0.00
motor 0.00 0 0.00 751 400 782 417 0.00 0.00 0.00 0.00 0.00 0.00 0.00
motor 0.00 0 0.00 734 422 761 439 0.00 0.00 0.00 0.00 0.00 0.00 0.00
awning-tricycle 0.00 0 0.00 722 439 759 470 0.00 0.00 0.00 0.00 0.00 0.00 0.00
motor 0.00 0 0.00 821 516 849 541 0.00 0.00 0.00 0.00 0.00 0.00 0.00
motor 0.00 0 0.00 816 565 845 581 0.00 0.00 0.00 0.00 0.00 0.00 0.00
motor 0.00 0 0.00 702 469 722 494 0.00 0.00 0.00 0.00 0.00 0.00 0.00
motor 0.00 0 0.00 661 471 674 498 0.00 0.00 0.00 0.00 0.00 0.00 0.00
awning-tricycle 0.00 0 0.00 677 465 712 502 0.00 0.00 0.00 0.00 0.00 0.00 0.00
motor 0.00 0 0.00 642 478 657 506 0.00 0.00 0.00 0.00 0.00 0.00 0.00
motor 0.00 0 0.00 677 560 698 588 0.00 0.00 0.00 0.00 0.00 0.00 0.00
bicycle 0.00 0 0.00 636 493 650 514 0.00 0.00 0.00 0.00 0.00 0.00 0.00
motor 0.00 0 0.00 536 466 550 494 0.00 0.00 0.00 0.00 0.00 0.00 0.00
motor 0.00 0 0.00 526 469 537 498 0.00 0.00 0.00 0.00 0.00 0.00 0.00
motor 0.00 0 0.00 534 508 550 536 0.00 0.00 0.00 0.00 0.00 0.00 0.00
motor 0.00 0 0.00 518 509 531 536 0.00 0.00 0.00 0.00 0.00 0.00 0.00
motor 0.00 0 0.00 809 607 841 624 0.00 0.00 0.00 0.00 0.00 0.00 0.00
motor 0.00 0 0.00 807 623 842 638 0.00 0.00 0.00 0.00 0.00 0.00 0.00
motor 0.00 0 0.00 807 649 834 664 0.00 0.00 0.00 0.00 0.00 0.00 0.00
motor 0.00 0 0.00 805 664 836 677 0.00 0.00 0.00 0.00 0.00 0.00 0.00
motor 0.00 0 0.00 811 727 841 743 0.00 0.00 0.00 0.00 0.00 0.00 0.00
motor 0.00 0 0.00 814 754 843 775 0.00 0.00 0.00 0.00 0.00 0.00 0.00
motor 0.00 0 0.00 819 784 847 804 0.00 0.00 0.00 0.00 0.00 0.00 0.00
motor 0.00 0 0.00 824 801 851 825 0.00 0.00 0.00 0.00 0.00 0.00 0.00
motor 0.00 0 0.00 789 827 821 844 0.00 0.00 0.00 0.00 0.00 0.00 0.00
motor 0.00 0 0.00 878 842 916 861 0.00 0.00 0.00 0.00 0.00 0.00 0.00
motor 0.00 0 0.00 863 901 890 917 0.00 0.00 0.00 0.00 0.00 0.00 0.00
motor 0.00 0 0.00 864 917 898 938 0.00 0.00 0.00 0.00 0.00 0.00 0.00
motor 0.00 0 0.00 884 934 909 947 0.00 0.00 0.00 0.00 0.00 0.00 0.00
motor 0.00 0 0.00 882 946 912 962 0.00 0.00 0.00 0.00 0.00 0.00 0.00
motor 0.00 0 0.00 812 1013 841 1049 0.00 0.00 0.00 0.00 0.00 0.00 0.00
motor 0.00 0 0.00 530 991 554 1025 0.00 0.00 0.00 0.00 0.00 0.00 0.00
motor 0.00 0 0.00 504 976 534 1004 0.00 0.00 0.00 0.00 0.00 0.00 0.00
motor 0.00 0 0.00 489 969 521 987 0.00 0.00 0.00 0.00 0.00 0.00 0.00
motor 0.00 0 0.00 536 850 558 879 0.00 0.00 0.00 0.00 0.00 0.00 0.00
bicycle 0.00 0 0.00 740 672 751 700 0.00 0.00 0.00 0.00 0.00 0.00 0.00
awning-tricycle 0.00 0 0.00 641 559 661 602 0.00 0.00 0.00 0.00 0.00 0.00 0.00
motor 0.00 0 0.00 418 500 444 516 0.00 0.00 0.00 0.00 0.00 0.00 0.00
motor 0.00 0 0.00 446 552 464 582 0.00 0.00 0.00 0.00 0.00 0.00 0.00
motor 0.00 0 0.00 432 546 455 577 0.00 0.00 0.00 0.00 0.00 0.00 0.00
motor 0.00 0 0.00 421 538 442 569 0.00 0.00 0.00 0.00 0.00 0.00 0.00
motor 0.00 0 0.00 408 522 431 555 0.00 0.00 0.00 0.00 0.00 0.00 0.00
motor 0.00 0 0.00 186 419 199 451 0.00 0.00 0.00 0.00 0.00 0.00 0.00
motor 0.00 0 0.00 29 356 62 397 0.00 0.00 0.00 0.00 0.00 0.00 0.00
motor 0.00 0 0.00 143 502 170 519 0.00 0.00 0.00 0.00 0.00 0.00 0.00
motor 0.00 0 0.00 244 568 276 586 0.00 0.00 0.00 0.00 0.00 0.00 0.00
motor 0.00 0 0.00 207 600 237 616 0.00 0.00 0.00 0.00 0.00 0.00 0.00
car 0.00 0 0.00 45 409 121 452 0.00 0.00 0.00 0.00 0.00 0.00 0.00
car 0.00 0 0.00 131 441 201 489 0.00 0.00 0.00 0.00 0.00 0.00 0.00
car 0.00 0 0.00 153 627 216 674 0.00 0.00 0.00 0.00 0.00 0.00 0.00
motor 0.00 0 0.00 132 671 178 691 0.00 0.00 0.00 0.00 0.00 0.00 0.00
motor 0.00 0 0.00 159 692 198 710 0.00 0.00 0.00 0.00 0.00 0.00 0.00
motor 0.00 0 0.00 179 701 216 728 0.00 0.00 0.00 0.00 0.00 0.00 0.00
motor 0.00 0 0.00 225 737 257 760 0.00 0.00 0.00 0.00 0.00 0.00 0.00
motor 0.00 0 0.00 242 755 279 782 0.00 0.00 0.00 0.00 0.00 0.00 0.00
motor 0.00 0 0.00 259 777 298 798 0.00 0.00 0.00 0.00 0.00 0.00 0.00
motor 0.00 0 0.00 291 779 313 811 0.00 0.00 0.00 0.00 0.00 0.00 0.00
motor 0.00 0 0.00 475 834 497 857 0.00 0.00 0.00 0.00 0.00 0.00 0.00
motor 0.00 0 0.00 393 755 405 790 0.00 0.00 0.00 0.00 0.00 0.00 0.00
motor 0.00 0 0.00 367 859 400 881 0.00 0.00 0.00 0.00 0.00 0.00 0.00
motor 0.00 0 0.00 385 866 410 887 0.00 0.00 0.00 0.00 0.00 0.00 0.00
motor 0.00 0 0.00 382 879 416 904 0.00 0.00 0.00 0.00 0.00 0.00 0.00
motor 0.00 0 0.00 419 898 441 926 0.00 0.00 0.00 0.00 0.00 0.00 0.00
motor 0.00 0 0.00 431 901 456 931 0.00 0.00 0.00 0.00 0.00 0.00 0.00
motor 0.00 0 0.00 444 913 468 943 0.00 0.00 0.00 0.00 0.00 0.00 0.00
motor 0.00 0 0.00 240 684 260 716 0.00 0.00 0.00 0.00 0.00 0.00 0.00
awning-tricycle 0.00 0 0.00 269 357 311 397 0.00 0.00 0.00 0.00 0.00 0.00 0.00
truck 0.00 0 0.00 819 41 849 107 0.00 0.00 0.00 0.00 0.00 0.00 0.00
pedestrian 0.00 0 0.00 855 63 864 83 0.00 0.00 0.00 0.00 0.00 0.00 0.00
pedestrian 0.00 0 0.00 885 67 893 90 0.00 0.00 0.00 0.00 0.00 0.00 0.00
pedestrian 0.00 0 0.00 841 144 850 166 0.00 0.00 0.00 0.00 0.00 0.00 0.00
pedestrian 0.00 0 0.00 828 183 837 203 0.00 0.00 0.00 0.00 0.00 0.00 0.00
pedestrian 0.00 0 0.00 733 386 740 400 0.00 0.00 0.00 0.00 0.00 0.00 0.00
pedestrian 0.00 0 0.00 824 467 834 484 0.00 0.00 0.00 0.00 0.00 0.00 0.00
pedestrian 0.00 0 0.00 722 537 730 551 0.00 0.00 0.00 0.00 0.00 0.00 0.00
pedestrian 0.00 0 0.00 712 539 721 557 0.00 0.00 0.00 0.00 0.00 0.00 0.00
pedestrian 0.00 0 0.00 720 555 727 566 0.00 0.00 0.00 0.00 0.00 0.00 0.00
pedestrian 0.00 0 0.00 769 703 781 718 0.00 0.00 0.00 0.00 0.00 0.00 0.00
pedestrian 0.00 0 0.00 662 664 670 677 0.00 0.00 0.00 0.00 0.00 0.00 0.00
awning-tricycle 0.00 0 0.00 785 676 807 738 0.00 0.00 0.00 0.00 0.00 0.00 0.00
people 0.00 0 0.00 801 826 814 843 0.00 0.00 0.00 0.00 0.00 0.00 0.00
pedestrian 0.00 0 0.00 735 677 748 689 0.00 0.00 0.00 0.00 0.00 0.00 0.00
people 0.00 0 0.00 819 1021 839 1041 0.00 0.00 0.00 0.00 0.00 0.00 0.00
truck 0.00 0 0.00 924 1010 969 1050 0.00 0.00 0.00 0.00 0.00 0.00 0.00
people 0.00 0 0.00 542 857 556 872 0.00 0.00 0.00 0.00 0.00 0.00 0.00
people 0.00 0 0.00 249 568 266 581 0.00 0.00 0.00 0.00 0.00 0.00 0.00
people 0.00 0 0.00 213 600 228 613 0.00 0.00 0.00 0.00 0.00 0.00 0.00
people 0.00 0 0.00 147 501 161 514 0.00 0.00 0.00 0.00 0.00 0.00 0.00
car 0.00 0 0.00 285 667 367 733 0.00 0.00 0.00 0.00 0.00 0.00 0.00
car 0.00 0 0.00 321 757 401 828 0.00 0.00 0.00 0.00 0.00 0.00 0.00
car 0.00 0 0.00 409 769 481 846 0.00 0.00 0.00 0.00 0.00 0.00 0.00
car 0.00 0 0.00 479 554 542 628 0.00 0.00 0.00 0.00 0.00 0.00 0.00
car 0.00 0 0.00 473 622 542 692 0.00 0.00 0.00 0.00 0.00 0.00 0.00
car 0.00 0 0.00 512 674 586 742 0.00 0.00 0.00 0.00 0.00 0.00 0.00
car 0.00 0 0.00 566 606 630 680 0.00 0.00 0.00 0.00 0.00 0.00 0.00
car 0.00 0 0.00 599 632 668 711 0.00 0.00 0.00 0.00 0.00 0.00 0.00
car 0.00 0 0.00 628 722 703 787 0.00 0.00 0.00 0.00 0.00 0.00 0.00
truck 0.00 0 0.00 495 740 589 809 0.00 0.00 0.00 0.00 0.00 0.00 0.00
van 0.00 0 0.00 662 846 748 936 0.00 0.00 0.00 0.00 0.00 0.00 0.00
car 0.00 0 0.00 621 905 705 997 0.00 0.00 0.00 0.00 0.00 0.00 0.00
car 0.00 0 0.00 553 945 631 1028 0.00 0.00 0.00 0.00 0.00 0.00 0.00
