pedestrian 0.00 0 0.00 877 365 883 384 0.00 0.00 0.00 0.00 0.00 0.00 0.00
pedestrian 0.00 0 0.00 677 206 681 220 0.00 0.00 0.00 0.00 0.00 0.00 0.00
pedestrian 0.00 0 0.00 683 206 687 221 0.00 0.00 0.00 0.00 0.00 0.00 0.00
bicycle 0.00 0 0.00 655 529 677 543 0.00 0.00 0.00 0.00 0.00 0.00 0.00
pedestrian 0.00 0 0.00 639 801 652 827 0.00 0.00 0.00 0.00 0.00 0.00 0.00
bicycle 0.00 0 0.00 622 806 648 822 0.00 0.00 0.00 0.00 0.00 0.00 0.00
bicycle 0.00 0 0.00 659 764 690 780 0.00 0.00 0.00 0.00 0.00 0.00 0.00
pedestrian 0.00 0 0.00 624 1211 643 1243 0.00 0.00 0.00 0.00 0.00 0.00 0.00
pedestrian 0.00 0 0.00 658 1277 685 1302 0.00 0.00 0.00 0.00 0.00 0.00 0.00
bicycle 0.00 0 0.00 903 893 931 912 0.00 0.00 0.00 0.00 0.00 0.00 0.00
pedestrian 0.00 0 0.00 911 883 922 906 0.00 0.00 0.00 0.00 0.00 0.00 0.00
bicycle 0.00 0 0.00 1121 852 1147 873 0.00 0.00 0.00 0.00 0.00 0.00 0.00
bicycle 0.00 0 0.00 1142 847 1156 873 0.00 0.00 0.00 0.00 0.00 0.00 0.00
pedestrian 0.00 0 0.00 1096 978 1109 1001 0.00 0.00 0.00 0.00 0.00 0.00 0.00
bicycle 0.00 0 0.00 1279 846 1307 867 0.00 0.00 0.00 0.00 0.00 0.00 0.00
bicycle 0.00 0 0.00 1304 1301 1333 1338 0.00 0.00 0.00 0.00 0.00 0.00 0.00
bicycle 0.00 0 0.00 1288 1335 1312 1371 0.00 0.00 0.00 0.00 0.00 0.00 0.00
bicycle 0.00 0 0.00 1379 1354 1404 1399 0.00 0.00 0.00 0.00 0.00 0.00 0.00
pedestrian 0.00 0 0.00 1643 1340 1661 1368 0.00 0.00 0.00 0.00 0.00 0.00 0.00
pedestrian 0.00 0 0.00 1662 1361 1677 1395 0.00 0.00 0.00 0.00 0.00 0.00 0.00
pedestrian 0.00 0 0.00 1672 1345 1689 1376 0.00 0.00 0.00 0.00 0.00 0.00 0.00
