car 0.00 0 0.00 789 271 837 311 0.00 0.00 0.00 0.00 0.00 0.00 0.00
car 0.00 0 0.00 1117 16 1142 39 0.00 0.00 0.00 0.00 0.00 0.00 0.00
car 0.00 0 0.00 734 343 787 388 0.00 0.00 0.00 0.00 0.00 0.00 0.00
car 0.00 0 0.00 182 546 283 609 0.00 0.00 0.00 0.00 0.00 0.00 0.00
bus 0.00 0 0.00 200 570 367 723 0.00 0.00 0.00 0.00 0.00 0.00 0.00
pedestrian 0.00 0 0.00 1050 656 1067 686 0.00 0.00 0.00 0.00 0.00 0.00 0.00
car 0.00 0 0.00 796 72 816 95 0.00 0.00 0.00 0.00 0.00 0.00 0.00
pedestrian 0.00 0 0.00 730 170 742 194 0.00 0.00 0.00 0.00 0.00 0.00 0.00
pedestrian 0.00 0 0.00 553 257 565 280 0.00 0.00 0.00 0.00 0.00 0.00 0.00
pedestrian 0.00 0 0.00 580 226 594 247 0.00 0.00 0.00 0.00 0.00 0.00 0.00
pedestrian 0.00 0 0.00 653 221 662 240 0.00 0.00 0.00 0.00 0.00 0.00 0.00
pedestrian 0.00 0 0.00 668 209 677 228 0.00 0.00 0.00 0.00 0.00 0.00 0.00
car 0.00 0 0.00 592 396 667 448 0.00 0.00 0.00 0.00 0.00 0.00 0.00
