car 0.00 0 0.00 800 567 819 583 0.00 0.00 0.00 0.00 0.00 0.00 0.00
van 0.00 0 0.00 800 553 814 568 0.00 0.00 0.00 0.00 0.00 0.00 0.00
van 0.00 0 0.00 807 546 820 560 0.00 0.00 0.00 0.00 0.00 0.00 0.00
van 0.00 0 0.00 803 527 820 550 0.00 0.00 0.00 0.00 0.00 0.00 0.00
car 0.00 0 0.00 781 530 802 539 0.00 0.00 0.00 0.00 0.00 0.00 0.00
car 0.00 0 0.00 732 527 758 537 0.00 0.00 0.00 0.00 0.00 0.00 0.00
truck 0.00 0 0.00 831 550 851 578 0.00 0.00 0.00 0.00 0.00 0.00 0.00
car 0.00 0 0.00 827 534 840 543 0.00 0.00 0.00 0.00 0.00 0.00 0.00
truck 0.00 0 0.00 826 541 840 559 0.00 0.00 0.00 0.00 0.00 0.00 0.00
car 0.00 0 0.00 829 653 857 679 0.00 0.00 0.00 0.00 0.00 0.00 0.00
car 0.00 0 0.00 785 696 818 733 0.00 0.00 0.00 0.00 0.00 0.00 0.00
van 0.00 0 0.00 7 1162 216 1296 0.00 0.00 0.00 0.00 0.00 0.00 0.00
car 0.00 0 0.00 1072 1214 1278 1362 0.00 0.00 0.00 0.00 0.00 0.00 0.00
car 0.00 0 0.00 1441 1078 1636 1164 0.00 0.00 0.00 0.00 0.00 0.00 0.00
car 0.00 0 0.00 1534 1380 1673 1500 0.00 0.00 0.00 0.00 0.00 0.00 0.00
bicycle 0.00 0 0.00 1059 1418 1144 1480 0.00 0.00 0.00 0.00 0.00 0.00 0.00
people 0.00 0 0.00 1078 1401 1123 1479 0.00 0.00 0.00 0.00 0.00 0.00 0.00
