car 0.00 0 0.00 116 411 194 441 0.00 0.00 0.00 0.00 0.00 0.00 0.00
car 0.00 0 0.00 345 350 425 375 0.00 0.00 0.00 0.00 0.00 0.00 0.00
car 0.00 0 0.00 444 681 485 733 0.00 0.00 0.00 0.00 0.00 0.00 0.00
car 0.00 0 0.00 466 652 519 720 0.00 0.00 0.00 0.00 0.00 0.00 0.00
car 0.00 0 0.00 500 636 548 696 0.00 0.00 0.00 0.00 0.00 0.00 0.00
truck 0.00 0 0.00 508 588 590 693 0.00 0.00 0.00 0.00 0.00 0.00 0.00
car 0.00 0 0.00 563 590 613 655 0.00 0.00 0.00 0.00 0.00 0.00 0.00
car 0.00 0 0.00 594 576 640 634 0.00 0.00 0.00 0.00 0.00 0.00 0.00
car 0.00 0 0.00 625 559 678 622 0.00 0.00 0.00 0.00 0.00 0.00 0.00
car 0.00 0 0.00 704 526 734 592 0.00 0.00 0.00 0.00 0.00 0.00 0.00
bus 0.00 0 0.00 740 529 768 596 0.00 0.00 0.00 0.00 0.00 0.00 0.00
car 0.00 0 0.00 677 744 714 787 0.00 0.00 0.00 0.00 0.00 0.00 0.00
car 0.00 0 0.00 718 757 751 787 0.00 0.00 0.00 0.00 0.00 0.00 0.00
car 0.00 0 0.00 755 763 785 787 0.00 0.00 0.00 0.00 0.00 0.00 0.00
