car 0.00 0 0.00 693 309 731 328 0.00 0.00 0.00 0.00 0.00 0.00 0.00
van 0.00 0 0.00 785 267 824 293 0.00 0.00 0.00 0.00 0.00 0.00 0.00
car 0.00 0 0.00 808 241 846 257 0.00 0.00 0.00 0.00 0.00 0.00 0.00
car 0.00 0 0.00 882 232 920 250 0.00 0.00 0.00 0.00 0.00 0.00 0.00
car 0.00 0 0.00 991 212 1027 230 0.00 0.00 0.00 0.00 0.00 0.00 0.00
car 0.00 0 0.00 1159 180 1192 198 0.00 0.00 0.00 0.00 0.00 0.00 0.00
bus 0.00 0 0.00 1112 115 1198 150 0.00 0.00 0.00 0.00 0.00 0.00 0.00
bus 0.00 0 0.00 983 129 1056 180 0.00 0.00 0.00 0.00 0.00 0.00 0.00
car 0.00 0 0.00 609 257 644 275 0.00 0.00 0.00 0.00 0.00 0.00 0.00
truck 0.00 0 0.00 458 239 529 271 0.00 0.00 0.00 0.00 0.00 0.00 0.00
car 0.00 0 0.00 728 221 760 241 0.00 0.00 0.00 0.00 0.00 0.00 0.00
car 0.00 0 0.00 685 173 705 192 0.00 0.00 0.00 0.00 0.00 0.00 0.00
truck 0.00 0 0.00 661 106 683 134 0.00 0.00 0.00 0.00 0.00 0.00 0.00
truck 0.00 0 0.00 630 92 654 124 0.00 0.00 0.00 0.00 0.00 0.00 0.00
car 0.00 0 0.00 641 44 659 60 0.00 0.00 0.00 0.00 0.00 0.00 0.00
car 0.00 0 0.00 710 121 730 141 0.00 0.00 0.00 0.00 0.00 0.00 0.00
