pedestrian 0.00 0 0.00 622 709 655 784 0.00 0.00 0.00 0.00 0.00 0.00 0.00
pedestrian 0.00 0 0.00 764 715 798 788 0.00 0.00 0.00 0.00 0.00 0.00 0.00
pedestrian 0.00 0 0.00 686 760 723 831 0.00 0.00 0.00 0.00 0.00 0.00 0.00
pedestrian 0.00 0 0.00 729 693 760 757 0.00 0.00 0.00 0.00 0.00 0.00 0.00
pedestrian 0.00 0 0.00 710 662 744 729 0.00 0.00 0.00 0.00 0.00 0.00 0.00
car 0.00 0 0.00 250 831 401 1050 0.00 0.00 0.00 0.00 0.00 0.00 0.00
car 0.00 0 0.00 408 0 455 51 0.00 0.00 0.00 0.00 0.00 0.00 0.00
car 0.00 0 0.00 224 5 294 33 0.00 0.00 0.00 0.00 0.00 0.00 0.00
car 0.00 0 0.00 232 23 316 54 0.00 0.00 0.00 0.00 0.00 0.00 0.00
car 0.00 0 0.00 210 38 295 77 0.00 0.00 0.00 0.00 0.00 0.00 0.00
car 0.00 0 0.00 280 63 334 128 0.00 0.00 0.00 0.00 0.00 0.00 0.00
car 0.00 0 0.00 248 129 318 205 0.00 0.00 0.00 0.00 0.00 0.00 0.00
car 0.00 0 0.00 186 205 284 317 0.00 0.00 0.00 0.00 0.00 0.00 0.00
van 0.00 0 0.00 110 380 223 539 0.00 0.00 0.00 0.00 0.00 0.00 0.00
car 0.00 0 0.00 440 653 553 883 0.00 0.00 0.00 0.00 0.00 0.00 0.00
car 0.00 0 0.00 674 437 768 559 0.00 0.00 0.00 0.00 0.00 0.00 0.00
pedestrian 0.00 0 0.00 414 570 464 636 0.00 0.00 0.00 0.00 0.00 0.00 0.00
car 0.00 0 0.00 330 410 428 560 0.00 0.00 0.00 0.00 0.00 0.00 0.00
car 0.00 0 0.00 454 355 533 455 0.00 0.00 0.00 0.00 0.00 0.00 0.00
car 0.00 0 0.00 354 298 432 410 0.00 0.00 0.00 0.00 0.00 0.00 0.00
car 0.00 0 0.00 456 269 525 356 0.00 0.00 0.00 0.00 0.00 0.00 0.00
car 0.00 0 0.00 362 215 433 302 0.00 0.00 0.00 0.00 0.00 0.00 0.00
car 0.00 0 0.00 464 186 524 255 0.00 0.00 0.00 0.00 0.00 0.00 0.00
car 0.00 0 0.00 381 142 440 217 0.00 0.00 0.00 0.00 0.00 0.00 0.00
car 0.00 0 0.00 466 101 516 163 0.00 0.00 0.00 0.00 0.00 0.00 0.00
car 0.00 0 0.00 397 69 442 143 0.00 0.00 0.00 0.00 0.00 0.00 0.00
car 0.00 0 0.00 468 55 507 102 0.00 0.00 0.00 0.00 0.00 0.00 0.00
car 0.00 0 0.00 463 15 509 60 0.00 0.00 0.00 0.00 0.00 0.00 0.00
car 0.00 0 0.00 566 1 613 43 0.00 0.00 0.00 0.00 0.00 0.00 0.00
car 0.00 0 0.00 583 33 623 67 0.00 0.00 0.00 0.00 0.00 0.00 0.00
car 0.00 0 0.00 586 61 638 120 0.00 0.00 0.00 0.00 0.00 0.00 0.00
van 0.00 0 0.00 607 109 660 175 0.00 0.00 0.00 0.00 0.00 0.00 0.00
car 0.00 0 0.00 611 177 677 254 0.00 0.00 0.00 0.00 0.00 0.00 0.00
