car 0.00 0 0.00 46 428 99 460 0.00 0.00 0.00 0.00 0.00 0.00 0.00
car 0.00 0 0.00 147 346 193 372 0.00 0.00 0.00 0.00 0.00 0.00 0.00
van 0.00 0 0.00 355 295 389 328 0.00 0.00 0.00 0.00 0.00 0.00 0.00
pedestrian 0.00 0 0.00 224 186 232 197 0.00 0.00 0.00 0.00 0.00 0.00 0.00
pedestrian 0.00 0 0.00 766 755 779 773 0.00 0.00 0.00 0.00 0.00 0.00 0.00
pedestrian 0.00 0 0.00 777 746 787 765 0.00 0.00 0.00 0.00 0.00 0.00 0.00
car 0.00 0 0.00 866 547 909 574 0.00 0.00 0.00 0.00 0.00 0.00 0.00
van 0.00 0 0.00 527 427 569 448 0.00 0.00 0.00 0.00 0.00 0.00 0.00
truck 0.00 0 0.00 749 424 838 478 0.00 0.00 0.00 0.00 0.00 0.00 0.00
car 0.00 0 0.00 858 450 888 480 0.00 0.00 0.00 0.00 0.00 0.00 0.00
car 0.00 0 0.00 890 428 923 457 0.00 0.00 0.00 0.00 0.00 0.00 0.00
car 0.00 0 0.00 900 470 937 501 0.00 0.00 0.00 0.00 0.00 0.00 0.00
van 0.00 0 0.00 928 469 959 505 0.00 0.00 0.00 0.00 0.00 0.00 0.00
van 0.00 0 0.00 948 473 979 513 0.00 0.00 0.00 0.00 0.00 0.00 0.00
car 0.00 0 0.00 965 491 999 524 0.00 0.00 0.00 0.00 0.00 0.00 0.00
car 0.00 0 0.00 987 519 1031 544 0.00 0.00 0.00 0.00 0.00 0.00 0.00
truck 0.00 0 0.00 925 423 965 469 0.00 0.00 0.00 0.00 0.00 0.00 0.00
van 0.00 0 0.00 950 442 979 476 0.00 0.00 0.00 0.00 0.00 0.00 0.00
car 0.00 0 0.00 969 447 996 479 0.00 0.00 0.00 0.00 0.00 0.00 0.00
truck 0.00 0 0.00 983 443 1028 497 0.00 0.00 0.00 0.00 0.00 0.00 0.00
truck 0.00 0 0.00 1007 447 1056 503 0.00 0.00 0.00 0.00 0.00 0.00 0.00
truck 0.00 0 0.00 964 562 1073 632 0.00 0.00 0.00 0.00 0.00 0.00 0.00
truck 0.00 0 0.00 1043 487 1088 547 0.00 0.00 0.00 0.00 0.00 0.00 0.00
truck 0.00 0 0.00 1093 489 1197 569 0.00 0.00 0.00 0.00 0.00 0.00 0.00
truck 0.00 0 0.00 1130 505 1236 582 0.00 0.00 0.00 0.00 0.00 0.00 0.00
car 0.00 0 0.00 1201 540 1256 580 0.00 0.00 0.00 0.00 0.00 0.00 0.00
car 0.00 0 0.00 1217 565 1267 596 0.00 0.00 0.00 0.00 0.00 0.00 0.00
car 0.00 0 0.00 1254 579 1300 617 0.00 0.00 0.00 0.00 0.00 0.00 0.00
car 0.00 0 0.00 1364 621 1400 654 0.00 0.00 0.00 0.00 0.00 0.00 0.00
truck 0.00 0 0.00 1256 675 1393 765 0.00 0.00 0.00 0.00 0.00 0.00 0.00
car 0.00 0 0.00 1023 378 1046 410 0.00 0.00 0.00 0.00 0.00 0.00 0.00
car 0.00 0 0.00 1057 376 1077 399 0.00 0.00 0.00 0.00 0.00 0.00 0.00
bus 0.00 0 0.00 864 398 910 428 0.00 0.00 0.00 0.00 0.00 0.00 0.00
car 0.00 0 0.00 786 392 822 411 0.00 0.00 0.00 0.00 0.00 0.00 0.00
van 0.00 0 0.00 703 369 742 393 0.00 0.00 0.00 0.00 0.00 0.00 0.00
van 0.00 0 0.00 685 349 725 374 0.00 0.00 0.00 0.00 0.00 0.00 0.00
van 0.00 0 0.00 832 341 868 362 0.00 0.00 0.00 0.00 0.00 0.00 0.00
truck 0.00 0 0.00 822 323 878 348 0.00 0.00 0.00 0.00 0.00 0.00 0.00
truck 0.00 0 0.00 680 296 754 332 0.00 0.00 0.00 0.00 0.00 0.00 0.00
truck 0.00 0 0.00 688 280 761 320 0.00 0.00 0.00 0.00 0.00 0.00 0.00
truck 0.00 0 0.00 782 263 822 310 0.00 0.00 0.00 0.00 0.00 0.00 0.00
truck 0.00 0 0.00 698 269 772 310 0.00 0.00 0.00 0.00 0.00 0.00 0.00
bus 0.00 0 0.00 718 267 771 289 0.00 0.00 0.00 0.00 0.00 0.00 0.00
truck 0.00 0 0.00 726 245 796 284 0.00 0.00 0.00 0.00 0.00 0.00 0.00
truck 0.00 0 0.00 753 246 797 273 0.00 0.00 0.00 0.00 0.00 0.00 0.00
truck 0.00 0 0.00 746 227 812 266 0.00 0.00 0.00 0.00 0.00 0.00 0.00
truck 0.00 0 0.00 755 222 818 257 0.00 0.00 0.00 0.00 0.00 0.00 0.00
car 0.00 0 0.00 851 321 885 337 0.00 0.00 0.00 0.00 0.00 0.00 0.00
car 0.00 0 0.00 857 303 894 321 0.00 0.00 0.00 0.00 0.00 0.00 0.00
bus 0.00 0 0.00 856 284 907 307 0.00 0.00 0.00 0.00 0.00 0.00 0.00
car 0.00 0 0.00 874 282 908 301 0.00 0.00 0.00 0.00 0.00 0.00 0.00
car 0.00 0 0.00 878 275 907 289 0.00 0.00 0.00 0.00 0.00 0.00 0.00
car 0.00 0 0.00 885 268 911 281 0.00 0.00 0.00 0.00 0.00 0.00 0.00
bus 0.00 0 0.00 879 253 916 272 0.00 0.00 0.00 0.00 0.00 0.00 0.00
van 0.00 0 0.00 880 217 902 236 0.00 0.00 0.00 0.00 0.00 0.00 0.00
car 0.00 0 0.00 861 205 883 224 0.00 0.00 0.00 0.00 0.00 0.00 0.00
car 0.00 0 0.00 842 162 857 178 0.00 0.00 0.00 0.00 0.00 0.00 0.00
car 0.00 0 0.00 858 147 873 161 0.00 0.00 0.00 0.00 0.00 0.00 0.00
car 0.00 0 0.00 864 127 888 139 0.00 0.00 0.00 0.00 0.00 0.00 0.00
car 0.00 0 0.00 870 120 892 134 0.00 0.00 0.00 0.00 0.00 0.00 0.00
car 0.00 0 0.00 893 109 918 125 0.00 0.00 0.00 0.00 0.00 0.00 0.00
car 0.00 0 0.00 908 135 932 147 0.00 0.00 0.00 0.00 0.00 0.00 0.00
car 0.00 0 0.00 911 105 932 118 0.00 0.00 0.00 0.00 0.00 0.00 0.00
car 0.00 0 0.00 918 102 939 115 0.00 0.00 0.00 0.00 0.00 0.00 0.00
van 0.00 0 0.00 933 92 953 108 0.00 0.00 0.00 0.00 0.00 0.00 0.00
car 0.00 0 0.00 1013 91 1033 101 0.00 0.00 0.00 0.00 0.00 0.00 0.00
car 0.00 0 0.00 1022 85 1041 95 0.00 0.00 0.00 0.00 0.00 0.00 0.00
car 0.00 0 0.00 1025 82 1045 91 0.00 0.00 0.00 0.00 0.00 0.00 0.00
car 0.00 0 0.00 1020 70 1033 81 0.00 0.00 0.00 0.00 0.00 0.00 0.00
car 0.00 0 0.00 790 52 808 67 0.00 0.00 0.00 0.00 0.00 0.00 0.00
