car 0.00 0 0.00 610 240 646 294 0.00 0.00 0.00 0.00 0.00 0.00 0.00
car 0.00 0 0.00 551 260 591 315 0.00 0.00 0.00 0.00 0.00 0.00 0.00
car 0.00 0 0.00 622 519 663 604 0.00 0.00 0.00 0.00 0.00 0.00 0.00
car 0.00 0 0.00 432 732 504 787 0.00 0.00 0.00 0.00 0.00 0.00 0.00
car 0.00 0 0.00 489 607 543 710 0.00 0.00 0.00 0.00 0.00 0.00 0.00
car 0.00 0 0.00 508 523 547 603 0.00 0.00 0.00 0.00 0.00 0.00 0.00
car 0.00 0 0.00 520 460 560 528 0.00 0.00 0.00 0.00 0.00 0.00 0.00
car 0.00 0 0.00 528 353 569 435 0.00 0.00 0.00 0.00 0.00 0.00 0.00
car 0.00 0 0.00 573 353 614 430 0.00 0.00 0.00 0.00 0.00 0.00 0.00
car 0.00 0 0.00 548 310 584 366 0.00 0.00 0.00 0.00 0.00 0.00 0.00
car 0.00 0 0.00 600 287 635 357 0.00 0.00 0.00 0.00 0.00 0.00 0.00
pedestrian 0.00 0 0.00 699 180 709 201 0.00 0.00 0.00 0.00 0.00 0.00 0.00
pedestrian 0.00 0 0.00 694 176 707 195 0.00 0.00 0.00 0.00 0.00 0.00 0.00
car 0.00 0 0.00 497 226 554 258 0.00 0.00 0.00 0.00 0.00 0.00 0.00
