car 0.00 0 0.00 873 0 904 24 0.00 0.00 0.00 0.00 0.00 0.00 0.00
pedestrian 0.00 0 0.00 936 0 945 17 0.00 0.00 0.00 0.00 0.00 0.00 0.00
motor 0.00 0 0.00 705 11 731 27 0.00 0.00 0.00 0.00 0.00 0.00 0.00
motor 0.00 0 0.00 706 22 734 39 0.00 0.00 0.00 0.00 0.00 0.00 0.00
motor 0.00 0 0.00 675 51 701 81 0.00 0.00 0.00 0.00 0.00 0.00 0.00
motor 0.00 0 0.00 678 74 705 97 0.00 0.00 0.00 0.00 0.00 0.00 0.00
motor 0.00 0 0.00 690 90 718 111 0.00 0.00 0.00 0.00 0.00 0.00 0.00
motor 0.00 0 0.00 657 200 690 222 0.00 0.00 0.00 0.00 0.00 0.00 0.00
motor 0.00 0 0.00 877 289 906 318 0.00 0.00 0.00 0.00 0.00 0.00 0.00
motor 0.00 0 0.00 877 310 897 338 0.00 0.00 0.00 0.00 0.00 0.00 0.00
motor 0.00 0 0.00 630 284 665 309 0.00 0.00 0.00 0.00 0.00 0.00 0.00
motor 0.00 0 0.00 630 301 663 327 0.00 0.00 0.00 0.00 0.00 0.00 0.00
motor 0.00 0 0.00 610 396 642 426 0.00 0.00 0.00 0.00 0.00 0.00 0.00
motor 0.00 0 0.00 601 420 638 442 0.00 0.00 0.00 0.00 0.00 0.00 0.00
motor 0.00 0 0.00 691 456 710 501 0.00 0.00 0.00 0.00 0.00 0.00 0.00
awning-tricycle 0.00 0 0.00 571 476 632 510 0.00 0.00 0.00 0.00 0.00 0.00 0.00
motor 0.00 0 0.00 635 698 652 739 0.00 0.00 0.00 0.00 0.00 0.00 0.00
motor 0.00 0 0.00 818 804 861 829 0.00 0.00 0.00 0.00 0.00 0.00 0.00
motor 0.00 0 0.00 797 930 838 949 0.00 0.00 0.00 0.00 0.00 0.00 0.00
motor 0.00 0 0.00 799 958 828 1003 0.00 0.00 0.00 0.00 0.00 0.00 0.00
pedestrian 0.00 0 0.00 588 933 610 949 0.00 0.00 0.00 0.00 0.00 0.00 0.00
people 0.00 0 0.00 636 707 651 718 0.00 0.00 0.00 0.00 0.00 0.00 0.00
people 0.00 0 0.00 640 703 651 710 0.00 0.00 0.00 0.00 0.00 0.00 0.00
pedestrian 0.00 0 0.00 872 662 882 684 0.00 0.00 0.00 0.00 0.00 0.00 0.00
people 0.00 0 0.00 692 466 707 493 0.00 0.00 0.00 0.00 0.00 0.00 0.00
motor 0.00 0 0.00 823 469 862 497 0.00 0.00 0.00 0.00 0.00 0.00 0.00
car 0.00 0 0.00 737 10 775 66 0.00 0.00 0.00 0.00 0.00 0.00 0.00
car 0.00 0 0.00 724 69 759 131 0.00 0.00 0.00 0.00 0.00 0.00 0.00
car 0.00 0 0.00 708 131 746 196 0.00 0.00 0.00 0.00 0.00 0.00 0.00
car 0.00 0 0.00 836 238 874 308 0.00 0.00 0.00 0.00 0.00 0.00 0.00
car 0.00 0 0.00 664 296 709 372 0.00 0.00 0.00 0.00 0.00 0.00 0.00
car 0.00 0 0.00 654 380 697 464 0.00 0.00 0.00 0.00 0.00 0.00 0.00
car 0.00 0 0.00 671 560 719 652 0.00 0.00 0.00 0.00 0.00 0.00 0.00
car 0.00 0 0.00 446 470 552 524 0.00 0.00 0.00 0.00 0.00 0.00 0.00
van 0.00 0 0.00 408 529 487 569 0.00 0.00 0.00 0.00 0.00 0.00 0.00
car 0.00 0 0.00 518 555 628 607 0.00 0.00 0.00 0.00 0.00 0.00 0.00
car 0.00 0 0.00 584 623 639 731 0.00 0.00 0.00 0.00 0.00 0.00 0.00
car 0.00 0 0.00 700 659 764 775 0.00 0.00 0.00 0.00 0.00 0.00 0.00
car 0.00 0 0.00 764 729 814 830 0.00 0.00 0.00 0.00 0.00 0.00 0.00
car 0.00 0 0.00 515 882 586 1021 0.00 0.00 0.00 0.00 0.00 0.00 0.00
car 0.00 0 0.00 728 933 789 1050 0.00 0.00 0.00 0.00 0.00 0.00 0.00
