car 0.00 0 0.00 825 508 885 570 0.00 0.00 0.00 0.00 0.00 0.00 0.00
car 0.00 0 0.00 754 489 817 556 0.00 0.00 0.00 0.00 0.00 0.00 0.00
car 0.00 0 0.00 696 485 762 547 0.00 0.00 0.00 0.00 0.00 0.00 0.00
car 0.00 0 0.00 641 467 708 528 0.00 0.00 0.00 0.00 0.00 0.00 0.00
car 0.00 0 0.00 591 458 653 515 0.00 0.00 0.00 0.00 0.00 0.00 0.00
car 0.00 0 0.00 773 404 832 449 0.00 0.00 0.00 0.00 0.00 0.00 0.00
car 0.00 0 0.00 727 399 779 439 0.00 0.00 0.00 0.00 0.00 0.00 0.00
car 0.00 0 0.00 680 395 732 434 0.00 0.00 0.00 0.00 0.00 0.00 0.00
car 0.00 0 0.00 632 395 689 433 0.00 0.00 0.00 0.00 0.00 0.00 0.00
car 0.00 0 0.00 514 383 576 430 0.00 0.00 0.00 0.00 0.00 0.00 0.00
car 0.00 0 0.00 1113 482 1163 543 0.00 0.00 0.00 0.00 0.00 0.00 0.00
car 0.00 0 0.00 1190 481 1247 547 0.00 0.00 0.00 0.00 0.00 0.00 0.00
car 0.00 0 0.00 1098 429 1140 477 0.00 0.00 0.00 0.00 0.00 0.00 0.00
car 0.00 0 0.00 1284 360 1341 393 0.00 0.00 0.00 0.00 0.00 0.00 0.00
car 0.00 0 0.00 1274 313 1304 335 0.00 0.00 0.00 0.00 0.00 0.00 0.00
car 0.00 0 0.00 1242 274 1267 297 0.00 0.00 0.00 0.00 0.00 0.00 0.00
car 0.00 0 0.00 479 440 547 489 0.00 0.00 0.00 0.00 0.00 0.00 0.00
car 0.00 0 0.00 440 535 557 595 0.00 0.00 0.00 0.00 0.00 0.00 0.00
car 0.00 0 0.00 184 338 243 382 0.00 0.00 0.00 0.00 0.00 0.00 0.00
car 0.00 0 0.00 293 503 414 566 0.00 0.00 0.00 0.00 0.00 0.00 0.00
car 0.00 0 0.00 153 480 248 537 0.00 0.00 0.00 0.00 0.00 0.00 0.00
car 0.00 0 0.00 47 466 145 516 0.00 0.00 0.00 0.00 0.00 0.00 0.00
car 0.00 0 0.00 1164 402 1208 450 0.00 0.00 0.00 0.00 0.00 0.00 0.00
car 0.00 0 0.00 1171 367 1210 408 0.00 0.00 0.00 0.00 0.00 0.00 0.00
car 0.00 0 0.00 1004 408 1075 443 0.00 0.00 0.00 0.00 0.00 0.00 0.00
car 0.00 0 0.00 1104 400 1137 443 0.00 0.00 0.00 0.00 0.00 0.00 0.00
car 0.00 0 0.00 1110 358 1148 400 0.00 0.00 0.00 0.00 0.00 0.00 0.00
car 0.00 0 0.00 1262 292 1286 316 0.00 0.00 0.00 0.00 0.00 0.00 0.00
car 0.00 0 0.00 1333 399 1383 435 0.00 0.00 0.00 0.00 0.00 0.00 0.00
car 0.00 0 0.00 1353 438 1400 482 0.00 0.00 0.00 0.00 0.00 0.00 0.00
pedestrian 0.00 0 0.00 1212 741 1252 796 0.00 0.00 0.00 0.00 0.00 0.00 0.00
pedestrian 0.00 0 0.00 634 756 657 818 0.00 0.00 0.00 0.00 0.00 0.00 0.00
pedestrian 0.00 0 0.00 568 710 597 768 0.00 0.00 0.00 0.00 0.00 0.00 0.00
pedestrian 0.00 0 0.00 520 751 545 808 0.00 0.00 0.00 0.00 0.00 0.00 0.00
van 0.00 0 0.00 240 333 289 377 0.00 0.00 0.00 0.00 0.00 0.00 0.00
van 0.00 0 0.00 1179 428 1227 491 0.00 0.00 0.00 0.00 0.00 0.00 0.00
car 0.00 0 0.00 85 381 174 436 0.00 0.00 0.00 0.00 0.00 0.00 0.00
car 0.00 0 0.00 39 381 128 434 0.00 0.00 0.00 0.00 0.00 0.00 0.00
car 0.00 0 0.00 111 390 208 448 0.00 0.00 0.00 0.00 0.00 0.00 0.00
car 0.00 0 0.00 187 406 270 458 0.00 0.00 0.00 0.00 0.00 0.00 0.00
car 0.00 0 0.00 235 416 307 461 0.00 0.00 0.00 0.00 0.00 0.00 0.00
car 0.00 0 0.00 254 423 340 472 0.00 0.00 0.00 0.00 0.00 0.00 0.00
car 0.00 0 0.00 419 431 492 487 0.00 0.00 0.00 0.00 0.00 0.00 0.00
car 0.00 0 0.00 348 436 431 491 0.00 0.00 0.00 0.00 0.00 0.00 0.00
car 0.00 0 0.00 305 429 392 482 0.00 0.00 0.00 0.00 0.00 0.00 0.00
pedestrian 0.00 0 0.00 721 457 740 492 0.00 0.00 0.00 0.00 0.00 0.00 0.00
car 0.00 0 0.00 1001 372 1042 405 0.00 0.00 0.00 0.00 0.00 0.00 0.00
car 0.00 0 0.00 1292 340 1331 367 0.00 0.00 0.00 0.00 0.00 0.00 0.00
car 0.00 0 0.00 1344 354 1400 387 0.00 0.00 0.00 0.00 0.00 0.00 0.00
car 0.00 0 0.00 1340 342 1400 369 0.00 0.00 0.00 0.00 0.00 0.00 0.00
car 0.00 0 0.00 1318 325 1380 352 0.00 0.00 0.00 0.00 0.00 0.00 0.00
car 0.00 0 0.00 1292 297 1346 323 0.00 0.00 0.00 0.00 0.00 0.00 0.00
car 0.00 0 0.00 1276 277 1319 298 0.00 0.00 0.00 0.00 0.00 0.00 0.00
car 0.00 0 0.00 1264 259 1304 280 0.00 0.00 0.00 0.00 0.00 0.00 0.00
car 0.00 0 0.00 1237 263 1264 283 0.00 0.00 0.00 0.00 0.00 0.00 0.00
car 0.00 0 0.00 1253 253 1301 275 0.00 0.00 0.00 0.00 0.00 0.00 0.00
car 0.00 0 0.00 1213 229 1233 246 0.00 0.00 0.00 0.00 0.00 0.00 0.00
car 0.00 0 0.00 1201 209 1219 224 0.00 0.00 0.00 0.00 0.00 0.00 0.00
car 0.00 0 0.00 1188 193 1201 205 0.00 0.00 0.00 0.00 0.00 0.00 0.00
car 0.00 0 0.00 1204 220 1224 238 0.00 0.00 0.00 0.00 0.00 0.00 0.00
car 0.00 0 0.00 1172 177 1187 188 0.00 0.00 0.00 0.00 0.00 0.00 0.00
car 0.00 0 0.00 1157 171 1169 184 0.00 0.00 0.00 0.00 0.00 0.00 0.00
car 0.00 0 0.00 1159 154 1167 160 0.00 0.00 0.00 0.00 0.00 0.00 0.00
car 0.00 0 0.00 1122 143 1128 149 0.00 0.00 0.00 0.00 0.00 0.00 0.00
car 0.00 0 0.00 1071 166 1082 176 0.00 0.00 0.00 0.00 0.00 0.00 0.00
