van 0.00 0 0.00 742 730 818 800 0.00 0.00 0.00 0.00 0.00 0.00 0.00
truck 0.00 0 0.00 719 807 834 914 0.00 0.00 0.00 0.00 0.00 0.00 0.00
car 0.00 0 0.00 14 1022 58 1050 0.00 0.00 0.00 0.00 0.00 0.00 0.00
car 0.00 0 0.00 45 986 112 1050 0.00 0.00 0.00 0.00 0.00 0.00 0.00
car 0.00 0 0.00 84 953 148 1040 0.00 0.00 0.00 0.00 0.00 0.00 0.00
car 0.00 0 0.00 129 931 200 1017 0.00 0.00 0.00 0.00 0.00 0.00 0.00
pedestrian 0.00 0 0.00 6 972 27 989 0.00 0.00 0.00 0.00 0.00 0.00 0.00
pedestrian 0.00 0 0.00 111 914 137 925 0.00 0.00 0.00 0.00 0.00 0.00 0.00
pedestrian 0.00 0 0.00 111 901 137 913 0.00 0.00 0.00 0.00 0.00 0.00 0.00
pedestrian 0.00 0 0.00 291 950 306 966 0.00 0.00 0.00 0.00 0.00 0.00 0.00
pedestrian 0.00 0 0.00 306 951 324 967 0.00 0.00 0.00 0.00 0.00 0.00 0.00
motor 0.00 0 0.00 388 1008 417 1031 0.00 0.00 0.00 0.00 0.00 0.00 0.00
people 0.00 0 0.00 391 1015 408 1029 0.00 0.00 0.00 0.00 0.00 0.00 0.00
car 0.00 0 0.00 344 793 421 860 0.00 0.00 0.00 0.00 0.00 0.00 0.00
car 0.00 0 0.00 558 630 637 702 0.00 0.00 0.00 0.00 0.00 0.00 0.00
van 0.00 0 0.00 520 996 600 1050 0.00 0.00 0.00 0.00 0.00 0.00 0.00
car 0.00 0 0.00 632 607 698 678 0.00 0.00 0.00 0.00 0.00 0.00 0.00
car 0.00 0 0.00 667 585 727 650 0.00 0.00 0.00 0.00 0.00 0.00 0.00
car 0.00 0 0.00 692 553 763 623 0.00 0.00 0.00 0.00 0.00 0.00 0.00
car 0.00 0 0.00 729 530 795 602 0.00 0.00 0.00 0.00 0.00 0.00 0.00
tricycle 0.00 0 0.00 799 557 834 620 0.00 0.00 0.00 0.00 0.00 0.00 0.00
pedestrian 0.00 0 0.00 809 520 824 535 0.00 0.00 0.00 0.00 0.00 0.00 0.00
pedestrian 0.00 0 0.00 811 511 822 521 0.00 0.00 0.00 0.00 0.00 0.00 0.00
car 0.00 0 0.00 951 468 1020 531 0.00 0.00 0.00 0.00 0.00 0.00 0.00
pedestrian 0.00 0 0.00 1002 500 1020 514 0.00 0.00 0.00 0.00 0.00 0.00 0.00
car 0.00 0 0.00 914 404 977 472 0.00 0.00 0.00 0.00 0.00 0.00 0.00
truck 0.00 0 0.00 945 368 1045 460 0.00 0.00 0.00 0.00 0.00 0.00 0.00
car 0.00 0 0.00 978 346 1043 411 0.00 0.00 0.00 0.00 0.00 0.00 0.00
van 0.00 0 0.00 1010 321 1085 390 0.00 0.00 0.00 0.00 0.00 0.00 0.00
car 0.00 0 0.00 1073 370 1137 431 0.00 0.00 0.00 0.00 0.00 0.00 0.00
bicycle 0.00 0 0.00 1089 455 1113 476 0.00 0.00 0.00 0.00 0.00 0.00 0.00
people 0.00 0 0.00 1098 450 1114 466 0.00 0.00 0.00 0.00 0.00 0.00 0.00
car 0.00 0 0.00 1120 459 1186 514 0.00 0.00 0.00 0.00 0.00 0.00 0.00
pedestrian 0.00 0 0.00 1207 292 1228 316 0.00 0.00 0.00 0.00 0.00 0.00 0.00
car 0.00 0 0.00 1101 185 1164 243 0.00 0.00 0.00 0.00 0.00 0.00 0.00
car 0.00 0 0.00 1169 141 1234 198 0.00 0.00 0.00 0.00 0.00 0.00 0.00
car 0.00 0 0.00 1183 108 1248 170 0.00 0.00 0.00 0.00 0.00 0.00 0.00
car 0.00 0 0.00 1201 76 1268 137 0.00 0.00 0.00 0.00 0.00 0.00 0.00
van 0.00 0 0.00 1257 24 1324 104 0.00 0.00 0.00 0.00 0.00 0.00 0.00
car 0.00 0 0.00 929 976 998 1050 0.00 0.00 0.00 0.00 0.00 0.00 0.00
car 0.00 0 0.00 962 957 1041 1046 0.00 0.00 0.00 0.00 0.00 0.00 0.00
car 0.00 0 0.00 989 924 1062 1006 0.00 0.00 0.00 0.00 0.00 0.00 0.00
van 0.00 0 0.00 1032 897 1104 979 0.00 0.00 0.00 0.00 0.00 0.00 0.00
car 0.00 0 0.00 1065 864 1139 946 0.00 0.00 0.00 0.00 0.00 0.00 0.00
car 0.00 0 0.00 1096 834 1165 911 0.00 0.00 0.00 0.00 0.00 0.00 0.00
pedestrian 0.00 0 0.00 1134 968 1155 979 0.00 0.00 0.00 0.00 0.00 0.00 0.00
car 0.00 0 0.00 1171 1019 1249 1050 0.00 0.00 0.00 0.00 0.00 0.00 0.00
car 0.00 0 0.00 1287 930 1373 1009 0.00 0.00 0.00 0.00 0.00 0.00 0.00
pedestrian 0.00 0 0.00 1363 837 1389 854 0.00 0.00 0.00 0.00 0.00 0.00 0.00
car 0.00 0 0.00 1184 748 1257 829 0.00 0.00 0.00 0.00 0.00 0.00 0.00
car 0.00 0 0.00 1280 389 1347 446 0.00 0.00 0.00 0.00 0.00 0.00 0.00
