van 0.00 0 0.00 376 48 412 77 0.00 0.00 0.00 0.00 0.00 0.00 0.00
van 0.00 0 0.00 50 304 83 344 0.00 0.00 0.00 0.00 0.00 0.00 0.00
van 0.00 0 0.00 103 449 142 492 0.00 0.00 0.00 0.00 0.00 0.00 0.00
car 0.00 0 0.00 44 423 82 469 0.00 0.00 0.00 0.00 0.00 0.00 0.00
car 0.00 0 0.00 234 512 269 556 0.00 0.00 0.00 0.00 0.00 0.00 0.00
van 0.00 0 0.00 204 499 243 543 0.00 0.00 0.00 0.00 0.00 0.00 0.00
van 0.00 0 0.00 298 546 334 587 0.00 0.00 0.00 0.00 0.00 0.00 0.00
car 0.00 0 0.00 402 563 427 606 0.00 0.00 0.00 0.00 0.00 0.00 0.00
car 0.00 0 0.00 513 963 536 1012 0.00 0.00 0.00 0.00 0.00 0.00 0.00
van 0.00 0 0.00 563 952 585 996 0.00 0.00 0.00 0.00 0.00 0.00 0.00
van 0.00 0 0.00 663 934 687 981 0.00 0.00 0.00 0.00 0.00 0.00 0.00
truck 0.00 0 0.00 692 929 711 976 0.00 0.00 0.00 0.00 0.00 0.00 0.00
car 0.00 0 0.00 773 1036 791 1050 0.00 0.00 0.00 0.00 0.00 0.00 0.00
car 0.00 0 0.00 797 1026 818 1050 0.00 0.00 0.00 0.00 0.00 0.00 0.00
car 0.00 0 0.00 873 1017 894 1050 0.00 0.00 0.00 0.00 0.00 0.00 0.00
truck 0.00 0 0.00 923 1002 952 1050 0.00 0.00 0.00 0.00 0.00 0.00 0.00
car 0.00 0 0.00 483 459 504 503 0.00 0.00 0.00 0.00 0.00 0.00 0.00
car 0.00 0 0.00 509 459 529 497 0.00 0.00 0.00 0.00 0.00 0.00 0.00
car 0.00 0 0.00 534 452 554 495 0.00 0.00 0.00 0.00 0.00 0.00 0.00
van 0.00 0 0.00 621 439 646 482 0.00 0.00 0.00 0.00 0.00 0.00 0.00
motor 0.00 0 0.00 670 473 675 485 0.00 0.00 0.00 0.00 0.00 0.00 0.00
people 0.00 0 0.00 669 471 674 479 0.00 0.00 0.00 0.00 0.00 0.00 0.00
car 0.00 0 0.00 698 426 719 469 0.00 0.00 0.00 0.00 0.00 0.00 0.00
car 0.00 0 0.00 802 410 823 454 0.00 0.00 0.00 0.00 0.00 0.00 0.00
motor 0.00 0 0.00 772 463 781 479 0.00 0.00 0.00 0.00 0.00 0.00 0.00
pedestrian 0.00 0 0.00 840 506 846 513 0.00 0.00 0.00 0.00 0.00 0.00 0.00
van 0.00 0 0.00 588 554 606 594 0.00 0.00 0.00 0.00 0.00 0.00 0.00
car 0.00 0 0.00 638 546 659 592 0.00 0.00 0.00 0.00 0.00 0.00 0.00
car 0.00 0 0.00 837 522 856 561 0.00 0.00 0.00 0.00 0.00 0.00 0.00
van 0.00 0 0.00 901 316 942 348 0.00 0.00 0.00 0.00 0.00 0.00 0.00
motor 0.00 0 0.00 892 421 897 438 0.00 0.00 0.00 0.00 0.00 0.00 0.00
pedestrian 0.00 0 0.00 903 377 912 383 0.00 0.00 0.00 0.00 0.00 0.00 0.00
pedestrian 0.00 0 0.00 923 380 930 384 0.00 0.00 0.00 0.00 0.00 0.00 0.00
pedestrian 0.00 0 0.00 1369 109 1379 117 0.00 0.00 0.00 0.00 0.00 0.00 0.00
car 0.00 0 0.00 1151 58 1189 87 0.00 0.00 0.00 0.00 0.00 0.00 0.00
car 0.00 0 0.00 1128 100 1165 129 0.00 0.00 0.00 0.00 0.00 0.00 0.00
car 0.00 0 0.00 1196 136 1233 163 0.00 0.00 0.00 0.00 0.00 0.00 0.00
van 0.00 0 0.00 1224 146 1262 176 0.00 0.00 0.00 0.00 0.00 0.00 0.00
car 0.00 0 0.00 1271 437 1297 465 0.00 0.00 0.00 0.00 0.00 0.00 0.00
car 0.00 0 0.00 1148 418 1177 456 0.00 0.00 0.00 0.00 0.00 0.00 0.00
van 0.00 0 0.00 1048 475 1079 501 0.00 0.00 0.00 0.00 0.00 0.00 0.00
pedestrian 0.00 0 0.00 1037 478 1046 485 0.00 0.00 0.00 0.00 0.00 0.00 0.00
pedestrian 0.00 0 0.00 260 495 268 500 0.00 0.00 0.00 0.00 0.00 0.00 0.00
pedestrian 0.00 0 0.00 1144 916 1157 924 0.00 0.00 0.00 0.00 0.00 0.00 0.00
car 0.00 0 0.00 1171 854 1195 895 0.00 0.00 0.00 0.00 0.00 0.00 0.00
car 0.00 0 0.00 1057 876 1080 918 0.00 0.00 0.00 0.00 0.00 0.00 0.00
van 0.00 0 0.00 1082 868 1107 912 0.00 0.00 0.00 0.00 0.00 0.00 0.00
car 0.00 0 0.00 1016 881 1039 927 0.00 0.00 0.00 0.00 0.00 0.00 0.00
van 0.00 0 0.00 877 901 896 942 0.00 0.00 0.00 0.00 0.00 0.00 0.00
van 0.00 0 0.00 854 905 872 945 0.00 0.00 0.00 0.00 0.00 0.00 0.00
car 0.00 0 0.00 831 906 851 951 0.00 0.00 0.00 0.00 0.00 0.00 0.00
car 0.00 0 0.00 806 909 826 955 0.00 0.00 0.00 0.00 0.00 0.00 0.00
car 0.00 0 0.00 778 915 802 961 0.00 0.00 0.00 0.00 0.00 0.00 0.00
van 0.00 0 0.00 731 922 752 967 0.00 0.00 0.00 0.00 0.00 0.00 0.00
car 0.00 0 0.00 755 920 775 960 0.00 0.00 0.00 0.00 0.00 0.00 0.00
van 0.00 0 0.00 583 449 605 488 0.00 0.00 0.00 0.00 0.00 0.00 0.00
