pedestrian 0.00 0 0.00 872 503 891 544 0.00 0.00 0.00 0.00 0.00 0.00 0.00
pedestrian 0.00 0 0.00 916 471 938 510 0.00 0.00 0.00 0.00 0.00 0.00 0.00
pedestrian 0.00 0 0.00 894 463 918 501 0.00 0.00 0.00 0.00 0.00 0.00 0.00
bicycle 0.00 0 0.00 1105 478 1148 516 0.00 0.00 0.00 0.00 0.00 0.00 0.00
bicycle 0.00 0 0.00 1158 564 1195 618 0.00 0.00 0.00 0.00 0.00 0.00 0.00
pedestrian 0.00 0 0.00 938 720 961 758 0.00 0.00 0.00 0.00 0.00 0.00 0.00
pedestrian 0.00 0 0.00 1126 756 1149 800 0.00 0.00 0.00 0.00 0.00 0.00 0.00
pedestrian 0.00 0 0.00 1099 749 1119 788 0.00 0.00 0.00 0.00 0.00 0.00 0.00
bicycle 0.00 0 0.00 891 458 910 517 0.00 0.00 0.00 0.00 0.00 0.00 0.00
bicycle 0.00 0 0.00 859 629 915 655 0.00 0.00 0.00 0.00 0.00 0.00 0.00
pedestrian 0.00 0 0.00 882 674 906 706 0.00 0.00 0.00 0.00 0.00 0.00 0.00
pedestrian 0.00 0 0.00 1421 426 1454 448 0.00 0.00 0.00 0.00 0.00 0.00 0.00
pedestrian 0.00 0 0.00 1398 408 1423 435 0.00 0.00 0.00 0.00 0.00 0.00 0.00
pedestrian 0.00 0 0.00 1485 963 1524 997 0.00 0.00 0.00 0.00 0.00 0.00 0.00
