car 0.00 0 0.00 1046 907 1130 1023 0.00 0.00 0.00 0.00 0.00 0.00 0.00
bicycle 0.00 0 0.00 1328 1162 1388 1213 0.00 0.00 0.00 0.00 0.00 0.00 0.00
car 0.00 0 0.00 1237 1005 1352 1138 0.00 0.00 0.00 0.00 0.00 0.00 0.00
car 0.00 0 0.00 1166 858 1258 957 0.00 0.00 0.00 0.00 0.00 0.00 0.00
car 0.00 0 0.00 1090 680 1152 742 0.00 0.00 0.00 0.00 0.00 0.00 0.00
car 0.00 0 0.00 1021 559 1079 613 0.00 0.00 0.00 0.00 0.00 0.00 0.00
car 0.00 0 0.00 984 466 1033 507 0.00 0.00 0.00 0.00 0.00 0.00 0.00
car 0.00 0 0.00 965 428 1005 466 0.00 0.00 0.00 0.00 0.00 0.00 0.00
car 0.00 0 0.00 904 328 941 358 0.00 0.00 0.00 0.00 0.00 0.00 0.00
car 0.00 0 0.00 843 256 881 281 0.00 0.00 0.00 0.00 0.00 0.00 0.00
car 0.00 0 0.00 769 164 796 186 0.00 0.00 0.00 0.00 0.00 0.00 0.00
car 0.00 0 0.00 735 136 756 157 0.00 0.00 0.00 0.00 0.00 0.00 0.00
van 0.00 0 0.00 718 100 743 121 0.00 0.00 0.00 0.00 0.00 0.00 0.00
car 0.00 0 0.00 768 45 805 57 0.00 0.00 0.00 0.00 0.00 0.00 0.00
car 0.00 0 0.00 733 41 767 56 0.00 0.00 0.00 0.00 0.00 0.00 0.00
car 0.00 0 0.00 699 38 733 52 0.00 0.00 0.00 0.00 0.00 0.00 0.00
car 0.00 0 0.00 617 33 649 47 0.00 0.00 0.00 0.00 0.00 0.00 0.00
car 0.00 0 0.00 569 19 588 31 0.00 0.00 0.00 0.00 0.00 0.00 0.00
pedestrian 0.00 0 0.00 624 238 633 262 0.00 0.00 0.00 0.00 0.00 0.00 0.00
car 0.00 0 0.00 531 223 567 256 0.00 0.00 0.00 0.00 0.00 0.00 0.00
car 0.00 0 0.00 524 198 559 226 0.00 0.00 0.00 0.00 0.00 0.00 0.00
car 0.00 0 0.00 432 34 456 52 0.00 0.00 0.00 0.00 0.00 0.00 0.00
