car 0.00 0 0.00 613 730 767 799 0.00 0.00 0.00 0.00 0.00 0.00 0.00
car 0.00 0 0.00 327 794 434 959 0.00 0.00 0.00 0.00 0.00 0.00 0.00
car 0.00 0 0.00 18 803 185 865 0.00 0.00 0.00 0.00 0.00 0.00 0.00
car 0.00 0 0.00 99 729 255 800 0.00 0.00 0.00 0.00 0.00 0.00 0.00
car 0.00 0 0.00 217 655 354 719 0.00 0.00 0.00 0.00 0.00 0.00 0.00
car 0.00 0 0.00 308 551 410 620 0.00 0.00 0.00 0.00 0.00 0.00 0.00
car 0.00 0 0.00 432 531 527 584 0.00 0.00 0.00 0.00 0.00 0.00 0.00
car 0.00 0 0.00 608 655 745 722 0.00 0.00 0.00 0.00 0.00 0.00 0.00
car 0.00 0 0.00 815 738 992 812 0.00 0.00 0.00 0.00 0.00 0.00 0.00
car 0.00 0 0.00 823 592 889 720 0.00 0.00 0.00 0.00 0.00 0.00 0.00
car 0.00 0 0.00 989 603 1051 725 0.00 0.00 0.00 0.00 0.00 0.00 0.00
car 0.00 0 0.00 1057 729 1232 806 0.00 0.00 0.00 0.00 0.00 0.00 0.00
car 0.00 0 0.00 1188 426 1277 508 0.00 0.00 0.00 0.00 0.00 0.00 0.00
car 0.00 0 0.00 846 420 900 492 0.00 0.00 0.00 0.00 0.00 0.00 0.00
car 0.00 0 0.00 633 438 676 522 0.00 0.00 0.00 0.00 0.00 0.00 0.00
car 0.00 0 0.00 564 450 617 524 0.00 0.00 0.00 0.00 0.00 0.00 0.00
car 0.00 0 0.00 1076 607 1185 721 0.00 0.00 0.00 0.00 0.00 0.00 0.00
car 0.00 0 0.00 693 440 743 522 0.00 0.00 0.00 0.00 0.00 0.00 0.00
car 0.00 0 0.00 637 599 770 665 0.00 0.00 0.00 0.00 0.00 0.00 0.00
car 0.00 0 0.00 242 605 376 674 0.00 0.00 0.00 0.00 0.00 0.00 0.00
car 0.00 0 0.00 1233 612 1349 728 0.00 0.00 0.00 0.00 0.00 0.00 0.00
car 0.00 0 0.00 1221 532 1336 585 0.00 0.00 0.00 0.00 0.00 0.00 0.00
car 0.00 0 0.00 1295 582 1400 690 0.00 0.00 0.00 0.00 0.00 0.00 0.00
van 0.00 0 0.00 513 860 668 933 0.00 0.00 0.00 0.00 0.00 0.00 0.00
van 0.00 0 0.00 1144 592 1240 689 0.00 0.00 0.00 0.00 0.00 0.00 0.00
car 0.00 0 0.00 1272 731 1400 804 0.00 0.00 0.00 0.00 0.00 0.00 0.00
car 0.00 0 0.00 0 723 87 795 0.00 0.00 0.00 0.00 0.00 0.00 0.00
pedestrian 0.00 0 0.00 1105 432 1120 482 0.00 0.00 0.00 0.00 0.00 0.00 0.00
pedestrian 0.00 0 0.00 1371 601 1390 654 0.00 0.00 0.00 0.00 0.00 0.00 0.00
pedestrian 0.00 0 0.00 1153 378 1175 417 0.00 0.00 0.00 0.00 0.00 0.00 0.00
motor 0.00 0 0.00 963 399 979 433 0.00 0.00 0.00 0.00 0.00 0.00 0.00
motor 0.00 0 0.00 1314 382 1328 418 0.00 0.00 0.00 0.00 0.00 0.00 0.00
motor 0.00 0 0.00 1299 385 1320 419 0.00 0.00 0.00 0.00 0.00 0.00 0.00
motor 0.00 0 0.00 1336 419 1386 443 0.00 0.00 0.00 0.00 0.00 0.00 0.00
bicycle 0.00 0 0.00 1223 387 1246 421 0.00 0.00 0.00 0.00 0.00 0.00 0.00
bicycle 0.00 0 0.00 1091 392 1114 427 0.00 0.00 0.00 0.00 0.00 0.00 0.00
bicycle 0.00 0 0.00 1185 391 1213 420 0.00 0.00 0.00 0.00 0.00 0.00 0.00
bicycle 0.00 0 0.00 1199 388 1221 420 0.00 0.00 0.00 0.00 0.00 0.00 0.00
