pedestrian 0.00 0 0.00 338 865 376 917 0.00 0.00 0.00 0.00 0.00 0.00 0.00
car 0.00 0 0.00 704 385 822 476 0.00 0.00 0.00 0.00 0.00 0.00 0.00
car 0.00 0 0.00 589 355 738 449 0.00 0.00 0.00 0.00 0.00 0.00 0.00
car 0.00 0 0.00 621 299 738 381 0.00 0.00 0.00 0.00 0.00 0.00 0.00
car 0.00 0 0.00 597 250 714 332 0.00 0.00 0.00 0.00 0.00 0.00 0.00
car 0.00 0 0.00 639 201 757 274 0.00 0.00 0.00 0.00 0.00 0.00 0.00
car 0.00 0 0.00 637 149 755 202 0.00 0.00 0.00 0.00 0.00 0.00 0.00
car 0.00 0 0.00 643 52 748 96 0.00 0.00 0.00 0.00 0.00 0.00 0.00
car 0.00 0 0.00 497 115 548 185 0.00 0.00 0.00 0.00 0.00 0.00 0.00
car 0.00 0 0.00 466 187 529 270 0.00 0.00 0.00 0.00 0.00 0.00 0.00
car 0.00 0 0.00 410 256 502 335 0.00 0.00 0.00 0.00 0.00 0.00 0.00
car 0.00 0 0.00 339 354 471 455 0.00 0.00 0.00 0.00 0.00 0.00 0.00
car 0.00 0 0.00 298 466 456 579 0.00 0.00 0.00 0.00 0.00 0.00 0.00
car 0.00 0 0.00 157 822 290 987 0.00 0.00 0.00 0.00 0.00 0.00 0.00
car 0.00 0 0.00 916 67 1008 117 0.00 0.00 0.00 0.00 0.00 0.00 0.00
car 0.00 0 0.00 883 157 929 239 0.00 0.00 0.00 0.00 0.00 0.00 0.00
car 0.00 0 0.00 774 47 868 102 0.00 0.00 0.00 0.00 0.00 0.00 0.00
van 0.00 0 0.00 860 353 928 493 0.00 0.00 0.00 0.00 0.00 0.00 0.00
car 0.00 0 0.00 134 35 210 103 0.00 0.00 0.00 0.00 0.00 0.00 0.00
car 0.00 0 0.00 0 247 66 353 0.00 0.00 0.00 0.00 0.00 0.00 0.00
car 0.00 0 0.00 55 629 225 826 0.00 0.00 0.00 0.00 0.00 0.00 0.00
car 0.00 0 0.00 0 913 82 1044 0.00 0.00 0.00 0.00 0.00 0.00 0.00
bicycle 0.00 0 0.00 717 25 740 50 0.00 0.00 0.00 0.00 0.00 0.00 0.00
tricycle 0.00 0 0.00 880 67 903 110 0.00 0.00 0.00 0.00 0.00 0.00 0.00
