pedestrian 0.00 0 0.00 903 973 920 1004 0.00 0.00 0.00 0.00 0.00 0.00 0.00
awning-tricycle 0.00 0 0.00 914 621 959 666 0.00 0.00 0.00 0.00 0.00 0.00 0.00
awning-tricycle 0.00 0 0.00 845 647 892 704 0.00 0.00 0.00 0.00 0.00 0.00 0.00
car 0.00 0 0.00 824 601 910 671 0.00 0.00 0.00 0.00 0.00 0.00 0.00
awning-tricycle 0.00 0 0.00 912 559 970 611 0.00 0.00 0.00 0.00 0.00 0.00 0.00
car 0.00 0 0.00 883 529 960 593 0.00 0.00 0.00 0.00 0.00 0.00 0.00
car 0.00 0 0.00 772 540 849 599 0.00 0.00 0.00 0.00 0.00 0.00 0.00
pedestrian 0.00 0 0.00 1139 479 1153 509 0.00 0.00 0.00 0.00 0.00 0.00 0.00
motor 0.00 0 0.00 1170 404 1190 433 0.00 0.00 0.00 0.00 0.00 0.00 0.00
motor 0.00 0 0.00 1242 394 1275 422 0.00 0.00 0.00 0.00 0.00 0.00 0.00
car 0.00 0 0.00 1077 384 1138 436 0.00 0.00 0.00 0.00 0.00 0.00 0.00
car 0.00 0 0.00 971 399 1036 456 0.00 0.00 0.00 0.00 0.00 0.00 0.00
car 0.00 0 0.00 931 421 1002 473 0.00 0.00 0.00 0.00 0.00 0.00 0.00
car 0.00 0 0.00 890 438 969 491 0.00 0.00 0.00 0.00 0.00 0.00 0.00
car 0.00 0 0.00 856 489 940 526 0.00 0.00 0.00 0.00 0.00 0.00 0.00
tricycle 0.00 0 0.00 829 459 864 494 0.00 0.00 0.00 0.00 0.00 0.00 0.00
car 0.00 0 0.00 745 510 830 566 0.00 0.00 0.00 0.00 0.00 0.00 0.00
car 0.00 0 0.00 664 462 745 517 0.00 0.00 0.00 0.00 0.00 0.00 0.00
van 0.00 0 0.00 641 431 712 491 0.00 0.00 0.00 0.00 0.00 0.00 0.00
van 0.00 0 0.00 613 405 686 459 0.00 0.00 0.00 0.00 0.00 0.00 0.00
car 0.00 0 0.00 501 550 571 608 0.00 0.00 0.00 0.00 0.00 0.00 0.00
car 0.00 0 0.00 561 604 633 676 0.00 0.00 0.00 0.00 0.00 0.00 0.00
car 0.00 0 0.00 264 981 356 1077 0.00 0.00 0.00 0.00 0.00 0.00 0.00
car 0.00 0 0.00 335 944 426 1050 0.00 0.00 0.00 0.00 0.00 0.00 0.00
car 0.00 0 0.00 422 846 537 946 0.00 0.00 0.00 0.00 0.00 0.00 0.00
car 0.00 0 0.00 549 779 649 875 0.00 0.00 0.00 0.00 0.00 0.00 0.00
car 0.00 0 0.00 358 246 406 289 0.00 0.00 0.00 0.00 0.00 0.00 0.00
van 0.00 0 0.00 305 180 338 225 0.00 0.00 0.00 0.00 0.00 0.00 0.00
motor 0.00 0 0.00 1526 426 1556 444 0.00 0.00 0.00 0.00 0.00 0.00 0.00
people 0.00 0 0.00 1534 420 1546 443 0.00 0.00 0.00 0.00 0.00 0.00 0.00
motor 0.00 0 0.00 1395 117 1417 133 0.00 0.00 0.00 0.00 0.00 0.00 0.00
pedestrian 0.00 0 0.00 1378 115 1387 131 0.00 0.00 0.00 0.00 0.00 0.00 0.00
motor 0.00 0 0.00 1652 126 1671 145 0.00 0.00 0.00 0.00 0.00 0.00 0.00
pedestrian 0.00 0 0.00 1568 82 1578 105 0.00 0.00 0.00 0.00 0.00 0.00 0.00
people 0.00 0 0.00 1538 90 1546 102 0.00 0.00 0.00 0.00 0.00 0.00 0.00
motor 0.00 0 0.00 1533 95 1545 112 0.00 0.00 0.00 0.00 0.00 0.00 0.00
pedestrian 0.00 0 0.00 1492 87 1504 110 0.00 0.00 0.00 0.00 0.00 0.00 0.00
motor 0.00 0 0.00 1495 52 1520 71 0.00 0.00 0.00 0.00 0.00 0.00 0.00
pedestrian 0.00 0 0.00 1432 78 1447 99 0.00 0.00 0.00 0.00 0.00 0.00 0.00
car 0.00 0 0.00 1731 23 1766 55 0.00 0.00 0.00 0.00 0.00 0.00 0.00
awning-tricycle 0.00 0 0.00 1760 215 1802 257 0.00 0.00 0.00 0.00 0.00 0.00 0.00
pedestrian 0.00 0 0.00 1781 169 1797 191 0.00 0.00 0.00 0.00 0.00 0.00 0.00
van 0.00 0 0.00 1876 0 1909 25 0.00 0.00 0.00 0.00 0.00 0.00 0.00
car 0.00 0 0.00 1576 64 1612 95 0.00 0.00 0.00 0.00 0.00 0.00 0.00
van 0.00 0 0.00 1234 80 1283 116 0.00 0.00 0.00 0.00 0.00 0.00 0.00
car 0.00 0 0.00 1234 42 1291 73 0.00 0.00 0.00 0.00 0.00 0.00 0.00
car 0.00 0 0.00 1177 68 1234 103 0.00 0.00 0.00 0.00 0.00 0.00 0.00
car 0.00 0 0.00 1132 70 1186 100 0.00 0.00 0.00 0.00 0.00 0.00 0.00
motor 0.00 0 0.00 1185 17 1202 36 0.00 0.00 0.00 0.00 0.00 0.00 0.00
car 0.00 0 0.00 1000 97 1058 140 0.00 0.00 0.00 0.00 0.00 0.00 0.00
car 0.00 0 0.00 938 81 995 114 0.00 0.00 0.00 0.00 0.00 0.00 0.00
car 0.00 0 0.00 883 57 937 93 0.00 0.00 0.00 0.00 0.00 0.00 0.00
car 0.00 0 0.00 960 0 1008 27 0.00 0.00 0.00 0.00 0.00 0.00 0.00
