car 0.00 0 0.00 576 806 651 984 0.00 0.00 0.00 0.00 0.00 0.00 0.00
car 0.00 0 0.00 763 543 818 642 0.00 0.00 0.00 0.00 0.00 0.00 0.00
car 0.00 0 0.00 901 364 968 446 0.00 0.00 0.00 0.00 0.00 0.00 0.00
car 0.00 0 0.00 599 505 658 633 0.00 0.00 0.00 0.00 0.00 0.00 0.00
car 0.00 0 0.00 621 413 666 507 0.00 0.00 0.00 0.00 0.00 0.00 0.00
car 0.00 0 0.00 621 328 666 412 0.00 0.00 0.00 0.00 0.00 0.00 0.00
car 0.00 0 0.00 724 279 765 356 0.00 0.00 0.00 0.00 0.00 0.00 0.00
car 0.00 0 0.00 1021 468 1104 569 0.00 0.00 0.00 0.00 0.00 0.00 0.00
car 0.00 0 0.00 822 69 859 105 0.00 0.00 0.00 0.00 0.00 0.00 0.00
car 0.00 0 0.00 1202 522 1300 632 0.00 0.00 0.00 0.00 0.00 0.00 0.00
car 0.00 0 0.00 1158 434 1248 524 0.00 0.00 0.00 0.00 0.00 0.00 0.00
car 0.00 0 0.00 1099 349 1176 424 0.00 0.00 0.00 0.00 0.00 0.00 0.00
car 0.00 0 0.00 1049 281 1114 343 0.00 0.00 0.00 0.00 0.00 0.00 0.00
car 0.00 0 0.00 223 779 342 956 0.00 0.00 0.00 0.00 0.00 0.00 0.00
car 0.00 0 0.00 350 489 421 596 0.00 0.00 0.00 0.00 0.00 0.00 0.00
car 0.00 0 0.00 415 303 476 389 0.00 0.00 0.00 0.00 0.00 0.00 0.00
car 0.00 0 0.00 466 193 509 255 0.00 0.00 0.00 0.00 0.00 0.00 0.00
car 0.00 0 0.00 490 150 524 194 0.00 0.00 0.00 0.00 0.00 0.00 0.00
car 0.00 0 0.00 535 10 573 41 0.00 0.00 0.00 0.00 0.00 0.00 0.00
car 0.00 0 0.00 675 27 700 62 0.00 0.00 0.00 0.00 0.00 0.00 0.00
car 0.00 0 0.00 914 35 950 67 0.00 0.00 0.00 0.00 0.00 0.00 0.00
car 0.00 0 0.00 938 67 972 100 0.00 0.00 0.00 0.00 0.00 0.00 0.00
car 0.00 0 0.00 955 96 989 130 0.00 0.00 0.00 0.00 0.00 0.00 0.00
car 0.00 0 0.00 998 166 1043 218 0.00 0.00 0.00 0.00 0.00 0.00 0.00
car 0.00 0 0.00 448 250 496 315 0.00 0.00 0.00 0.00 0.00 0.00 0.00
car 0.00 0 0.00 502 116 532 156 0.00 0.00 0.00 0.00 0.00 0.00 0.00
car 0.00 0 0.00 512 83 547 129 0.00 0.00 0.00 0.00 0.00 0.00 0.00
car 0.00 0 0.00 522 49 554 92 0.00 0.00 0.00 0.00 0.00 0.00 0.00
car 0.00 0 0.00 633 210 673 268 0.00 0.00 0.00 0.00 0.00 0.00 0.00
car 0.00 0 0.00 640 165 676 216 0.00 0.00 0.00 0.00 0.00 0.00 0.00
car 0.00 0 0.00 642 122 674 169 0.00 0.00 0.00 0.00 0.00 0.00 0.00
car 0.00 0 0.00 645 87 675 128 0.00 0.00 0.00 0.00 0.00 0.00 0.00
car 0.00 0 0.00 647 6 671 45 0.00 0.00 0.00 0.00 0.00 0.00 0.00
van 0.00 0 0.00 606 644 668 775 0.00 0.00 0.00 0.00 0.00 0.00 0.00
van 0.00 0 0.00 297 612 387 758 0.00 0.00 0.00 0.00 0.00 0.00 0.00
van 0.00 0 0.00 388 383 450 478 0.00 0.00 0.00 0.00 0.00 0.00 0.00
car 0.00 0 0.00 450 734 568 884 0.00 0.00 0.00 0.00 0.00 0.00 0.00
car 0.00 0 0.00 541 344 597 429 0.00 0.00 0.00 0.00 0.00 0.00 0.00
car 0.00 0 0.00 555 225 622 287 0.00 0.00 0.00 0.00 0.00 0.00 0.00
car 0.00 0 0.00 565 190 623 243 0.00 0.00 0.00 0.00 0.00 0.00 0.00
car 0.00 0 0.00 578 119 636 165 0.00 0.00 0.00 0.00 0.00 0.00 0.00
car 0.00 0 0.00 592 76 639 114 0.00 0.00 0.00 0.00 0.00 0.00 0.00
car 0.00 0 0.00 595 49 641 83 0.00 0.00 0.00 0.00 0.00 0.00 0.00
car 0.00 0 0.00 1222 407 1350 471 0.00 0.00 0.00 0.00 0.00 0.00 0.00
car 0.00 0 0.00 1190 337 1277 408 0.00 0.00 0.00 0.00 0.00 0.00 0.00
car 0.00 0 0.00 1174 294 1250 362 0.00 0.00 0.00 0.00 0.00 0.00 0.00
car 0.00 0 0.00 1125 253 1211 320 0.00 0.00 0.00 0.00 0.00 0.00 0.00
car 0.00 0 0.00 1093 216 1163 277 0.00 0.00 0.00 0.00 0.00 0.00 0.00
car 0.00 0 0.00 1070 177 1130 229 0.00 0.00 0.00 0.00 0.00 0.00 0.00
car 0.00 0 0.00 1046 139 1099 191 0.00 0.00 0.00 0.00 0.00 0.00 0.00
car 0.00 0 0.00 1025 119 1096 158 0.00 0.00 0.00 0.00 0.00 0.00 0.00
car 0.00 0 0.00 1024 96 1086 135 0.00 0.00 0.00 0.00 0.00 0.00 0.00
car 0.00 0 0.00 995 91 1048 119 0.00 0.00 0.00 0.00 0.00 0.00 0.00
car 0.00 0 0.00 979 67 1037 92 0.00 0.00 0.00 0.00 0.00 0.00 0.00
car 0.00 0 0.00 973 51 1035 77 0.00 0.00 0.00 0.00 0.00 0.00 0.00
car 0.00 0 0.00 962 29 1022 56 0.00 0.00 0.00 0.00 0.00 0.00 0.00
car 0.00 0 0.00 1051 34 1086 69 0.00 0.00 0.00 0.00 0.00 0.00 0.00
car 0.00 0 0.00 942 3 972 34 0.00 0.00 0.00 0.00 0.00 0.00 0.00
car 0.00 0 0.00 907 13 936 38 0.00 0.00 0.00 0.00 0.00 0.00 0.00
car 0.00 0 0.00 976 3 1007 30 0.00 0.00 0.00 0.00 0.00 0.00 0.00
car 0.00 0 0.00 1148 80 1224 110 0.00 0.00 0.00 0.00 0.00 0.00 0.00
car 0.00 0 0.00 1163 91 1237 129 0.00 0.00 0.00 0.00 0.00 0.00 0.00
car 0.00 0 0.00 1115 27 1184 55 0.00 0.00 0.00 0.00 0.00 0.00 0.00
car 0.00 0 0.00 1070 4 1124 29 0.00 0.00 0.00 0.00 0.00 0.00 0.00
car 0.00 0 0.00 979 130 1024 167 0.00 0.00 0.00 0.00 0.00 0.00 0.00
van 0.00 0 0.00 1020 218 1075 275 0.00 0.00 0.00 0.00 0.00 0.00 0.00
van 0.00 0 0.00 1004 70 1064 103 0.00 0.00 0.00 0.00 0.00 0.00 0.00
car 0.00 0 0.00 1287 657 1400 818 0.00 0.00 0.00 0.00 0.00 0.00 0.00
car 0.00 0 0.00 1073 935 1198 1050 0.00 0.00 0.00 0.00 0.00 0.00 0.00
van 0.00 0 0.00 849 0 875 30 0.00 0.00 0.00 0.00 0.00 0.00 0.00
car 0.00 0 0.00 1280 465 1400 538 0.00 0.00 0.00 0.00 0.00 0.00 0.00
car 0.00 0 0.00 1274 510 1400 595 0.00 0.00 0.00 0.00 0.00 0.00 0.00
pedestrian 0.00 0 0.00 1223 231 1241 267 0.00 0.00 0.00 0.00 0.00 0.00 0.00
truck 0.00 0 0.00 420 12 463 77 0.00 0.00 0.00 0.00 0.00 0.00 0.00
