pedestrian 0.00 0 0.00 231 182 237 191 0.00 0.00 0.00 0.00 0.00 0.00 0.00
car 0.00 0 0.00 8 560 32 596 0.00 0.00 0.00 0.00 0.00 0.00 0.00
car 0.00 0 0.00 33 556 59 593 0.00 0.00 0.00 0.00 0.00 0.00 0.00
car 0.00 0 0.00 72 554 98 589 0.00 0.00 0.00 0.00 0.00 0.00 0.00
car 0.00 0 0.00 125 552 148 589 0.00 0.00 0.00 0.00 0.00 0.00 0.00
car 0.00 0 0.00 162 549 185 587 0.00 0.00 0.00 0.00 0.00 0.00 0.00
car 0.00 0 0.00 188 548 210 587 0.00 0.00 0.00 0.00 0.00 0.00 0.00
car 0.00 0 0.00 215 549 234 577 0.00 0.00 0.00 0.00 0.00 0.00 0.00
car 0.00 0 0.00 1 633 28 669 0.00 0.00 0.00 0.00 0.00 0.00 0.00
car 0.00 0 0.00 74 630 97 664 0.00 0.00 0.00 0.00 0.00 0.00 0.00
car 0.00 0 0.00 96 629 123 667 0.00 0.00 0.00 0.00 0.00 0.00 0.00
car 0.00 0 0.00 144 625 168 661 0.00 0.00 0.00 0.00 0.00 0.00 0.00
car 0.00 0 0.00 166 624 190 661 0.00 0.00 0.00 0.00 0.00 0.00 0.00
car 0.00 0 0.00 190 626 213 663 0.00 0.00 0.00 0.00 0.00 0.00 0.00
car 0.00 0 0.00 22 728 48 765 0.00 0.00 0.00 0.00 0.00 0.00 0.00
motor 0.00 0 0.00 136 835 152 841 0.00 0.00 0.00 0.00 0.00 0.00 0.00
people 0.00 0 0.00 142 835 149 840 0.00 0.00 0.00 0.00 0.00 0.00 0.00
pedestrian 0.00 0 0.00 2 927 15 932 0.00 0.00 0.00 0.00 0.00 0.00 0.00
pedestrian 0.00 0 0.00 16 936 27 941 0.00 0.00 0.00 0.00 0.00 0.00 0.00
car 0.00 0 0.00 0 948 34 970 0.00 0.00 0.00 0.00 0.00 0.00 0.00
car 0.00 0 0.00 45 945 86 964 0.00 0.00 0.00 0.00 0.00 0.00 0.00
car 0.00 0 0.00 97 941 143 961 0.00 0.00 0.00 0.00 0.00 0.00 0.00
car 0.00 0 0.00 152 939 203 960 0.00 0.00 0.00 0.00 0.00 0.00 0.00
car 0.00 0 0.00 261 932 302 951 0.00 0.00 0.00 0.00 0.00 0.00 0.00
car 0.00 0 0.00 313 928 355 949 0.00 0.00 0.00 0.00 0.00 0.00 0.00
car 0.00 0 0.00 365 926 410 944 0.00 0.00 0.00 0.00 0.00 0.00 0.00
car 0.00 0 0.00 469 920 512 940 0.00 0.00 0.00 0.00 0.00 0.00 0.00
car 0.00 0 0.00 531 916 567 934 0.00 0.00 0.00 0.00 0.00 0.00 0.00
car 0.00 0 0.00 566 1030 586 1050 0.00 0.00 0.00 0.00 0.00 0.00 0.00
car 0.00 0 0.00 640 910 678 929 0.00 0.00 0.00 0.00 0.00 0.00 0.00
car 0.00 0 0.00 695 907 736 926 0.00 0.00 0.00 0.00 0.00 0.00 0.00
car 0.00 0 0.00 743 905 780 926 0.00 0.00 0.00 0.00 0.00 0.00 0.00
car 0.00 0 0.00 790 903 834 922 0.00 0.00 0.00 0.00 0.00 0.00 0.00
car 0.00 0 0.00 847 901 880 919 0.00 0.00 0.00 0.00 0.00 0.00 0.00
car 0.00 0 0.00 889 895 942 918 0.00 0.00 0.00 0.00 0.00 0.00 0.00
car 0.00 0 0.00 947 894 988 913 0.00 0.00 0.00 0.00 0.00 0.00 0.00
car 0.00 0 0.00 995 889 1036 911 0.00 0.00 0.00 0.00 0.00 0.00 0.00
car 0.00 0 0.00 1043 890 1083 906 0.00 0.00 0.00 0.00 0.00 0.00 0.00
car 0.00 0 0.00 953 1002 975 1035 0.00 0.00 0.00 0.00 0.00 0.00 0.00
car 0.00 0 0.00 912 1016 935 1050 0.00 0.00 0.00 0.00 0.00 0.00 0.00
bicycle 0.00 0 0.00 1130 998 1142 1009 0.00 0.00 0.00 0.00 0.00 0.00 0.00
car 0.00 0 0.00 1096 884 1135 903 0.00 0.00 0.00 0.00 0.00 0.00 0.00
car 0.00 0 0.00 1276 997 1323 1018 0.00 0.00 0.00 0.00 0.00 0.00 0.00
car 0.00 0 0.00 1328 965 1355 1011 0.00 0.00 0.00 0.00 0.00 0.00 0.00
car 0.00 0 0.00 1353 990 1400 1012 0.00 0.00 0.00 0.00 0.00 0.00 0.00
car 0.00 0 0.00 1365 1015 1400 1035 0.00 0.00 0.00 0.00 0.00 0.00 0.00
pedestrian 0.00 0 0.00 1046 791 1055 798 0.00 0.00 0.00 0.00 0.00 0.00 0.00
people 0.00 0 0.00 1225 807 1233 813 0.00 0.00 0.00 0.00 0.00 0.00 0.00
motor 0.00 0 0.00 1217 807 1236 814 0.00 0.00 0.00 0.00 0.00 0.00 0.00
people 0.00 0 0.00 1280 774 1287 780 0.00 0.00 0.00 0.00 0.00 0.00 0.00
bicycle 0.00 0 0.00 1274 774 1288 780 0.00 0.00 0.00 0.00 0.00 0.00 0.00
people 0.00 0 0.00 431 837 437 843 0.00 0.00 0.00 0.00 0.00 0.00 0.00
motor 0.00 0 0.00 426 838 441 844 0.00 0.00 0.00 0.00 0.00 0.00 0.00
pedestrian 0.00 0 0.00 596 445 601 452 0.00 0.00 0.00 0.00 0.00 0.00 0.00
people 0.00 0 0.00 594 441 598 448 0.00 0.00 0.00 0.00 0.00 0.00 0.00
motor 0.00 0 0.00 589 442 601 448 0.00 0.00 0.00 0.00 0.00 0.00 0.00
pedestrian 0.00 0 0.00 596 420 600 425 0.00 0.00 0.00 0.00 0.00 0.00 0.00
pedestrian 0.00 0 0.00 596 425 602 429 0.00 0.00 0.00 0.00 0.00 0.00 0.00
pedestrian 0.00 0 0.00 480 238 485 247 0.00 0.00 0.00 0.00 0.00 0.00 0.00
car 0.00 0 0.00 236 545 257 582 0.00 0.00 0.00 0.00 0.00 0.00 0.00
car 0.00 0 0.00 387 618 406 653 0.00 0.00 0.00 0.00 0.00 0.00 0.00
car 0.00 0 0.00 416 617 433 655 0.00 0.00 0.00 0.00 0.00 0.00 0.00
car 0.00 0 0.00 485 612 503 651 0.00 0.00 0.00 0.00 0.00 0.00 0.00
car 0.00 0 0.00 384 542 402 576 0.00 0.00 0.00 0.00 0.00 0.00 0.00
van 0.00 0 0.00 408 537 427 569 0.00 0.00 0.00 0.00 0.00 0.00 0.00
car 0.00 0 0.00 432 535 449 568 0.00 0.00 0.00 0.00 0.00 0.00 0.00
car 0.00 0 0.00 459 535 476 569 0.00 0.00 0.00 0.00 0.00 0.00 0.00
car 0.00 0 0.00 527 614 545 647 0.00 0.00 0.00 0.00 0.00 0.00 0.00
car 0.00 0 0.00 551 611 568 644 0.00 0.00 0.00 0.00 0.00 0.00 0.00
van 0.00 0 0.00 571 602 594 646 0.00 0.00 0.00 0.00 0.00 0.00 0.00
car 0.00 0 0.00 596 603 611 636 0.00 0.00 0.00 0.00 0.00 0.00 0.00
car 0.00 0 0.00 622 605 638 643 0.00 0.00 0.00 0.00 0.00 0.00 0.00
car 0.00 0 0.00 682 597 699 631 0.00 0.00 0.00 0.00 0.00 0.00 0.00
van 0.00 0 0.00 712 523 728 563 0.00 0.00 0.00 0.00 0.00 0.00 0.00
car 0.00 0 0.00 693 529 709 564 0.00 0.00 0.00 0.00 0.00 0.00 0.00
car 0.00 0 0.00 630 529 645 564 0.00 0.00 0.00 0.00 0.00 0.00 0.00
car 0.00 0 0.00 581 532 597 566 0.00 0.00 0.00 0.00 0.00 0.00 0.00
pedestrian 0.00 0 0.00 1179 246 1187 255 0.00 0.00 0.00 0.00 0.00 0.00 0.00
pedestrian 0.00 0 0.00 997 142 1002 147 0.00 0.00 0.00 0.00 0.00 0.00 0.00
pedestrian 0.00 0 0.00 1042 187 1046 196 0.00 0.00 0.00 0.00 0.00 0.00 0.00
pedestrian 0.00 0 0.00 1044 191 1050 197 0.00 0.00 0.00 0.00 0.00 0.00 0.00
motor 0.00 0 0.00 977 189 985 195 0.00 0.00 0.00 0.00 0.00 0.00 0.00
motor 0.00 0 0.00 983 193 990 200 0.00 0.00 0.00 0.00 0.00 0.00 0.00
motor 0.00 0 0.00 987 197 995 203 0.00 0.00 0.00 0.00 0.00 0.00 0.00
motor 0.00 0 0.00 991 200 998 206 0.00 0.00 0.00 0.00 0.00 0.00 0.00
pedestrian 0.00 0 0.00 1069 162 1075 171 0.00 0.00 0.00 0.00 0.00 0.00 0.00
pedestrian 0.00 0 0.00 1315 237 1325 245 0.00 0.00 0.00 0.00 0.00 0.00 0.00
car 0.00 0 0.00 1373 60 1398 82 0.00 0.00 0.00 0.00 0.00 0.00 0.00
car 0.00 0 0.00 1334 53 1356 76 0.00 0.00 0.00 0.00 0.00 0.00 0.00
car 0.00 0 0.00 1312 46 1330 67 0.00 0.00 0.00 0.00 0.00 0.00 0.00
car 0.00 0 0.00 1297 43 1313 63 0.00 0.00 0.00 0.00 0.00 0.00 0.00
car 0.00 0 0.00 1277 33 1292 53 0.00 0.00 0.00 0.00 0.00 0.00 0.00
car 0.00 0 0.00 1260 33 1278 56 0.00 0.00 0.00 0.00 0.00 0.00 0.00
pedestrian 0.00 0 0.00 823 401 827 408 0.00 0.00 0.00 0.00 0.00 0.00 0.00
