car 0.00 0 0.00 407 1204 489 1354 0.00 0.00 0.00 0.00 0.00 0.00 0.00
car 0.00 0 0.00 261 850 377 918 0.00 0.00 0.00 0.00 0.00 0.00 0.00
car 0.00 0 0.00 227 798 375 873 0.00 0.00 0.00 0.00 0.00 0.00 0.00
car 0.00 0 0.00 182 736 344 848 0.00 0.00 0.00 0.00 0.00 0.00 0.00
car 0.00 0 0.00 197 689 310 748 0.00 0.00 0.00 0.00 0.00 0.00 0.00
car 0.00 0 0.00 214 662 317 714 0.00 0.00 0.00 0.00 0.00 0.00 0.00
car 0.00 0 0.00 533 609 616 646 0.00 0.00 0.00 0.00 0.00 0.00 0.00
van 0.00 0 0.00 822 1070 946 1178 0.00 0.00 0.00 0.00 0.00 0.00 0.00
van 0.00 0 0.00 807 859 899 957 0.00 0.00 0.00 0.00 0.00 0.00 0.00
van 0.00 0 0.00 960 611 1041 657 0.00 0.00 0.00 0.00 0.00 0.00 0.00
van 0.00 0 0.00 1616 611 1711 659 0.00 0.00 0.00 0.00 0.00 0.00 0.00
van 0.00 0 0.00 944 925 1036 1017 0.00 0.00 0.00 0.00 0.00 0.00 0.00
truck 0.00 0 0.00 982 876 1136 1009 0.00 0.00 0.00 0.00 0.00 0.00 0.00
truck 0.00 0 0.00 860 825 953 921 0.00 0.00 0.00 0.00 0.00 0.00 0.00
truck 0.00 0 0.00 905 809 988 896 0.00 0.00 0.00 0.00 0.00 0.00 0.00
car 0.00 0 0.00 932 776 1027 865 0.00 0.00 0.00 0.00 0.00 0.00 0.00
car 0.00 0 0.00 999 751 1083 829 0.00 0.00 0.00 0.00 0.00 0.00 0.00
car 0.00 0 0.00 1038 700 1114 771 0.00 0.00 0.00 0.00 0.00 0.00 0.00
car 0.00 0 0.00 1141 673 1225 750 0.00 0.00 0.00 0.00 0.00 0.00 0.00
car 0.00 0 0.00 1035 862 1128 928 0.00 0.00 0.00 0.00 0.00 0.00 0.00
car 0.00 0 0.00 1096 836 1186 918 0.00 0.00 0.00 0.00 0.00 0.00 0.00
truck 0.00 0 0.00 1135 779 1260 884 0.00 0.00 0.00 0.00 0.00 0.00 0.00
truck 0.00 0 0.00 1213 721 1347 834 0.00 0.00 0.00 0.00 0.00 0.00 0.00
car 0.00 0 0.00 1255 709 1375 795 0.00 0.00 0.00 0.00 0.00 0.00 0.00
truck 0.00 0 0.00 1319 700 1425 773 0.00 0.00 0.00 0.00 0.00 0.00 0.00
car 0.00 0 0.00 1397 604 1472 661 0.00 0.00 0.00 0.00 0.00 0.00 0.00
car 0.00 0 0.00 1533 668 1658 718 0.00 0.00 0.00 0.00 0.00 0.00 0.00
truck 0.00 0 0.00 819 676 925 754 0.00 0.00 0.00 0.00 0.00 0.00 0.00
car 0.00 0 0.00 878 581 924 645 0.00 0.00 0.00 0.00 0.00 0.00 0.00
tricycle 0.00 0 0.00 143 964 249 1034 0.00 0.00 0.00 0.00 0.00 0.00 0.00
pedestrian 0.00 0 0.00 1410 1357 1454 1406 0.00 0.00 0.00 0.00 0.00 0.00 0.00
pedestrian 0.00 0 0.00 350 1438 394 1486 0.00 0.00 0.00 0.00 0.00 0.00 0.00
truck 0.00 0 0.00 1241 829 1388 948 0.00 0.00 0.00 0.00 0.00 0.00 0.00
