car 0.00 0 0.00 0 763 73 806 0.00 0.00 0.00 0.00 0.00 0.00 0.00
car 0.00 0 0.00 18 710 101 742 0.00 0.00 0.00 0.00 0.00 0.00 0.00
van 0.00 0 0.00 996 962 1095 1029 0.00 0.00 0.00 0.00 0.00 0.00 0.00
car 0.00 0 0.00 816 738 857 811 0.00 0.00 0.00 0.00 0.00 0.00 0.00
car 0.00 0 0.00 1026 742 1072 811 0.00 0.00 0.00 0.00 0.00 0.00 0.00
car 0.00 0 0.00 861 665 928 695 0.00 0.00 0.00 0.00 0.00 0.00 0.00
car 0.00 0 0.00 864 694 932 726 0.00 0.00 0.00 0.00 0.00 0.00 0.00
truck 0.00 0 0.00 868 734 913 813 0.00 0.00 0.00 0.00 0.00 0.00 0.00
car 0.00 0 0.00 755 457 806 483 0.00 0.00 0.00 0.00 0.00 0.00 0.00
car 0.00 0 0.00 761 435 814 458 0.00 0.00 0.00 0.00 0.00 0.00 0.00
car 0.00 0 0.00 916 544 982 575 0.00 0.00 0.00 0.00 0.00 0.00 0.00
car 0.00 0 0.00 745 266 786 291 0.00 0.00 0.00 0.00 0.00 0.00 0.00
car 0.00 0 0.00 845 262 876 282 0.00 0.00 0.00 0.00 0.00 0.00 0.00
car 0.00 0 0.00 581 406 607 441 0.00 0.00 0.00 0.00 0.00 0.00 0.00
car 0.00 0 0.00 694 157 712 181 0.00 0.00 0.00 0.00 0.00 0.00 0.00
car 0.00 0 0.00 309 168 344 184 0.00 0.00 0.00 0.00 0.00 0.00 0.00
car 0.00 0 0.00 393 179 428 195 0.00 0.00 0.00 0.00 0.00 0.00 0.00
car 0.00 0 0.00 398 171 435 185 0.00 0.00 0.00 0.00 0.00 0.00 0.00
van 0.00 0 0.00 423 148 454 165 0.00 0.00 0.00 0.00 0.00 0.00 0.00
truck 0.00 0 0.00 264 213 305 231 0.00 0.00 0.00 0.00 0.00 0.00 0.00
car 0.00 0 0.00 279 195 317 213 0.00 0.00 0.00 0.00 0.00 0.00 0.00
truck 0.00 0 0.00 229 251 292 276 0.00 0.00 0.00 0.00 0.00 0.00 0.00
truck 0.00 0 0.00 276 305 314 325 0.00 0.00 0.00 0.00 0.00 0.00 0.00
van 0.00 0 0.00 136 335 181 362 0.00 0.00 0.00 0.00 0.00 0.00 0.00
car 0.00 0 0.00 275 345 315 362 0.00 0.00 0.00 0.00 0.00 0.00 0.00
pedestrian 0.00 0 0.00 282 449 294 469 0.00 0.00 0.00 0.00 0.00 0.00 0.00
tricycle 0.00 0 0.00 696 355 725 376 0.00 0.00 0.00 0.00 0.00 0.00 0.00
motor 0.00 0 0.00 612 325 622 342 0.00 0.00 0.00 0.00 0.00 0.00 0.00
motor 0.00 0 0.00 642 307 651 325 0.00 0.00 0.00 0.00 0.00 0.00 0.00
motor 0.00 0 0.00 954 645 982 662 0.00 0.00 0.00 0.00 0.00 0.00 0.00
motor 0.00 0 0.00 980 644 1009 661 0.00 0.00 0.00 0.00 0.00 0.00 0.00
tricycle 0.00 0 0.00 943 614 996 640 0.00 0.00 0.00 0.00 0.00 0.00 0.00
motor 0.00 0 0.00 965 598 989 614 0.00 0.00 0.00 0.00 0.00 0.00 0.00
motor 0.00 0 0.00 980 586 1003 604 0.00 0.00 0.00 0.00 0.00 0.00 0.00
motor 0.00 0 0.00 1009 693 1022 718 0.00 0.00 0.00 0.00 0.00 0.00 0.00
motor 0.00 0 0.00 1034 721 1063 737 0.00 0.00 0.00 0.00 0.00 0.00 0.00
motor 0.00 0 0.00 1061 734 1077 762 0.00 0.00 0.00 0.00 0.00 0.00 0.00
motor 0.00 0 0.00 1076 734 1096 766 0.00 0.00 0.00 0.00 0.00 0.00 0.00
pedestrian 0.00 0 0.00 1069 950 1090 965 0.00 0.00 0.00 0.00 0.00 0.00 0.00
people 0.00 0 0.00 613 325 620 336 0.00 0.00 0.00 0.00 0.00 0.00 0.00
people 0.00 0 0.00 644 308 651 318 0.00 0.00 0.00 0.00 0.00 0.00 0.00
van 0.00 0 0.00 419 126 447 145 0.00 0.00 0.00 0.00 0.00 0.00 0.00
motor 0.00 0 0.00 706 95 712 109 0.00 0.00 0.00 0.00 0.00 0.00 0.00
motor 0.00 0 0.00 714 60 721 74 0.00 0.00 0.00 0.00 0.00 0.00 0.00
pedestrian 0.00 0 0.00 887 372 894 390 0.00 0.00 0.00 0.00 0.00 0.00 0.00
motor 0.00 0 0.00 868 312 882 328 0.00 0.00 0.00 0.00 0.00 0.00 0.00
motor 0.00 0 0.00 878 314 889 329 0.00 0.00 0.00 0.00 0.00 0.00 0.00
motor 0.00 0 0.00 863 387 883 401 0.00 0.00 0.00 0.00 0.00 0.00 0.00
pedestrian 0.00 0 0.00 852 369 862 384 0.00 0.00 0.00 0.00 0.00 0.00 0.00
motor 0.00 0 0.00 862 368 881 381 0.00 0.00 0.00 0.00 0.00 0.00 0.00
