car 0.00 0 0.00 1800 1175 1877 1292 0.00 0.00 0.00 0.00 0.00 0.00 0.00
car 0.00 0 0.00 1838 1090 1908 1184 0.00 0.00 0.00 0.00 0.00 0.00 0.00
van 0.00 0 0.00 1881 971 1947 1088 0.00 0.00 0.00 0.00 0.00 0.00 0.00
car 0.00 0 0.00 1083 1054 1164 1159 0.00 0.00 0.00 0.00 0.00 0.00 0.00
car 0.00 0 0.00 1146 972 1226 1077 0.00 0.00 0.00 0.00 0.00 0.00 0.00
car 0.00 0 0.00 1224 868 1285 948 0.00 0.00 0.00 0.00 0.00 0.00 0.00
car 0.00 0 0.00 1286 785 1330 834 0.00 0.00 0.00 0.00 0.00 0.00 0.00
car 0.00 0 0.00 1362 640 1417 714 0.00 0.00 0.00 0.00 0.00 0.00 0.00
car 0.00 0 0.00 1476 539 1528 610 0.00 0.00 0.00 0.00 0.00 0.00 0.00
car 0.00 0 0.00 1499 439 1548 503 0.00 0.00 0.00 0.00 0.00 0.00 0.00
car 0.00 0 0.00 1470 476 1519 540 0.00 0.00 0.00 0.00 0.00 0.00 0.00
car 0.00 0 0.00 1547 369 1595 425 0.00 0.00 0.00 0.00 0.00 0.00 0.00
car 0.00 0 0.00 1645 243 1689 298 0.00 0.00 0.00 0.00 0.00 0.00 0.00
car 0.00 0 0.00 1699 184 1743 235 0.00 0.00 0.00 0.00 0.00 0.00 0.00
car 0.00 0 0.00 1944 122 1985 170 0.00 0.00 0.00 0.00 0.00 0.00 0.00
car 0.00 0 0.00 1939 64 1980 116 0.00 0.00 0.00 0.00 0.00 0.00 0.00
