car 0.00 0 0.00 71 885 142 942 0.00 0.00 0.00 0.00 0.00 0.00 0.00
van 0.00 0 0.00 145 898 207 947 0.00 0.00 0.00 0.00 0.00 0.00 0.00
car 0.00 0 0.00 171 909 239 961 0.00 0.00 0.00 0.00 0.00 0.00 0.00
car 0.00 0 0.00 15 1032 68 1062 0.00 0.00 0.00 0.00 0.00 0.00 0.00
car 0.00 0 0.00 44 1049 102 1094 0.00 0.00 0.00 0.00 0.00 0.00 0.00
car 0.00 0 0.00 60 1055 140 1117 0.00 0.00 0.00 0.00 0.00 0.00 0.00
car 0.00 0 0.00 101 1078 166 1132 0.00 0.00 0.00 0.00 0.00 0.00 0.00
car 0.00 0 0.00 264 1120 330 1184 0.00 0.00 0.00 0.00 0.00 0.00 0.00
car 0.00 0 0.00 175 1192 260 1272 0.00 0.00 0.00 0.00 0.00 0.00 0.00
car 0.00 0 0.00 81 1279 178 1364 0.00 0.00 0.00 0.00 0.00 0.00 0.00
car 0.00 0 0.00 38 1474 100 1500 0.00 0.00 0.00 0.00 0.00 0.00 0.00
car 0.00 0 0.00 124 1357 208 1437 0.00 0.00 0.00 0.00 0.00 0.00 0.00
van 0.00 0 0.00 255 1434 333 1500 0.00 0.00 0.00 0.00 0.00 0.00 0.00
van 0.00 0 0.00 319 1336 382 1415 0.00 0.00 0.00 0.00 0.00 0.00 0.00
car 0.00 0 0.00 380 1265 450 1332 0.00 0.00 0.00 0.00 0.00 0.00 0.00
car 0.00 0 0.00 701 722 743 765 0.00 0.00 0.00 0.00 0.00 0.00 0.00
car 0.00 0 0.00 734 695 767 724 0.00 0.00 0.00 0.00 0.00 0.00 0.00
car 0.00 0 0.00 767 666 801 698 0.00 0.00 0.00 0.00 0.00 0.00 0.00
car 0.00 0 0.00 867 588 896 617 0.00 0.00 0.00 0.00 0.00 0.00 0.00
car 0.00 0 0.00 810 534 838 561 0.00 0.00 0.00 0.00 0.00 0.00 0.00
car 0.00 0 0.00 884 535 910 561 0.00 0.00 0.00 0.00 0.00 0.00 0.00
van 0.00 0 0.00 920 540 950 569 0.00 0.00 0.00 0.00 0.00 0.00 0.00
car 0.00 0 0.00 943 528 969 549 0.00 0.00 0.00 0.00 0.00 0.00 0.00
car 0.00 0 0.00 949 443 973 467 0.00 0.00 0.00 0.00 0.00 0.00 0.00
van 0.00 0 0.00 969 494 999 527 0.00 0.00 0.00 0.00 0.00 0.00 0.00
car 0.00 0 0.00 999 489 1022 510 0.00 0.00 0.00 0.00 0.00 0.00 0.00
car 0.00 0 0.00 1012 447 1039 469 0.00 0.00 0.00 0.00 0.00 0.00 0.00
car 0.00 0 0.00 1046 449 1066 469 0.00 0.00 0.00 0.00 0.00 0.00 0.00
car 0.00 0 0.00 1060 433 1084 450 0.00 0.00 0.00 0.00 0.00 0.00 0.00
car 0.00 0 0.00 1076 421 1099 441 0.00 0.00 0.00 0.00 0.00 0.00 0.00
car 0.00 0 0.00 1079 407 1099 423 0.00 0.00 0.00 0.00 0.00 0.00 0.00
car 0.00 0 0.00 1096 408 1114 427 0.00 0.00 0.00 0.00 0.00 0.00 0.00
car 0.00 0 0.00 1086 386 1107 404 0.00 0.00 0.00 0.00 0.00 0.00 0.00
car 0.00 0 0.00 1122 387 1144 404 0.00 0.00 0.00 0.00 0.00 0.00 0.00
car 0.00 0 0.00 1136 378 1155 394 0.00 0.00 0.00 0.00 0.00 0.00 0.00
car 0.00 0 0.00 1149 368 1166 385 0.00 0.00 0.00 0.00 0.00 0.00 0.00
car 0.00 0 0.00 1159 357 1177 374 0.00 0.00 0.00 0.00 0.00 0.00 0.00
car 0.00 0 0.00 1194 328 1210 344 0.00 0.00 0.00 0.00 0.00 0.00 0.00
car 0.00 0 0.00 1202 320 1218 333 0.00 0.00 0.00 0.00 0.00 0.00 0.00
van 0.00 0 0.00 1222 311 1241 331 0.00 0.00 0.00 0.00 0.00 0.00 0.00
car 0.00 0 0.00 1230 286 1242 300 0.00 0.00 0.00 0.00 0.00 0.00 0.00
car 0.00 0 0.00 1221 280 1233 293 0.00 0.00 0.00 0.00 0.00 0.00 0.00
car 0.00 0 0.00 1241 270 1253 286 0.00 0.00 0.00 0.00 0.00 0.00 0.00
car 0.00 0 0.00 1257 271 1268 285 0.00 0.00 0.00 0.00 0.00 0.00 0.00
car 0.00 0 0.00 1278 258 1289 271 0.00 0.00 0.00 0.00 0.00 0.00 0.00
car 0.00 0 0.00 1243 267 1258 277 0.00 0.00 0.00 0.00 0.00 0.00 0.00
car 0.00 0 0.00 1250 261 1261 273 0.00 0.00 0.00 0.00 0.00 0.00 0.00
truck 0.00 0 0.00 1256 246 1274 268 0.00 0.00 0.00 0.00 0.00 0.00 0.00
car 0.00 0 0.00 1264 238 1276 249 0.00 0.00 0.00 0.00 0.00 0.00 0.00
car 0.00 0 0.00 1274 230 1283 239 0.00 0.00 0.00 0.00 0.00 0.00 0.00
car 0.00 0 0.00 1277 222 1289 232 0.00 0.00 0.00 0.00 0.00 0.00 0.00
van 0.00 0 0.00 1284 207 1296 221 0.00 0.00 0.00 0.00 0.00 0.00 0.00
car 0.00 0 0.00 1298 193 1309 204 0.00 0.00 0.00 0.00 0.00 0.00 0.00
car 0.00 0 0.00 1286 185 1298 197 0.00 0.00 0.00 0.00 0.00 0.00 0.00
van 0.00 0 0.00 1283 176 1300 187 0.00 0.00 0.00 0.00 0.00 0.00 0.00
van 0.00 0 0.00 1305 181 1321 195 0.00 0.00 0.00 0.00 0.00 0.00 0.00
car 0.00 0 0.00 1320 173 1340 181 0.00 0.00 0.00 0.00 0.00 0.00 0.00
car 0.00 0 0.00 1282 163 1296 172 0.00 0.00 0.00 0.00 0.00 0.00 0.00
car 0.00 0 0.00 1301 159 1310 167 0.00 0.00 0.00 0.00 0.00 0.00 0.00
car 0.00 0 0.00 1341 158 1350 166 0.00 0.00 0.00 0.00 0.00 0.00 0.00
car 0.00 0 0.00 1363 162 1375 169 0.00 0.00 0.00 0.00 0.00 0.00 0.00
car 0.00 0 0.00 1351 149 1361 161 0.00 0.00 0.00 0.00 0.00 0.00 0.00
car 0.00 0 0.00 1352 144 1362 151 0.00 0.00 0.00 0.00 0.00 0.00 0.00
car 0.00 0 0.00 1355 142 1366 148 0.00 0.00 0.00 0.00 0.00 0.00 0.00
car 0.00 0 0.00 1332 136 1342 145 0.00 0.00 0.00 0.00 0.00 0.00 0.00
car 0.00 0 0.00 1371 130 1378 138 0.00 0.00 0.00 0.00 0.00 0.00 0.00
van 0.00 0 0.00 1382 107 1391 118 0.00 0.00 0.00 0.00 0.00 0.00 0.00
car 0.00 0 0.00 1360 1155 1456 1203 0.00 0.00 0.00 0.00 0.00 0.00 0.00
car 0.00 0 0.00 1375 1126 1449 1171 0.00 0.00 0.00 0.00 0.00 0.00 0.00
car 0.00 0 0.00 1251 1137 1342 1180 0.00 0.00 0.00 0.00 0.00 0.00 0.00
car 0.00 0 0.00 1265 1108 1346 1155 0.00 0.00 0.00 0.00 0.00 0.00 0.00
car 0.00 0 0.00 1264 1081 1345 1121 0.00 0.00 0.00 0.00 0.00 0.00 0.00
car 0.00 0 0.00 1045 1100 1136 1140 0.00 0.00 0.00 0.00 0.00 0.00 0.00
car 0.00 0 0.00 1273 1022 1360 1063 0.00 0.00 0.00 0.00 0.00 0.00 0.00
car 0.00 0 0.00 1362 1056 1464 1111 0.00 0.00 0.00 0.00 0.00 0.00 0.00
car 0.00 0 0.00 1385 1036 1476 1079 0.00 0.00 0.00 0.00 0.00 0.00 0.00
car 0.00 0 0.00 1383 1006 1464 1050 0.00 0.00 0.00 0.00 0.00 0.00 0.00
car 0.00 0 0.00 1381 981 1461 1021 0.00 0.00 0.00 0.00 0.00 0.00 0.00
car 0.00 0 0.00 1385 957 1468 995 0.00 0.00 0.00 0.00 0.00 0.00 0.00
car 0.00 0 0.00 1294 973 1374 1009 0.00 0.00 0.00 0.00 0.00 0.00 0.00
car 0.00 0 0.00 1289 944 1381 984 0.00 0.00 0.00 0.00 0.00 0.00 0.00
car 0.00 0 0.00 1180 997 1229 1055 0.00 0.00 0.00 0.00 0.00 0.00 0.00
car 0.00 0 0.00 1531 913 1621 952 0.00 0.00 0.00 0.00 0.00 0.00 0.00
car 0.00 0 0.00 1424 895 1499 936 0.00 0.00 0.00 0.00 0.00 0.00 0.00
van 0.00 0 0.00 1331 881 1392 920 0.00 0.00 0.00 0.00 0.00 0.00 0.00
van 0.00 0 0.00 1347 800 1424 847 0.00 0.00 0.00 0.00 0.00 0.00 0.00
car 0.00 0 0.00 1345 771 1405 801 0.00 0.00 0.00 0.00 0.00 0.00 0.00
car 0.00 0 0.00 1353 755 1416 786 0.00 0.00 0.00 0.00 0.00 0.00 0.00
van 0.00 0 0.00 1263 737 1294 780 0.00 0.00 0.00 0.00 0.00 0.00 0.00
car 0.00 0 0.00 1360 726 1411 752 0.00 0.00 0.00 0.00 0.00 0.00 0.00
car 0.00 0 0.00 1371 714 1426 735 0.00 0.00 0.00 0.00 0.00 0.00 0.00
car 0.00 0 0.00 1370 699 1425 721 0.00 0.00 0.00 0.00 0.00 0.00 0.00
car 0.00 0 0.00 1389 678 1434 701 0.00 0.00 0.00 0.00 0.00 0.00 0.00
car 0.00 0 0.00 1405 626 1429 658 0.00 0.00 0.00 0.00 0.00 0.00 0.00
car 0.00 0 0.00 1421 611 1457 632 0.00 0.00 0.00 0.00 0.00 0.00 0.00
car 0.00 0 0.00 1421 598 1463 621 0.00 0.00 0.00 0.00 0.00 0.00 0.00
car 0.00 0 0.00 1422 592 1460 611 0.00 0.00 0.00 0.00 0.00 0.00 0.00
car 0.00 0 0.00 1421 583 1460 600 0.00 0.00 0.00 0.00 0.00 0.00 0.00
car 0.00 0 0.00 1422 560 1441 585 0.00 0.00 0.00 0.00 0.00 0.00 0.00
car 0.00 0 0.00 1322 639 1352 671 0.00 0.00 0.00 0.00 0.00 0.00 0.00
car 0.00 0 0.00 1324 616 1365 640 0.00 0.00 0.00 0.00 0.00 0.00 0.00
car 0.00 0 0.00 1370 560 1395 590 0.00 0.00 0.00 0.00 0.00 0.00 0.00
van 0.00 0 0.00 1413 457 1435 487 0.00 0.00 0.00 0.00 0.00 0.00 0.00
car 0.00 0 0.00 1839 1363 1944 1461 0.00 0.00 0.00 0.00 0.00 0.00 0.00
car 0.00 0 0.00 1856 1434 1943 1500 0.00 0.00 0.00 0.00 0.00 0.00 0.00
