van 0.00 0 0.00 708 21 740 45 0.00 0.00 0.00 0.00 0.00 0.00 0.00
truck 0.00 0 0.00 565 71 634 114 0.00 0.00 0.00 0.00 0.00 0.00 0.00
truck 0.00 0 0.00 623 298 698 386 0.00 0.00 0.00 0.00 0.00 0.00 0.00
car 0.00 0 0.00 617 405 653 444 0.00 0.00 0.00 0.00 0.00 0.00 0.00
car 0.00 0 0.00 591 527 631 574 0.00 0.00 0.00 0.00 0.00 0.00 0.00
pedestrian 0.00 0 0.00 419 417 427 427 0.00 0.00 0.00 0.00 0.00 0.00 0.00
truck 0.00 0 0.00 393 559 476 657 0.00 0.00 0.00 0.00 0.00 0.00 0.00
truck 0.00 0 0.00 363 632 463 731 0.00 0.00 0.00 0.00 0.00 0.00 0.00
van 0.00 0 0.00 510 595 553 648 0.00 0.00 0.00 0.00 0.00 0.00 0.00
car 0.00 0 0.00 1191 116 1210 148 0.00 0.00 0.00 0.00 0.00 0.00 0.00
car 0.00 0 0.00 1191 221 1210 256 0.00 0.00 0.00 0.00 0.00 0.00 0.00
truck 0.00 0 0.00 1168 329 1194 387 0.00 0.00 0.00 0.00 0.00 0.00 0.00
van 0.00 0 0.00 975 30 1002 59 0.00 0.00 0.00 0.00 0.00 0.00 0.00
car 0.00 0 0.00 935 133 959 163 0.00 0.00 0.00 0.00 0.00 0.00 0.00
car 0.00 0 0.00 793 253 825 287 0.00 0.00 0.00 0.00 0.00 0.00 0.00
bus 0.00 0 0.00 860 100 902 149 0.00 0.00 0.00 0.00 0.00 0.00 0.00
car 0.00 0 0.00 735 268 769 303 0.00 0.00 0.00 0.00 0.00 0.00 0.00
pedestrian 0.00 0 0.00 736 637 740 647 0.00 0.00 0.00 0.00 0.00 0.00 0.00
motor 0.00 0 0.00 719 638 724 648 0.00 0.00 0.00 0.00 0.00 0.00 0.00
