car 0.00 0 0.00 489 810 534 885 0.00 0.00 0.00 0.00 0.00 0.00 0.00
car 0.00 0 0.00 611 660 643 701 0.00 0.00 0.00 0.00 0.00 0.00 0.00
car 0.00 0 0.00 567 585 591 623 0.00 0.00 0.00 0.00 0.00 0.00 0.00
car 0.00 0 0.00 696 467 739 487 0.00 0.00 0.00 0.00 0.00 0.00 0.00
motor 0.00 0 0.00 677 483 693 500 0.00 0.00 0.00 0.00 0.00 0.00 0.00
truck 0.00 0 0.00 1202 516 1400 590 0.00 0.00 0.00 0.00 0.00 0.00 0.00
car 0.00 0 0.00 688 209 696 217 0.00 0.00 0.00 0.00 0.00 0.00 0.00
car 0.00 0 0.00 713 185 721 196 0.00 0.00 0.00 0.00 0.00 0.00 0.00
pedestrian 0.00 0 0.00 489 268 496 277 0.00 0.00 0.00 0.00 0.00 0.00 0.00
pedestrian 0.00 0 0.00 454 320 459 328 0.00 0.00 0.00 0.00 0.00 0.00 0.00
pedestrian 0.00 0 0.00 455 315 461 322 0.00 0.00 0.00 0.00 0.00 0.00 0.00
pedestrian 0.00 0 0.00 455 311 461 320 0.00 0.00 0.00 0.00 0.00 0.00 0.00
pedestrian 0.00 0 0.00 456 307 461 314 0.00 0.00 0.00 0.00 0.00 0.00 0.00
pedestrian 0.00 0 0.00 462 301 467 310 0.00 0.00 0.00 0.00 0.00 0.00 0.00
pedestrian 0.00 0 0.00 465 300 469 310 0.00 0.00 0.00 0.00 0.00 0.00 0.00
pedestrian 0.00 0 0.00 472 302 476 311 0.00 0.00 0.00 0.00 0.00 0.00 0.00
pedestrian 0.00 0 0.00 474 301 479 311 0.00 0.00 0.00 0.00 0.00 0.00 0.00
car 0.00 0 0.00 542 254 558 263 0.00 0.00 0.00 0.00 0.00 0.00 0.00
pedestrian 0.00 0 0.00 439 292 443 299 0.00 0.00 0.00 0.00 0.00 0.00 0.00
pedestrian 0.00 0 0.00 443 288 448 296 0.00 0.00 0.00 0.00 0.00 0.00 0.00
pedestrian 0.00 0 0.00 452 285 458 293 0.00 0.00 0.00 0.00 0.00 0.00 0.00
pedestrian 0.00 0 0.00 448 286 451 296 0.00 0.00 0.00 0.00 0.00 0.00 0.00
truck 0.00 0 0.00 1236 560 1373 608 0.00 0.00 0.00 0.00 0.00 0.00 0.00
truck 0.00 0 0.00 596 689 635 800 0.00 0.00 0.00 0.00 0.00 0.00 0.00
