car 0.00 0 0.00 703 401 746 486 0.00 0.00 0.00 0.00 0.00 0.00 0.00
car 0.00 0 0.00 728 333 775 401 0.00 0.00 0.00 0.00 0.00 0.00 0.00
car 0.00 0 0.00 788 403 838 469 0.00 0.00 0.00 0.00 0.00 0.00 0.00
car 0.00 0 0.00 816 340 858 402 0.00 0.00 0.00 0.00 0.00 0.00 0.00
car 0.00 0 0.00 774 617 828 712 0.00 0.00 0.00 0.00 0.00 0.00 0.00
car 0.00 0 0.00 144 575 202 660 0.00 0.00 0.00 0.00 0.00 0.00 0.00
car 0.00 0 0.00 194 551 252 628 0.00 0.00 0.00 0.00 0.00 0.00 0.00
car 0.00 0 0.00 251 534 338 601 0.00 0.00 0.00 0.00 0.00 0.00 0.00
car 0.00 0 0.00 280 355 346 406 0.00 0.00 0.00 0.00 0.00 0.00 0.00
car 0.00 0 0.00 346 328 429 378 0.00 0.00 0.00 0.00 0.00 0.00 0.00
car 0.00 0 0.00 96 406 187 455 0.00 0.00 0.00 0.00 0.00 0.00 0.00
car 0.00 0 0.00 1191 633 1272 739 0.00 0.00 0.00 0.00 0.00 0.00 0.00
car 0.00 0 0.00 1216 540 1270 630 0.00 0.00 0.00 0.00 0.00 0.00 0.00
car 0.00 0 0.00 993 298 1073 349 0.00 0.00 0.00 0.00 0.00 0.00 0.00
car 0.00 0 0.00 1220 207 1254 254 0.00 0.00 0.00 0.00 0.00 0.00 0.00
car 0.00 0 0.00 1221 151 1252 198 0.00 0.00 0.00 0.00 0.00 0.00 0.00
car 0.00 0 0.00 1218 101 1252 144 0.00 0.00 0.00 0.00 0.00 0.00 0.00
car 0.00 0 0.00 1221 21 1251 56 0.00 0.00 0.00 0.00 0.00 0.00 0.00
car 0.00 0 0.00 1221 51 1261 103 0.00 0.00 0.00 0.00 0.00 0.00 0.00
car 0.00 0 0.00 1223 0 1252 21 0.00 0.00 0.00 0.00 0.00 0.00 0.00
pedestrian 0.00 0 0.00 827 494 841 521 0.00 0.00 0.00 0.00 0.00 0.00 0.00
pedestrian 0.00 0 0.00 661 498 677 519 0.00 0.00 0.00 0.00 0.00 0.00 0.00
van 0.00 0 0.00 1180 305 1231 376 0.00 0.00 0.00 0.00 0.00 0.00 0.00
pedestrian 0.00 0 0.00 80 555 102 583 0.00 0.00 0.00 0.00 0.00 0.00 0.00
pedestrian 0.00 0 0.00 94 548 111 575 0.00 0.00 0.00 0.00 0.00 0.00 0.00
pedestrian 0.00 0 0.00 94 672 116 697 0.00 0.00 0.00 0.00 0.00 0.00 0.00
pedestrian 0.00 0 0.00 121 681 143 705 0.00 0.00 0.00 0.00 0.00 0.00 0.00
car 0.00 0 0.00 247 492 344 563 0.00 0.00 0.00 0.00 0.00 0.00 0.00
car 0.00 0 0.00 230 468 329 526 0.00 0.00 0.00 0.00 0.00 0.00 0.00
car 0.00 0 0.00 402 397 474 475 0.00 0.00 0.00 0.00 0.00 0.00 0.00
car 0.00 0 0.00 492 298 548 363 0.00 0.00 0.00 0.00 0.00 0.00 0.00
car 0.00 0 0.00 513 350 589 392 0.00 0.00 0.00 0.00 0.00 0.00 0.00
car 0.00 0 0.00 532 329 605 371 0.00 0.00 0.00 0.00 0.00 0.00 0.00
car 0.00 0 0.00 556 299 617 339 0.00 0.00 0.00 0.00 0.00 0.00 0.00
car 0.00 0 0.00 530 245 588 311 0.00 0.00 0.00 0.00 0.00 0.00 0.00
car 0.00 0 0.00 487 255 544 314 0.00 0.00 0.00 0.00 0.00 0.00 0.00
car 0.00 0 0.00 452 227 517 285 0.00 0.00 0.00 0.00 0.00 0.00 0.00
car 0.00 0 0.00 89 376 180 428 0.00 0.00 0.00 0.00 0.00 0.00 0.00
car 0.00 0 0.00 266 327 339 380 0.00 0.00 0.00 0.00 0.00 0.00 0.00
car 0.00 0 0.00 255 311 329 355 0.00 0.00 0.00 0.00 0.00 0.00 0.00
car 0.00 0 0.00 344 307 411 348 0.00 0.00 0.00 0.00 0.00 0.00 0.00
car 0.00 0 0.00 330 281 405 326 0.00 0.00 0.00 0.00 0.00 0.00 0.00
car 0.00 0 0.00 241 276 316 342 0.00 0.00 0.00 0.00 0.00 0.00 0.00
car 0.00 0 0.00 319 252 393 305 0.00 0.00 0.00 0.00 0.00 0.00 0.00
car 0.00 0 0.00 437 205 504 263 0.00 0.00 0.00 0.00 0.00 0.00 0.00
car 0.00 0 0.00 534 201 593 248 0.00 0.00 0.00 0.00 0.00 0.00 0.00
pedestrian 0.00 0 0.00 1040 129 1050 155 0.00 0.00 0.00 0.00 0.00 0.00 0.00
pedestrian 0.00 0 0.00 1061 134 1069 159 0.00 0.00 0.00 0.00 0.00 0.00 0.00
motor 0.00 0 0.00 1069 137 1080 162 0.00 0.00 0.00 0.00 0.00 0.00 0.00
car 0.00 0 0.00 997 97 1035 137 0.00 0.00 0.00 0.00 0.00 0.00 0.00
pedestrian 0.00 0 0.00 991 115 998 133 0.00 0.00 0.00 0.00 0.00 0.00 0.00
car 0.00 0 0.00 580 262 647 294 0.00 0.00 0.00 0.00 0.00 0.00 0.00
car 0.00 0 0.00 586 212 638 258 0.00 0.00 0.00 0.00 0.00 0.00 0.00
truck 0.00 0 0.00 586 152 662 219 0.00 0.00 0.00 0.00 0.00 0.00 0.00
car 0.00 0 0.00 76 467 147 519 0.00 0.00 0.00 0.00 0.00 0.00 0.00
