car 0.00 0 0.00 1123 694 1222 850 0.00 0.00 0.00 0.00 0.00 0.00 0.00
car 0.00 0 0.00 1065 549 1157 676 0.00 0.00 0.00 0.00 0.00 0.00 0.00
car 0.00 0 0.00 1070 471 1142 557 0.00 0.00 0.00 0.00 0.00 0.00 0.00
car 0.00 0 0.00 1076 406 1146 479 0.00 0.00 0.00 0.00 0.00 0.00 0.00
car 0.00 0 0.00 1091 360 1155 415 0.00 0.00 0.00 0.00 0.00 0.00 0.00
car 0.00 0 0.00 1118 300 1170 365 0.00 0.00 0.00 0.00 0.00 0.00 0.00
car 0.00 0 0.00 1189 65 1206 79 0.00 0.00 0.00 0.00 0.00 0.00 0.00
car 0.00 0 0.00 1188 70 1206 89 0.00 0.00 0.00 0.00 0.00 0.00 0.00
pedestrian 0.00 0 0.00 1208 194 1218 218 0.00 0.00 0.00 0.00 0.00 0.00 0.00
car 0.00 0 0.00 1338 926 1631 1064 0.00 0.00 0.00 0.00 0.00 0.00 0.00
tricycle 0.00 0 0.00 1440 728 1567 836 0.00 0.00 0.00 0.00 0.00 0.00 0.00
pedestrian 0.00 0 0.00 1482 711 1508 772 0.00 0.00 0.00 0.00 0.00 0.00 0.00
pedestrian 0.00 0 0.00 1371 745 1398 804 0.00 0.00 0.00 0.00 0.00 0.00 0.00
pedestrian 0.00 0 0.00 1525 680 1543 711 0.00 0.00 0.00 0.00 0.00 0.00 0.00
pedestrian 0.00 0 0.00 1416 711 1441 772 0.00 0.00 0.00 0.00 0.00 0.00 0.00
car 0.00 0 0.00 1323 541 1495 618 0.00 0.00 0.00 0.00 0.00 0.00 0.00
tricycle 0.00 0 0.00 1156 124 1174 144 0.00 0.00 0.00 0.00 0.00 0.00 0.00
car 0.00 0 0.00 1152 108 1172 127 0.00 0.00 0.00 0.00 0.00 0.00 0.00
car 0.00 0 0.00 1162 104 1176 121 0.00 0.00 0.00 0.00 0.00 0.00 0.00
car 0.00 0 0.00 1159 86 1177 106 0.00 0.00 0.00 0.00 0.00 0.00 0.00
pedestrian 0.00 0 0.00 1617 717 1645 786 0.00 0.00 0.00 0.00 0.00 0.00 0.00
pedestrian 0.00 0 0.00 1637 752 1660 811 0.00 0.00 0.00 0.00 0.00 0.00 0.00
people 0.00 0 0.00 1622 765 1639 795 0.00 0.00 0.00 0.00 0.00 0.00 0.00
pedestrian 0.00 0 0.00 1132 535 1151 581 0.00 0.00 0.00 0.00 0.00 0.00 0.00
truck 0.00 0 0.00 1164 443 1232 544 0.00 0.00 0.00 0.00 0.00 0.00 0.00
car 0.00 0 0.00 1064 861 1198 1077 0.00 0.00 0.00 0.00 0.00 0.00 0.00
pedestrian 0.00 0 0.00 1281 993 1317 1077 0.00 0.00 0.00 0.00 0.00 0.00 0.00
