truck 0.00 0 0.00 312 552 450 637 0.00 0.00 0.00 0.00 0.00 0.00 0.00
truck 0.00 0 0.00 377 513 540 589 0.00 0.00 0.00 0.00 0.00 0.00 0.00
truck 0.00 0 0.00 264 847 546 1033 0.00 0.00 0.00 0.00 0.00 0.00 0.00
car 0.00 0 0.00 589 559 706 630 0.00 0.00 0.00 0.00 0.00 0.00 0.00
car 0.00 0 0.00 485 738 646 827 0.00 0.00 0.00 0.00 0.00 0.00 0.00
car 0.00 0 0.00 210 439 310 493 0.00 0.00 0.00 0.00 0.00 0.00 0.00
car 0.00 0 0.00 96 365 188 411 0.00 0.00 0.00 0.00 0.00 0.00 0.00
car 0.00 0 0.00 332 464 431 518 0.00 0.00 0.00 0.00 0.00 0.00 0.00
car 0.00 0 0.00 694 456 796 501 0.00 0.00 0.00 0.00 0.00 0.00 0.00
car 0.00 0 0.00 709 492 817 542 0.00 0.00 0.00 0.00 0.00 0.00 0.00
car 0.00 0 0.00 659 537 786 601 0.00 0.00 0.00 0.00 0.00 0.00 0.00
car 0.00 0 0.00 471 485 586 544 0.00 0.00 0.00 0.00 0.00 0.00 0.00
car 0.00 0 0.00 215 408 313 454 0.00 0.00 0.00 0.00 0.00 0.00 0.00
car 0.00 0 0.00 141 348 214 386 0.00 0.00 0.00 0.00 0.00 0.00 0.00
car 0.00 0 0.00 69 414 181 466 0.00 0.00 0.00 0.00 0.00 0.00 0.00
car 0.00 0 0.00 0 388 87 437 0.00 0.00 0.00 0.00 0.00 0.00 0.00
car 0.00 0 0.00 14 436 126 494 0.00 0.00 0.00 0.00 0.00 0.00 0.00
car 0.00 0 0.00 414 409 493 451 0.00 0.00 0.00 0.00 0.00 0.00 0.00
motor 0.00 0 0.00 257 372 300 400 0.00 0.00 0.00 0.00 0.00 0.00 0.00
motor 0.00 0 0.00 866 456 896 494 0.00 0.00 0.00 0.00 0.00 0.00 0.00
motor 0.00 0 0.00 470 391 491 419 0.00 0.00 0.00 0.00 0.00 0.00 0.00
pedestrian 0.00 0 0.00 726 411 746 445 0.00 0.00 0.00 0.00 0.00 0.00 0.00
pedestrian 0.00 0 0.00 1037 474 1053 505 0.00 0.00 0.00 0.00 0.00 0.00 0.00
pedestrian 0.00 0 0.00 935 379 951 410 0.00 0.00 0.00 0.00 0.00 0.00 0.00
pedestrian 0.00 0 0.00 1209 498 1236 539 0.00 0.00 0.00 0.00 0.00 0.00 0.00
pedestrian 0.00 0 0.00 1075 455 1094 487 0.00 0.00 0.00 0.00 0.00 0.00 0.00
pedestrian 0.00 0 0.00 1082 835 1116 895 0.00 0.00 0.00 0.00 0.00 0.00 0.00
people 0.00 0 0.00 999 713 1026 759 0.00 0.00 0.00 0.00 0.00 0.00 0.00
bicycle 0.00 0 0.00 978 724 1042 751 0.00 0.00 0.00 0.00 0.00 0.00 0.00
car 0.00 0 0.00 0 875 101 982 0.00 0.00 0.00 0.00 0.00 0.00 0.00
car 0.00 0 0.00 1107 450 1152 511 0.00 0.00 0.00 0.00 0.00 0.00 0.00
car 0.00 0 0.00 1269 539 1332 619 0.00 0.00 0.00 0.00 0.00 0.00 0.00
car 0.00 0 0.00 1210 343 1250 392 0.00 0.00 0.00 0.00 0.00 0.00 0.00
car 0.00 0 0.00 1154 325 1188 371 0.00 0.00 0.00 0.00 0.00 0.00 0.00
car 0.00 0 0.00 1199 222 1231 256 0.00 0.00 0.00 0.00 0.00 0.00 0.00
car 0.00 0 0.00 1277 183 1299 205 0.00 0.00 0.00 0.00 0.00 0.00 0.00
car 0.00 0 0.00 1190 114 1203 129 0.00 0.00 0.00 0.00 0.00 0.00 0.00
car 0.00 0 0.00 1011 319 1050 357 0.00 0.00 0.00 0.00 0.00 0.00 0.00
car 0.00 0 0.00 1012 301 1043 334 0.00 0.00 0.00 0.00 0.00 0.00 0.00
car 0.00 0 0.00 1023 267 1056 297 0.00 0.00 0.00 0.00 0.00 0.00 0.00
pedestrian 0.00 0 0.00 500 371 510 410 0.00 0.00 0.00 0.00 0.00 0.00 0.00
pedestrian 0.00 0 0.00 406 358 421 394 0.00 0.00 0.00 0.00 0.00 0.00 0.00
pedestrian 0.00 0 0.00 1050 429 1064 460 0.00 0.00 0.00 0.00 0.00 0.00 0.00
pedestrian 0.00 0 0.00 952 362 965 387 0.00 0.00 0.00 0.00 0.00 0.00 0.00
pedestrian 0.00 0 0.00 970 355 980 382 0.00 0.00 0.00 0.00 0.00 0.00 0.00
pedestrian 0.00 0 0.00 983 280 991 302 0.00 0.00 0.00 0.00 0.00 0.00 0.00
pedestrian 0.00 0 0.00 991 281 1000 302 0.00 0.00 0.00 0.00 0.00 0.00 0.00
pedestrian 0.00 0 0.00 991 269 999 292 0.00 0.00 0.00 0.00 0.00 0.00 0.00
pedestrian 0.00 0 0.00 1027 209 1035 226 0.00 0.00 0.00 0.00 0.00 0.00 0.00
pedestrian 0.00 0 0.00 1010 194 1018 211 0.00 0.00 0.00 0.00 0.00 0.00 0.00
pedestrian 0.00 0 0.00 1052 145 1056 156 0.00 0.00 0.00 0.00 0.00 0.00 0.00
pedestrian 0.00 0 0.00 1048 132 1054 148 0.00 0.00 0.00 0.00 0.00 0.00 0.00
pedestrian 0.00 0 0.00 1045 163 1051 178 0.00 0.00 0.00 0.00 0.00 0.00 0.00
car 0.00 0 0.00 1054 156 1075 172 0.00 0.00 0.00 0.00 0.00 0.00 0.00
car 0.00 0 0.00 1061 146 1076 160 0.00 0.00 0.00 0.00 0.00 0.00 0.00
car 0.00 0 0.00 1063 140 1078 155 0.00 0.00 0.00 0.00 0.00 0.00 0.00
car 0.00 0 0.00 1057 134 1072 148 0.00 0.00 0.00 0.00 0.00 0.00 0.00
car 0.00 0 0.00 1063 126 1077 141 0.00 0.00 0.00 0.00 0.00 0.00 0.00
car 0.00 0 0.00 1065 118 1079 132 0.00 0.00 0.00 0.00 0.00 0.00 0.00
car 0.00 0 0.00 1088 120 1102 134 0.00 0.00 0.00 0.00 0.00 0.00 0.00
car 0.00 0 0.00 1036 112 1050 129 0.00 0.00 0.00 0.00 0.00 0.00 0.00
pedestrian 0.00 0 0.00 1239 128 1247 141 0.00 0.00 0.00 0.00 0.00 0.00 0.00
pedestrian 0.00 0 0.00 1216 98 1222 110 0.00 0.00 0.00 0.00 0.00 0.00 0.00
pedestrian 0.00 0 0.00 1230 120 1236 131 0.00 0.00 0.00 0.00 0.00 0.00 0.00
car 0.00 0 0.00 1275 114 1297 136 0.00 0.00 0.00 0.00 0.00 0.00 0.00
car 0.00 0 0.00 1371 188 1400 207 0.00 0.00 0.00 0.00 0.00 0.00 0.00
car 0.00 0 0.00 0 670 133 775 0.00 0.00 0.00 0.00 0.00 0.00 0.00
bicycle 0.00 0 0.00 37 334 65 351 0.00 0.00 0.00 0.00 0.00 0.00 0.00
bicycle 0.00 0 0.00 345 392 382 424 0.00 0.00 0.00 0.00 0.00 0.00 0.00
car 0.00 0 0.00 467 794 633 907 0.00 0.00 0.00 0.00 0.00 0.00 0.00
bicycle 0.00 0 0.00 1001 363 1029 387 0.00 0.00 0.00 0.00 0.00 0.00 0.00
people 0.00 0 0.00 734 783 762 826 0.00 0.00 0.00 0.00 0.00 0.00 0.00
tricycle 0.00 0 0.00 716 799 843 853 0.00 0.00 0.00 0.00 0.00 0.00 0.00
tricycle 0.00 0 0.00 1003 387 1056 420 0.00 0.00 0.00 0.00 0.00 0.00 0.00
pedestrian 0.00 0 0.00 996 228 1003 250 0.00 0.00 0.00 0.00 0.00 0.00 0.00
pedestrian 0.00 0 0.00 1360 961 1391 1032 0.00 0.00 0.00 0.00 0.00 0.00 0.00
pedestrian 0.00 0 0.00 780 976 822 1047 0.00 0.00 0.00 0.00 0.00 0.00 0.00
