car 0.00 0 0.00 344 89 392 114 0.00 0.00 0.00 0.00 0.00 0.00 0.00
car 0.00 0 0.00 374 117 421 142 0.00 0.00 0.00 0.00 0.00 0.00 0.00
car 0.00 0 0.00 400 198 449 230 0.00 0.00 0.00 0.00 0.00 0.00 0.00
car 0.00 0 0.00 406 107 453 134 0.00 0.00 0.00 0.00 0.00 0.00 0.00
car 0.00 0 0.00 442 142 486 168 0.00 0.00 0.00 0.00 0.00 0.00 0.00
car 0.00 0 0.00 446 98 492 125 0.00 0.00 0.00 0.00 0.00 0.00 0.00
car 0.00 0 0.00 468 121 510 154 0.00 0.00 0.00 0.00 0.00 0.00 0.00
car 0.00 0 0.00 816 5 850 38 0.00 0.00 0.00 0.00 0.00 0.00 0.00
car 0.00 0 0.00 813 43 846 73 0.00 0.00 0.00 0.00 0.00 0.00 0.00
car 0.00 0 0.00 748 77 785 109 0.00 0.00 0.00 0.00 0.00 0.00 0.00
car 0.00 0 0.00 776 90 811 123 0.00 0.00 0.00 0.00 0.00 0.00 0.00
car 0.00 0 0.00 704 132 735 167 0.00 0.00 0.00 0.00 0.00 0.00 0.00
car 0.00 0 0.00 745 146 770 182 0.00 0.00 0.00 0.00 0.00 0.00 0.00
car 0.00 0 0.00 870 53 900 87 0.00 0.00 0.00 0.00 0.00 0.00 0.00
car 0.00 0 0.00 751 248 798 294 0.00 0.00 0.00 0.00 0.00 0.00 0.00
car 0.00 0 0.00 853 331 916 370 0.00 0.00 0.00 0.00 0.00 0.00 0.00
car 0.00 0 0.00 1052 398 1124 440 0.00 0.00 0.00 0.00 0.00 0.00 0.00
van 0.00 0 0.00 619 658 695 721 0.00 0.00 0.00 0.00 0.00 0.00 0.00
car 0.00 0 0.00 1085 713 1170 774 0.00 0.00 0.00 0.00 0.00 0.00 0.00
car 0.00 0 0.00 768 588 845 645 0.00 0.00 0.00 0.00 0.00 0.00 0.00
car 0.00 0 0.00 888 578 943 645 0.00 0.00 0.00 0.00 0.00 0.00 0.00
van 0.00 0 0.00 706 583 777 648 0.00 0.00 0.00 0.00 0.00 0.00 0.00
van 0.00 0 0.00 717 536 780 578 0.00 0.00 0.00 0.00 0.00 0.00 0.00
car 0.00 0 0.00 717 565 774 608 0.00 0.00 0.00 0.00 0.00 0.00 0.00
car 0.00 0 0.00 889 503 934 569 0.00 0.00 0.00 0.00 0.00 0.00 0.00
car 0.00 0 0.00 925 518 964 574 0.00 0.00 0.00 0.00 0.00 0.00 0.00
car 0.00 0 0.00 965 515 1003 576 0.00 0.00 0.00 0.00 0.00 0.00 0.00
car 0.00 0 0.00 932 568 986 645 0.00 0.00 0.00 0.00 0.00 0.00 0.00
car 0.00 0 0.00 962 596 1011 667 0.00 0.00 0.00 0.00 0.00 0.00 0.00
car 0.00 0 0.00 989 533 1035 600 0.00 0.00 0.00 0.00 0.00 0.00 0.00
car 0.00 0 0.00 998 610 1044 684 0.00 0.00 0.00 0.00 0.00 0.00 0.00
car 0.00 0 0.00 1026 544 1069 619 0.00 0.00 0.00 0.00 0.00 0.00 0.00
car 0.00 0 0.00 1289 664 1358 732 0.00 0.00 0.00 0.00 0.00 0.00 0.00
car 0.00 0 0.00 1268 457 1348 503 0.00 0.00 0.00 0.00 0.00 0.00 0.00
car 0.00 0 0.00 1036 621 1084 698 0.00 0.00 0.00 0.00 0.00 0.00 0.00
car 0.00 0 0.00 1064 560 1104 629 0.00 0.00 0.00 0.00 0.00 0.00 0.00
car 0.00 0 0.00 1098 572 1138 636 0.00 0.00 0.00 0.00 0.00 0.00 0.00
car 0.00 0 0.00 1075 624 1124 711 0.00 0.00 0.00 0.00 0.00 0.00 0.00
car 0.00 0 0.00 1118 646 1162 720 0.00 0.00 0.00 0.00 0.00 0.00 0.00
car 0.00 0 0.00 1133 587 1174 659 0.00 0.00 0.00 0.00 0.00 0.00 0.00
car 0.00 0 0.00 1150 668 1195 742 0.00 0.00 0.00 0.00 0.00 0.00 0.00
car 0.00 0 0.00 1183 686 1233 767 0.00 0.00 0.00 0.00 0.00 0.00 0.00
car 0.00 0 0.00 1171 606 1213 676 0.00 0.00 0.00 0.00 0.00 0.00 0.00
car 0.00 0 0.00 1203 620 1249 691 0.00 0.00 0.00 0.00 0.00 0.00 0.00
car 0.00 0 0.00 1238 635 1286 713 0.00 0.00 0.00 0.00 0.00 0.00 0.00
bus 0.00 0 0.00 648 597 852 735 0.00 0.00 0.00 0.00 0.00 0.00 0.00
bus 0.00 0 0.00 303 684 415 786 0.00 0.00 0.00 0.00 0.00 0.00 0.00
bus 0.00 0 0.00 386 499 545 689 0.00 0.00 0.00 0.00 0.00 0.00 0.00
bus 0.00 0 0.00 421 371 553 510 0.00 0.00 0.00 0.00 0.00 0.00 0.00
bus 0.00 0 0.00 462 435 556 532 0.00 0.00 0.00 0.00 0.00 0.00 0.00
bus 0.00 0 0.00 531 435 601 525 0.00 0.00 0.00 0.00 0.00 0.00 0.00
truck 0.00 0 0.00 556 457 640 558 0.00 0.00 0.00 0.00 0.00 0.00 0.00
car 0.00 0 0.00 501 574 560 641 0.00 0.00 0.00 0.00 0.00 0.00 0.00
car 0.00 0 0.00 437 652 501 727 0.00 0.00 0.00 0.00 0.00 0.00 0.00
car 0.00 0 0.00 368 521 430 583 0.00 0.00 0.00 0.00 0.00 0.00 0.00
car 0.00 0 0.00 290 598 365 665 0.00 0.00 0.00 0.00 0.00 0.00 0.00
car 0.00 0 0.00 222 680 292 752 0.00 0.00 0.00 0.00 0.00 0.00 0.00
car 0.00 0 0.00 292 672 360 748 0.00 0.00 0.00 0.00 0.00 0.00 0.00
car 0.00 0 0.00 396 558 452 615 0.00 0.00 0.00 0.00 0.00 0.00 0.00
truck 0.00 0 0.00 840 480 909 581 0.00 0.00 0.00 0.00 0.00 0.00 0.00
truck 0.00 0 0.00 660 194 732 286 0.00 0.00 0.00 0.00 0.00 0.00 0.00
pedestrian 0.00 0 0.00 462 246 471 268 0.00 0.00 0.00 0.00 0.00 0.00 0.00
pedestrian 0.00 0 0.00 468 249 477 271 0.00 0.00 0.00 0.00 0.00 0.00 0.00
pedestrian 0.00 0 0.00 495 265 507 285 0.00 0.00 0.00 0.00 0.00 0.00 0.00
pedestrian 0.00 0 0.00 498 337 506 356 0.00 0.00 0.00 0.00 0.00 0.00 0.00
pedestrian 0.00 0 0.00 501 333 512 350 0.00 0.00 0.00 0.00 0.00 0.00 0.00
people 0.00 0 0.00 332 407 341 421 0.00 0.00 0.00 0.00 0.00 0.00 0.00
people 0.00 0 0.00 324 431 340 446 0.00 0.00 0.00 0.00 0.00 0.00 0.00
people 0.00 0 0.00 350 414 365 427 0.00 0.00 0.00 0.00 0.00 0.00 0.00
pedestrian 0.00 0 0.00 341 374 357 395 0.00 0.00 0.00 0.00 0.00 0.00 0.00
pedestrian 0.00 0 0.00 400 292 412 314 0.00 0.00 0.00 0.00 0.00 0.00 0.00
pedestrian 0.00 0 0.00 406 289 419 309 0.00 0.00 0.00 0.00 0.00 0.00 0.00
pedestrian 0.00 0 0.00 777 16 786 33 0.00 0.00 0.00 0.00 0.00 0.00 0.00
pedestrian 0.00 0 0.00 540 100 550 115 0.00 0.00 0.00 0.00 0.00 0.00 0.00
pedestrian 0.00 0 0.00 521 89 530 105 0.00 0.00 0.00 0.00 0.00 0.00 0.00
car 0.00 0 0.00 779 563 832 607 0.00 0.00 0.00 0.00 0.00 0.00 0.00
