car 0.00 0 0.00 61 766 264 1001 0.00 0.00 0.00 0.00 0.00 0.00 0.00
car 0.00 0 0.00 941 802 1287 1050 0.00 0.00 0.00 0.00 0.00 0.00 0.00
van 0.00 0 0.00 1244 830 1400 1038 0.00 0.00 0.00 0.00 0.00 0.00 0.00
car 0.00 0 0.00 926 660 1175 848 0.00 0.00 0.00 0.00 0.00 0.00 0.00
pedestrian 0.00 0 0.00 93 661 140 717 0.00 0.00 0.00 0.00 0.00 0.00 0.00
people 0.00 0 0.00 65 545 123 597 0.00 0.00 0.00 0.00 0.00 0.00 0.00
motor 0.00 0 0.00 57 549 131 614 0.00 0.00 0.00 0.00 0.00 0.00 0.00
pedestrian 0.00 0 0.00 583 500 612 566 0.00 0.00 0.00 0.00 0.00 0.00 0.00
car 0.00 0 0.00 813 417 961 536 0.00 0.00 0.00 0.00 0.00 0.00 0.00
van 0.00 0 0.00 593 445 756 574 0.00 0.00 0.00 0.00 0.00 0.00 0.00
car 0.00 0 0.00 848 288 961 397 0.00 0.00 0.00 0.00 0.00 0.00 0.00
car 0.00 0 0.00 475 361 657 450 0.00 0.00 0.00 0.00 0.00 0.00 0.00
pedestrian 0.00 0 0.00 691 434 707 483 0.00 0.00 0.00 0.00 0.00 0.00 0.00
pedestrian 0.00 0 0.00 1067 256 1093 311 0.00 0.00 0.00 0.00 0.00 0.00 0.00
pedestrian 0.00 0 0.00 1084 248 1100 311 0.00 0.00 0.00 0.00 0.00 0.00 0.00
pedestrian 0.00 0 0.00 1069 236 1094 294 0.00 0.00 0.00 0.00 0.00 0.00 0.00
people 0.00 0 0.00 907 192 935 225 0.00 0.00 0.00 0.00 0.00 0.00 0.00
motor 0.00 0 0.00 1125 317 1169 375 0.00 0.00 0.00 0.00 0.00 0.00 0.00
motor 0.00 0 0.00 1099 304 1137 357 0.00 0.00 0.00 0.00 0.00 0.00 0.00
motor 0.00 0 0.00 884 227 906 274 0.00 0.00 0.00 0.00 0.00 0.00 0.00
motor 0.00 0 0.00 946 246 973 297 0.00 0.00 0.00 0.00 0.00 0.00 0.00
motor 0.00 0 0.00 719 233 758 271 0.00 0.00 0.00 0.00 0.00 0.00 0.00
motor 0.00 0 0.00 792 233 837 275 0.00 0.00 0.00 0.00 0.00 0.00 0.00
motor 0.00 0 0.00 677 206 717 246 0.00 0.00 0.00 0.00 0.00 0.00 0.00
bicycle 0.00 0 0.00 743 198 787 229 0.00 0.00 0.00 0.00 0.00 0.00 0.00
pedestrian 0.00 0 0.00 656 229 673 282 0.00 0.00 0.00 0.00 0.00 0.00 0.00
pedestrian 0.00 0 0.00 626 240 643 293 0.00 0.00 0.00 0.00 0.00 0.00 0.00
motor 0.00 0 0.00 563 157 602 197 0.00 0.00 0.00 0.00 0.00 0.00 0.00
motor 0.00 0 0.00 550 159 584 192 0.00 0.00 0.00 0.00 0.00 0.00 0.00
pedestrian 0.00 0 0.00 583 98 600 151 0.00 0.00 0.00 0.00 0.00 0.00 0.00
bicycle 0.00 0 0.00 569 120 594 148 0.00 0.00 0.00 0.00 0.00 0.00 0.00
bicycle 0.00 0 0.00 540 105 561 140 0.00 0.00 0.00 0.00 0.00 0.00 0.00
pedestrian 0.00 0 0.00 515 70 531 110 0.00 0.00 0.00 0.00 0.00 0.00 0.00
pedestrian 0.00 0 0.00 434 65 452 106 0.00 0.00 0.00 0.00 0.00 0.00 0.00
pedestrian 0.00 0 0.00 442 59 459 106 0.00 0.00 0.00 0.00 0.00 0.00 0.00
pedestrian 0.00 0 0.00 157 0 175 34 0.00 0.00 0.00 0.00 0.00 0.00 0.00
pedestrian 0.00 0 0.00 193 2 207 29 0.00 0.00 0.00 0.00 0.00 0.00 0.00
pedestrian 0.00 0 0.00 208 0 223 28 0.00 0.00 0.00 0.00 0.00 0.00 0.00
pedestrian 0.00 0 0.00 227 0 242 24 0.00 0.00 0.00 0.00 0.00 0.00 0.00
pedestrian 0.00 0 0.00 240 1 254 23 0.00 0.00 0.00 0.00 0.00 0.00 0.00
car 0.00 0 0.00 252 2 319 33 0.00 0.00 0.00 0.00 0.00 0.00 0.00
car 0.00 0 0.00 215 18 305 52 0.00 0.00 0.00 0.00 0.00 0.00 0.00
car 0.00 0 0.00 231 31 294 80 0.00 0.00 0.00 0.00 0.00 0.00 0.00
car 0.00 0 0.00 242 45 334 107 0.00 0.00 0.00 0.00 0.00 0.00 0.00
car 0.00 0 0.00 257 65 350 125 0.00 0.00 0.00 0.00 0.00 0.00 0.00
car 0.00 0 0.00 284 67 385 132 0.00 0.00 0.00 0.00 0.00 0.00 0.00
car 0.00 0 0.00 353 103 464 172 0.00 0.00 0.00 0.00 0.00 0.00 0.00
car 0.00 0 0.00 325 324 453 417 0.00 0.00 0.00 0.00 0.00 0.00 0.00
car 0.00 0 0.00 117 367 237 465 0.00 0.00 0.00 0.00 0.00 0.00 0.00
van 0.00 0 0.00 290 274 385 363 0.00 0.00 0.00 0.00 0.00 0.00 0.00
car 0.00 0 0.00 217 234 320 309 0.00 0.00 0.00 0.00 0.00 0.00 0.00
pedestrian 0.00 0 0.00 222 185 247 228 0.00 0.00 0.00 0.00 0.00 0.00 0.00
pedestrian 0.00 0 0.00 52 171 84 215 0.00 0.00 0.00 0.00 0.00 0.00 0.00
pedestrian 0.00 0 0.00 13 182 44 224 0.00 0.00 0.00 0.00 0.00 0.00 0.00
car 0.00 0 0.00 88 146 169 204 0.00 0.00 0.00 0.00 0.00 0.00 0.00
car 0.00 0 0.00 29 117 111 179 0.00 0.00 0.00 0.00 0.00 0.00 0.00
car 0.00 0 0.00 0 87 69 144 0.00 0.00 0.00 0.00 0.00 0.00 0.00
