car 0.00 0 0.00 1864 1360 2000 1492 0.00 0.00 0.00 0.00 0.00 0.00 0.00
van 0.00 0 0.00 1793 1281 2000 1396 0.00 0.00 0.00 0.00 0.00 0.00 0.00
van 0.00 0 0.00 1868 1209 2000 1296 0.00 0.00 0.00 0.00 0.00 0.00 0.00
van 0.00 0 0.00 1615 1188 1810 1291 0.00 0.00 0.00 0.00 0.00 0.00 0.00
van 0.00 0 0.00 1316 1253 1534 1356 0.00 0.00 0.00 0.00 0.00 0.00 0.00
van 0.00 0 0.00 1236 1210 1412 1320 0.00 0.00 0.00 0.00 0.00 0.00 0.00
van 0.00 0 0.00 1131 1205 1215 1340 0.00 0.00 0.00 0.00 0.00 0.00 0.00
van 0.00 0 0.00 1080 1055 1149 1140 0.00 0.00 0.00 0.00 0.00 0.00 0.00
car 0.00 0 0.00 1072 1004 1162 1074 0.00 0.00 0.00 0.00 0.00 0.00 0.00
pedestrian 0.00 0 0.00 1071 1192 1098 1267 0.00 0.00 0.00 0.00 0.00 0.00 0.00
pedestrian 0.00 0 0.00 1026 1177 1055 1255 0.00 0.00 0.00 0.00 0.00 0.00 0.00
pedestrian 0.00 0 0.00 983 1238 1013 1319 0.00 0.00 0.00 0.00 0.00 0.00 0.00
pedestrian 0.00 0 0.00 985 1180 1011 1242 0.00 0.00 0.00 0.00 0.00 0.00 0.00
pedestrian 0.00 0 0.00 997 1164 1017 1212 0.00 0.00 0.00 0.00 0.00 0.00 0.00
pedestrian 0.00 0 0.00 1006 1130 1027 1197 0.00 0.00 0.00 0.00 0.00 0.00 0.00
pedestrian 0.00 0 0.00 995 1078 1021 1140 0.00 0.00 0.00 0.00 0.00 0.00 0.00
pedestrian 0.00 0 0.00 982 1068 1004 1133 0.00 0.00 0.00 0.00 0.00 0.00 0.00
pedestrian 0.00 0 0.00 994 1031 1010 1076 0.00 0.00 0.00 0.00 0.00 0.00 0.00
pedestrian 0.00 0 0.00 1234 1134 1263 1199 0.00 0.00 0.00 0.00 0.00 0.00 0.00
pedestrian 0.00 0 0.00 1344 1159 1370 1209 0.00 0.00 0.00 0.00 0.00 0.00 0.00
pedestrian 0.00 0 0.00 1402 1141 1430 1197 0.00 0.00 0.00 0.00 0.00 0.00 0.00
people 0.00 0 0.00 1262 1103 1292 1134 0.00 0.00 0.00 0.00 0.00 0.00 0.00
people 0.00 0 0.00 1280 1079 1303 1107 0.00 0.00 0.00 0.00 0.00 0.00 0.00
van 0.00 0 0.00 763 1093 909 1176 0.00 0.00 0.00 0.00 0.00 0.00 0.00
car 0.00 0 0.00 1071 937 1119 1005 0.00 0.00 0.00 0.00 0.00 0.00 0.00
car 0.00 0 0.00 1044 917 1097 968 0.00 0.00 0.00 0.00 0.00 0.00 0.00
car 0.00 0 0.00 1051 884 1088 922 0.00 0.00 0.00 0.00 0.00 0.00 0.00
car 0.00 0 0.00 1076 872 1157 910 0.00 0.00 0.00 0.00 0.00 0.00 0.00
car 0.00 0 0.00 933 884 1007 922 0.00 0.00 0.00 0.00 0.00 0.00 0.00
car 0.00 0 0.00 774 985 889 1031 0.00 0.00 0.00 0.00 0.00 0.00 0.00
car 0.00 0 0.00 799 963 917 1008 0.00 0.00 0.00 0.00 0.00 0.00 0.00
car 0.00 0 0.00 823 950 934 991 0.00 0.00 0.00 0.00 0.00 0.00 0.00
truck 0.00 0 0.00 822 916 927 968 0.00 0.00 0.00 0.00 0.00 0.00 0.00
van 0.00 0 0.00 831 891 936 939 0.00 0.00 0.00 0.00 0.00 0.00 0.00
car 0.00 0 0.00 827 865 913 897 0.00 0.00 0.00 0.00 0.00 0.00 0.00
car 0.00 0 0.00 749 867 827 904 0.00 0.00 0.00 0.00 0.00 0.00 0.00
car 0.00 0 0.00 1116 863 1174 888 0.00 0.00 0.00 0.00 0.00 0.00 0.00
car 0.00 0 0.00 1164 864 1243 906 0.00 0.00 0.00 0.00 0.00 0.00 0.00
car 0.00 0 0.00 1247 872 1313 903 0.00 0.00 0.00 0.00 0.00 0.00 0.00
car 0.00 0 0.00 1178 849 1259 879 0.00 0.00 0.00 0.00 0.00 0.00 0.00
truck 0.00 0 0.00 1141 789 1274 835 0.00 0.00 0.00 0.00 0.00 0.00 0.00
car 0.00 0 0.00 978 841 1047 872 0.00 0.00 0.00 0.00 0.00 0.00 0.00
truck 0.00 0 0.00 834 798 1077 849 0.00 0.00 0.00 0.00 0.00 0.00 0.00
people 0.00 0 0.00 909 1284 946 1339 0.00 0.00 0.00 0.00 0.00 0.00 0.00
pedestrian 0.00 0 0.00 939 1121 955 1179 0.00 0.00 0.00 0.00 0.00 0.00 0.00
pedestrian 0.00 0 0.00 1798 1223 1828 1283 0.00 0.00 0.00 0.00 0.00 0.00 0.00
tricycle 0.00 0 0.00 1604 1276 1687 1376 0.00 0.00 0.00 0.00 0.00 0.00 0.00
people 0.00 0 0.00 1395 1071 1417 1106 0.00 0.00 0.00 0.00 0.00 0.00 0.00
truck 0.00 0 0.00 1188 918 1313 993 0.00 0.00 0.00 0.00 0.00 0.00 0.00
bicycle 0.00 0 0.00 646 1125 673 1187 0.00 0.00 0.00 0.00 0.00 0.00 0.00
car 0.00 0 0.00 517 816 580 839 0.00 0.00 0.00 0.00 0.00 0.00 0.00
car 0.00 0 0.00 712 816 777 838 0.00 0.00 0.00 0.00 0.00 0.00 0.00
people 0.00 0 0.00 1020 932 1034 970 0.00 0.00 0.00 0.00 0.00 0.00 0.00
motor 0.00 0 0.00 1021 944 1035 980 0.00 0.00 0.00 0.00 0.00 0.00 0.00
