tricycle 0.00 0 0.00 649 1272 704 1357 0.00 0.00 0.00 0.00 0.00 0.00 0.00
motor 0.00 0 0.00 739 1239 790 1314 0.00 0.00 0.00 0.00 0.00 0.00 0.00
pedestrian 0.00 0 0.00 834 1452 868 1500 0.00 0.00 0.00 0.00 0.00 0.00 0.00
pedestrian 0.00 0 0.00 811 1444 855 1500 0.00 0.00 0.00 0.00 0.00 0.00 0.00
tricycle 0.00 0 0.00 774 1424 837 1500 0.00 0.00 0.00 0.00 0.00 0.00 0.00
pedestrian 0.00 0 0.00 848 1181 881 1241 0.00 0.00 0.00 0.00 0.00 0.00 0.00
people 0.00 0 0.00 839 1182 860 1220 0.00 0.00 0.00 0.00 0.00 0.00 0.00
motor 0.00 0 0.00 839 1200 867 1249 0.00 0.00 0.00 0.00 0.00 0.00 0.00
van 0.00 0 0.00 1333 1273 1445 1465 0.00 0.00 0.00 0.00 0.00 0.00 0.00
motor 0.00 0 0.00 570 1275 618 1340 0.00 0.00 0.00 0.00 0.00 0.00 0.00
motor 0.00 0 0.00 830 1059 857 1106 0.00 0.00 0.00 0.00 0.00 0.00 0.00
people 0.00 0 0.00 795 1001 823 1038 0.00 0.00 0.00 0.00 0.00 0.00 0.00
pedestrian 0.00 0 0.00 780 955 806 1006 0.00 0.00 0.00 0.00 0.00 0.00 0.00
people 0.00 0 0.00 828 1011 852 1041 0.00 0.00 0.00 0.00 0.00 0.00 0.00
pedestrian 0.00 0 0.00 857 989 885 1035 0.00 0.00 0.00 0.00 0.00 0.00 0.00
bicycle 0.00 0 0.00 855 1006 871 1048 0.00 0.00 0.00 0.00 0.00 0.00 0.00
pedestrian 0.00 0 0.00 862 956 883 999 0.00 0.00 0.00 0.00 0.00 0.00 0.00
pedestrian 0.00 0 0.00 849 939 867 991 0.00 0.00 0.00 0.00 0.00 0.00 0.00
pedestrian 0.00 0 0.00 880 850 899 893 0.00 0.00 0.00 0.00 0.00 0.00 0.00
van 0.00 0 0.00 1678 1435 1846 1500 0.00 0.00 0.00 0.00 0.00 0.00 0.00
pedestrian 0.00 0 0.00 1620 1336 1670 1414 0.00 0.00 0.00 0.00 0.00 0.00 0.00
car 0.00 0 0.00 1635 1299 1907 1470 0.00 0.00 0.00 0.00 0.00 0.00 0.00
car 0.00 0 0.00 1540 1174 1762 1278 0.00 0.00 0.00 0.00 0.00 0.00 0.00
car 0.00 0 0.00 1862 1157 2000 1251 0.00 0.00 0.00 0.00 0.00 0.00 0.00
people 0.00 0 0.00 1579 1023 1603 1066 0.00 0.00 0.00 0.00 0.00 0.00 0.00
bicycle 0.00 0 0.00 1588 1005 1617 1062 0.00 0.00 0.00 0.00 0.00 0.00 0.00
bicycle 0.00 0 0.00 1550 971 1583 1022 0.00 0.00 0.00 0.00 0.00 0.00 0.00
people 0.00 0 0.00 1518 943 1536 986 0.00 0.00 0.00 0.00 0.00 0.00 0.00
people 0.00 0 0.00 1503 945 1522 988 0.00 0.00 0.00 0.00 0.00 0.00 0.00
motor 0.00 0 0.00 1399 898 1424 947 0.00 0.00 0.00 0.00 0.00 0.00 0.00
car 0.00 0 0.00 1240 1150 1270 1214 0.00 0.00 0.00 0.00 0.00 0.00 0.00
bicycle 0.00 0 0.00 1258 717 1297 747 0.00 0.00 0.00 0.00 0.00 0.00 0.00
car 0.00 0 0.00 1260 893 1343 984 0.00 0.00 0.00 0.00 0.00 0.00 0.00
van 0.00 0 0.00 1112 884 1174 979 0.00 0.00 0.00 0.00 0.00 0.00 0.00
people 0.00 0 0.00 1086 1003 1124 1044 0.00 0.00 0.00 0.00 0.00 0.00 0.00
people 0.00 0 0.00 1135 990 1162 1029 0.00 0.00 0.00 0.00 0.00 0.00 0.00
tricycle 0.00 0 0.00 1102 994 1180 1046 0.00 0.00 0.00 0.00 0.00 0.00 0.00
pedestrian 0.00 0 0.00 1009 823 1025 859 0.00 0.00 0.00 0.00 0.00 0.00 0.00
people 0.00 0 0.00 924 838 946 877 0.00 0.00 0.00 0.00 0.00 0.00 0.00
bicycle 0.00 0 0.00 930 850 946 887 0.00 0.00 0.00 0.00 0.00 0.00 0.00
people 0.00 0 0.00 847 799 864 823 0.00 0.00 0.00 0.00 0.00 0.00 0.00
people 0.00 0 0.00 1224 602 1294 633 0.00 0.00 0.00 0.00 0.00 0.00 0.00
van 0.00 0 0.00 605 644 690 689 0.00 0.00 0.00 0.00 0.00 0.00 0.00
car 0.00 0 0.00 601 633 677 662 0.00 0.00 0.00 0.00 0.00 0.00 0.00
car 0.00 0 0.00 623 624 699 652 0.00 0.00 0.00 0.00 0.00 0.00 0.00
car 0.00 0 0.00 537 646 600 679 0.00 0.00 0.00 0.00 0.00 0.00 0.00
