truck 0.00 0 0.00 294 413 360 441 0.00 0.00 0.00 0.00 0.00 0.00 0.00
truck 0.00 0 0.00 328 389 399 417 0.00 0.00 0.00 0.00 0.00 0.00 0.00
car 0.00 0 0.00 404 407 426 418 0.00 0.00 0.00 0.00 0.00 0.00 0.00
car 0.00 0 0.00 462 394 476 405 0.00 0.00 0.00 0.00 0.00 0.00 0.00
car 0.00 0 0.00 670 316 678 325 0.00 0.00 0.00 0.00 0.00 0.00 0.00
car 0.00 0 0.00 682 281 687 289 0.00 0.00 0.00 0.00 0.00 0.00 0.00
car 0.00 0 0.00 705 252 710 259 0.00 0.00 0.00 0.00 0.00 0.00 0.00
car 0.00 0 0.00 997 329 1008 337 0.00 0.00 0.00 0.00 0.00 0.00 0.00
car 0.00 0 0.00 989 318 999 327 0.00 0.00 0.00 0.00 0.00 0.00 0.00
car 0.00 0 0.00 838 261 845 267 0.00 0.00 0.00 0.00 0.00 0.00 0.00
car 0.00 0 0.00 853 259 859 267 0.00 0.00 0.00 0.00 0.00 0.00 0.00
car 0.00 0 0.00 861 259 868 267 0.00 0.00 0.00 0.00 0.00 0.00 0.00
van 0.00 0 0.00 846 258 852 267 0.00 0.00 0.00 0.00 0.00 0.00 0.00
car 0.00 0 0.00 812 252 821 259 0.00 0.00 0.00 0.00 0.00 0.00 0.00
car 0.00 0 0.00 806 259 813 266 0.00 0.00 0.00 0.00 0.00 0.00 0.00
car 0.00 0 0.00 800 260 805 266 0.00 0.00 0.00 0.00 0.00 0.00 0.00
car 0.00 0 0.00 668 302 677 313 0.00 0.00 0.00 0.00 0.00 0.00 0.00
car 0.00 0 0.00 598 498 615 520 0.00 0.00 0.00 0.00 0.00 0.00 0.00
van 0.00 0 0.00 491 371 504 389 0.00 0.00 0.00 0.00 0.00 0.00 0.00
car 0.00 0 0.00 980 308 990 320 0.00 0.00 0.00 0.00 0.00 0.00 0.00
bus 0.00 0 0.00 615 504 639 551 0.00 0.00 0.00 0.00 0.00 0.00 0.00
pedestrian 0.00 0 0.00 678 450 685 466 0.00 0.00 0.00 0.00 0.00 0.00 0.00
pedestrian 0.00 0 0.00 668 442 673 453 0.00 0.00 0.00 0.00 0.00 0.00 0.00
pedestrian 0.00 0 0.00 606 466 611 477 0.00 0.00 0.00 0.00 0.00 0.00 0.00
motor 0.00 0 0.00 604 429 611 441 0.00 0.00 0.00 0.00 0.00 0.00 0.00
van 0.00 0 0.00 611 208 616 213 0.00 0.00 0.00 0.00 0.00 0.00 0.00
