pedestrian 0.00 0 0.00 726 834 762 904 0.00 0.00 0.00 0.00 0.00 0.00 0.00
pedestrian 0.00 0 0.00 791 881 813 920 0.00 0.00 0.00 0.00 0.00 0.00 0.00
people 0.00 0 0.00 790 823 821 873 0.00 0.00 0.00 0.00 0.00 0.00 0.00
people 0.00 0 0.00 766 714 801 767 0.00 0.00 0.00 0.00 0.00 0.00 0.00
pedestrian 0.00 0 0.00 1141 469 1183 533 0.00 0.00 0.00 0.00 0.00 0.00 0.00
pedestrian 0.00 0 0.00 944 545 972 609 0.00 0.00 0.00 0.00 0.00 0.00 0.00
pedestrian 0.00 0 0.00 878 521 899 572 0.00 0.00 0.00 0.00 0.00 0.00 0.00
pedestrian 0.00 0 0.00 1017 372 1048 436 0.00 0.00 0.00 0.00 0.00 0.00 0.00
pedestrian 0.00 0 0.00 1028 355 1048 391 0.00 0.00 0.00 0.00 0.00 0.00 0.00
pedestrian 0.00 0 0.00 1039 161 1057 213 0.00 0.00 0.00 0.00 0.00 0.00 0.00
pedestrian 0.00 0 0.00 1286 309 1320 362 0.00 0.00 0.00 0.00 0.00 0.00 0.00
pedestrian 0.00 0 0.00 1263 322 1287 359 0.00 0.00 0.00 0.00 0.00 0.00 0.00
pedestrian 0.00 0 0.00 790 409 816 467 0.00 0.00 0.00 0.00 0.00 0.00 0.00
pedestrian 0.00 0 0.00 470 452 496 511 0.00 0.00 0.00 0.00 0.00 0.00 0.00
pedestrian 0.00 0 0.00 487 451 508 496 0.00 0.00 0.00 0.00 0.00 0.00 0.00
pedestrian 0.00 0 0.00 266 356 306 417 0.00 0.00 0.00 0.00 0.00 0.00 0.00
pedestrian 0.00 0 0.00 292 359 322 403 0.00 0.00 0.00 0.00 0.00 0.00 0.00
pedestrian 0.00 0 0.00 307 326 347 381 0.00 0.00 0.00 0.00 0.00 0.00 0.00
pedestrian 0.00 0 0.00 579 422 611 479 0.00 0.00 0.00 0.00 0.00 0.00 0.00
pedestrian 0.00 0 0.00 603 400 624 441 0.00 0.00 0.00 0.00 0.00 0.00 0.00
pedestrian 0.00 0 0.00 602 371 628 430 0.00 0.00 0.00 0.00 0.00 0.00 0.00
car 0.00 0 0.00 60 236 196 309 0.00 0.00 0.00 0.00 0.00 0.00 0.00
car 0.00 0 0.00 572 321 735 414 0.00 0.00 0.00 0.00 0.00 0.00 0.00
car 0.00 0 0.00 772 345 922 426 0.00 0.00 0.00 0.00 0.00 0.00 0.00
car 0.00 0 0.00 812 121 928 179 0.00 0.00 0.00 0.00 0.00 0.00 0.00
pedestrian 0.00 0 0.00 34 96 62 142 0.00 0.00 0.00 0.00 0.00 0.00 0.00
pedestrian 0.00 0 0.00 753 105 773 152 0.00 0.00 0.00 0.00 0.00 0.00 0.00
