tricycle 0.00 0 0.00 650 513 687 536 0.00 0.00 0.00 0.00 0.00 0.00 0.00
car 0.00 0 0.00 576 857 610 942 0.00 0.00 0.00 0.00 0.00 0.00 0.00
car 0.00 0 0.00 649 846 683 928 0.00 0.00 0.00 0.00 0.00 0.00 0.00
motor 0.00 0 0.00 578 790 596 822 0.00 0.00 0.00 0.00 0.00 0.00 0.00
motor 0.00 0 0.00 599 721 613 744 0.00 0.00 0.00 0.00 0.00 0.00 0.00
motor 0.00 0 0.00 652 712 663 736 0.00 0.00 0.00 0.00 0.00 0.00 0.00
motor 0.00 0 0.00 680 705 692 727 0.00 0.00 0.00 0.00 0.00 0.00 0.00
motor 0.00 0 0.00 705 702 718 725 0.00 0.00 0.00 0.00 0.00 0.00 0.00
motor 0.00 0 0.00 719 624 739 643 0.00 0.00 0.00 0.00 0.00 0.00 0.00
motor 0.00 0 0.00 766 613 785 632 0.00 0.00 0.00 0.00 0.00 0.00 0.00
motor 0.00 0 0.00 934 527 952 544 0.00 0.00 0.00 0.00 0.00 0.00 0.00
motor 0.00 0 0.00 936 503 960 519 0.00 0.00 0.00 0.00 0.00 0.00 0.00
motor 0.00 0 0.00 659 85 665 95 0.00 0.00 0.00 0.00 0.00 0.00 0.00
bicycle 0.00 0 0.00 1092 594 1113 612 0.00 0.00 0.00 0.00 0.00 0.00 0.00
bus 0.00 0 0.00 635 139 654 181 0.00 0.00 0.00 0.00 0.00 0.00 0.00
van 0.00 0 0.00 843 203 871 220 0.00 0.00 0.00 0.00 0.00 0.00 0.00
car 0.00 0 0.00 674 46 682 54 0.00 0.00 0.00 0.00 0.00 0.00 0.00
car 0.00 0 0.00 799 44 805 52 0.00 0.00 0.00 0.00 0.00 0.00 0.00
car 0.00 0 0.00 730 33 743 40 0.00 0.00 0.00 0.00 0.00 0.00 0.00
people 0.00 0 0.00 581 793 591 814 0.00 0.00 0.00 0.00 0.00 0.00 0.00
people 0.00 0 0.00 602 723 612 737 0.00 0.00 0.00 0.00 0.00 0.00 0.00
people 0.00 0 0.00 653 716 660 732 0.00 0.00 0.00 0.00 0.00 0.00 0.00
people 0.00 0 0.00 683 707 690 724 0.00 0.00 0.00 0.00 0.00 0.00 0.00
people 0.00 0 0.00 708 704 715 721 0.00 0.00 0.00 0.00 0.00 0.00 0.00
people 0.00 0 0.00 770 615 776 631 0.00 0.00 0.00 0.00 0.00 0.00 0.00
people 0.00 0 0.00 776 614 782 631 0.00 0.00 0.00 0.00 0.00 0.00 0.00
people 0.00 0 0.00 726 625 734 639 0.00 0.00 0.00 0.00 0.00 0.00 0.00
people 0.00 0 0.00 946 504 953 517 0.00 0.00 0.00 0.00 0.00 0.00 0.00
people 0.00 0 0.00 942 528 949 541 0.00 0.00 0.00 0.00 0.00 0.00 0.00
people 0.00 0 0.00 1100 594 1109 608 0.00 0.00 0.00 0.00 0.00 0.00 0.00
pedestrian 0.00 0 0.00 806 646 814 660 0.00 0.00 0.00 0.00 0.00 0.00 0.00
pedestrian 0.00 0 0.00 791 654 799 670 0.00 0.00 0.00 0.00 0.00 0.00 0.00
pedestrian 0.00 0 0.00 462 682 473 701 0.00 0.00 0.00 0.00 0.00 0.00 0.00
