van 0.00 0 0.00 275 971 369 1050 0.00 0.00 0.00 0.00 0.00 0.00 0.00
truck 0.00 0 0.00 304 740 418 945 0.00 0.00 0.00 0.00 0.00 0.00 0.00
car 0.00 0 0.00 721 733 793 913 0.00 0.00 0.00 0.00 0.00 0.00 0.00
car 0.00 0 0.00 801 755 875 933 0.00 0.00 0.00 0.00 0.00 0.00 0.00
awning-tricycle 0.00 0 0.00 719 581 765 643 0.00 0.00 0.00 0.00 0.00 0.00 0.00
pedestrian 0.00 0 0.00 714 467 739 497 0.00 0.00 0.00 0.00 0.00 0.00 0.00
pedestrian 0.00 0 0.00 738 463 756 497 0.00 0.00 0.00 0.00 0.00 0.00 0.00
pedestrian 0.00 0 0.00 758 509 781 541 0.00 0.00 0.00 0.00 0.00 0.00 0.00
car 0.00 0 0.00 794 345 856 476 0.00 0.00 0.00 0.00 0.00 0.00 0.00
car 0.00 0 0.00 813 38 870 145 0.00 0.00 0.00 0.00 0.00 0.00 0.00
pedestrian 0.00 0 0.00 774 0 791 23 0.00 0.00 0.00 0.00 0.00 0.00 0.00
pedestrian 0.00 0 0.00 791 0 808 21 0.00 0.00 0.00 0.00 0.00 0.00 0.00
pedestrian 0.00 0 0.00 760 0 773 24 0.00 0.00 0.00 0.00 0.00 0.00 0.00
pedestrian 0.00 0 0.00 304 524 335 548 0.00 0.00 0.00 0.00 0.00 0.00 0.00
car 0.00 0 0.00 369 566 456 721 0.00 0.00 0.00 0.00 0.00 0.00 0.00
van 0.00 0 0.00 403 402 479 533 0.00 0.00 0.00 0.00 0.00 0.00 0.00
truck 0.00 0 0.00 530 480 627 693 0.00 0.00 0.00 0.00 0.00 0.00 0.00
motor 0.00 0 0.00 216 269 273 302 0.00 0.00 0.00 0.00 0.00 0.00 0.00
motor 0.00 0 0.00 218 251 277 288 0.00 0.00 0.00 0.00 0.00 0.00 0.00
car 0.00 0 0.00 249 148 330 273 0.00 0.00 0.00 0.00 0.00 0.00 0.00
motor 0.00 0 0.00 265 35 310 66 0.00 0.00 0.00 0.00 0.00 0.00 0.00
bicycle 0.00 0 0.00 155 150 191 195 0.00 0.00 0.00 0.00 0.00 0.00 0.00
