pedestrian 0.00 0 0.00 383 1306 401 1336 0.00 0.00 0.00 0.00 0.00 0.00 0.00
bicycle 0.00 0 0.00 209 1301 227 1335 0.00 0.00 0.00 0.00 0.00 0.00 0.00
bicycle 0.00 0 0.00 194 1211 210 1238 0.00 0.00 0.00 0.00 0.00 0.00 0.00
bicycle 0.00 0 0.00 154 1223 170 1250 0.00 0.00 0.00 0.00 0.00 0.00 0.00
pedestrian 0.00 0 0.00 286 1025 302 1054 0.00 0.00 0.00 0.00 0.00 0.00 0.00
pedestrian 0.00 0 0.00 300 1036 315 1062 0.00 0.00 0.00 0.00 0.00 0.00 0.00
bicycle 0.00 0 0.00 150 1035 165 1056 0.00 0.00 0.00 0.00 0.00 0.00 0.00
bicycle 0.00 0 0.00 150 1062 165 1084 0.00 0.00 0.00 0.00 0.00 0.00 0.00
bicycle 0.00 0 0.00 65 905 79 930 0.00 0.00 0.00 0.00 0.00 0.00 0.00
pedestrian 0.00 0 0.00 297 702 311 722 0.00 0.00 0.00 0.00 0.00 0.00 0.00
bicycle 0.00 0 0.00 195 757 221 771 0.00 0.00 0.00 0.00 0.00 0.00 0.00
pedestrian 0.00 0 0.00 159 725 170 746 0.00 0.00 0.00 0.00 0.00 0.00 0.00
pedestrian 0.00 0 0.00 220 672 229 692 0.00 0.00 0.00 0.00 0.00 0.00 0.00
bicycle 0.00 0 0.00 47 707 59 723 0.00 0.00 0.00 0.00 0.00 0.00 0.00
bicycle 0.00 0 0.00 63 732 73 750 0.00 0.00 0.00 0.00 0.00 0.00 0.00
bicycle 0.00 0 0.00 23 678 33 691 0.00 0.00 0.00 0.00 0.00 0.00 0.00
bicycle 0.00 0 0.00 33 657 42 671 0.00 0.00 0.00 0.00 0.00 0.00 0.00
