bus 0.00 0 0.00 321 439 362 563 0.00 0.00 0.00 0.00 0.00 0.00 0.00
bus 0.00 0 0.00 394 324 428 437 0.00 0.00 0.00 0.00 0.00 0.00 0.00
bus 0.00 0 0.00 335 284 394 406 0.00 0.00 0.00 0.00 0.00 0.00 0.00
bus 0.00 0 0.00 374 187 423 301 0.00 0.00 0.00 0.00 0.00 0.00 0.00
bus 0.00 0 0.00 407 228 450 324 0.00 0.00 0.00 0.00 0.00 0.00 0.00
bus 0.00 0 0.00 423 134 467 225 0.00 0.00 0.00 0.00 0.00 0.00 0.00
bus 0.00 0 0.00 437 23 471 154 0.00 0.00 0.00 0.00 0.00 0.00 0.00
bus 0.00 0 0.00 778 47 870 187 0.00 0.00 0.00 0.00 0.00 0.00 0.00
bus 0.00 0 0.00 669 190 770 332 0.00 0.00 0.00 0.00 0.00 0.00 0.00
bus 0.00 0 0.00 613 162 662 312 0.00 0.00 0.00 0.00 0.00 0.00 0.00
bus 0.00 0 0.00 481 364 528 488 0.00 0.00 0.00 0.00 0.00 0.00 0.00
bus 0.00 0 0.00 604 28 657 149 0.00 0.00 0.00 0.00 0.00 0.00 0.00
van 0.00 0 0.00 512 155 537 210 0.00 0.00 0.00 0.00 0.00 0.00 0.00
car 0.00 0 0.00 516 106 544 152 0.00 0.00 0.00 0.00 0.00 0.00 0.00
car 0.00 0 0.00 1176 276 1224 360 0.00 0.00 0.00 0.00 0.00 0.00 0.00
car 0.00 0 0.00 500 292 529 362 0.00 0.00 0.00 0.00 0.00 0.00 0.00
car 0.00 0 0.00 506 226 537 274 0.00 0.00 0.00 0.00 0.00 0.00 0.00
pedestrian 0.00 0 0.00 465 342 478 369 0.00 0.00 0.00 0.00 0.00 0.00 0.00
bus 0.00 0 0.00 92 705 296 776 0.00 0.00 0.00 0.00 0.00 0.00 0.00
bus 0.00 0 0.00 0 710 99 780 0.00 0.00 0.00 0.00 0.00 0.00 0.00
