car 0.00 0 0.00 380 601 389 616 0.00 0.00 0.00 0.00 0.00 0.00 0.00
car 0.00 0 0.00 386 636 406 660 0.00 0.00 0.00 0.00 0.00 0.00 0.00
car 0.00 0 0.00 380 630 397 649 0.00 0.00 0.00 0.00 0.00 0.00 0.00
car 0.00 0 0.00 368 632 384 650 0.00 0.00 0.00 0.00 0.00 0.00 0.00
car 0.00 0 0.00 309 652 325 669 0.00 0.00 0.00 0.00 0.00 0.00 0.00
pedestrian 0.00 0 0.00 318 684 328 692 0.00 0.00 0.00 0.00 0.00 0.00 0.00
pedestrian 0.00 0 0.00 292 726 302 736 0.00 0.00 0.00 0.00 0.00 0.00 0.00
pedestrian 0.00 0 0.00 289 729 298 738 0.00 0.00 0.00 0.00 0.00 0.00 0.00
pedestrian 0.00 0 0.00 371 734 390 751 0.00 0.00 0.00 0.00 0.00 0.00 0.00
pedestrian 0.00 0 0.00 371 743 385 758 0.00 0.00 0.00 0.00 0.00 0.00 0.00
car 0.00 0 0.00 265 718 291 736 0.00 0.00 0.00 0.00 0.00 0.00 0.00
car 0.00 0 0.00 253 730 276 753 0.00 0.00 0.00 0.00 0.00 0.00 0.00
car 0.00 0 0.00 222 768 255 792 0.00 0.00 0.00 0.00 0.00 0.00 0.00
car 0.00 0 0.00 212 794 240 816 0.00 0.00 0.00 0.00 0.00 0.00 0.00
car 0.00 0 0.00 186 834 214 858 0.00 0.00 0.00 0.00 0.00 0.00 0.00
car 0.00 0 0.00 177 846 204 866 0.00 0.00 0.00 0.00 0.00 0.00 0.00
car 0.00 0 0.00 160 854 200 892 0.00 0.00 0.00 0.00 0.00 0.00 0.00
car 0.00 0 0.00 370 684 390 712 0.00 0.00 0.00 0.00 0.00 0.00 0.00
car 0.00 0 0.00 337 722 361 755 0.00 0.00 0.00 0.00 0.00 0.00 0.00
awning-tricycle 0.00 0 0.00 336 777 361 804 0.00 0.00 0.00 0.00 0.00 0.00 0.00
people 0.00 0 0.00 339 786 351 796 0.00 0.00 0.00 0.00 0.00 0.00 0.00
car 0.00 0 0.00 295 814 331 864 0.00 0.00 0.00 0.00 0.00 0.00 0.00
pedestrian 0.00 0 0.00 335 868 360 890 0.00 0.00 0.00 0.00 0.00 0.00 0.00
pedestrian 0.00 0 0.00 331 884 354 906 0.00 0.00 0.00 0.00 0.00 0.00 0.00
car 0.00 0 0.00 212 921 257 987 0.00 0.00 0.00 0.00 0.00 0.00 0.00
car 0.00 0 0.00 108 937 148 969 0.00 0.00 0.00 0.00 0.00 0.00 0.00
car 0.00 0 0.00 90 964 131 1000 0.00 0.00 0.00 0.00 0.00 0.00 0.00
pedestrian 0.00 0 0.00 103 1021 130 1039 0.00 0.00 0.00 0.00 0.00 0.00 0.00
people 0.00 0 0.00 562 799 585 840 0.00 0.00 0.00 0.00 0.00 0.00 0.00
motor 0.00 0 0.00 561 794 601 846 0.00 0.00 0.00 0.00 0.00 0.00 0.00
car 0.00 0 0.00 981 503 1151 655 0.00 0.00 0.00 0.00 0.00 0.00 0.00
car 0.00 0 0.00 1006 433 1156 563 0.00 0.00 0.00 0.00 0.00 0.00 0.00
car 0.00 0 0.00 1199 422 1400 591 0.00 0.00 0.00 0.00 0.00 0.00 0.00
car 0.00 0 0.00 1209 299 1400 458 0.00 0.00 0.00 0.00 0.00 0.00 0.00
car 0.00 0 0.00 1186 277 1357 414 0.00 0.00 0.00 0.00 0.00 0.00 0.00
