car 0.00 0 0.00 605 662 735 709 0.00 0.00 0.00 0.00 0.00 0.00 0.00
car 0.00 0 0.00 932 686 1057 733 0.00 0.00 0.00 0.00 0.00 0.00 0.00
car 0.00 0 0.00 1097 681 1221 727 0.00 0.00 0.00 0.00 0.00 0.00 0.00
car 0.00 0 0.00 1260 684 1391 731 0.00 0.00 0.00 0.00 0.00 0.00 0.00
car 0.00 0 0.00 1707 686 1846 734 0.00 0.00 0.00 0.00 0.00 0.00 0.00
car 0.00 0 0.00 1224 863 1349 910 0.00 0.00 0.00 0.00 0.00 0.00 0.00
car 0.00 0 0.00 1372 859 1496 906 0.00 0.00 0.00 0.00 0.00 0.00 0.00
car 0.00 0 0.00 1540 861 1674 911 0.00 0.00 0.00 0.00 0.00 0.00 0.00
car 0.00 0 0.00 1690 871 1810 918 0.00 0.00 0.00 0.00 0.00 0.00 0.00
car 0.00 0 0.00 1061 864 1181 913 0.00 0.00 0.00 0.00 0.00 0.00 0.00
car 0.00 0 0.00 985 767 1109 814 0.00 0.00 0.00 0.00 0.00 0.00 0.00
car 0.00 0 0.00 900 852 1024 909 0.00 0.00 0.00 0.00 0.00 0.00 0.00
car 0.00 0 0.00 457 851 585 909 0.00 0.00 0.00 0.00 0.00 0.00 0.00
car 0.00 0 0.00 302 843 437 918 0.00 0.00 0.00 0.00 0.00 0.00 0.00
car 0.00 0 0.00 142 857 280 911 0.00 0.00 0.00 0.00 0.00 0.00 0.00
car 0.00 0 0.00 57 673 182 720 0.00 0.00 0.00 0.00 0.00 0.00 0.00
car 0.00 0 0.00 217 676 342 727 0.00 0.00 0.00 0.00 0.00 0.00 0.00
car 0.00 0 0.00 239 600 355 660 0.00 0.00 0.00 0.00 0.00 0.00 0.00
car 0.00 0 0.00 1374 347 1433 481 0.00 0.00 0.00 0.00 0.00 0.00 0.00
van 0.00 0 0.00 863 142 963 245 0.00 0.00 0.00 0.00 0.00 0.00 0.00
van 0.00 0 0.00 183 768 327 822 0.00 0.00 0.00 0.00 0.00 0.00 0.00
van 0.00 0 0.00 736 858 855 923 0.00 0.00 0.00 0.00 0.00 0.00 0.00
van 0.00 0 0.00 603 864 705 911 0.00 0.00 0.00 0.00 0.00 0.00 0.00
car 0.00 0 0.00 1874 683 1989 729 0.00 0.00 0.00 0.00 0.00 0.00 0.00
van 0.00 0 0.00 1557 682 1661 726 0.00 0.00 0.00 0.00 0.00 0.00 0.00
van 0.00 0 0.00 1422 681 1537 728 0.00 0.00 0.00 0.00 0.00 0.00 0.00
car 0.00 0 0.00 0 862 110 913 0.00 0.00 0.00 0.00 0.00 0.00 0.00
pedestrian 0.00 0 0.00 852 143 865 168 0.00 0.00 0.00 0.00 0.00 0.00 0.00
pedestrian 0.00 0 0.00 852 129 861 145 0.00 0.00 0.00 0.00 0.00 0.00 0.00
pedestrian 0.00 0 0.00 750 398 767 422 0.00 0.00 0.00 0.00 0.00 0.00 0.00
pedestrian 0.00 0 0.00 1227 101 1244 138 0.00 0.00 0.00 0.00 0.00 0.00 0.00
