car 0.00 0 0.00 525 663 719 787 0.00 0.00 0.00 0.00 0.00 0.00 0.00
car 0.00 0 0.00 1267 658 1381 787 0.00 0.00 0.00 0.00 0.00 0.00 0.00
van 0.00 0 0.00 1271 274 1371 440 0.00 0.00 0.00 0.00 0.00 0.00 0.00
car 0.00 0 0.00 928 406 1123 518 0.00 0.00 0.00 0.00 0.00 0.00 0.00
car 0.00 0 0.00 490 582 654 726 0.00 0.00 0.00 0.00 0.00 0.00 0.00
van 0.00 0 0.00 427 497 622 634 0.00 0.00 0.00 0.00 0.00 0.00 0.00
car 0.00 0 0.00 384 375 551 450 0.00 0.00 0.00 0.00 0.00 0.00 0.00
van 0.00 0 0.00 398 297 567 380 0.00 0.00 0.00 0.00 0.00 0.00 0.00
car 0.00 0 0.00 638 222 712 341 0.00 0.00 0.00 0.00 0.00 0.00 0.00
motor 0.00 0 0.00 839 245 906 300 0.00 0.00 0.00 0.00 0.00 0.00 0.00
motor 0.00 0 0.00 856 196 923 242 0.00 0.00 0.00 0.00 0.00 0.00 0.00
car 0.00 0 0.00 945 336 1096 428 0.00 0.00 0.00 0.00 0.00 0.00 0.00
car 0.00 0 0.00 945 277 1114 362 0.00 0.00 0.00 0.00 0.00 0.00 0.00
van 0.00 0 0.00 952 196 1121 300 0.00 0.00 0.00 0.00 0.00 0.00 0.00
car 0.00 0 0.00 974 154 1128 237 0.00 0.00 0.00 0.00 0.00 0.00 0.00
car 0.00 0 0.00 994 124 1149 195 0.00 0.00 0.00 0.00 0.00 0.00 0.00
truck 0.00 0 0.00 586 704 837 787 0.00 0.00 0.00 0.00 0.00 0.00 0.00
