car 0.00 0 0.00 545 1183 685 1357 0.00 0.00 0.00 0.00 0.00 0.00 0.00
car 0.00 0 0.00 1053 1011 1189 1090 0.00 0.00 0.00 0.00 0.00 0.00 0.00
car 0.00 0 0.00 1081 962 1216 1020 0.00 0.00 0.00 0.00 0.00 0.00 0.00
car 0.00 0 0.00 1079 911 1233 973 0.00 0.00 0.00 0.00 0.00 0.00 0.00
car 0.00 0 0.00 1113 871 1239 925 0.00 0.00 0.00 0.00 0.00 0.00 0.00
car 0.00 0 0.00 1107 829 1248 885 0.00 0.00 0.00 0.00 0.00 0.00 0.00
car 0.00 0 0.00 945 767 1026 841 0.00 0.00 0.00 0.00 0.00 0.00 0.00
car 0.00 0 0.00 1129 799 1260 844 0.00 0.00 0.00 0.00 0.00 0.00 0.00
car 0.00 0 0.00 1152 762 1263 811 0.00 0.00 0.00 0.00 0.00 0.00 0.00
car 0.00 0 0.00 1173 731 1285 773 0.00 0.00 0.00 0.00 0.00 0.00 0.00
car 0.00 0 0.00 1173 699 1269 742 0.00 0.00 0.00 0.00 0.00 0.00 0.00
motor 0.00 0 0.00 1263 655 1291 680 0.00 0.00 0.00 0.00 0.00 0.00 0.00
car 0.00 0 0.00 1133 659 1191 702 0.00 0.00 0.00 0.00 0.00 0.00 0.00
pedestrian 0.00 0 0.00 1120 548 1129 581 0.00 0.00 0.00 0.00 0.00 0.00 0.00
van 0.00 0 0.00 1208 492 1245 536 0.00 0.00 0.00 0.00 0.00 0.00 0.00
pedestrian 0.00 0 0.00 581 401 587 422 0.00 0.00 0.00 0.00 0.00 0.00 0.00
car 0.00 0 0.00 1398 351 1423 370 0.00 0.00 0.00 0.00 0.00 0.00 0.00
car 0.00 0 0.00 1418 319 1443 339 0.00 0.00 0.00 0.00 0.00 0.00 0.00
car 0.00 0 0.00 1416 204 1429 215 0.00 0.00 0.00 0.00 0.00 0.00 0.00
