truck 0.00 0 0.00 271 242 386 298 0.00 0.00 0.00 0.00 0.00 0.00 0.00
car 0.00 0 0.00 799 261 876 297 0.00 0.00 0.00 0.00 0.00 0.00 0.00
truck 0.00 0 0.00 850 137 948 188 0.00 0.00 0.00 0.00 0.00 0.00 0.00
car 0.00 0 0.00 259 419 319 500 0.00 0.00 0.00 0.00 0.00 0.00 0.00
car 0.00 0 0.00 311 402 353 467 0.00 0.00 0.00 0.00 0.00 0.00 0.00
car 0.00 0 0.00 383 409 423 478 0.00 0.00 0.00 0.00 0.00 0.00 0.00
car 0.00 0 0.00 499 457 541 528 0.00 0.00 0.00 0.00 0.00 0.00 0.00
car 0.00 0 0.00 1316 553 1350 626 0.00 0.00 0.00 0.00 0.00 0.00 0.00
car 0.00 0 0.00 1355 554 1386 635 0.00 0.00 0.00 0.00 0.00 0.00 0.00
van 0.00 0 0.00 416 407 456 483 0.00 0.00 0.00 0.00 0.00 0.00 0.00
car 0.00 0 0.00 455 458 493 527 0.00 0.00 0.00 0.00 0.00 0.00 0.00
car 0.00 0 0.00 691 462 730 549 0.00 0.00 0.00 0.00 0.00 0.00 0.00
car 0.00 0 0.00 728 488 758 552 0.00 0.00 0.00 0.00 0.00 0.00 0.00
van 0.00 0 0.00 763 499 804 583 0.00 0.00 0.00 0.00 0.00 0.00 0.00
car 0.00 0 0.00 834 519 868 597 0.00 0.00 0.00 0.00 0.00 0.00 0.00
car 0.00 0 0.00 873 522 913 598 0.00 0.00 0.00 0.00 0.00 0.00 0.00
car 0.00 0 0.00 949 496 985 583 0.00 0.00 0.00 0.00 0.00 0.00 0.00
car 0.00 0 0.00 986 506 1023 582 0.00 0.00 0.00 0.00 0.00 0.00 0.00
car 0.00 0 0.00 1024 510 1063 585 0.00 0.00 0.00 0.00 0.00 0.00 0.00
car 0.00 0 0.00 1066 518 1102 599 0.00 0.00 0.00 0.00 0.00 0.00 0.00
car 0.00 0 0.00 1109 530 1150 610 0.00 0.00 0.00 0.00 0.00 0.00 0.00
car 0.00 0 0.00 1154 535 1200 609 0.00 0.00 0.00 0.00 0.00 0.00 0.00
car 0.00 0 0.00 1199 533 1242 608 0.00 0.00 0.00 0.00 0.00 0.00 0.00
car 0.00 0 0.00 1235 535 1273 608 0.00 0.00 0.00 0.00 0.00 0.00 0.00
car 0.00 0 0.00 1273 539 1311 618 0.00 0.00 0.00 0.00 0.00 0.00 0.00
car 0.00 0 0.00 1077 603 1162 649 0.00 0.00 0.00 0.00 0.00 0.00 0.00
car 0.00 0 0.00 1214 615 1300 661 0.00 0.00 0.00 0.00 0.00 0.00 0.00
car 0.00 0 0.00 1302 627 1374 667 0.00 0.00 0.00 0.00 0.00 0.00 0.00
car 0.00 0 0.00 14 701 74 777 0.00 0.00 0.00 0.00 0.00 0.00 0.00
car 0.00 0 0.00 55 664 120 747 0.00 0.00 0.00 0.00 0.00 0.00 0.00
car 0.00 0 0.00 103 642 161 709 0.00 0.00 0.00 0.00 0.00 0.00 0.00
car 0.00 0 0.00 178 620 227 670 0.00 0.00 0.00 0.00 0.00 0.00 0.00
car 0.00 0 0.00 127 701 214 776 0.00 0.00 0.00 0.00 0.00 0.00 0.00
car 0.00 0 0.00 212 637 310 715 0.00 0.00 0.00 0.00 0.00 0.00 0.00
car 0.00 0 0.00 155 714 274 787 0.00 0.00 0.00 0.00 0.00 0.00 0.00
car 0.00 0 0.00 224 764 284 787 0.00 0.00 0.00 0.00 0.00 0.00 0.00
car 0.00 0 0.00 313 741 395 787 0.00 0.00 0.00 0.00 0.00 0.00 0.00
car 0.00 0 0.00 404 730 504 787 0.00 0.00 0.00 0.00 0.00 0.00 0.00
car 0.00 0 0.00 512 754 580 787 0.00 0.00 0.00 0.00 0.00 0.00 0.00
car 0.00 0 0.00 269 662 354 737 0.00 0.00 0.00 0.00 0.00 0.00 0.00
car 0.00 0 0.00 349 661 442 742 0.00 0.00 0.00 0.00 0.00 0.00 0.00
car 0.00 0 0.00 391 692 470 764 0.00 0.00 0.00 0.00 0.00 0.00 0.00
car 0.00 0 0.00 1350 242 1394 279 0.00 0.00 0.00 0.00 0.00 0.00 0.00
