van 0.00 0 0.00 917 886 1045 1008 0.00 0.00 0.00 0.00 0.00 0.00 0.00
car 0.00 0 0.00 839 649 954 730 0.00 0.00 0.00 0.00 0.00 0.00 0.00
car 0.00 0 0.00 972 695 1107 783 0.00 0.00 0.00 0.00 0.00 0.00 0.00
car 0.00 0 0.00 1168 781 1273 961 0.00 0.00 0.00 0.00 0.00 0.00 0.00
car 0.00 0 0.00 1093 634 1179 732 0.00 0.00 0.00 0.00 0.00 0.00 0.00
car 0.00 0 0.00 1140 559 1221 637 0.00 0.00 0.00 0.00 0.00 0.00 0.00
car 0.00 0 0.00 1197 483 1266 546 0.00 0.00 0.00 0.00 0.00 0.00 0.00
car 0.00 0 0.00 1237 424 1298 482 0.00 0.00 0.00 0.00 0.00 0.00 0.00
car 0.00 0 0.00 1258 377 1324 432 0.00 0.00 0.00 0.00 0.00 0.00 0.00
car 0.00 0 0.00 1204 321 1271 374 0.00 0.00 0.00 0.00 0.00 0.00 0.00
car 0.00 0 0.00 1290 282 1377 325 0.00 0.00 0.00 0.00 0.00 0.00 0.00
car 0.00 0 0.00 449 669 565 753 0.00 0.00 0.00 0.00 0.00 0.00 0.00
car 0.00 0 0.00 494 638 615 711 0.00 0.00 0.00 0.00 0.00 0.00 0.00
car 0.00 0 0.00 639 493 742 559 0.00 0.00 0.00 0.00 0.00 0.00 0.00
car 0.00 0 0.00 676 466 781 524 0.00 0.00 0.00 0.00 0.00 0.00 0.00
car 0.00 0 0.00 720 408 824 484 0.00 0.00 0.00 0.00 0.00 0.00 0.00
car 0.00 0 0.00 819 334 909 392 0.00 0.00 0.00 0.00 0.00 0.00 0.00
car 0.00 0 0.00 851 254 905 303 0.00 0.00 0.00 0.00 0.00 0.00 0.00
