car 0.00 0 0.00 190 663 255 693 0.00 0.00 0.00 0.00 0.00 0.00 0.00
car 0.00 0 0.00 36 451 92 473 0.00 0.00 0.00 0.00 0.00 0.00 0.00
car 0.00 0 0.00 33 421 81 443 0.00 0.00 0.00 0.00 0.00 0.00 0.00
car 0.00 0 0.00 124 413 174 432 0.00 0.00 0.00 0.00 0.00 0.00 0.00
car 0.00 0 0.00 118 445 171 470 0.00 0.00 0.00 0.00 0.00 0.00 0.00
car 0.00 0 0.00 240 448 295 468 0.00 0.00 0.00 0.00 0.00 0.00 0.00
truck 0.00 0 0.00 263 413 315 432 0.00 0.00 0.00 0.00 0.00 0.00 0.00
car 0.00 0 0.00 334 443 383 464 0.00 0.00 0.00 0.00 0.00 0.00 0.00
truck 0.00 0 0.00 380 409 459 437 0.00 0.00 0.00 0.00 0.00 0.00 0.00
car 0.00 0 0.00 502 408 559 429 0.00 0.00 0.00 0.00 0.00 0.00 0.00
bus 0.00 0 0.00 492 439 631 468 0.00 0.00 0.00 0.00 0.00 0.00 0.00
car 0.00 0 0.00 638 402 699 426 0.00 0.00 0.00 0.00 0.00 0.00 0.00
car 0.00 0 0.00 756 405 802 425 0.00 0.00 0.00 0.00 0.00 0.00 0.00
car 0.00 0 0.00 862 399 920 422 0.00 0.00 0.00 0.00 0.00 0.00 0.00
truck 0.00 0 0.00 706 441 805 472 0.00 0.00 0.00 0.00 0.00 0.00 0.00
car 0.00 0 0.00 869 441 923 463 0.00 0.00 0.00 0.00 0.00 0.00 0.00
van 0.00 0 0.00 973 436 1031 457 0.00 0.00 0.00 0.00 0.00 0.00 0.00
car 0.00 0 0.00 970 398 1023 421 0.00 0.00 0.00 0.00 0.00 0.00 0.00
car 0.00 0 0.00 1062 400 1109 423 0.00 0.00 0.00 0.00 0.00 0.00 0.00
car 0.00 0 0.00 1096 436 1157 460 0.00 0.00 0.00 0.00 0.00 0.00 0.00
car 0.00 0 0.00 1172 395 1231 416 0.00 0.00 0.00 0.00 0.00 0.00 0.00
car 0.00 0 0.00 1273 391 1334 416 0.00 0.00 0.00 0.00 0.00 0.00 0.00
car 0.00 0 0.00 1214 429 1278 452 0.00 0.00 0.00 0.00 0.00 0.00 0.00
van 0.00 0 0.00 1307 428 1377 456 0.00 0.00 0.00 0.00 0.00 0.00 0.00
truck 0.00 0 0.00 933 248 1086 287 0.00 0.00 0.00 0.00 0.00 0.00 0.00
