truck 0.00 0 0.00 151 464 187 505 0.00 0.00 0.00 0.00 0.00 0.00 0.00
truck 0.00 0 0.00 220 442 295 474 0.00 0.00 0.00 0.00 0.00 0.00 0.00
car 0.00 0 0.00 523 481 602 521 0.00 0.00 0.00 0.00 0.00 0.00 0.00
motor 0.00 0 0.00 166 405 180 426 0.00 0.00 0.00 0.00 0.00 0.00 0.00
motor 0.00 0 0.00 177 427 191 449 0.00 0.00 0.00 0.00 0.00 0.00 0.00
truck 0.00 0 0.00 674 602 897 729 0.00 0.00 0.00 0.00 0.00 0.00 0.00
car 0.00 0 0.00 884 527 968 575 0.00 0.00 0.00 0.00 0.00 0.00 0.00
van 0.00 0 0.00 1382 208 1417 230 0.00 0.00 0.00 0.00 0.00 0.00 0.00
tricycle 0.00 0 0.00 1336 222 1364 240 0.00 0.00 0.00 0.00 0.00 0.00 0.00
motor 0.00 0 0.00 1327 229 1337 241 0.00 0.00 0.00 0.00 0.00 0.00 0.00
truck 0.00 0 0.00 1569 179 1614 220 0.00 0.00 0.00 0.00 0.00 0.00 0.00
truck 0.00 0 0.00 1588 166 1686 199 0.00 0.00 0.00 0.00 0.00 0.00 0.00
car 0.00 0 0.00 1625 160 1663 179 0.00 0.00 0.00 0.00 0.00 0.00 0.00
car 0.00 0 0.00 1650 317 1708 346 0.00 0.00 0.00 0.00 0.00 0.00 0.00
van 0.00 0 0.00 1639 219 1683 245 0.00 0.00 0.00 0.00 0.00 0.00 0.00
truck 0.00 0 0.00 1685 208 1732 234 0.00 0.00 0.00 0.00 0.00 0.00 0.00
truck 0.00 0 0.00 728 799 1070 1041 0.00 0.00 0.00 0.00 0.00 0.00 0.00
car 0.00 0 0.00 1867 290 1915 323 0.00 0.00 0.00 0.00 0.00 0.00 0.00
truck 0.00 0 0.00 1776 121 1848 151 0.00 0.00 0.00 0.00 0.00 0.00 0.00
van 0.00 0 0.00 1765 139 1816 158 0.00 0.00 0.00 0.00 0.00 0.00 0.00
car 0.00 0 0.00 1787 186 1828 208 0.00 0.00 0.00 0.00 0.00 0.00 0.00
people 0.00 0 0.00 1466 838 1488 862 0.00 0.00 0.00 0.00 0.00 0.00 0.00
motor 0.00 0 0.00 1456 844 1494 875 0.00 0.00 0.00 0.00 0.00 0.00 0.00
people 0.00 0 0.00 1479 868 1501 896 0.00 0.00 0.00 0.00 0.00 0.00 0.00
motor 0.00 0 0.00 1477 872 1507 905 0.00 0.00 0.00 0.00 0.00 0.00 0.00
bicycle 0.00 0 0.00 1578 842 1615 875 0.00 0.00 0.00 0.00 0.00 0.00 0.00
people 0.00 0 0.00 1589 831 1606 865 0.00 0.00 0.00 0.00 0.00 0.00 0.00
pedestrian 0.00 0 0.00 10 500 24 526 0.00 0.00 0.00 0.00 0.00 0.00 0.00
