car 0.00 0 0.00 769 889 859 960 0.00 0.00 0.00 0.00 0.00 0.00 0.00
car 0.00 0 0.00 594 874 630 950 0.00 0.00 0.00 0.00 0.00 0.00 0.00
car 0.00 0 0.00 471 816 553 857 0.00 0.00 0.00 0.00 0.00 0.00 0.00
people 0.00 0 0.00 45 926 57 936 0.00 0.00 0.00 0.00 0.00 0.00 0.00
people 0.00 0 0.00 63 924 78 934 0.00 0.00 0.00 0.00 0.00 0.00 0.00
people 0.00 0 0.00 72 903 87 917 0.00 0.00 0.00 0.00 0.00 0.00 0.00
car 0.00 0 0.00 255 892 334 962 0.00 0.00 0.00 0.00 0.00 0.00 0.00
car 0.00 0 0.00 283 927 357 991 0.00 0.00 0.00 0.00 0.00 0.00 0.00
motor 0.00 0 0.00 352 902 376 924 0.00 0.00 0.00 0.00 0.00 0.00 0.00
van 0.00 0 0.00 213 778 267 853 0.00 0.00 0.00 0.00 0.00 0.00 0.00
car 0.00 0 0.00 169 669 223 739 0.00 0.00 0.00 0.00 0.00 0.00 0.00
people 0.00 0 0.00 320 785 332 796 0.00 0.00 0.00 0.00 0.00 0.00 0.00
people 0.00 0 0.00 402 773 415 785 0.00 0.00 0.00 0.00 0.00 0.00 0.00
people 0.00 0 0.00 400 757 412 769 0.00 0.00 0.00 0.00 0.00 0.00 0.00
people 0.00 0 0.00 429 757 446 768 0.00 0.00 0.00 0.00 0.00 0.00 0.00
people 0.00 0 0.00 423 779 438 789 0.00 0.00 0.00 0.00 0.00 0.00 0.00
people 0.00 0 0.00 524 723 536 734 0.00 0.00 0.00 0.00 0.00 0.00 0.00
people 0.00 0 0.00 529 709 542 720 0.00 0.00 0.00 0.00 0.00 0.00 0.00
people 0.00 0 0.00 523 699 533 708 0.00 0.00 0.00 0.00 0.00 0.00 0.00
people 0.00 0 0.00 507 686 519 700 0.00 0.00 0.00 0.00 0.00 0.00 0.00
people 0.00 0 0.00 496 690 508 702 0.00 0.00 0.00 0.00 0.00 0.00 0.00
people 0.00 0 0.00 557 705 567 714 0.00 0.00 0.00 0.00 0.00 0.00 0.00
people 0.00 0 0.00 579 709 590 723 0.00 0.00 0.00 0.00 0.00 0.00 0.00
people 0.00 0 0.00 498 656 509 665 0.00 0.00 0.00 0.00 0.00 0.00 0.00
people 0.00 0 0.00 511 649 521 661 0.00 0.00 0.00 0.00 0.00 0.00 0.00
people 0.00 0 0.00 611 646 623 657 0.00 0.00 0.00 0.00 0.00 0.00 0.00
people 0.00 0 0.00 613 661 625 673 0.00 0.00 0.00 0.00 0.00 0.00 0.00
people 0.00 0 0.00 625 665 636 679 0.00 0.00 0.00 0.00 0.00 0.00 0.00
people 0.00 0 0.00 637 650 647 660 0.00 0.00 0.00 0.00 0.00 0.00 0.00
people 0.00 0 0.00 626 642 636 651 0.00 0.00 0.00 0.00 0.00 0.00 0.00
people 0.00 0 0.00 600 631 611 640 0.00 0.00 0.00 0.00 0.00 0.00 0.00
people 0.00 0 0.00 598 612 609 622 0.00 0.00 0.00 0.00 0.00 0.00 0.00
people 0.00 0 0.00 622 605 632 615 0.00 0.00 0.00 0.00 0.00 0.00 0.00
people 0.00 0 0.00 609 604 619 614 0.00 0.00 0.00 0.00 0.00 0.00 0.00
pedestrian 0.00 0 0.00 672 593 685 606 0.00 0.00 0.00 0.00 0.00 0.00 0.00
car 0.00 0 0.00 1208 965 1278 1045 0.00 0.00 0.00 0.00 0.00 0.00 0.00
car 0.00 0 0.00 1265 947 1318 1022 0.00 0.00 0.00 0.00 0.00 0.00 0.00
pedestrian 0.00 0 0.00 1295 1030 1315 1044 0.00 0.00 0.00 0.00 0.00 0.00 0.00
pedestrian 0.00 0 0.00 1323 1024 1346 1036 0.00 0.00 0.00 0.00 0.00 0.00 0.00
pedestrian 0.00 0 0.00 1319 1012 1337 1024 0.00 0.00 0.00 0.00 0.00 0.00 0.00
car 0.00 0 0.00 706 706 743 755 0.00 0.00 0.00 0.00 0.00 0.00 0.00
people 0.00 0 0.00 699 592 710 606 0.00 0.00 0.00 0.00 0.00 0.00 0.00
people 0.00 0 0.00 712 587 724 597 0.00 0.00 0.00 0.00 0.00 0.00 0.00
people 0.00 0 0.00 716 629 727 640 0.00 0.00 0.00 0.00 0.00 0.00 0.00
people 0.00 0 0.00 727 629 738 639 0.00 0.00 0.00 0.00 0.00 0.00 0.00
people 0.00 0 0.00 730 618 741 628 0.00 0.00 0.00 0.00 0.00 0.00 0.00
people 0.00 0 0.00 725 608 736 618 0.00 0.00 0.00 0.00 0.00 0.00 0.00
pedestrian 0.00 0 0.00 751 603 770 618 0.00 0.00 0.00 0.00 0.00 0.00 0.00
people 0.00 0 0.00 765 589 778 600 0.00 0.00 0.00 0.00 0.00 0.00 0.00
people 0.00 0 0.00 782 588 793 600 0.00 0.00 0.00 0.00 0.00 0.00 0.00
people 0.00 0 0.00 774 576 789 588 0.00 0.00 0.00 0.00 0.00 0.00 0.00
people 0.00 0 0.00 830 640 844 650 0.00 0.00 0.00 0.00 0.00 0.00 0.00
pedestrian 0.00 0 0.00 832 628 842 639 0.00 0.00 0.00 0.00 0.00 0.00 0.00
motor 0.00 0 0.00 845 626 867 657 0.00 0.00 0.00 0.00 0.00 0.00 0.00
motor 0.00 0 0.00 865 619 885 646 0.00 0.00 0.00 0.00 0.00 0.00 0.00
motor 0.00 0 0.00 885 618 912 641 0.00 0.00 0.00 0.00 0.00 0.00 0.00
pedestrian 0.00 0 0.00 829 589 842 606 0.00 0.00 0.00 0.00 0.00 0.00 0.00
pedestrian 0.00 0 0.00 887 580 900 596 0.00 0.00 0.00 0.00 0.00 0.00 0.00
people 0.00 0 0.00 802 564 813 573 0.00 0.00 0.00 0.00 0.00 0.00 0.00
people 0.00 0 0.00 839 542 852 553 0.00 0.00 0.00 0.00 0.00 0.00 0.00
people 0.00 0 0.00 846 554 860 563 0.00 0.00 0.00 0.00 0.00 0.00 0.00
people 0.00 0 0.00 857 533 867 546 0.00 0.00 0.00 0.00 0.00 0.00 0.00
people 0.00 0 0.00 866 542 876 552 0.00 0.00 0.00 0.00 0.00 0.00 0.00
people 0.00 0 0.00 846 529 855 539 0.00 0.00 0.00 0.00 0.00 0.00 0.00
people 0.00 0 0.00 880 459 891 469 0.00 0.00 0.00 0.00 0.00 0.00 0.00
people 0.00 0 0.00 890 471 904 483 0.00 0.00 0.00 0.00 0.00 0.00 0.00
people 0.00 0 0.00 917 466 930 477 0.00 0.00 0.00 0.00 0.00 0.00 0.00
people 0.00 0 0.00 923 474 935 486 0.00 0.00 0.00 0.00 0.00 0.00 0.00
car 0.00 0 0.00 899 569 969 625 0.00 0.00 0.00 0.00 0.00 0.00 0.00
motor 0.00 0 0.00 1000 557 1028 582 0.00 0.00 0.00 0.00 0.00 0.00 0.00
pedestrian 0.00 0 0.00 980 530 997 546 0.00 0.00 0.00 0.00 0.00 0.00 0.00
people 0.00 0 0.00 962 453 976 468 0.00 0.00 0.00 0.00 0.00 0.00 0.00
people 0.00 0 0.00 966 442 977 453 0.00 0.00 0.00 0.00 0.00 0.00 0.00
people 0.00 0 0.00 977 455 988 468 0.00 0.00 0.00 0.00 0.00 0.00 0.00
people 0.00 0 0.00 980 443 992 454 0.00 0.00 0.00 0.00 0.00 0.00 0.00
people 0.00 0 0.00 945 412 958 422 0.00 0.00 0.00 0.00 0.00 0.00 0.00
people 0.00 0 0.00 959 415 972 426 0.00 0.00 0.00 0.00 0.00 0.00 0.00
pedestrian 0.00 0 0.00 963 375 976 392 0.00 0.00 0.00 0.00 0.00 0.00 0.00
pedestrian 0.00 0 0.00 975 371 985 390 0.00 0.00 0.00 0.00 0.00 0.00 0.00
people 0.00 0 0.00 1036 341 1047 350 0.00 0.00 0.00 0.00 0.00 0.00 0.00
people 0.00 0 0.00 1029 368 1039 377 0.00 0.00 0.00 0.00 0.00 0.00 0.00
people 0.00 0 0.00 1034 375 1044 385 0.00 0.00 0.00 0.00 0.00 0.00 0.00
people 0.00 0 0.00 1029 384 1041 396 0.00 0.00 0.00 0.00 0.00 0.00 0.00
people 0.00 0 0.00 1012 380 1026 395 0.00 0.00 0.00 0.00 0.00 0.00 0.00
people 0.00 0 0.00 1012 365 1029 378 0.00 0.00 0.00 0.00 0.00 0.00 0.00
people 0.00 0 0.00 1005 417 1017 429 0.00 0.00 0.00 0.00 0.00 0.00 0.00
people 0.00 0 0.00 1001 431 1015 446 0.00 0.00 0.00 0.00 0.00 0.00 0.00
people 0.00 0 0.00 1018 422 1029 432 0.00 0.00 0.00 0.00 0.00 0.00 0.00
people 0.00 0 0.00 1030 440 1040 451 0.00 0.00 0.00 0.00 0.00 0.00 0.00
people 0.00 0 0.00 1017 453 1030 465 0.00 0.00 0.00 0.00 0.00 0.00 0.00
people 0.00 0 0.00 977 403 988 417 0.00 0.00 0.00 0.00 0.00 0.00 0.00
people 0.00 0 0.00 993 411 1003 421 0.00 0.00 0.00 0.00 0.00 0.00 0.00
people 0.00 0 0.00 1001 406 1011 417 0.00 0.00 0.00 0.00 0.00 0.00 0.00
people 0.00 0 0.00 998 397 1010 409 0.00 0.00 0.00 0.00 0.00 0.00 0.00
