car 0.00 0 0.00 790 744 949 861 0.00 0.00 0.00 0.00 0.00 0.00 0.00
car 0.00 0 0.00 759 604 831 720 0.00 0.00 0.00 0.00 0.00 0.00 0.00
car 0.00 0 0.00 728 511 814 601 0.00 0.00 0.00 0.00 0.00 0.00 0.00
car 0.00 0 0.00 754 361 802 444 0.00 0.00 0.00 0.00 0.00 0.00 0.00
car 0.00 0 0.00 732 302 793 356 0.00 0.00 0.00 0.00 0.00 0.00 0.00
car 0.00 0 0.00 729 232 794 299 0.00 0.00 0.00 0.00 0.00 0.00 0.00
car 0.00 0 0.00 728 181 790 242 0.00 0.00 0.00 0.00 0.00 0.00 0.00
car 0.00 0 0.00 749 153 810 187 0.00 0.00 0.00 0.00 0.00 0.00 0.00
car 0.00 0 0.00 809 85 847 130 0.00 0.00 0.00 0.00 0.00 0.00 0.00
car 0.00 0 0.00 758 65 788 115 0.00 0.00 0.00 0.00 0.00 0.00 0.00
car 0.00 0 0.00 244 815 420 901 0.00 0.00 0.00 0.00 0.00 0.00 0.00
car 0.00 0 0.00 69 812 228 889 0.00 0.00 0.00 0.00 0.00 0.00 0.00
car 0.00 0 0.00 338 751 472 816 0.00 0.00 0.00 0.00 0.00 0.00 0.00
car 0.00 0 0.00 399 681 538 761 0.00 0.00 0.00 0.00 0.00 0.00 0.00
car 0.00 0 0.00 421 607 570 663 0.00 0.00 0.00 0.00 0.00 0.00 0.00
car 0.00 0 0.00 441 541 569 604 0.00 0.00 0.00 0.00 0.00 0.00 0.00
car 0.00 0 0.00 452 441 570 499 0.00 0.00 0.00 0.00 0.00 0.00 0.00
car 0.00 0 0.00 468 399 569 443 0.00 0.00 0.00 0.00 0.00 0.00 0.00
car 0.00 0 0.00 479 363 583 412 0.00 0.00 0.00 0.00 0.00 0.00 0.00
car 0.00 0 0.00 494 336 583 377 0.00 0.00 0.00 0.00 0.00 0.00 0.00
car 0.00 0 0.00 506 307 607 347 0.00 0.00 0.00 0.00 0.00 0.00 0.00
car 0.00 0 0.00 525 263 610 309 0.00 0.00 0.00 0.00 0.00 0.00 0.00
car 0.00 0 0.00 529 233 613 271 0.00 0.00 0.00 0.00 0.00 0.00 0.00
car 0.00 0 0.00 536 193 621 235 0.00 0.00 0.00 0.00 0.00 0.00 0.00
van 0.00 0 0.00 546 160 613 200 0.00 0.00 0.00 0.00 0.00 0.00 0.00
car 0.00 0 0.00 549 139 620 179 0.00 0.00 0.00 0.00 0.00 0.00 0.00
car 0.00 0 0.00 555 110 636 150 0.00 0.00 0.00 0.00 0.00 0.00 0.00
car 0.00 0 0.00 572 89 641 121 0.00 0.00 0.00 0.00 0.00 0.00 0.00
car 0.00 0 0.00 575 48 656 99 0.00 0.00 0.00 0.00 0.00 0.00 0.00
car 0.00 0 0.00 582 44 640 71 0.00 0.00 0.00 0.00 0.00 0.00 0.00
car 0.00 0 0.00 584 27 654 60 0.00 0.00 0.00 0.00 0.00 0.00 0.00
car 0.00 0 0.00 597 15 659 41 0.00 0.00 0.00 0.00 0.00 0.00 0.00
car 0.00 0 0.00 606 12 658 33 0.00 0.00 0.00 0.00 0.00 0.00 0.00
car 0.00 0 0.00 598 0 661 23 0.00 0.00 0.00 0.00 0.00 0.00 0.00
car 0.00 0 0.00 759 8 787 41 0.00 0.00 0.00 0.00 0.00 0.00 0.00
car 0.00 0 0.00 758 35 789 73 0.00 0.00 0.00 0.00 0.00 0.00 0.00
van 0.00 0 0.00 1149 188 1206 236 0.00 0.00 0.00 0.00 0.00 0.00 0.00
pedestrian 0.00 0 0.00 1192 91 1207 124 0.00 0.00 0.00 0.00 0.00 0.00 0.00
pedestrian 0.00 0 0.00 1181 159 1195 186 0.00 0.00 0.00 0.00 0.00 0.00 0.00
pedestrian 0.00 0 0.00 1165 149 1181 174 0.00 0.00 0.00 0.00 0.00 0.00 0.00
motor 0.00 0 0.00 1303 339 1327 372 0.00 0.00 0.00 0.00 0.00 0.00 0.00
car 0.00 0 0.00 1208 479 1306 532 0.00 0.00 0.00 0.00 0.00 0.00 0.00
