car 0.00 0 0.00 3 1136 315 1279 0.00 0.00 0.00 0.00 0.00 0.00 0.00
car 0.00 0 0.00 719 1167 850 1454 0.00 0.00 0.00 0.00 0.00 0.00 0.00
car 0.00 0 0.00 1128 1201 1304 1454 0.00 0.00 0.00 0.00 0.00 0.00 0.00
car 0.00 0 0.00 1056 1000 1190 1186 0.00 0.00 0.00 0.00 0.00 0.00 0.00
van 0.00 0 0.00 736 971 839 1156 0.00 0.00 0.00 0.00 0.00 0.00 0.00
car 0.00 0 0.00 1020 859 1122 991 0.00 0.00 0.00 0.00 0.00 0.00 0.00
car 0.00 0 0.00 1004 792 1081 867 0.00 0.00 0.00 0.00 0.00 0.00 0.00
van 0.00 0 0.00 747 885 822 980 0.00 0.00 0.00 0.00 0.00 0.00 0.00
car 0.00 0 0.00 767 767 842 879 0.00 0.00 0.00 0.00 0.00 0.00 0.00
car 0.00 0 0.00 775 716 839 786 0.00 0.00 0.00 0.00 0.00 0.00 0.00
car 0.00 0 0.00 777 666 830 716 0.00 0.00 0.00 0.00 0.00 0.00 0.00
car 0.00 0 0.00 967 672 1026 733 0.00 0.00 0.00 0.00 0.00 0.00 0.00
pedestrian 0.00 0 0.00 1020 630 1032 669 0.00 0.00 0.00 0.00 0.00 0.00 0.00
car 0.00 0 0.00 939 591 980 638 0.00 0.00 0.00 0.00 0.00 0.00 0.00
car 0.00 0 0.00 699 581 799 629 0.00 0.00 0.00 0.00 0.00 0.00 0.00
car 0.00 0 0.00 751 547 830 584 0.00 0.00 0.00 0.00 0.00 0.00 0.00
pedestrian 0.00 0 0.00 886 530 899 559 0.00 0.00 0.00 0.00 0.00 0.00 0.00
van 0.00 0 0.00 436 686 560 755 0.00 0.00 0.00 0.00 0.00 0.00 0.00
car 0.00 0 0.00 450 672 568 728 0.00 0.00 0.00 0.00 0.00 0.00 0.00
car 0.00 0 0.00 968 499 1037 525 0.00 0.00 0.00 0.00 0.00 0.00 0.00
car 0.00 0 0.00 1251 500 1324 525 0.00 0.00 0.00 0.00 0.00 0.00 0.00
van 0.00 0 0.00 1122 472 1183 501 0.00 0.00 0.00 0.00 0.00 0.00 0.00
motor 0.00 0 0.00 1003 537 1030 560 0.00 0.00 0.00 0.00 0.00 0.00 0.00
people 0.00 0 0.00 1006 532 1015 554 0.00 0.00 0.00 0.00 0.00 0.00 0.00
people 0.00 0 0.00 1013 533 1023 554 0.00 0.00 0.00 0.00 0.00 0.00 0.00
car 0.00 0 0.00 1146 443 1194 463 0.00 0.00 0.00 0.00 0.00 0.00 0.00
car 0.00 0 0.00 1121 437 1162 456 0.00 0.00 0.00 0.00 0.00 0.00 0.00
car 0.00 0 0.00 1089 424 1125 442 0.00 0.00 0.00 0.00 0.00 0.00 0.00
truck 0.00 0 0.00 1191 443 1266 479 0.00 0.00 0.00 0.00 0.00 0.00 0.00
truck 0.00 0 0.00 1186 418 1244 454 0.00 0.00 0.00 0.00 0.00 0.00 0.00
car 0.00 0 0.00 1283 396 1315 411 0.00 0.00 0.00 0.00 0.00 0.00 0.00
