pedestrian 0.00 0 0.00 261 121 282 147 0.00 0.00 0.00 0.00 0.00 0.00 0.00
pedestrian 0.00 0 0.00 323 145 345 170 0.00 0.00 0.00 0.00 0.00 0.00 0.00
pedestrian 0.00 0 0.00 439 171 459 198 0.00 0.00 0.00 0.00 0.00 0.00 0.00
pedestrian 0.00 0 0.00 385 248 404 275 0.00 0.00 0.00 0.00 0.00 0.00 0.00
pedestrian 0.00 0 0.00 387 202 402 223 0.00 0.00 0.00 0.00 0.00 0.00 0.00
pedestrian 0.00 0 0.00 380 197 392 215 0.00 0.00 0.00 0.00 0.00 0.00 0.00
bicycle 0.00 0 0.00 267 362 285 398 0.00 0.00 0.00 0.00 0.00 0.00 0.00
pedestrian 0.00 0 0.00 399 584 416 596 0.00 0.00 0.00 0.00 0.00 0.00 0.00
pedestrian 0.00 0 0.00 234 664 257 683 0.00 0.00 0.00 0.00 0.00 0.00 0.00
car 0.00 0 0.00 267 880 394 933 0.00 0.00 0.00 0.00 0.00 0.00 0.00
car 0.00 0 0.00 432 734 490 863 0.00 0.00 0.00 0.00 0.00 0.00 0.00
bicycle 0.00 0 0.00 269 748 302 779 0.00 0.00 0.00 0.00 0.00 0.00 0.00
pedestrian 0.00 0 0.00 323 704 345 720 0.00 0.00 0.00 0.00 0.00 0.00 0.00
pedestrian 0.00 0 0.00 389 716 407 730 0.00 0.00 0.00 0.00 0.00 0.00 0.00
pedestrian 0.00 0 0.00 375 709 392 726 0.00 0.00 0.00 0.00 0.00 0.00 0.00
pedestrian 0.00 0 0.00 306 660 335 675 0.00 0.00 0.00 0.00 0.00 0.00 0.00
bicycle 0.00 0 0.00 314 657 336 690 0.00 0.00 0.00 0.00 0.00 0.00 0.00
motor 0.00 0 0.00 260 639 292 673 0.00 0.00 0.00 0.00 0.00 0.00 0.00
car 0.00 0 0.00 549 993 646 1049 0.00 0.00 0.00 0.00 0.00 0.00 0.00
car 0.00 0 0.00 759 1007 814 1049 0.00 0.00 0.00 0.00 0.00 0.00 0.00
van 0.00 0 0.00 761 763 805 861 0.00 0.00 0.00 0.00 0.00 0.00 0.00
pedestrian 0.00 0 0.00 753 746 763 760 0.00 0.00 0.00 0.00 0.00 0.00 0.00
pedestrian 0.00 0 0.00 749 727 760 740 0.00 0.00 0.00 0.00 0.00 0.00 0.00
car 0.00 0 0.00 619 718 677 846 0.00 0.00 0.00 0.00 0.00 0.00 0.00
car 0.00 0 0.00 740 582 791 695 0.00 0.00 0.00 0.00 0.00 0.00 0.00
truck 0.00 0 0.00 488 631 552 799 0.00 0.00 0.00 0.00 0.00 0.00 0.00
car 0.00 0 0.00 749 448 801 559 0.00 0.00 0.00 0.00 0.00 0.00 0.00
car 0.00 0 0.00 405 436 462 545 0.00 0.00 0.00 0.00 0.00 0.00 0.00
car 0.00 0 0.00 510 357 562 470 0.00 0.00 0.00 0.00 0.00 0.00 0.00
van 0.00 0 0.00 431 299 482 410 0.00 0.00 0.00 0.00 0.00 0.00 0.00
van 0.00 0 0.00 736 249 781 346 0.00 0.00 0.00 0.00 0.00 0.00 0.00
van 0.00 0 0.00 694 80 736 171 0.00 0.00 0.00 0.00 0.00 0.00 0.00
car 0.00 0 0.00 519 223 573 341 0.00 0.00 0.00 0.00 0.00 0.00 0.00
car 0.00 0 0.00 747 114 792 212 0.00 0.00 0.00 0.00 0.00 0.00 0.00
van 0.00 0 0.00 729 1 776 58 0.00 0.00 0.00 0.00 0.00 0.00 0.00
truck 0.00 0 0.00 512 1 575 102 0.00 0.00 0.00 0.00 0.00 0.00 0.00
pedestrian 0.00 0 0.00 687 273 698 297 0.00 0.00 0.00 0.00 0.00 0.00 0.00
pedestrian 0.00 0 0.00 695 270 702 281 0.00 0.00 0.00 0.00 0.00 0.00 0.00
pedestrian 0.00 0 0.00 657 228 679 255 0.00 0.00 0.00 0.00 0.00 0.00 0.00
awning-tricycle 0.00 0 0.00 448 212 487 289 0.00 0.00 0.00 0.00 0.00 0.00 0.00
pedestrian 0.00 0 0.00 439 241 456 264 0.00 0.00 0.00 0.00 0.00 0.00 0.00
pedestrian 0.00 0 0.00 438 214 454 237 0.00 0.00 0.00 0.00 0.00 0.00 0.00
pedestrian 0.00 0 0.00 529 145 541 170 0.00 0.00 0.00 0.00 0.00 0.00 0.00
awning-tricycle 0.00 0 0.00 455 127 515 158 0.00 0.00 0.00 0.00 0.00 0.00 0.00
motor 0.00 0 0.00 456 99 503 122 0.00 0.00 0.00 0.00 0.00 0.00 0.00
