truck 0.00 0 0.00 1039 737 1237 942 0.00 0.00 0.00 0.00 0.00 0.00 0.00
car 0.00 0 0.00 539 877 654 1026 0.00 0.00 0.00 0.00 0.00 0.00 0.00
car 0.00 0 0.00 583 753 680 871 0.00 0.00 0.00 0.00 0.00 0.00 0.00
car 0.00 0 0.00 943 593 1008 650 0.00 0.00 0.00 0.00 0.00 0.00 0.00
car 0.00 0 0.00 626 663 702 766 0.00 0.00 0.00 0.00 0.00 0.00 0.00
van 0.00 0 0.00 681 547 724 601 0.00 0.00 0.00 0.00 0.00 0.00 0.00
car 0.00 0 0.00 783 516 823 560 0.00 0.00 0.00 0.00 0.00 0.00 0.00
car 0.00 0 0.00 881 503 923 545 0.00 0.00 0.00 0.00 0.00 0.00 0.00
car 0.00 0 0.00 838 467 876 497 0.00 0.00 0.00 0.00 0.00 0.00 0.00
car 0.00 0 0.00 693 505 731 535 0.00 0.00 0.00 0.00 0.00 0.00 0.00
car 0.00 0 0.00 689 487 722 514 0.00 0.00 0.00 0.00 0.00 0.00 0.00
car 0.00 0 0.00 677 483 710 508 0.00 0.00 0.00 0.00 0.00 0.00 0.00
car 0.00 0 0.00 806 441 833 464 0.00 0.00 0.00 0.00 0.00 0.00 0.00
car 0.00 0 0.00 797 430 821 451 0.00 0.00 0.00 0.00 0.00 0.00 0.00
car 0.00 0 0.00 781 426 808 447 0.00 0.00 0.00 0.00 0.00 0.00 0.00
car 0.00 0 0.00 677 429 699 447 0.00 0.00 0.00 0.00 0.00 0.00 0.00
car 0.00 0 0.00 672 423 691 438 0.00 0.00 0.00 0.00 0.00 0.00 0.00
car 0.00 0 0.00 670 417 686 431 0.00 0.00 0.00 0.00 0.00 0.00 0.00
car 0.00 0 0.00 665 412 681 427 0.00 0.00 0.00 0.00 0.00 0.00 0.00
pedestrian 0.00 0 0.00 661 422 667 436 0.00 0.00 0.00 0.00 0.00 0.00 0.00
car 0.00 0 0.00 643 425 661 443 0.00 0.00 0.00 0.00 0.00 0.00 0.00
car 0.00 0 0.00 603 450 647 472 0.00 0.00 0.00 0.00 0.00 0.00 0.00
