car 0.00 0 0.00 684 98 723 156 0.00 0.00 0.00 0.00 0.00 0.00 0.00
car 0.00 0 0.00 749 195 824 256 0.00 0.00 0.00 0.00 0.00 0.00 0.00
car 0.00 0 0.00 849 326 943 373 0.00 0.00 0.00 0.00 0.00 0.00 0.00
car 0.00 0 0.00 1220 444 1328 492 0.00 0.00 0.00 0.00 0.00 0.00 0.00
car 0.00 0 0.00 734 55 806 97 0.00 0.00 0.00 0.00 0.00 0.00 0.00
car 0.00 0 0.00 957 47 1031 91 0.00 0.00 0.00 0.00 0.00 0.00 0.00
car 0.00 0 0.00 371 362 441 452 0.00 0.00 0.00 0.00 0.00 0.00 0.00
car 0.00 0 0.00 382 522 438 624 0.00 0.00 0.00 0.00 0.00 0.00 0.00
car 0.00 0 0.00 529 701 581 787 0.00 0.00 0.00 0.00 0.00 0.00 0.00
car 0.00 0 0.00 578 698 637 787 0.00 0.00 0.00 0.00 0.00 0.00 0.00
car 0.00 0 0.00 642 720 691 787 0.00 0.00 0.00 0.00 0.00 0.00 0.00
car 0.00 0 0.00 879 741 950 787 0.00 0.00 0.00 0.00 0.00 0.00 0.00
car 0.00 0 0.00 824 692 913 784 0.00 0.00 0.00 0.00 0.00 0.00 0.00
car 0.00 0 0.00 788 654 889 740 0.00 0.00 0.00 0.00 0.00 0.00 0.00
car 0.00 0 0.00 742 609 845 708 0.00 0.00 0.00 0.00 0.00 0.00 0.00
car 0.00 0 0.00 667 542 754 622 0.00 0.00 0.00 0.00 0.00 0.00 0.00
car 0.00 0 0.00 631 506 721 591 0.00 0.00 0.00 0.00 0.00 0.00 0.00
car 0.00 0 0.00 602 465 695 556 0.00 0.00 0.00 0.00 0.00 0.00 0.00
car 0.00 0 0.00 567 441 657 520 0.00 0.00 0.00 0.00 0.00 0.00 0.00
car 0.00 0 0.00 549 417 621 490 0.00 0.00 0.00 0.00 0.00 0.00 0.00
car 0.00 0 0.00 516 392 596 466 0.00 0.00 0.00 0.00 0.00 0.00 0.00
car 0.00 0 0.00 493 372 567 435 0.00 0.00 0.00 0.00 0.00 0.00 0.00
car 0.00 0 0.00 477 335 549 405 0.00 0.00 0.00 0.00 0.00 0.00 0.00
car 0.00 0 0.00 450 317 518 384 0.00 0.00 0.00 0.00 0.00 0.00 0.00
car 0.00 0 0.00 434 290 500 358 0.00 0.00 0.00 0.00 0.00 0.00 0.00
car 0.00 0 0.00 443 398 513 480 0.00 0.00 0.00 0.00 0.00 0.00 0.00
car 0.00 0 0.00 392 323 459 406 0.00 0.00 0.00 0.00 0.00 0.00 0.00
car 0.00 0 0.00 381 260 432 330 0.00 0.00 0.00 0.00 0.00 0.00 0.00
car 0.00 0 0.00 307 372 357 469 0.00 0.00 0.00 0.00 0.00 0.00 0.00
car 0.00 0 0.00 266 367 313 470 0.00 0.00 0.00 0.00 0.00 0.00 0.00
car 0.00 0 0.00 204 619 260 735 0.00 0.00 0.00 0.00 0.00 0.00 0.00
car 0.00 0 0.00 235 519 285 619 0.00 0.00 0.00 0.00 0.00 0.00 0.00
car 0.00 0 0.00 284 523 335 619 0.00 0.00 0.00 0.00 0.00 0.00 0.00
car 0.00 0 0.00 254 619 320 723 0.00 0.00 0.00 0.00 0.00 0.00 0.00
car 0.00 0 0.00 313 617 368 720 0.00 0.00 0.00 0.00 0.00 0.00 0.00
car 0.00 0 0.00 331 530 379 612 0.00 0.00 0.00 0.00 0.00 0.00 0.00
car 0.00 0 0.00 370 619 420 719 0.00 0.00 0.00 0.00 0.00 0.00 0.00
car 0.00 0 0.00 324 279 375 373 0.00 0.00 0.00 0.00 0.00 0.00 0.00
car 0.00 0 0.00 284 295 327 370 0.00 0.00 0.00 0.00 0.00 0.00 0.00
truck 0.00 0 0.00 323 204 374 291 0.00 0.00 0.00 0.00 0.00 0.00 0.00
car 0.00 0 0.00 685 187 754 252 0.00 0.00 0.00 0.00 0.00 0.00 0.00
car 0.00 0 0.00 750 242 817 302 0.00 0.00 0.00 0.00 0.00 0.00 0.00
car 0.00 0 0.00 1321 109 1400 181 0.00 0.00 0.00 0.00 0.00 0.00 0.00
car 0.00 0 0.00 1031 87 1100 135 0.00 0.00 0.00 0.00 0.00 0.00 0.00
car 0.00 0 0.00 1124 135 1197 194 0.00 0.00 0.00 0.00 0.00 0.00 0.00
car 0.00 0 0.00 1227 206 1299 258 0.00 0.00 0.00 0.00 0.00 0.00 0.00
truck 0.00 0 0.00 1343 264 1400 318 0.00 0.00 0.00 0.00 0.00 0.00 0.00
car 0.00 0 0.00 375 209 437 257 0.00 0.00 0.00 0.00 0.00 0.00 0.00
car 0.00 0 0.00 409 248 475 306 0.00 0.00 0.00 0.00 0.00 0.00 0.00
