truck 0.00 0 0.00 450 651 669 985 0.00 0.00 0.00 0.00 0.00 0.00 0.00
car 0.00 0 0.00 736 571 819 668 0.00 0.00 0.00 0.00 0.00 0.00 0.00
car 0.00 0 0.00 895 594 982 672 0.00 0.00 0.00 0.00 0.00 0.00 0.00
car 0.00 0 0.00 691 210 742 252 0.00 0.00 0.00 0.00 0.00 0.00 0.00
car 0.00 0 0.00 333 461 389 539 0.00 0.00 0.00 0.00 0.00 0.00 0.00
car 0.00 0 0.00 318 308 371 371 0.00 0.00 0.00 0.00 0.00 0.00 0.00
car 0.00 0 0.00 406 70 445 101 0.00 0.00 0.00 0.00 0.00 0.00 0.00
car 0.00 0 0.00 636 165 683 204 0.00 0.00 0.00 0.00 0.00 0.00 0.00
car 0.00 0 0.00 589 127 631 162 0.00 0.00 0.00 0.00 0.00 0.00 0.00
car 0.00 0 0.00 541 92 578 118 0.00 0.00 0.00 0.00 0.00 0.00 0.00
truck 0.00 0 0.00 505 44 554 90 0.00 0.00 0.00 0.00 0.00 0.00 0.00
car 0.00 0 0.00 461 8 494 36 0.00 0.00 0.00 0.00 0.00 0.00 0.00
car 0.00 0 0.00 435 0 469 18 0.00 0.00 0.00 0.00 0.00 0.00 0.00
car 0.00 0 0.00 146 96 181 132 0.00 0.00 0.00 0.00 0.00 0.00 0.00
car 0.00 0 0.00 1082 207 1139 247 0.00 0.00 0.00 0.00 0.00 0.00 0.00
car 0.00 0 0.00 1140 244 1208 286 0.00 0.00 0.00 0.00 0.00 0.00 0.00
bus 0.00 0 0.00 203 216 275 315 0.00 0.00 0.00 0.00 0.00 0.00 0.00
pedestrian 0.00 0 0.00 280 364 295 395 0.00 0.00 0.00 0.00 0.00 0.00 0.00
pedestrian 0.00 0 0.00 297 346 312 378 0.00 0.00 0.00 0.00 0.00 0.00 0.00
car 0.00 0 0.00 0 43 52 72 0.00 0.00 0.00 0.00 0.00 0.00 0.00
car 0.00 0 0.00 59 34 88 64 0.00 0.00 0.00 0.00 0.00 0.00 0.00
car 0.00 0 0.00 84 0 114 28 0.00 0.00 0.00 0.00 0.00 0.00 0.00
car 0.00 0 0.00 94 27 125 59 0.00 0.00 0.00 0.00 0.00 0.00 0.00
car 0.00 0 0.00 96 49 163 78 0.00 0.00 0.00 0.00 0.00 0.00 0.00
car 0.00 0 0.00 151 6 183 32 0.00 0.00 0.00 0.00 0.00 0.00 0.00
pedestrian 0.00 0 0.00 139 77 149 95 0.00 0.00 0.00 0.00 0.00 0.00 0.00
pedestrian 0.00 0 0.00 192 108 205 135 0.00 0.00 0.00 0.00 0.00 0.00 0.00
pedestrian 0.00 0 0.00 200 109 209 131 0.00 0.00 0.00 0.00 0.00 0.00 0.00
motor 0.00 0 0.00 277 102 287 121 0.00 0.00 0.00 0.00 0.00 0.00 0.00
people 0.00 0 0.00 276 96 285 113 0.00 0.00 0.00 0.00 0.00 0.00 0.00
pedestrian 0.00 0 0.00 781 1012 797 1041 0.00 0.00 0.00 0.00 0.00 0.00 0.00
pedestrian 0.00 0 0.00 711 994 728 1022 0.00 0.00 0.00 0.00 0.00 0.00 0.00
pedestrian 0.00 0 0.00 861 298 875 324 0.00 0.00 0.00 0.00 0.00 0.00 0.00
pedestrian 0.00 0 0.00 843 315 854 339 0.00 0.00 0.00 0.00 0.00 0.00 0.00
people 0.00 0 0.00 576 498 589 515 0.00 0.00 0.00 0.00 0.00 0.00 0.00
bicycle 0.00 0 0.00 575 505 595 533 0.00 0.00 0.00 0.00 0.00 0.00 0.00
van 0.00 0 0.00 649 71 695 100 0.00 0.00 0.00 0.00 0.00 0.00 0.00
car 0.00 0 0.00 777 51 823 73 0.00 0.00 0.00 0.00 0.00 0.00 0.00
van 0.00 0 0.00 855 57 895 91 0.00 0.00 0.00 0.00 0.00 0.00 0.00
van 0.00 0 0.00 1038 923 1161 1047 0.00 0.00 0.00 0.00 0.00 0.00 0.00
car 0.00 0 0.00 1034 175 1074 205 0.00 0.00 0.00 0.00 0.00 0.00 0.00
car 0.00 0 0.00 1056 263 1111 298 0.00 0.00 0.00 0.00 0.00 0.00 0.00
car 0.00 0 0.00 1093 284 1145 321 0.00 0.00 0.00 0.00 0.00 0.00 0.00
car 0.00 0 0.00 1115 306 1175 345 0.00 0.00 0.00 0.00 0.00 0.00 0.00
car 0.00 0 0.00 1150 332 1208 368 0.00 0.00 0.00 0.00 0.00 0.00 0.00
car 0.00 0 0.00 1180 349 1244 391 0.00 0.00 0.00 0.00 0.00 0.00 0.00
car 0.00 0 0.00 1217 373 1283 416 0.00 0.00 0.00 0.00 0.00 0.00 0.00
car 0.00 0 0.00 1256 398 1319 443 0.00 0.00 0.00 0.00 0.00 0.00 0.00
car 0.00 0 0.00 1295 419 1363 468 0.00 0.00 0.00 0.00 0.00 0.00 0.00
car 0.00 0 0.00 1327 357 1400 413 0.00 0.00 0.00 0.00 0.00 0.00 0.00
people 0.00 0 0.00 1325 768 1354 788 0.00 0.00 0.00 0.00 0.00 0.00 0.00
bicycle 0.00 0 0.00 1309 761 1355 804 0.00 0.00 0.00 0.00 0.00 0.00 0.00
car 0.00 0 0.00 1232 876 1386 1018 0.00 0.00 0.00 0.00 0.00 0.00 0.00
