car 0.00 0 0.00 886 996 958 1077 0.00 0.00 0.00 0.00 0.00 0.00 0.00
car 0.00 0 0.00 1104 626 1144 674 0.00 0.00 0.00 0.00 0.00 0.00 0.00
car 0.00 0 0.00 1237 544 1304 578 0.00 0.00 0.00 0.00 0.00 0.00 0.00
car 0.00 0 0.00 877 458 909 501 0.00 0.00 0.00 0.00 0.00 0.00 0.00
car 0.00 0 0.00 172 337 213 356 0.00 0.00 0.00 0.00 0.00 0.00 0.00
car 0.00 0 0.00 853 379 879 410 0.00 0.00 0.00 0.00 0.00 0.00 0.00
car 0.00 0 0.00 743 298 764 329 0.00 0.00 0.00 0.00 0.00 0.00 0.00
car 0.00 0 0.00 847 276 869 301 0.00 0.00 0.00 0.00 0.00 0.00 0.00
car 0.00 0 0.00 893 291 918 316 0.00 0.00 0.00 0.00 0.00 0.00 0.00
car 0.00 0 0.00 757 191 774 210 0.00 0.00 0.00 0.00 0.00 0.00 0.00
car 0.00 0 0.00 745 142 762 157 0.00 0.00 0.00 0.00 0.00 0.00 0.00
car 0.00 0 0.00 770 122 786 136 0.00 0.00 0.00 0.00 0.00 0.00 0.00
car 0.00 0 0.00 812 149 826 164 0.00 0.00 0.00 0.00 0.00 0.00 0.00
car 0.00 0 0.00 833 148 851 163 0.00 0.00 0.00 0.00 0.00 0.00 0.00
car 0.00 0 0.00 827 107 840 124 0.00 0.00 0.00 0.00 0.00 0.00 0.00
car 0.00 0 0.00 799 71 812 82 0.00 0.00 0.00 0.00 0.00 0.00 0.00
van 0.00 0 0.00 752 53 765 68 0.00 0.00 0.00 0.00 0.00 0.00 0.00
bus 0.00 0 0.00 715 62 735 91 0.00 0.00 0.00 0.00 0.00 0.00 0.00
car 0.00 0 0.00 813 47 825 59 0.00 0.00 0.00 0.00 0.00 0.00 0.00
car 0.00 0 0.00 802 33 814 43 0.00 0.00 0.00 0.00 0.00 0.00 0.00
car 0.00 0 0.00 804 21 816 30 0.00 0.00 0.00 0.00 0.00 0.00 0.00
van 0.00 0 0.00 792 10 802 24 0.00 0.00 0.00 0.00 0.00 0.00 0.00
van 0.00 0 0.00 916 119 927 137 0.00 0.00 0.00 0.00 0.00 0.00 0.00
van 0.00 0 0.00 1127 441 1176 472 0.00 0.00 0.00 0.00 0.00 0.00 0.00
van 0.00 0 0.00 1070 355 1116 382 0.00 0.00 0.00 0.00 0.00 0.00 0.00
van 0.00 0 0.00 1013 226 1046 245 0.00 0.00 0.00 0.00 0.00 0.00 0.00
van 0.00 0 0.00 1094 385 1153 416 0.00 0.00 0.00 0.00 0.00 0.00 0.00
van 0.00 0 0.00 1313 655 1381 693 0.00 0.00 0.00 0.00 0.00 0.00 0.00
van 0.00 0 0.00 1007 247 1041 266 0.00 0.00 0.00 0.00 0.00 0.00 0.00
van 0.00 0 0.00 932 111 957 129 0.00 0.00 0.00 0.00 0.00 0.00 0.00
car 0.00 0 0.00 1138 476 1193 502 0.00 0.00 0.00 0.00 0.00 0.00 0.00
car 0.00 0 0.00 994 310 1017 338 0.00 0.00 0.00 0.00 0.00 0.00 0.00
car 0.00 0 0.00 1063 338 1112 359 0.00 0.00 0.00 0.00 0.00 0.00 0.00
car 0.00 0 0.00 1014 269 1060 286 0.00 0.00 0.00 0.00 0.00 0.00 0.00
car 0.00 0 0.00 998 219 1034 238 0.00 0.00 0.00 0.00 0.00 0.00 0.00
car 0.00 0 0.00 956 206 975 224 0.00 0.00 0.00 0.00 0.00 0.00 0.00
car 0.00 0 0.00 975 179 1010 195 0.00 0.00 0.00 0.00 0.00 0.00 0.00
car 0.00 0 0.00 974 187 1008 202 0.00 0.00 0.00 0.00 0.00 0.00 0.00
car 0.00 0 0.00 1003 163 1036 179 0.00 0.00 0.00 0.00 0.00 0.00 0.00
car 0.00 0 0.00 962 163 995 179 0.00 0.00 0.00 0.00 0.00 0.00 0.00
car 0.00 0 0.00 887 49 897 60 0.00 0.00 0.00 0.00 0.00 0.00 0.00
car 0.00 0 0.00 879 37 891 47 0.00 0.00 0.00 0.00 0.00 0.00 0.00
car 0.00 0 0.00 871 24 883 33 0.00 0.00 0.00 0.00 0.00 0.00 0.00
car 0.00 0 0.00 868 20 880 28 0.00 0.00 0.00 0.00 0.00 0.00 0.00
car 0.00 0 0.00 870 14 879 24 0.00 0.00 0.00 0.00 0.00 0.00 0.00
motor 0.00 0 0.00 1062 213 1077 223 0.00 0.00 0.00 0.00 0.00 0.00 0.00
motor 0.00 0 0.00 1068 226 1086 236 0.00 0.00 0.00 0.00 0.00 0.00 0.00
people 0.00 0 0.00 946 235 952 244 0.00 0.00 0.00 0.00 0.00 0.00 0.00
bicycle 0.00 0 0.00 945 241 952 249 0.00 0.00 0.00 0.00 0.00 0.00 0.00
people 0.00 0 0.00 319 954 337 981 0.00 0.00 0.00 0.00 0.00 0.00 0.00
people 0.00 0 0.00 577 823 595 854 0.00 0.00 0.00 0.00 0.00 0.00 0.00
people 0.00 0 0.00 623 933 639 964 0.00 0.00 0.00 0.00 0.00 0.00 0.00
people 0.00 0 0.00 1155 686 1167 704 0.00 0.00 0.00 0.00 0.00 0.00 0.00
people 0.00 0 0.00 1066 496 1077 513 0.00 0.00 0.00 0.00 0.00 0.00 0.00
people 0.00 0 0.00 1048 449 1055 463 0.00 0.00 0.00 0.00 0.00 0.00 0.00
people 0.00 0 0.00 641 285 647 293 0.00 0.00 0.00 0.00 0.00 0.00 0.00
people 0.00 0 0.00 618 294 627 304 0.00 0.00 0.00 0.00 0.00 0.00 0.00
people 0.00 0 0.00 677 114 682 121 0.00 0.00 0.00 0.00 0.00 0.00 0.00
motor 0.00 0 0.00 641 292 648 302 0.00 0.00 0.00 0.00 0.00 0.00 0.00
bicycle 0.00 0 0.00 619 302 628 311 0.00 0.00 0.00 0.00 0.00 0.00 0.00
motor 0.00 0 0.00 576 839 591 864 0.00 0.00 0.00 0.00 0.00 0.00 0.00
motor 0.00 0 0.00 625 953 642 978 0.00 0.00 0.00 0.00 0.00 0.00 0.00
motor 0.00 0 0.00 310 956 353 997 0.00 0.00 0.00 0.00 0.00 0.00 0.00
motor 0.00 0 0.00 1149 689 1170 718 0.00 0.00 0.00 0.00 0.00 0.00 0.00
motor 0.00 0 0.00 1065 500 1075 519 0.00 0.00 0.00 0.00 0.00 0.00 0.00
motor 0.00 0 0.00 1047 452 1055 469 0.00 0.00 0.00 0.00 0.00 0.00 0.00
motor 0.00 0 0.00 1146 622 1157 653 0.00 0.00 0.00 0.00 0.00 0.00 0.00
car 0.00 0 0.00 1173 622 1184 648 0.00 0.00 0.00 0.00 0.00 0.00 0.00
people 0.00 0 0.00 1632 1006 1647 1029 0.00 0.00 0.00 0.00 0.00 0.00 0.00
people 0.00 0 0.00 1793 1004 1807 1034 0.00 0.00 0.00 0.00 0.00 0.00 0.00
motor 0.00 0 0.00 1614 1010 1662 1039 0.00 0.00 0.00 0.00 0.00 0.00 0.00
motor 0.00 0 0.00 1687 1010 1737 1035 0.00 0.00 0.00 0.00 0.00 0.00 0.00
motor 0.00 0 0.00 1776 1013 1817 1036 0.00 0.00 0.00 0.00 0.00 0.00 0.00
people 0.00 0 0.00 1714 1003 1725 1029 0.00 0.00 0.00 0.00 0.00 0.00 0.00
people 0.00 0 0.00 1725 1007 1734 1029 0.00 0.00 0.00 0.00 0.00 0.00 0.00
motor 0.00 0 0.00 677 120 683 129 0.00 0.00 0.00 0.00 0.00 0.00 0.00
pedestrian 0.00 0 0.00 876 75 880 85 0.00 0.00 0.00 0.00 0.00 0.00 0.00
pedestrian 0.00 0 0.00 870 73 874 83 0.00 0.00 0.00 0.00 0.00 0.00 0.00
pedestrian 0.00 0 0.00 874 64 878 73 0.00 0.00 0.00 0.00 0.00 0.00 0.00
car 0.00 0 0.00 123 339 158 359 0.00 0.00 0.00 0.00 0.00 0.00 0.00
car 0.00 0 0.00 31 339 75 353 0.00 0.00 0.00 0.00 0.00 0.00 0.00
car 0.00 0 0.00 186 276 229 298 0.00 0.00 0.00 0.00 0.00 0.00 0.00
car 0.00 0 0.00 204 263 256 279 0.00 0.00 0.00 0.00 0.00 0.00 0.00
motor 0.00 0 0.00 1148 498 1158 516 0.00 0.00 0.00 0.00 0.00 0.00 0.00
motor 0.00 0 0.00 1163 501 1171 518 0.00 0.00 0.00 0.00 0.00 0.00 0.00
car 0.00 0 0.00 854 20 863 29 0.00 0.00 0.00 0.00 0.00 0.00 0.00
bus 0.00 0 0.00 903 377 959 459 0.00 0.00 0.00 0.00 0.00 0.00 0.00
pedestrian 0.00 0 0.00 1801 664 1814 688 0.00 0.00 0.00 0.00 0.00 0.00 0.00
motor 0.00 0 0.00 1038 193 1046 205 0.00 0.00 0.00 0.00 0.00 0.00 0.00
