car 0.00 0 0.00 1336 503 1400 620 0.00 0.00 0.00 0.00 0.00 0.00 0.00
car 0.00 0 0.00 720 245 774 332 0.00 0.00 0.00 0.00 0.00 0.00 0.00
van 0.00 0 0.00 816 205 870 295 0.00 0.00 0.00 0.00 0.00 0.00 0.00
car 0.00 0 0.00 612 220 660 296 0.00 0.00 0.00 0.00 0.00 0.00 0.00
car 0.00 0 0.00 639 45 674 106 0.00 0.00 0.00 0.00 0.00 0.00 0.00
car 0.00 0 0.00 1047 163 1111 224 0.00 0.00 0.00 0.00 0.00 0.00 0.00
van 0.00 0 0.00 1015 105 1070 161 0.00 0.00 0.00 0.00 0.00 0.00 0.00
car 0.00 0 0.00 1174 78 1271 119 0.00 0.00 0.00 0.00 0.00 0.00 0.00
car 0.00 0 0.00 1083 113 1142 165 0.00 0.00 0.00 0.00 0.00 0.00 0.00
people 0.00 0 0.00 1163 390 1202 431 0.00 0.00 0.00 0.00 0.00 0.00 0.00
motor 0.00 0 0.00 1172 396 1203 448 0.00 0.00 0.00 0.00 0.00 0.00 0.00
pedestrian 0.00 0 0.00 1256 415 1292 466 0.00 0.00 0.00 0.00 0.00 0.00 0.00
pedestrian 0.00 0 0.00 1269 426 1300 471 0.00 0.00 0.00 0.00 0.00 0.00 0.00
motor 0.00 0 0.00 1285 138 1310 174 0.00 0.00 0.00 0.00 0.00 0.00 0.00
car 0.00 0 0.00 534 723 627 915 0.00 0.00 0.00 0.00 0.00 0.00 0.00
