van 0.00 0 0.00 693 749 721 787 0.00 0.00 0.00 0.00 0.00 0.00 0.00
pedestrian 0.00 0 0.00 887 707 894 723 0.00 0.00 0.00 0.00 0.00 0.00 0.00
pedestrian 0.00 0 0.00 896 742 904 756 0.00 0.00 0.00 0.00 0.00 0.00 0.00
pedestrian 0.00 0 0.00 871 738 879 750 0.00 0.00 0.00 0.00 0.00 0.00 0.00
pedestrian 0.00 0 0.00 862 738 870 752 0.00 0.00 0.00 0.00 0.00 0.00 0.00
pedestrian 0.00 0 0.00 846 718 855 733 0.00 0.00 0.00 0.00 0.00 0.00 0.00
pedestrian 0.00 0 0.00 876 732 883 747 0.00 0.00 0.00 0.00 0.00 0.00 0.00
car 0.00 0 0.00 802 700 825 739 0.00 0.00 0.00 0.00 0.00 0.00 0.00
van 0.00 0 0.00 762 666 787 710 0.00 0.00 0.00 0.00 0.00 0.00 0.00
car 0.00 0 0.00 780 617 801 652 0.00 0.00 0.00 0.00 0.00 0.00 0.00
car 0.00 0 0.00 730 634 752 674 0.00 0.00 0.00 0.00 0.00 0.00 0.00
truck 0.00 0 0.00 644 621 679 704 0.00 0.00 0.00 0.00 0.00 0.00 0.00
car 0.00 0 0.00 643 499 661 528 0.00 0.00 0.00 0.00 0.00 0.00 0.00
van 0.00 0 0.00 702 398 719 429 0.00 0.00 0.00 0.00 0.00 0.00 0.00
car 0.00 0 0.00 628 397 643 417 0.00 0.00 0.00 0.00 0.00 0.00 0.00
van 0.00 0 0.00 609 311 627 334 0.00 0.00 0.00 0.00 0.00 0.00 0.00
car 0.00 0 0.00 613 281 628 298 0.00 0.00 0.00 0.00 0.00 0.00 0.00
car 0.00 0 0.00 585 235 599 251 0.00 0.00 0.00 0.00 0.00 0.00 0.00
car 0.00 0 0.00 607 236 619 251 0.00 0.00 0.00 0.00 0.00 0.00 0.00
car 0.00 0 0.00 645 205 657 221 0.00 0.00 0.00 0.00 0.00 0.00 0.00
car 0.00 0 0.00 619 197 631 212 0.00 0.00 0.00 0.00 0.00 0.00 0.00
car 0.00 0 0.00 601 201 614 217 0.00 0.00 0.00 0.00 0.00 0.00 0.00
car 0.00 0 0.00 570 197 583 210 0.00 0.00 0.00 0.00 0.00 0.00 0.00
car 0.00 0 0.00 600 177 612 191 0.00 0.00 0.00 0.00 0.00 0.00 0.00
car 0.00 0 0.00 651 166 662 181 0.00 0.00 0.00 0.00 0.00 0.00 0.00
car 0.00 0 0.00 633 155 644 169 0.00 0.00 0.00 0.00 0.00 0.00 0.00
car 0.00 0 0.00 584 163 595 177 0.00 0.00 0.00 0.00 0.00 0.00 0.00
car 0.00 0 0.00 597 154 608 168 0.00 0.00 0.00 0.00 0.00 0.00 0.00
car 0.00 0 0.00 581 148 593 162 0.00 0.00 0.00 0.00 0.00 0.00 0.00
car 0.00 0 0.00 581 138 592 150 0.00 0.00 0.00 0.00 0.00 0.00 0.00
car 0.00 0 0.00 595 136 606 148 0.00 0.00 0.00 0.00 0.00 0.00 0.00
car 0.00 0 0.00 645 136 657 150 0.00 0.00 0.00 0.00 0.00 0.00 0.00
truck 0.00 0 0.00 661 144 683 181 0.00 0.00 0.00 0.00 0.00 0.00 0.00
car 0.00 0 0.00 555 119 564 132 0.00 0.00 0.00 0.00 0.00 0.00 0.00
car 0.00 0 0.00 567 118 577 130 0.00 0.00 0.00 0.00 0.00 0.00 0.00
car 0.00 0 0.00 581 126 592 137 0.00 0.00 0.00 0.00 0.00 0.00 0.00
car 0.00 0 0.00 579 113 589 124 0.00 0.00 0.00 0.00 0.00 0.00 0.00
motor 0.00 0 0.00 595 117 601 124 0.00 0.00 0.00 0.00 0.00 0.00 0.00
people 0.00 0 0.00 595 115 600 123 0.00 0.00 0.00 0.00 0.00 0.00 0.00
motor 0.00 0 0.00 591 179 597 187 0.00 0.00 0.00 0.00 0.00 0.00 0.00
people 0.00 0 0.00 591 176 597 185 0.00 0.00 0.00 0.00 0.00 0.00 0.00
pedestrian 0.00 0 0.00 709 238 714 246 0.00 0.00 0.00 0.00 0.00 0.00 0.00
car 0.00 0 0.00 641 103 652 120 0.00 0.00 0.00 0.00 0.00 0.00 0.00
car 0.00 0 0.00 624 100 635 113 0.00 0.00 0.00 0.00 0.00 0.00 0.00
car 0.00 0 0.00 636 89 648 103 0.00 0.00 0.00 0.00 0.00 0.00 0.00
truck 0.00 0 0.00 619 74 632 97 0.00 0.00 0.00 0.00 0.00 0.00 0.00
van 0.00 0 0.00 631 64 644 78 0.00 0.00 0.00 0.00 0.00 0.00 0.00
car 0.00 0 0.00 617 53 627 67 0.00 0.00 0.00 0.00 0.00 0.00 0.00
car 0.00 0 0.00 629 47 638 59 0.00 0.00 0.00 0.00 0.00 0.00 0.00
car 0.00 0 0.00 614 30 624 44 0.00 0.00 0.00 0.00 0.00 0.00 0.00
car 0.00 0 0.00 690 86 709 95 0.00 0.00 0.00 0.00 0.00 0.00 0.00
bus 0.00 0 0.00 689 68 742 92 0.00 0.00 0.00 0.00 0.00 0.00 0.00
truck 0.00 0 0.00 749 71 772 89 0.00 0.00 0.00 0.00 0.00 0.00 0.00
bus 0.00 0 0.00 715 61 764 80 0.00 0.00 0.00 0.00 0.00 0.00 0.00
truck 0.00 0 0.00 677 68 705 87 0.00 0.00 0.00 0.00 0.00 0.00 0.00
car 0.00 0 0.00 479 82 496 93 0.00 0.00 0.00 0.00 0.00 0.00 0.00
car 0.00 0 0.00 486 79 505 89 0.00 0.00 0.00 0.00 0.00 0.00 0.00
car 0.00 0 0.00 508 80 529 91 0.00 0.00 0.00 0.00 0.00 0.00 0.00
car 0.00 0 0.00 510 78 530 86 0.00 0.00 0.00 0.00 0.00 0.00 0.00
car 0.00 0 0.00 508 74 526 84 0.00 0.00 0.00 0.00 0.00 0.00 0.00
car 0.00 0 0.00 512 71 531 80 0.00 0.00 0.00 0.00 0.00 0.00 0.00
car 0.00 0 0.00 480 71 500 81 0.00 0.00 0.00 0.00 0.00 0.00 0.00
car 0.00 0 0.00 455 80 477 91 0.00 0.00 0.00 0.00 0.00 0.00 0.00
car 0.00 0 0.00 446 73 467 83 0.00 0.00 0.00 0.00 0.00 0.00 0.00
car 0.00 0 0.00 173 594 199 626 0.00 0.00 0.00 0.00 0.00 0.00 0.00
