car 0.00 0 0.00 86 274 142 310 0.00 0.00 0.00 0.00 0.00 0.00 0.00
car 0.00 0 0.00 182 331 237 377 0.00 0.00 0.00 0.00 0.00 0.00 0.00
car 0.00 0 0.00 225 357 273 403 0.00 0.00 0.00 0.00 0.00 0.00 0.00
truck 0.00 0 0.00 266 371 363 446 0.00 0.00 0.00 0.00 0.00 0.00 0.00
motor 0.00 0 0.00 476 540 499 561 0.00 0.00 0.00 0.00 0.00 0.00 0.00
motor 0.00 0 0.00 472 621 495 649 0.00 0.00 0.00 0.00 0.00 0.00 0.00
car 0.00 0 0.00 503 446 583 497 0.00 0.00 0.00 0.00 0.00 0.00 0.00
car 0.00 0 0.00 633 406 701 463 0.00 0.00 0.00 0.00 0.00 0.00 0.00
car 0.00 0 0.00 579 497 656 554 0.00 0.00 0.00 0.00 0.00 0.00 0.00
tricycle 0.00 0 0.00 651 347 713 384 0.00 0.00 0.00 0.00 0.00 0.00 0.00
tricycle 0.00 0 0.00 622 407 660 442 0.00 0.00 0.00 0.00 0.00 0.00 0.00
tricycle 0.00 0 0.00 696 418 737 461 0.00 0.00 0.00 0.00 0.00 0.00 0.00
car 0.00 0 0.00 702 442 774 504 0.00 0.00 0.00 0.00 0.00 0.00 0.00
car 0.00 0 0.00 736 461 808 518 0.00 0.00 0.00 0.00 0.00 0.00 0.00
car 0.00 0 0.00 771 477 846 540 0.00 0.00 0.00 0.00 0.00 0.00 0.00
car 0.00 0 0.00 808 497 884 562 0.00 0.00 0.00 0.00 0.00 0.00 0.00
car 0.00 0 0.00 848 513 918 578 0.00 0.00 0.00 0.00 0.00 0.00 0.00
van 0.00 0 0.00 898 525 964 594 0.00 0.00 0.00 0.00 0.00 0.00 0.00
van 0.00 0 0.00 692 567 771 627 0.00 0.00 0.00 0.00 0.00 0.00 0.00
car 0.00 0 0.00 840 650 935 720 0.00 0.00 0.00 0.00 0.00 0.00 0.00
car 0.00 0 0.00 608 616 685 684 0.00 0.00 0.00 0.00 0.00 0.00 0.00
bus 0.00 0 0.00 678 636 894 816 0.00 0.00 0.00 0.00 0.00 0.00 0.00
car 0.00 0 0.00 685 811 791 909 0.00 0.00 0.00 0.00 0.00 0.00 0.00
car 0.00 0 0.00 939 567 1018 640 0.00 0.00 0.00 0.00 0.00 0.00 0.00
car 0.00 0 0.00 982 589 1060 664 0.00 0.00 0.00 0.00 0.00 0.00 0.00
car 0.00 0 0.00 1043 609 1118 689 0.00 0.00 0.00 0.00 0.00 0.00 0.00
car 0.00 0 0.00 992 741 1098 824 0.00 0.00 0.00 0.00 0.00 0.00 0.00
van 0.00 0 0.00 1148 661 1230 746 0.00 0.00 0.00 0.00 0.00 0.00 0.00
car 0.00 0 0.00 1247 721 1319 809 0.00 0.00 0.00 0.00 0.00 0.00 0.00
car 0.00 0 0.00 1311 745 1385 836 0.00 0.00 0.00 0.00 0.00 0.00 0.00
car 0.00 0 0.00 1375 776 1450 872 0.00 0.00 0.00 0.00 0.00 0.00 0.00
car 0.00 0 0.00 1437 806 1519 905 0.00 0.00 0.00 0.00 0.00 0.00 0.00
van 0.00 0 0.00 1510 843 1582 926 0.00 0.00 0.00 0.00 0.00 0.00 0.00
car 0.00 0 0.00 1568 879 1657 984 0.00 0.00 0.00 0.00 0.00 0.00 0.00
car 0.00 0 0.00 1644 910 1723 1034 0.00 0.00 0.00 0.00 0.00 0.00 0.00
car 0.00 0 0.00 1716 951 1801 1067 0.00 0.00 0.00 0.00 0.00 0.00 0.00
car 0.00 0 0.00 1793 990 1864 1075 0.00 0.00 0.00 0.00 0.00 0.00 0.00
car 0.00 0 0.00 1416 994 1558 1077 0.00 0.00 0.00 0.00 0.00 0.00 0.00
car 0.00 0 0.00 1175 849 1296 946 0.00 0.00 0.00 0.00 0.00 0.00 0.00
car 0.00 0 0.00 1117 935 1241 1033 0.00 0.00 0.00 0.00 0.00 0.00 0.00
car 0.00 0 0.00 921 814 1030 898 0.00 0.00 0.00 0.00 0.00 0.00 0.00
car 0.00 0 0.00 918 907 1033 1004 0.00 0.00 0.00 0.00 0.00 0.00 0.00
truck 0.00 0 0.00 939 265 1020 322 0.00 0.00 0.00 0.00 0.00 0.00 0.00
van 0.00 0 0.00 834 266 882 299 0.00 0.00 0.00 0.00 0.00 0.00 0.00
car 0.00 0 0.00 905 96 953 131 0.00 0.00 0.00 0.00 0.00 0.00 0.00
car 0.00 0 0.00 952 120 999 148 0.00 0.00 0.00 0.00 0.00 0.00 0.00
people 0.00 0 0.00 480 526 494 545 0.00 0.00 0.00 0.00 0.00 0.00 0.00
people 0.00 0 0.00 476 608 491 627 0.00 0.00 0.00 0.00 0.00 0.00 0.00
