car 0.00 0 0.00 189 41 220 61 0.00 0.00 0.00 0.00 0.00 0.00 0.00
car 0.00 0 0.00 103 61 138 79 0.00 0.00 0.00 0.00 0.00 0.00 0.00
van 0.00 0 0.00 353 89 378 115 0.00 0.00 0.00 0.00 0.00 0.00 0.00
car 0.00 0 0.00 388 97 417 123 0.00 0.00 0.00 0.00 0.00 0.00 0.00
awning-tricycle 0.00 0 0.00 347 82 369 105 0.00 0.00 0.00 0.00 0.00 0.00 0.00
motor 0.00 0 0.00 375 124 385 137 0.00 0.00 0.00 0.00 0.00 0.00 0.00
motor 0.00 0 0.00 388 125 400 145 0.00 0.00 0.00 0.00 0.00 0.00 0.00
car 0.00 0 0.00 428 92 480 111 0.00 0.00 0.00 0.00 0.00 0.00 0.00
motor 0.00 0 0.00 518 177 532 194 0.00 0.00 0.00 0.00 0.00 0.00 0.00
tricycle 0.00 0 0.00 550 238 607 281 0.00 0.00 0.00 0.00 0.00 0.00 0.00
motor 0.00 0 0.00 711 270 749 293 0.00 0.00 0.00 0.00 0.00 0.00 0.00
pedestrian 0.00 0 0.00 179 336 202 373 0.00 0.00 0.00 0.00 0.00 0.00 0.00
people 0.00 0 0.00 247 375 275 405 0.00 0.00 0.00 0.00 0.00 0.00 0.00
people 0.00 0 0.00 256 417 282 448 0.00 0.00 0.00 0.00 0.00 0.00 0.00
people 0.00 0 0.00 369 468 391 503 0.00 0.00 0.00 0.00 0.00 0.00 0.00
people 0.00 0 0.00 416 504 442 537 0.00 0.00 0.00 0.00 0.00 0.00 0.00
people 0.00 0 0.00 445 522 470 558 0.00 0.00 0.00 0.00 0.00 0.00 0.00
people 0.00 0 0.00 482 538 509 578 0.00 0.00 0.00 0.00 0.00 0.00 0.00
people 0.00 0 0.00 520 565 550 599 0.00 0.00 0.00 0.00 0.00 0.00 0.00
pedestrian 0.00 0 0.00 568 535 594 592 0.00 0.00 0.00 0.00 0.00 0.00 0.00
people 0.00 0 0.00 751 604 779 654 0.00 0.00 0.00 0.00 0.00 0.00 0.00
people 0.00 0 0.00 642 589 669 630 0.00 0.00 0.00 0.00 0.00 0.00 0.00
people 0.00 0 0.00 1004 710 1039 752 0.00 0.00 0.00 0.00 0.00 0.00 0.00
pedestrian 0.00 0 0.00 1149 704 1180 769 0.00 0.00 0.00 0.00 0.00 0.00 0.00
pedestrian 0.00 0 0.00 1553 742 1605 810 0.00 0.00 0.00 0.00 0.00 0.00 0.00
pedestrian 0.00 0 0.00 1631 755 1661 838 0.00 0.00 0.00 0.00 0.00 0.00 0.00
pedestrian 0.00 0 0.00 1845 803 1886 866 0.00 0.00 0.00 0.00 0.00 0.00 0.00
motor 0.00 0 0.00 1318 461 1364 496 0.00 0.00 0.00 0.00 0.00 0.00 0.00
motor 0.00 0 0.00 1219 440 1270 480 0.00 0.00 0.00 0.00 0.00 0.00 0.00
