car 0.00 0 0.00 0 92 110 207 0.00 0.00 0.00 0.00 0.00 0.00 0.00
car 0.00 0 0.00 27 12 110 86 0.00 0.00 0.00 0.00 0.00 0.00 0.00
car 0.00 0 0.00 165 33 255 130 0.00 0.00 0.00 0.00 0.00 0.00 0.00
truck 0.00 0 0.00 393 174 512 356 0.00 0.00 0.00 0.00 0.00 0.00 0.00
car 0.00 0 0.00 618 0 667 55 0.00 0.00 0.00 0.00 0.00 0.00 0.00
car 0.00 0 0.00 612 57 672 142 0.00 0.00 0.00 0.00 0.00 0.00 0.00
car 0.00 0 0.00 529 94 600 198 0.00 0.00 0.00 0.00 0.00 0.00 0.00
car 0.00 0 0.00 604 157 672 272 0.00 0.00 0.00 0.00 0.00 0.00 0.00
car 0.00 0 0.00 538 29 596 105 0.00 0.00 0.00 0.00 0.00 0.00 0.00
car 0.00 0 0.00 492 376 592 547 0.00 0.00 0.00 0.00 0.00 0.00 0.00
car 0.00 0 0.00 658 398 767 566 0.00 0.00 0.00 0.00 0.00 0.00 0.00
car 0.00 0 0.00 384 568 505 781 0.00 0.00 0.00 0.00 0.00 0.00 0.00
van 0.00 0 0.00 500 744 627 1048 0.00 0.00 0.00 0.00 0.00 0.00 0.00
pedestrian 0.00 0 0.00 748 103 767 146 0.00 0.00 0.00 0.00 0.00 0.00 0.00
motor 0.00 0 0.00 814 146 869 172 0.00 0.00 0.00 0.00 0.00 0.00 0.00
motor 0.00 0 0.00 817 124 856 153 0.00 0.00 0.00 0.00 0.00 0.00 0.00
motor 0.00 0 0.00 822 107 867 131 0.00 0.00 0.00 0.00 0.00 0.00 0.00
motor 0.00 0 0.00 812 86 861 117 0.00 0.00 0.00 0.00 0.00 0.00 0.00
van 0.00 0 0.00 740 214 888 294 0.00 0.00 0.00 0.00 0.00 0.00 0.00
motor 0.00 0 0.00 843 196 895 226 0.00 0.00 0.00 0.00 0.00 0.00 0.00
bicycle 0.00 0 0.00 928 200 952 262 0.00 0.00 0.00 0.00 0.00 0.00 0.00
pedestrian 0.00 0 0.00 903 141 926 194 0.00 0.00 0.00 0.00 0.00 0.00 0.00
car 0.00 0 0.00 755 289 932 363 0.00 0.00 0.00 0.00 0.00 0.00 0.00
car 0.00 0 0.00 762 362 962 443 0.00 0.00 0.00 0.00 0.00 0.00 0.00
car 0.00 0 0.00 795 575 1032 750 0.00 0.00 0.00 0.00 0.00 0.00 0.00
pedestrian 0.00 0 0.00 1065 658 1098 722 0.00 0.00 0.00 0.00 0.00 0.00 0.00
pedestrian 0.00 0 0.00 1038 662 1067 723 0.00 0.00 0.00 0.00 0.00 0.00 0.00
