truck 0.00 0 0.00 428 676 667 786 0.00 0.00 0.00 0.00 0.00 0.00 0.00
car 0.00 0 0.00 43 902 168 979 0.00 0.00 0.00 0.00 0.00 0.00 0.00
car 0.00 0 0.00 693 743 808 809 0.00 0.00 0.00 0.00 0.00 0.00 0.00
motor 0.00 0 0.00 854 752 911 779 0.00 0.00 0.00 0.00 0.00 0.00 0.00
van 0.00 0 0.00 637 314 682 368 0.00 0.00 0.00 0.00 0.00 0.00 0.00
van 0.00 0 0.00 709 349 760 417 0.00 0.00 0.00 0.00 0.00 0.00 0.00
car 0.00 0 0.00 747 344 790 395 0.00 0.00 0.00 0.00 0.00 0.00 0.00
car 0.00 0 0.00 779 334 822 392 0.00 0.00 0.00 0.00 0.00 0.00 0.00
car 0.00 0 0.00 819 315 865 387 0.00 0.00 0.00 0.00 0.00 0.00 0.00
car 0.00 0 0.00 854 313 899 379 0.00 0.00 0.00 0.00 0.00 0.00 0.00
car 0.00 0 0.00 893 308 936 367 0.00 0.00 0.00 0.00 0.00 0.00 0.00
van 0.00 0 0.00 897 253 959 293 0.00 0.00 0.00 0.00 0.00 0.00 0.00
car 0.00 0 0.00 935 295 975 363 0.00 0.00 0.00 0.00 0.00 0.00 0.00
van 0.00 0 0.00 974 284 1013 351 0.00 0.00 0.00 0.00 0.00 0.00 0.00
van 0.00 0 0.00 1012 289 1051 342 0.00 0.00 0.00 0.00 0.00 0.00 0.00
van 0.00 0 0.00 1043 269 1082 328 0.00 0.00 0.00 0.00 0.00 0.00 0.00
car 0.00 0 0.00 1101 273 1155 330 0.00 0.00 0.00 0.00 0.00 0.00 0.00
car 0.00 0 0.00 1130 260 1184 318 0.00 0.00 0.00 0.00 0.00 0.00 0.00
car 0.00 0 0.00 1164 248 1219 307 0.00 0.00 0.00 0.00 0.00 0.00 0.00
car 0.00 0 0.00 1201 245 1252 297 0.00 0.00 0.00 0.00 0.00 0.00 0.00
car 0.00 0 0.00 1235 240 1291 292 0.00 0.00 0.00 0.00 0.00 0.00 0.00
car 0.00 0 0.00 1285 225 1353 295 0.00 0.00 0.00 0.00 0.00 0.00 0.00
motor 0.00 0 0.00 1185 202 1205 233 0.00 0.00 0.00 0.00 0.00 0.00 0.00
motor 0.00 0 0.00 1154 215 1169 239 0.00 0.00 0.00 0.00 0.00 0.00 0.00
motor 0.00 0 0.00 1138 217 1151 241 0.00 0.00 0.00 0.00 0.00 0.00 0.00
motor 0.00 0 0.00 1119 220 1136 250 0.00 0.00 0.00 0.00 0.00 0.00 0.00
motor 0.00 0 0.00 1093 227 1117 252 0.00 0.00 0.00 0.00 0.00 0.00 0.00
car 0.00 0 0.00 1028 420 1101 458 0.00 0.00 0.00 0.00 0.00 0.00 0.00
van 0.00 0 0.00 948 427 1014 469 0.00 0.00 0.00 0.00 0.00 0.00 0.00
car 0.00 0 0.00 865 449 935 491 0.00 0.00 0.00 0.00 0.00 0.00 0.00
car 0.00 0 0.00 1099 917 1188 979 0.00 0.00 0.00 0.00 0.00 0.00 0.00
car 0.00 0 0.00 1187 804 1235 900 0.00 0.00 0.00 0.00 0.00 0.00 0.00
car 0.00 0 0.00 952 912 1049 978 0.00 0.00 0.00 0.00 0.00 0.00 0.00
car 0.00 0 0.00 1064 868 1180 948 0.00 0.00 0.00 0.00 0.00 0.00 0.00
motor 0.00 0 0.00 1270 776 1298 819 0.00 0.00 0.00 0.00 0.00 0.00 0.00
