truck 0.00 0 0.00 379 674 458 787 0.00 0.00 0.00 0.00 0.00 0.00 0.00
truck 0.00 0 0.00 168 479 231 610 0.00 0.00 0.00 0.00 0.00 0.00 0.00
car 0.00 0 0.00 689 715 727 784 0.00 0.00 0.00 0.00 0.00 0.00 0.00
car 0.00 0 0.00 577 545 615 618 0.00 0.00 0.00 0.00 0.00 0.00 0.00
car 0.00 0 0.00 379 588 425 653 0.00 0.00 0.00 0.00 0.00 0.00 0.00
car 0.00 0 0.00 451 501 492 552 0.00 0.00 0.00 0.00 0.00 0.00 0.00
bus 0.00 0 0.00 686 468 724 560 0.00 0.00 0.00 0.00 0.00 0.00 0.00
bus 0.00 0 0.00 638 445 672 514 0.00 0.00 0.00 0.00 0.00 0.00 0.00
car 0.00 0 0.00 474 381 505 428 0.00 0.00 0.00 0.00 0.00 0.00 0.00
car 0.00 0 0.00 527 371 559 419 0.00 0.00 0.00 0.00 0.00 0.00 0.00
car 0.00 0 0.00 601 329 630 382 0.00 0.00 0.00 0.00 0.00 0.00 0.00
car 0.00 0 0.00 555 263 582 299 0.00 0.00 0.00 0.00 0.00 0.00 0.00
car 0.00 0 0.00 514 256 542 290 0.00 0.00 0.00 0.00 0.00 0.00 0.00
car 0.00 0 0.00 467 257 499 295 0.00 0.00 0.00 0.00 0.00 0.00 0.00
truck 0.00 0 0.00 656 167 689 239 0.00 0.00 0.00 0.00 0.00 0.00 0.00
car 0.00 0 0.00 624 114 649 152 0.00 0.00 0.00 0.00 0.00 0.00 0.00
van 0.00 0 0.00 580 115 605 151 0.00 0.00 0.00 0.00 0.00 0.00 0.00
car 0.00 0 0.00 669 23 689 53 0.00 0.00 0.00 0.00 0.00 0.00 0.00
car 0.00 0 0.00 600 23 619 47 0.00 0.00 0.00 0.00 0.00 0.00 0.00
car 0.00 0 0.00 645 0 668 15 0.00 0.00 0.00 0.00 0.00 0.00 0.00
truck 0.00 0 0.00 568 0 598 17 0.00 0.00 0.00 0.00 0.00 0.00 0.00
car 0.00 0 0.00 54 529 90 572 0.00 0.00 0.00 0.00 0.00 0.00 0.00
van 0.00 0 0.00 122 377 162 414 0.00 0.00 0.00 0.00 0.00 0.00 0.00
van 0.00 0 0.00 183 253 214 288 0.00 0.00 0.00 0.00 0.00 0.00 0.00
car 0.00 0 0.00 202 233 230 256 0.00 0.00 0.00 0.00 0.00 0.00 0.00
car 0.00 0 0.00 209 204 239 232 0.00 0.00 0.00 0.00 0.00 0.00 0.00
car 0.00 0 0.00 224 179 251 201 0.00 0.00 0.00 0.00 0.00 0.00 0.00
car 0.00 0 0.00 281 101 300 124 0.00 0.00 0.00 0.00 0.00 0.00 0.00
car 0.00 0 0.00 263 105 284 127 0.00 0.00 0.00 0.00 0.00 0.00 0.00
car 0.00 0 0.00 268 88 287 110 0.00 0.00 0.00 0.00 0.00 0.00 0.00
car 0.00 0 0.00 370 44 392 64 0.00 0.00 0.00 0.00 0.00 0.00 0.00
car 0.00 0 0.00 303 35 321 47 0.00 0.00 0.00 0.00 0.00 0.00 0.00
car 0.00 0 0.00 293 48 314 68 0.00 0.00 0.00 0.00 0.00 0.00 0.00
pedestrian 0.00 0 0.00 875 435 888 453 0.00 0.00 0.00 0.00 0.00 0.00 0.00
pedestrian 0.00 0 0.00 888 401 901 418 0.00 0.00 0.00 0.00 0.00 0.00 0.00
pedestrian 0.00 0 0.00 867 403 877 416 0.00 0.00 0.00 0.00 0.00 0.00 0.00
pedestrian 0.00 0 0.00 843 385 855 402 0.00 0.00 0.00 0.00 0.00 0.00 0.00
pedestrian 0.00 0 0.00 838 335 849 353 0.00 0.00 0.00 0.00 0.00 0.00 0.00
pedestrian 0.00 0 0.00 827 305 838 319 0.00 0.00 0.00 0.00 0.00 0.00 0.00
pedestrian 0.00 0 0.00 978 382 991 409 0.00 0.00 0.00 0.00 0.00 0.00 0.00
pedestrian 0.00 0 0.00 894 206 903 219 0.00 0.00 0.00 0.00 0.00 0.00 0.00
pedestrian 0.00 0 0.00 856 194 867 206 0.00 0.00 0.00 0.00 0.00 0.00 0.00
pedestrian 0.00 0 0.00 866 135 876 145 0.00 0.00 0.00 0.00 0.00 0.00 0.00
pedestrian 0.00 0 0.00 802 133 817 161 0.00 0.00 0.00 0.00 0.00 0.00 0.00
pedestrian 0.00 0 0.00 843 53 856 71 0.00 0.00 0.00 0.00 0.00 0.00 0.00
pedestrian 0.00 0 0.00 829 48 841 66 0.00 0.00 0.00 0.00 0.00 0.00 0.00
pedestrian 0.00 0 0.00 741 28 749 43 0.00 0.00 0.00 0.00 0.00 0.00 0.00
pedestrian 0.00 0 0.00 751 117 760 139 0.00 0.00 0.00 0.00 0.00 0.00 0.00
pedestrian 0.00 0 0.00 746 54 756 70 0.00 0.00 0.00 0.00 0.00 0.00 0.00
pedestrian 0.00 0 0.00 913 73 922 87 0.00 0.00 0.00 0.00 0.00 0.00 0.00
pedestrian 0.00 0 0.00 910 53 919 71 0.00 0.00 0.00 0.00 0.00 0.00 0.00
pedestrian 0.00 0 0.00 872 32 880 47 0.00 0.00 0.00 0.00 0.00 0.00 0.00
pedestrian 0.00 0 0.00 884 27 890 41 0.00 0.00 0.00 0.00 0.00 0.00 0.00
pedestrian 0.00 0 0.00 878 16 884 28 0.00 0.00 0.00 0.00 0.00 0.00 0.00
pedestrian 0.00 0 0.00 903 19 916 43 0.00 0.00 0.00 0.00 0.00 0.00 0.00
pedestrian 0.00 0 0.00 816 13 835 31 0.00 0.00 0.00 0.00 0.00 0.00 0.00
pedestrian 0.00 0 0.00 737 9 752 25 0.00 0.00 0.00 0.00 0.00 0.00 0.00
bus 0.00 0 0.00 392 0 427 21 0.00 0.00 0.00 0.00 0.00 0.00 0.00
pedestrian 0.00 0 0.00 146 271 162 288 0.00 0.00 0.00 0.00 0.00 0.00 0.00
pedestrian 0.00 0 0.00 142 276 153 293 0.00 0.00 0.00 0.00 0.00 0.00 0.00
pedestrian 0.00 0 0.00 183 665 198 683 0.00 0.00 0.00 0.00 0.00 0.00 0.00
pedestrian 0.00 0 0.00 173 676 189 694 0.00 0.00 0.00 0.00 0.00 0.00 0.00
van 0.00 0 0.00 106 728 155 787 0.00 0.00 0.00 0.00 0.00 0.00 0.00
pedestrian 0.00 0 0.00 887 28 895 40 0.00 0.00 0.00 0.00 0.00 0.00 0.00
pedestrian 0.00 0 0.00 746 30 755 43 0.00 0.00 0.00 0.00 0.00 0.00 0.00
pedestrian 0.00 0 0.00 891 20 900 34 0.00 0.00 0.00 0.00 0.00 0.00 0.00
pedestrian 0.00 0 0.00 861 141 866 152 0.00 0.00 0.00 0.00 0.00 0.00 0.00
pedestrian 0.00 0 0.00 866 146 875 162 0.00 0.00 0.00 0.00 0.00 0.00 0.00
pedestrian 0.00 0 0.00 893 212 899 227 0.00 0.00 0.00 0.00 0.00 0.00 0.00
pedestrian 0.00 0 0.00 887 210 894 223 0.00 0.00 0.00 0.00 0.00 0.00 0.00
