car 0.00 0 0.00 807 754 942 922 0.00 0.00 0.00 0.00 0.00 0.00 0.00
car 0.00 0 0.00 917 593 1042 745 0.00 0.00 0.00 0.00 0.00 0.00 0.00
car 0.00 0 0.00 1048 482 1116 584 0.00 0.00 0.00 0.00 0.00 0.00 0.00
car 0.00 0 0.00 1080 360 1182 445 0.00 0.00 0.00 0.00 0.00 0.00 0.00
car 0.00 0 0.00 1135 299 1212 365 0.00 0.00 0.00 0.00 0.00 0.00 0.00
car 0.00 0 0.00 1187 214 1255 291 0.00 0.00 0.00 0.00 0.00 0.00 0.00
van 0.00 0 0.00 1184 177 1290 237 0.00 0.00 0.00 0.00 0.00 0.00 0.00
car 0.00 0 0.00 1186 105 1292 159 0.00 0.00 0.00 0.00 0.00 0.00 0.00
car 0.00 0 0.00 1284 90 1325 134 0.00 0.00 0.00 0.00 0.00 0.00 0.00
car 0.00 0 0.00 1300 53 1345 94 0.00 0.00 0.00 0.00 0.00 0.00 0.00
car 0.00 0 0.00 1325 25 1359 59 0.00 0.00 0.00 0.00 0.00 0.00 0.00
car 0.00 0 0.00 1343 0 1376 34 0.00 0.00 0.00 0.00 0.00 0.00 0.00
