car 0.00 0 0.00 1765 599 1871 688 0.00 0.00 0.00 0.00 0.00 0.00 0.00
tricycle 0.00 0 0.00 627 948 729 1012 0.00 0.00 0.00 0.00 0.00 0.00 0.00
motor 0.00 0 0.00 618 624 644 672 0.00 0.00 0.00 0.00 0.00 0.00 0.00
truck 0.00 0 0.00 839 585 890 696 0.00 0.00 0.00 0.00 0.00 0.00 0.00
motor 0.00 0 0.00 733 592 775 625 0.00 0.00 0.00 0.00 0.00 0.00 0.00
motor 0.00 0 0.00 661 487 700 511 0.00 0.00 0.00 0.00 0.00 0.00 0.00
pedestrian 0.00 0 0.00 679 491 697 530 0.00 0.00 0.00 0.00 0.00 0.00 0.00
motor 0.00 0 0.00 668 465 702 492 0.00 0.00 0.00 0.00 0.00 0.00 0.00
awning-tricycle 0.00 0 0.00 663 432 717 472 0.00 0.00 0.00 0.00 0.00 0.00 0.00
tricycle 0.00 0 0.00 675 409 730 438 0.00 0.00 0.00 0.00 0.00 0.00 0.00
motor 0.00 0 0.00 680 406 720 427 0.00 0.00 0.00 0.00 0.00 0.00 0.00
car 0.00 0 0.00 695 363 788 402 0.00 0.00 0.00 0.00 0.00 0.00 0.00
car 0.00 0 0.00 847 297 892 362 0.00 0.00 0.00 0.00 0.00 0.00 0.00
motor 0.00 0 0.00 728 199 753 219 0.00 0.00 0.00 0.00 0.00 0.00 0.00
motor 0.00 0 0.00 771 201 782 226 0.00 0.00 0.00 0.00 0.00 0.00 0.00
tricycle 0.00 0 0.00 736 197 768 216 0.00 0.00 0.00 0.00 0.00 0.00 0.00
motor 0.00 0 0.00 751 157 781 176 0.00 0.00 0.00 0.00 0.00 0.00 0.00
motor 0.00 0 0.00 757 139 785 155 0.00 0.00 0.00 0.00 0.00 0.00 0.00
pedestrian 0.00 0 0.00 788 72 800 89 0.00 0.00 0.00 0.00 0.00 0.00 0.00
car 0.00 0 0.00 795 99 830 144 0.00 0.00 0.00 0.00 0.00 0.00 0.00
car 0.00 0 0.00 855 116 886 159 0.00 0.00 0.00 0.00 0.00 0.00 0.00
car 0.00 0 0.00 863 63 890 100 0.00 0.00 0.00 0.00 0.00 0.00 0.00
awning-tricycle 0.00 0 0.00 892 79 915 111 0.00 0.00 0.00 0.00 0.00 0.00 0.00
awning-tricycle 0.00 0 0.00 922 41 940 70 0.00 0.00 0.00 0.00 0.00 0.00 0.00
car 0.00 0 0.00 973 25 1003 53 0.00 0.00 0.00 0.00 0.00 0.00 0.00
car 0.00 0 0.00 985 74 1013 106 0.00 0.00 0.00 0.00 0.00 0.00 0.00
people 0.00 0 0.00 945 83 955 99 0.00 0.00 0.00 0.00 0.00 0.00 0.00
people 0.00 0 0.00 926 117 939 134 0.00 0.00 0.00 0.00 0.00 0.00 0.00
people 0.00 0 0.00 900 147 913 169 0.00 0.00 0.00 0.00 0.00 0.00 0.00
people 0.00 0 0.00 983 165 995 184 0.00 0.00 0.00 0.00 0.00 0.00 0.00
motor 0.00 0 0.00 944 88 956 107 0.00 0.00 0.00 0.00 0.00 0.00 0.00
motor 0.00 0 0.00 926 121 941 142 0.00 0.00 0.00 0.00 0.00 0.00 0.00
motor 0.00 0 0.00 900 151 913 173 0.00 0.00 0.00 0.00 0.00 0.00 0.00
motor 0.00 0 0.00 982 169 995 191 0.00 0.00 0.00 0.00 0.00 0.00 0.00
car 0.00 0 0.00 1003 162 1033 193 0.00 0.00 0.00 0.00 0.00 0.00 0.00
awning-tricycle 0.00 0 0.00 951 161 974 198 0.00 0.00 0.00 0.00 0.00 0.00 0.00
awning-tricycle 0.00 0 0.00 913 152 939 195 0.00 0.00 0.00 0.00 0.00 0.00 0.00
awning-tricycle 0.00 0 0.00 1021 264 1065 301 0.00 0.00 0.00 0.00 0.00 0.00 0.00
car 0.00 0 0.00 1013 296 1055 352 0.00 0.00 0.00 0.00 0.00 0.00 0.00
car 0.00 0 0.00 1094 290 1166 341 0.00 0.00 0.00 0.00 0.00 0.00 0.00
motor 0.00 0 0.00 1169 318 1190 350 0.00 0.00 0.00 0.00 0.00 0.00 0.00
motor 0.00 0 0.00 1151 335 1191 362 0.00 0.00 0.00 0.00 0.00 0.00 0.00
pedestrian 0.00 0 0.00 1172 353 1187 384 0.00 0.00 0.00 0.00 0.00 0.00 0.00
motor 0.00 0 0.00 1224 366 1252 381 0.00 0.00 0.00 0.00 0.00 0.00 0.00
motor 0.00 0 0.00 1235 380 1254 420 0.00 0.00 0.00 0.00 0.00 0.00 0.00
van 0.00 0 0.00 1145 385 1192 450 0.00 0.00 0.00 0.00 0.00 0.00 0.00
car 0.00 0 0.00 1043 398 1085 454 0.00 0.00 0.00 0.00 0.00 0.00 0.00
motor 0.00 0 0.00 1259 408 1291 433 0.00 0.00 0.00 0.00 0.00 0.00 0.00
motor 0.00 0 0.00 1285 382 1303 413 0.00 0.00 0.00 0.00 0.00 0.00 0.00
bicycle 0.00 0 0.00 1208 532 1230 569 0.00 0.00 0.00 0.00 0.00 0.00 0.00
motor 0.00 0 0.00 1166 500 1207 528 0.00 0.00 0.00 0.00 0.00 0.00 0.00
van 0.00 0 0.00 1064 496 1121 570 0.00 0.00 0.00 0.00 0.00 0.00 0.00
awning-tricycle 0.00 0 0.00 1027 617 1068 694 0.00 0.00 0.00 0.00 0.00 0.00 0.00
awning-tricycle 0.00 0 0.00 1315 620 1376 695 0.00 0.00 0.00 0.00 0.00 0.00 0.00
awning-tricycle 0.00 0 0.00 1153 824 1207 929 0.00 0.00 0.00 0.00 0.00 0.00 0.00
people 0.00 0 0.00 1080 825 1106 862 0.00 0.00 0.00 0.00 0.00 0.00 0.00
motor 0.00 0 0.00 1078 820 1103 873 0.00 0.00 0.00 0.00 0.00 0.00 0.00
pedestrian 0.00 0 0.00 426 1024 458 1070 0.00 0.00 0.00 0.00 0.00 0.00 0.00
truck 0.00 0 0.00 1118 248 1212 293 0.00 0.00 0.00 0.00 0.00 0.00 0.00
car 0.00 0 0.00 1073 154 1106 198 0.00 0.00 0.00 0.00 0.00 0.00 0.00
car 0.00 0 0.00 1106 148 1155 189 0.00 0.00 0.00 0.00 0.00 0.00 0.00
car 0.00 0 0.00 1083 118 1143 147 0.00 0.00 0.00 0.00 0.00 0.00 0.00
car 0.00 0 0.00 1064 74 1116 105 0.00 0.00 0.00 0.00 0.00 0.00 0.00
motor 0.00 0 0.00 1048 18 1060 33 0.00 0.00 0.00 0.00 0.00 0.00 0.00
