car 0.00 0 0.00 409 554 587 646 0.00 0.00 0.00 0.00 0.00 0.00 0.00
car 0.00 0 0.00 733 618 939 717 0.00 0.00 0.00 0.00 0.00 0.00 0.00
car 0.00 0 0.00 1008 583 1207 674 0.00 0.00 0.00 0.00 0.00 0.00 0.00
car 0.00 0 0.00 827 509 992 593 0.00 0.00 0.00 0.00 0.00 0.00 0.00
car 0.00 0 0.00 688 833 990 1006 0.00 0.00 0.00 0.00 0.00 0.00 0.00
car 0.00 0 0.00 320 825 590 961 0.00 0.00 0.00 0.00 0.00 0.00 0.00
car 0.00 0 0.00 170 648 411 753 0.00 0.00 0.00 0.00 0.00 0.00 0.00
car 0.00 0 0.00 832 412 983 485 0.00 0.00 0.00 0.00 0.00 0.00 0.00
car 0.00 0 0.00 1066 409 1219 491 0.00 0.00 0.00 0.00 0.00 0.00 0.00
car 0.00 0 0.00 1253 414 1380 494 0.00 0.00 0.00 0.00 0.00 0.00 0.00
van 0.00 0 0.00 1141 861 1400 1036 0.00 0.00 0.00 0.00 0.00 0.00 0.00
car 0.00 0 0.00 1198 733 1399 854 0.00 0.00 0.00 0.00 0.00 0.00 0.00
car 0.00 0 0.00 0 939 292 1049 0.00 0.00 0.00 0.00 0.00 0.00 0.00
car 0.00 0 0.00 0 782 228 909 0.00 0.00 0.00 0.00 0.00 0.00 0.00
car 0.00 0 0.00 10 269 107 340 0.00 0.00 0.00 0.00 0.00 0.00 0.00
car 0.00 0 0.00 79 271 177 345 0.00 0.00 0.00 0.00 0.00 0.00 0.00
car 0.00 0 0.00 0 373 138 455 0.00 0.00 0.00 0.00 0.00 0.00 0.00
car 0.00 0 0.00 298 383 424 480 0.00 0.00 0.00 0.00 0.00 0.00 0.00
car 0.00 0 0.00 367 383 494 492 0.00 0.00 0.00 0.00 0.00 0.00 0.00
car 0.00 0 0.00 478 390 594 488 0.00 0.00 0.00 0.00 0.00 0.00 0.00
car 0.00 0 0.00 574 400 684 494 0.00 0.00 0.00 0.00 0.00 0.00 0.00
car 0.00 0 0.00 657 396 768 495 0.00 0.00 0.00 0.00 0.00 0.00 0.00
pedestrian 0.00 0 0.00 800 415 825 469 0.00 0.00 0.00 0.00 0.00 0.00 0.00
car 0.00 0 0.00 768 299 821 377 0.00 0.00 0.00 0.00 0.00 0.00 0.00
car 0.00 0 0.00 848 297 899 372 0.00 0.00 0.00 0.00 0.00 0.00 0.00
car 0.00 0 0.00 907 304 966 386 0.00 0.00 0.00 0.00 0.00 0.00 0.00
car 0.00 0 0.00 978 298 1038 379 0.00 0.00 0.00 0.00 0.00 0.00 0.00
car 0.00 0 0.00 1042 306 1105 384 0.00 0.00 0.00 0.00 0.00 0.00 0.00
car 0.00 0 0.00 1101 317 1172 394 0.00 0.00 0.00 0.00 0.00 0.00 0.00
car 0.00 0 0.00 1168 309 1254 397 0.00 0.00 0.00 0.00 0.00 0.00 0.00
car 0.00 0 0.00 1243 311 1317 401 0.00 0.00 0.00 0.00 0.00 0.00 0.00
pedestrian 0.00 0 0.00 1068 359 1092 413 0.00 0.00 0.00 0.00 0.00 0.00 0.00
bicycle 0.00 0 0.00 1309 469 1361 504 0.00 0.00 0.00 0.00 0.00 0.00 0.00
bicycle 0.00 0 0.00 1112 471 1165 502 0.00 0.00 0.00 0.00 0.00 0.00 0.00
bicycle 0.00 0 0.00 1087 464 1146 500 0.00 0.00 0.00 0.00 0.00 0.00 0.00
car 0.00 0 0.00 377 982 721 1050 0.00 0.00 0.00 0.00 0.00 0.00 0.00
car 0.00 0 0.00 0 557 92 644 0.00 0.00 0.00 0.00 0.00 0.00 0.00
