car 0.00 0 0.00 536 746 596 834 0.00 0.00 0.00 0.00 0.00 0.00 0.00
car 0.00 0 0.00 479 587 524 639 0.00 0.00 0.00 0.00 0.00 0.00 0.00
car 0.00 0 0.00 601 482 629 509 0.00 0.00 0.00 0.00 0.00 0.00 0.00
car 0.00 0 0.00 664 425 683 449 0.00 0.00 0.00 0.00 0.00 0.00 0.00
car 0.00 0 0.00 766 433 785 453 0.00 0.00 0.00 0.00 0.00 0.00 0.00
car 0.00 0 0.00 759 406 776 423 0.00 0.00 0.00 0.00 0.00 0.00 0.00
car 0.00 0 0.00 777 394 791 407 0.00 0.00 0.00 0.00 0.00 0.00 0.00
car 0.00 0 0.00 757 381 768 395 0.00 0.00 0.00 0.00 0.00 0.00 0.00
car 0.00 0 0.00 686 391 703 407 0.00 0.00 0.00 0.00 0.00 0.00 0.00
car 0.00 0 0.00 706 392 721 411 0.00 0.00 0.00 0.00 0.00 0.00 0.00
car 0.00 0 0.00 707 381 721 398 0.00 0.00 0.00 0.00 0.00 0.00 0.00
car 0.00 0 0.00 675 375 691 388 0.00 0.00 0.00 0.00 0.00 0.00 0.00
car 0.00 0 0.00 777 376 790 391 0.00 0.00 0.00 0.00 0.00 0.00 0.00
car 0.00 0 0.00 758 365 770 379 0.00 0.00 0.00 0.00 0.00 0.00 0.00
car 0.00 0 0.00 775 358 789 372 0.00 0.00 0.00 0.00 0.00 0.00 0.00
car 0.00 0 0.00 762 349 773 361 0.00 0.00 0.00 0.00 0.00 0.00 0.00
car 0.00 0 0.00 779 347 791 358 0.00 0.00 0.00 0.00 0.00 0.00 0.00
car 0.00 0 0.00 778 334 789 345 0.00 0.00 0.00 0.00 0.00 0.00 0.00
van 0.00 0 0.00 760 330 775 348 0.00 0.00 0.00 0.00 0.00 0.00 0.00
car 0.00 0 0.00 778 318 791 330 0.00 0.00 0.00 0.00 0.00 0.00 0.00
car 0.00 0 0.00 765 318 776 327 0.00 0.00 0.00 0.00 0.00 0.00 0.00
car 0.00 0 0.00 767 309 776 317 0.00 0.00 0.00 0.00 0.00 0.00 0.00
car 0.00 0 0.00 778 310 790 318 0.00 0.00 0.00 0.00 0.00 0.00 0.00
car 0.00 0 0.00 752 314 764 324 0.00 0.00 0.00 0.00 0.00 0.00 0.00
car 0.00 0 0.00 739 295 748 304 0.00 0.00 0.00 0.00 0.00 0.00 0.00
car 0.00 0 0.00 766 301 777 309 0.00 0.00 0.00 0.00 0.00 0.00 0.00
car 0.00 0 0.00 779 301 788 310 0.00 0.00 0.00 0.00 0.00 0.00 0.00
car 0.00 0 0.00 787 299 795 309 0.00 0.00 0.00 0.00 0.00 0.00 0.00
car 0.00 0 0.00 780 291 786 300 0.00 0.00 0.00 0.00 0.00 0.00 0.00
car 0.00 0 0.00 772 296 782 304 0.00 0.00 0.00 0.00 0.00 0.00 0.00
car 0.00 0 0.00 686 314 696 324 0.00 0.00 0.00 0.00 0.00 0.00 0.00
car 0.00 0 0.00 662 339 672 352 0.00 0.00 0.00 0.00 0.00 0.00 0.00
car 0.00 0 0.00 752 289 761 299 0.00 0.00 0.00 0.00 0.00 0.00 0.00
car 0.00 0 0.00 739 281 747 289 0.00 0.00 0.00 0.00 0.00 0.00 0.00
car 0.00 0 0.00 748 281 757 290 0.00 0.00 0.00 0.00 0.00 0.00 0.00
car 0.00 0 0.00 742 256 752 268 0.00 0.00 0.00 0.00 0.00 0.00 0.00
car 0.00 0 0.00 760 241 766 248 0.00 0.00 0.00 0.00 0.00 0.00 0.00
car 0.00 0 0.00 744 271 753 279 0.00 0.00 0.00 0.00 0.00 0.00 0.00
pedestrian 0.00 0 0.00 825 410 830 421 0.00 0.00 0.00 0.00 0.00 0.00 0.00
pedestrian 0.00 0 0.00 846 435 852 449 0.00 0.00 0.00 0.00 0.00 0.00 0.00
people 0.00 0 0.00 871 532 878 544 0.00 0.00 0.00 0.00 0.00 0.00 0.00
people 0.00 0 0.00 894 524 900 537 0.00 0.00 0.00 0.00 0.00 0.00 0.00
people 0.00 0 0.00 840 496 845 506 0.00 0.00 0.00 0.00 0.00 0.00 0.00
pedestrian 0.00 0 0.00 835 423 840 437 0.00 0.00 0.00 0.00 0.00 0.00 0.00
motor 0.00 0 0.00 840 504 846 513 0.00 0.00 0.00 0.00 0.00 0.00 0.00
motor 0.00 0 0.00 871 542 877 554 0.00 0.00 0.00 0.00 0.00 0.00 0.00
motor 0.00 0 0.00 895 531 901 544 0.00 0.00 0.00 0.00 0.00 0.00 0.00
pedestrian 0.00 0 0.00 569 447 576 466 0.00 0.00 0.00 0.00 0.00 0.00 0.00
pedestrian 0.00 0 0.00 861 803 876 846 0.00 0.00 0.00 0.00 0.00 0.00 0.00
