car 0.00 0 0.00 511 487 544 537 0.00 0.00 0.00 0.00 0.00 0.00 0.00
car 0.00 0 0.00 571 185 588 212 0.00 0.00 0.00 0.00 0.00 0.00 0.00
car 0.00 0 0.00 696 75 709 99 0.00 0.00 0.00 0.00 0.00 0.00 0.00
car 0.00 0 0.00 523 85 541 106 0.00 0.00 0.00 0.00 0.00 0.00 0.00
car 0.00 0 0.00 570 70 587 90 0.00 0.00 0.00 0.00 0.00 0.00 0.00
car 0.00 0 0.00 814 469 864 510 0.00 0.00 0.00 0.00 0.00 0.00 0.00
car 0.00 0 0.00 805 390 852 423 0.00 0.00 0.00 0.00 0.00 0.00 0.00
car 0.00 0 0.00 808 444 866 487 0.00 0.00 0.00 0.00 0.00 0.00 0.00
car 0.00 0 0.00 1114 730 1185 755 0.00 0.00 0.00 0.00 0.00 0.00 0.00
car 0.00 0 0.00 1282 731 1351 761 0.00 0.00 0.00 0.00 0.00 0.00 0.00
car 0.00 0 0.00 955 559 1031 587 0.00 0.00 0.00 0.00 0.00 0.00 0.00
van 0.00 0 0.00 805 414 869 461 0.00 0.00 0.00 0.00 0.00 0.00 0.00
van 0.00 0 0.00 801 361 853 403 0.00 0.00 0.00 0.00 0.00 0.00 0.00
van 0.00 0 0.00 722 294 746 344 0.00 0.00 0.00 0.00 0.00 0.00 0.00
car 0.00 0 0.00 469 727 512 787 0.00 0.00 0.00 0.00 0.00 0.00 0.00
truck 0.00 0 0.00 387 751 443 787 0.00 0.00 0.00 0.00 0.00 0.00 0.00
