people 0.00 0 0.00 854 907 876 959 0.00 0.00 0.00 0.00 0.00 0.00 0.00
people 0.00 0 0.00 1024 890 1039 915 0.00 0.00 0.00 0.00 0.00 0.00 0.00
people 0.00 0 0.00 1024 879 1041 917 0.00 0.00 0.00 0.00 0.00 0.00 0.00
people 0.00 0 0.00 994 824 1011 854 0.00 0.00 0.00 0.00 0.00 0.00 0.00
people 0.00 0 0.00 994 820 1007 853 0.00 0.00 0.00 0.00 0.00 0.00 0.00
motor 0.00 0 0.00 993 827 1013 869 0.00 0.00 0.00 0.00 0.00 0.00 0.00
motor 0.00 0 0.00 1022 883 1044 930 0.00 0.00 0.00 0.00 0.00 0.00 0.00
tricycle 0.00 0 0.00 794 744 881 790 0.00 0.00 0.00 0.00 0.00 0.00 0.00
awning-tricycle 0.00 0 0.00 848 698 888 755 0.00 0.00 0.00 0.00 0.00 0.00 0.00
awning-tricycle 0.00 0 0.00 818 621 874 665 0.00 0.00 0.00 0.00 0.00 0.00 0.00
motor 0.00 0 0.00 834 571 866 599 0.00 0.00 0.00 0.00 0.00 0.00 0.00
people 0.00 0 0.00 885 524 897 550 0.00 0.00 0.00 0.00 0.00 0.00 0.00
motor 0.00 0 0.00 881 528 901 553 0.00 0.00 0.00 0.00 0.00 0.00 0.00
motor 0.00 0 0.00 831 463 853 480 0.00 0.00 0.00 0.00 0.00 0.00 0.00
motor 0.00 0 0.00 841 449 863 469 0.00 0.00 0.00 0.00 0.00 0.00 0.00
motor 0.00 0 0.00 822 447 846 465 0.00 0.00 0.00 0.00 0.00 0.00 0.00
motor 0.00 0 0.00 802 446 828 464 0.00 0.00 0.00 0.00 0.00 0.00 0.00
tricycle 0.00 0 0.00 825 418 868 444 0.00 0.00 0.00 0.00 0.00 0.00 0.00
motor 0.00 0 0.00 833 405 855 419 0.00 0.00 0.00 0.00 0.00 0.00 0.00
tricycle 0.00 0 0.00 817 395 854 414 0.00 0.00 0.00 0.00 0.00 0.00 0.00
van 0.00 0 0.00 816 364 869 393 0.00 0.00 0.00 0.00 0.00 0.00 0.00
tricycle 0.00 0 0.00 828 348 850 365 0.00 0.00 0.00 0.00 0.00 0.00 0.00
people 0.00 0 0.00 834 350 844 361 0.00 0.00 0.00 0.00 0.00 0.00 0.00
motor 0.00 0 0.00 845 306 865 319 0.00 0.00 0.00 0.00 0.00 0.00 0.00
motor 0.00 0 0.00 847 292 867 305 0.00 0.00 0.00 0.00 0.00 0.00 0.00
motor 0.00 0 0.00 860 289 875 304 0.00 0.00 0.00 0.00 0.00 0.00 0.00
awning-tricycle 0.00 0 0.00 839 273 860 295 0.00 0.00 0.00 0.00 0.00 0.00 0.00
tricycle 0.00 0 0.00 926 271 940 288 0.00 0.00 0.00 0.00 0.00 0.00 0.00
motor 0.00 0 0.00 914 261 933 273 0.00 0.00 0.00 0.00 0.00 0.00 0.00
people 0.00 0 0.00 996 275 1006 289 0.00 0.00 0.00 0.00 0.00 0.00 0.00
people 0.00 0 0.00 1012 327 1019 339 0.00 0.00 0.00 0.00 0.00 0.00 0.00
car 0.00 0 0.00 1069 389 1103 425 0.00 0.00 0.00 0.00 0.00 0.00 0.00
motor 0.00 0 0.00 1147 443 1175 471 0.00 0.00 0.00 0.00 0.00 0.00 0.00
pedestrian 0.00 0 0.00 1256 492 1269 517 0.00 0.00 0.00 0.00 0.00 0.00 0.00
pedestrian 0.00 0 0.00 1243 463 1255 492 0.00 0.00 0.00 0.00 0.00 0.00 0.00
people 0.00 0 0.00 1206 472 1221 493 0.00 0.00 0.00 0.00 0.00 0.00 0.00
motor 0.00 0 0.00 1231 535 1257 571 0.00 0.00 0.00 0.00 0.00 0.00 0.00
car 0.00 0 0.00 1153 511 1204 557 0.00 0.00 0.00 0.00 0.00 0.00 0.00
van 0.00 0 0.00 1124 546 1173 598 0.00 0.00 0.00 0.00 0.00 0.00 0.00
tricycle 0.00 0 0.00 1093 528 1115 574 0.00 0.00 0.00 0.00 0.00 0.00 0.00
motor 0.00 0 0.00 1271 687 1312 717 0.00 0.00 0.00 0.00 0.00 0.00 0.00
motor 0.00 0 0.00 1298 708 1319 744 0.00 0.00 0.00 0.00 0.00 0.00 0.00
motor 0.00 0 0.00 1327 714 1357 743 0.00 0.00 0.00 0.00 0.00 0.00 0.00
tricycle 0.00 0 0.00 1354 711 1402 740 0.00 0.00 0.00 0.00 0.00 0.00 0.00
car 0.00 0 0.00 1311 734 1416 798 0.00 0.00 0.00 0.00 0.00 0.00 0.00
awning-tricycle 0.00 0 0.00 1355 802 1421 860 0.00 0.00 0.00 0.00 0.00 0.00 0.00
awning-tricycle 0.00 0 0.00 891 230 910 252 0.00 0.00 0.00 0.00 0.00 0.00 0.00
awning-tricycle 0.00 0 0.00 930 207 944 227 0.00 0.00 0.00 0.00 0.00 0.00 0.00
car 0.00 0 0.00 998 182 1020 205 0.00 0.00 0.00 0.00 0.00 0.00 0.00
van 0.00 0 0.00 911 196 929 219 0.00 0.00 0.00 0.00 0.00 0.00 0.00
car 0.00 0 0.00 887 201 906 221 0.00 0.00 0.00 0.00 0.00 0.00 0.00
awning-tricycle 0.00 0 0.00 841 201 872 221 0.00 0.00 0.00 0.00 0.00 0.00 0.00
pedestrian 0.00 0 0.00 871 190 879 202 0.00 0.00 0.00 0.00 0.00 0.00 0.00
pedestrian 0.00 0 0.00 863 186 868 200 0.00 0.00 0.00 0.00 0.00 0.00 0.00
pedestrian 0.00 0 0.00 867 187 875 200 0.00 0.00 0.00 0.00 0.00 0.00 0.00
awning-tricycle 0.00 0 0.00 911 171 929 191 0.00 0.00 0.00 0.00 0.00 0.00 0.00
awning-tricycle 0.00 0 0.00 890 182 911 198 0.00 0.00 0.00 0.00 0.00 0.00 0.00
tricycle 0.00 0 0.00 861 130 883 143 0.00 0.00 0.00 0.00 0.00 0.00 0.00
awning-tricycle 0.00 0 0.00 936 116 947 130 0.00 0.00 0.00 0.00 0.00 0.00 0.00
tricycle 0.00 0 0.00 958 137 967 152 0.00 0.00 0.00 0.00 0.00 0.00 0.00
people 0.00 0 0.00 962 152 968 161 0.00 0.00 0.00 0.00 0.00 0.00 0.00
motor 0.00 0 0.00 961 153 968 164 0.00 0.00 0.00 0.00 0.00 0.00 0.00
people 0.00 0 0.00 971 142 978 150 0.00 0.00 0.00 0.00 0.00 0.00 0.00
tricycle 0.00 0 0.00 970 144 980 155 0.00 0.00 0.00 0.00 0.00 0.00 0.00
tricycle 0.00 0 0.00 1020 209 1055 226 0.00 0.00 0.00 0.00 0.00 0.00 0.00
motor 0.00 0 0.00 1006 141 1019 150 0.00 0.00 0.00 0.00 0.00 0.00 0.00
awning-tricycle 0.00 0 0.00 1000 132 1011 148 0.00 0.00 0.00 0.00 0.00 0.00 0.00
motor 0.00 0 0.00 974 118 981 128 0.00 0.00 0.00 0.00 0.00 0.00 0.00
people 0.00 0 0.00 925 121 929 129 0.00 0.00 0.00 0.00 0.00 0.00 0.00
motor 0.00 0 0.00 924 123 929 131 0.00 0.00 0.00 0.00 0.00 0.00 0.00
people 0.00 0 0.00 952 103 957 111 0.00 0.00 0.00 0.00 0.00 0.00 0.00
motor 0.00 0 0.00 952 105 958 112 0.00 0.00 0.00 0.00 0.00 0.00 0.00
tricycle 0.00 0 0.00 998 120 1006 129 0.00 0.00 0.00 0.00 0.00 0.00 0.00
pedestrian 0.00 0 0.00 885 101 890 113 0.00 0.00 0.00 0.00 0.00 0.00 0.00
motor 0.00 0 0.00 874 111 881 121 0.00 0.00 0.00 0.00 0.00 0.00 0.00
pedestrian 0.00 0 0.00 896 102 902 113 0.00 0.00 0.00 0.00 0.00 0.00 0.00
tricycle 0.00 0 0.00 897 105 908 114 0.00 0.00 0.00 0.00 0.00 0.00 0.00
van 0.00 0 0.00 871 82 893 97 0.00 0.00 0.00 0.00 0.00 0.00 0.00
motor 0.00 0 0.00 1063 220 1070 233 0.00 0.00 0.00 0.00 0.00 0.00 0.00
motor 0.00 0 0.00 1052 259 1060 272 0.00 0.00 0.00 0.00 0.00 0.00 0.00
tricycle 0.00 0 0.00 906 52 915 64 0.00 0.00 0.00 0.00 0.00 0.00 0.00
people 0.00 0 0.00 917 55 921 61 0.00 0.00 0.00 0.00 0.00 0.00 0.00
motor 0.00 0 0.00 917 57 922 63 0.00 0.00 0.00 0.00 0.00 0.00 0.00
people 0.00 0 0.00 927 42 931 47 0.00 0.00 0.00 0.00 0.00 0.00 0.00
motor 0.00 0 0.00 927 44 931 50 0.00 0.00 0.00 0.00 0.00 0.00 0.00
people 0.00 0 0.00 934 35 937 39 0.00 0.00 0.00 0.00 0.00 0.00 0.00
motor 0.00 0 0.00 934 36 938 42 0.00 0.00 0.00 0.00 0.00 0.00 0.00
van 0.00 0 0.00 957 37 972 47 0.00 0.00 0.00 0.00 0.00 0.00 0.00
van 0.00 0 0.00 967 54 980 66 0.00 0.00 0.00 0.00 0.00 0.00 0.00
awning-tricycle 0.00 0 0.00 1663 295 1693 323 0.00 0.00 0.00 0.00 0.00 0.00 0.00
car 0.00 0 0.00 1579 291 1619 314 0.00 0.00 0.00 0.00 0.00 0.00 0.00
bicycle 0.00 0 0.00 1622 238 1633 255 0.00 0.00 0.00 0.00 0.00 0.00 0.00
motor 0.00 0 0.00 1648 253 1665 266 0.00 0.00 0.00 0.00 0.00 0.00 0.00
tricycle 0.00 0 0.00 1340 239 1364 253 0.00 0.00 0.00 0.00 0.00 0.00 0.00
