truck 0.00 0 0.00 1832 1096 1967 1166 0.00 0.00 0.00 0.00 0.00 0.00 0.00
people 0.00 0 0.00 1948 1106 1965 1126 0.00 0.00 0.00 0.00 0.00 0.00 0.00
car 0.00 0 0.00 1721 1101 1826 1147 0.00 0.00 0.00 0.00 0.00 0.00 0.00
van 0.00 0 0.00 1873 1277 1966 1334 0.00 0.00 0.00 0.00 0.00 0.00 0.00
people 0.00 0 0.00 1862 1237 1883 1262 0.00 0.00 0.00 0.00 0.00 0.00 0.00
motor 0.00 0 0.00 1854 1251 1894 1271 0.00 0.00 0.00 0.00 0.00 0.00 0.00
car 0.00 0 0.00 1751 1266 1841 1345 0.00 0.00 0.00 0.00 0.00 0.00 0.00
car 0.00 0 0.00 1667 1256 1748 1338 0.00 0.00 0.00 0.00 0.00 0.00 0.00
car 0.00 0 0.00 1610 1105 1705 1148 0.00 0.00 0.00 0.00 0.00 0.00 0.00
car 0.00 0 0.00 1534 1267 1641 1332 0.00 0.00 0.00 0.00 0.00 0.00 0.00
van 0.00 0 0.00 1356 1427 1464 1494 0.00 0.00 0.00 0.00 0.00 0.00 0.00
car 0.00 0 0.00 1369 1261 1474 1343 0.00 0.00 0.00 0.00 0.00 0.00 0.00
van 0.00 0 0.00 1288 1244 1376 1337 0.00 0.00 0.00 0.00 0.00 0.00 0.00
van 0.00 0 0.00 1387 1187 1478 1242 0.00 0.00 0.00 0.00 0.00 0.00 0.00
car 0.00 0 0.00 1410 1105 1504 1168 0.00 0.00 0.00 0.00 0.00 0.00 0.00
car 0.00 0 0.00 1306 1100 1397 1149 0.00 0.00 0.00 0.00 0.00 0.00 0.00
car 0.00 0 0.00 1148 1107 1229 1161 0.00 0.00 0.00 0.00 0.00 0.00 0.00
car 0.00 0 0.00 1062 1107 1149 1159 0.00 0.00 0.00 0.00 0.00 0.00 0.00
car 0.00 0 0.00 985 1103 1065 1162 0.00 0.00 0.00 0.00 0.00 0.00 0.00
car 0.00 0 0.00 927 1293 1032 1342 0.00 0.00 0.00 0.00 0.00 0.00 0.00
car 0.00 0 0.00 874 1103 960 1159 0.00 0.00 0.00 0.00 0.00 0.00 0.00
car 0.00 0 0.00 837 1152 933 1200 0.00 0.00 0.00 0.00 0.00 0.00 0.00
car 0.00 0 0.00 778 1101 845 1163 0.00 0.00 0.00 0.00 0.00 0.00 0.00
pedestrian 0.00 0 0.00 735 1047 745 1073 0.00 0.00 0.00 0.00 0.00 0.00 0.00
pedestrian 0.00 0 0.00 737 1022 743 1036 0.00 0.00 0.00 0.00 0.00 0.00 0.00
people 0.00 0 0.00 752 1016 760 1030 0.00 0.00 0.00 0.00 0.00 0.00 0.00
pedestrian 0.00 0 0.00 626 1007 639 1032 0.00 0.00 0.00 0.00 0.00 0.00 0.00
truck 0.00 0 0.00 386 703 457 740 0.00 0.00 0.00 0.00 0.00 0.00 0.00
car 0.00 0 0.00 699 1101 761 1164 0.00 0.00 0.00 0.00 0.00 0.00 0.00
van 0.00 0 0.00 639 1102 693 1160 0.00 0.00 0.00 0.00 0.00 0.00 0.00
car 0.00 0 0.00 570 1109 633 1169 0.00 0.00 0.00 0.00 0.00 0.00 0.00
car 0.00 0 0.00 522 1263 625 1342 0.00 0.00 0.00 0.00 0.00 0.00 0.00
van 0.00 0 0.00 480 1104 549 1160 0.00 0.00 0.00 0.00 0.00 0.00 0.00
car 0.00 0 0.00 400 1104 470 1162 0.00 0.00 0.00 0.00 0.00 0.00 0.00
car 0.00 0 0.00 303 1104 375 1156 0.00 0.00 0.00 0.00 0.00 0.00 0.00
car 0.00 0 0.00 230 1112 297 1172 0.00 0.00 0.00 0.00 0.00 0.00 0.00
truck 0.00 0 0.00 334 1269 463 1343 0.00 0.00 0.00 0.00 0.00 0.00 0.00
car 0.00 0 0.00 224 1269 340 1329 0.00 0.00 0.00 0.00 0.00 0.00 0.00
car 0.00 0 0.00 0 1228 99 1300 0.00 0.00 0.00 0.00 0.00 0.00 0.00
car 0.00 0 0.00 13 1048 83 1106 0.00 0.00 0.00 0.00 0.00 0.00 0.00
car 0.00 0 0.00 120 1071 179 1108 0.00 0.00 0.00 0.00 0.00 0.00 0.00
truck 0.00 0 0.00 126 1083 240 1163 0.00 0.00 0.00 0.00 0.00 0.00 0.00
people 0.00 0 0.00 116 1209 138 1237 0.00 0.00 0.00 0.00 0.00 0.00 0.00
motor 0.00 0 0.00 114 1218 148 1242 0.00 0.00 0.00 0.00 0.00 0.00 0.00
