truck 0.00 0 0.00 1058 1171 1505 1495 0.00 0.00 0.00 0.00 0.00 0.00 0.00
truck 0.00 0 0.00 679 945 841 1464 0.00 0.00 0.00 0.00 0.00 0.00 0.00
van 0.00 0 0.00 712 919 777 957 0.00 0.00 0.00 0.00 0.00 0.00 0.00
bus 0.00 0 0.00 872 1028 927 1138 0.00 0.00 0.00 0.00 0.00 0.00 0.00
car 0.00 0 0.00 732 720 769 757 0.00 0.00 0.00 0.00 0.00 0.00 0.00
car 0.00 0 0.00 736 625 763 655 0.00 0.00 0.00 0.00 0.00 0.00 0.00
car 0.00 0 0.00 743 603 769 627 0.00 0.00 0.00 0.00 0.00 0.00 0.00
car 0.00 0 0.00 742 589 760 608 0.00 0.00 0.00 0.00 0.00 0.00 0.00
truck 0.00 0 0.00 737 549 764 594 0.00 0.00 0.00 0.00 0.00 0.00 0.00
car 0.00 0 0.00 880 589 928 610 0.00 0.00 0.00 0.00 0.00 0.00 0.00
pedestrian 0.00 0 0.00 891 592 899 612 0.00 0.00 0.00 0.00 0.00 0.00 0.00
truck 0.00 0 0.00 800 542 823 571 0.00 0.00 0.00 0.00 0.00 0.00 0.00
car 0.00 0 0.00 781 496 800 513 0.00 0.00 0.00 0.00 0.00 0.00 0.00
car 0.00 0 0.00 789 513 798 524 0.00 0.00 0.00 0.00 0.00 0.00 0.00
car 0.00 0 0.00 797 522 810 534 0.00 0.00 0.00 0.00 0.00 0.00 0.00
car 0.00 0 0.00 800 529 813 539 0.00 0.00 0.00 0.00 0.00 0.00 0.00
truck 0.00 0 0.00 836 552 864 582 0.00 0.00 0.00 0.00 0.00 0.00 0.00
van 0.00 0 0.00 868 580 909 603 0.00 0.00 0.00 0.00 0.00 0.00 0.00
van 0.00 0 0.00 1379 690 1421 729 0.00 0.00 0.00 0.00 0.00 0.00 0.00
pedestrian 0.00 0 0.00 1704 823 1719 861 0.00 0.00 0.00 0.00 0.00 0.00 0.00
motor 0.00 0 0.00 1756 858 1792 893 0.00 0.00 0.00 0.00 0.00 0.00 0.00
car 0.00 0 0.00 1531 754 1605 784 0.00 0.00 0.00 0.00 0.00 0.00 0.00
car 0.00 0 0.00 1482 712 1554 747 0.00 0.00 0.00 0.00 0.00 0.00 0.00
pedestrian 0.00 0 0.00 1515 730 1532 755 0.00 0.00 0.00 0.00 0.00 0.00 0.00
motor 0.00 0 0.00 1430 701 1458 725 0.00 0.00 0.00 0.00 0.00 0.00 0.00
van 0.00 0 0.00 1237 646 1275 673 0.00 0.00 0.00 0.00 0.00 0.00 0.00
motor 0.00 0 0.00 1322 670 1345 685 0.00 0.00 0.00 0.00 0.00 0.00 0.00
pedestrian 0.00 0 0.00 1250 628 1260 649 0.00 0.00 0.00 0.00 0.00 0.00 0.00
tricycle 0.00 0 0.00 1288 655 1307 670 0.00 0.00 0.00 0.00 0.00 0.00 0.00
car 0.00 0 0.00 1188 599 1230 624 0.00 0.00 0.00 0.00 0.00 0.00 0.00
car 0.00 0 0.00 1145 590 1188 610 0.00 0.00 0.00 0.00 0.00 0.00 0.00
car 0.00 0 0.00 1147 631 1211 657 0.00 0.00 0.00 0.00 0.00 0.00 0.00
car 0.00 0 0.00 1104 627 1159 649 0.00 0.00 0.00 0.00 0.00 0.00 0.00
car 0.00 0 0.00 1008 538 1026 551 0.00 0.00 0.00 0.00 0.00 0.00 0.00
car 0.00 0 0.00 966 521 997 541 0.00 0.00 0.00 0.00 0.00 0.00 0.00
car 0.00 0 0.00 1027 545 1064 563 0.00 0.00 0.00 0.00 0.00 0.00 0.00
pedestrian 0.00 0 0.00 136 599 152 623 0.00 0.00 0.00 0.00 0.00 0.00 0.00
car 0.00 0 0.00 1608 897 1735 950 0.00 0.00 0.00 0.00 0.00 0.00 0.00
car 0.00 0 0.00 1195 685 1359 767 0.00 0.00 0.00 0.00 0.00 0.00 0.00
motor 0.00 0 0.00 1788 855 1815 885 0.00 0.00 0.00 0.00 0.00 0.00 0.00
motor 0.00 0 0.00 1819 885 1843 916 0.00 0.00 0.00 0.00 0.00 0.00 0.00
motor 0.00 0 0.00 1841 889 1859 918 0.00 0.00 0.00 0.00 0.00 0.00 0.00
motor 0.00 0 0.00 1861 893 1890 921 0.00 0.00 0.00 0.00 0.00 0.00 0.00
motor 0.00 0 0.00 1874 919 1913 948 0.00 0.00 0.00 0.00 0.00 0.00 0.00
pedestrian 0.00 0 0.00 1894 910 1916 947 0.00 0.00 0.00 0.00 0.00 0.00 0.00
pedestrian 0.00 0 0.00 1543 696 1551 723 0.00 0.00 0.00 0.00 0.00 0.00 0.00
motor 0.00 0 0.00 1553 729 1581 754 0.00 0.00 0.00 0.00 0.00 0.00 0.00
