bus 0.00 0 0.00 446 356 740 481 0.00 0.00 0.00 0.00 0.00 0.00 0.00
truck 0.00 0 0.00 407 462 645 593 0.00 0.00 0.00 0.00 0.00 0.00 0.00
car 0.00 0 0.00 763 226 851 369 0.00 0.00 0.00 0.00 0.00 0.00 0.00
car 0.00 0 0.00 869 250 958 412 0.00 0.00 0.00 0.00 0.00 0.00 0.00
car 0.00 0 0.00 980 246 1061 399 0.00 0.00 0.00 0.00 0.00 0.00 0.00
van 0.00 0 0.00 1096 221 1189 379 0.00 0.00 0.00 0.00 0.00 0.00 0.00
van 0.00 0 0.00 1215 237 1302 373 0.00 0.00 0.00 0.00 0.00 0.00 0.00
van 0.00 0 0.00 835 643 933 842 0.00 0.00 0.00 0.00 0.00 0.00 0.00
car 0.00 0 0.00 941 645 1039 851 0.00 0.00 0.00 0.00 0.00 0.00 0.00
car 0.00 0 0.00 1073 664 1178 886 0.00 0.00 0.00 0.00 0.00 0.00 0.00
truck 0.00 0 0.00 1194 685 1308 926 0.00 0.00 0.00 0.00 0.00 0.00 0.00
motor 0.00 0 0.00 508 743 554 821 0.00 0.00 0.00 0.00 0.00 0.00 0.00
awning-tricycle 0.00 0 0.00 560 679 647 804 0.00 0.00 0.00 0.00 0.00 0.00 0.00
tricycle 0.00 0 0.00 1423 399 1527 469 0.00 0.00 0.00 0.00 0.00 0.00 0.00
awning-tricycle 0.00 0 0.00 785 48 845 119 0.00 0.00 0.00 0.00 0.00 0.00 0.00
van 0.00 0 0.00 871 20 950 155 0.00 0.00 0.00 0.00 0.00 0.00 0.00
car 0.00 0 0.00 966 32 1030 133 0.00 0.00 0.00 0.00 0.00 0.00 0.00
car 0.00 0 0.00 1050 30 1119 157 0.00 0.00 0.00 0.00 0.00 0.00 0.00
people 0.00 0 0.00 1122 135 1139 158 0.00 0.00 0.00 0.00 0.00 0.00 0.00
car 0.00 0 0.00 1128 55 1191 137 0.00 0.00 0.00 0.00 0.00 0.00 0.00
people 0.00 0 0.00 1550 106 1578 147 0.00 0.00 0.00 0.00 0.00 0.00 0.00
bicycle 0.00 0 0.00 1550 111 1575 170 0.00 0.00 0.00 0.00 0.00 0.00 0.00
motor 0.00 0 0.00 1743 21 1802 67 0.00 0.00 0.00 0.00 0.00 0.00 0.00
motor 0.00 0 0.00 1740 69 1796 111 0.00 0.00 0.00 0.00 0.00 0.00 0.00
pedestrian 0.00 0 0.00 1481 267 1499 306 0.00 0.00 0.00 0.00 0.00 0.00 0.00
pedestrian 0.00 0 0.00 1491 262 1516 311 0.00 0.00 0.00 0.00 0.00 0.00 0.00
motor 0.00 0 0.00 1782 137 1839 170 0.00 0.00 0.00 0.00 0.00 0.00 0.00
motor 0.00 0 0.00 1781 150 1837 185 0.00 0.00 0.00 0.00 0.00 0.00 0.00
motor 0.00 0 0.00 1736 155 1788 203 0.00 0.00 0.00 0.00 0.00 0.00 0.00
motor 0.00 0 0.00 1704 150 1739 204 0.00 0.00 0.00 0.00 0.00 0.00 0.00
motor 0.00 0 0.00 1687 185 1734 236 0.00 0.00 0.00 0.00 0.00 0.00 0.00
motor 0.00 0 0.00 1761 238 1837 284 0.00 0.00 0.00 0.00 0.00 0.00 0.00
motor 0.00 0 0.00 1752 258 1824 297 0.00 0.00 0.00 0.00 0.00 0.00 0.00
awning-tricycle 0.00 0 0.00 1639 230 1723 328 0.00 0.00 0.00 0.00 0.00 0.00 0.00
awning-tricycle 0.00 0 0.00 1764 317 1882 396 0.00 0.00 0.00 0.00 0.00 0.00 0.00
motor 0.00 0 0.00 1817 377 1886 421 0.00 0.00 0.00 0.00 0.00 0.00 0.00
motor 0.00 0 0.00 1789 404 1858 448 0.00 0.00 0.00 0.00 0.00 0.00 0.00
pedestrian 0.00 0 0.00 1736 460 1779 508 0.00 0.00 0.00 0.00 0.00 0.00 0.00
motor 0.00 0 0.00 1841 467 1914 509 0.00 0.00 0.00 0.00 0.00 0.00 0.00
motor 0.00 0 0.00 1857 535 1915 577 0.00 0.00 0.00 0.00 0.00 0.00 0.00
bicycle 0.00 0 0.00 1794 490 1869 537 0.00 0.00 0.00 0.00 0.00 0.00 0.00
motor 0.00 0 0.00 1491 342 1542 403 0.00 0.00 0.00 0.00 0.00 0.00 0.00
people 0.00 0 0.00 1628 313 1669 344 0.00 0.00 0.00 0.00 0.00 0.00 0.00
tricycle 0.00 0 0.00 1623 308 1687 388 0.00 0.00 0.00 0.00 0.00 0.00 0.00
bicycle 0.00 0 0.00 1571 674 1617 742 0.00 0.00 0.00 0.00 0.00 0.00 0.00
bicycle 0.00 0 0.00 1535 656 1573 724 0.00 0.00 0.00 0.00 0.00 0.00 0.00
tricycle 0.00 0 0.00 1553 719 1616 828 0.00 0.00 0.00 0.00 0.00 0.00 0.00
tricycle 0.00 0 0.00 1660 808 1773 951 0.00 0.00 0.00 0.00 0.00 0.00 0.00
