car 0.00 0 0.00 759 476 777 504 0.00 0.00 0.00 0.00 0.00 0.00 0.00
car 0.00 0 0.00 770 388 788 413 0.00 0.00 0.00 0.00 0.00 0.00 0.00
car 0.00 0 0.00 692 424 710 446 0.00 0.00 0.00 0.00 0.00 0.00 0.00
car 0.00 0 0.00 616 389 629 414 0.00 0.00 0.00 0.00 0.00 0.00 0.00
car 0.00 0 0.00 582 439 600 468 0.00 0.00 0.00 0.00 0.00 0.00 0.00
car 0.00 0 0.00 638 519 660 556 0.00 0.00 0.00 0.00 0.00 0.00 0.00
car 0.00 0 0.00 759 676 782 717 0.00 0.00 0.00 0.00 0.00 0.00 0.00
car 0.00 0 0.00 720 712 746 762 0.00 0.00 0.00 0.00 0.00 0.00 0.00
car 0.00 0 0.00 691 530 712 565 0.00 0.00 0.00 0.00 0.00 0.00 0.00
car 0.00 0 0.00 658 303 674 323 0.00 0.00 0.00 0.00 0.00 0.00 0.00
car 0.00 0 0.00 708 281 723 299 0.00 0.00 0.00 0.00 0.00 0.00 0.00
car 0.00 0 0.00 682 271 697 288 0.00 0.00 0.00 0.00 0.00 0.00 0.00
car 0.00 0 0.00 861 180 874 194 0.00 0.00 0.00 0.00 0.00 0.00 0.00
car 0.00 0 0.00 616 264 629 282 0.00 0.00 0.00 0.00 0.00 0.00 0.00
car 0.00 0 0.00 595 211 607 229 0.00 0.00 0.00 0.00 0.00 0.00 0.00
car 0.00 0 0.00 630 190 644 203 0.00 0.00 0.00 0.00 0.00 0.00 0.00
car 0.00 0 0.00 636 215 649 228 0.00 0.00 0.00 0.00 0.00 0.00 0.00
car 0.00 0 0.00 624 169 636 184 0.00 0.00 0.00 0.00 0.00 0.00 0.00
car 0.00 0 0.00 604 169 617 183 0.00 0.00 0.00 0.00 0.00 0.00 0.00
car 0.00 0 0.00 595 142 607 157 0.00 0.00 0.00 0.00 0.00 0.00 0.00
car 0.00 0 0.00 610 188 622 202 0.00 0.00 0.00 0.00 0.00 0.00 0.00
car 0.00 0 0.00 643 264 655 285 0.00 0.00 0.00 0.00 0.00 0.00 0.00
car 0.00 0 0.00 647 354 662 383 0.00 0.00 0.00 0.00 0.00 0.00 0.00
car 0.00 0 0.00 759 579 783 615 0.00 0.00 0.00 0.00 0.00 0.00 0.00
car 0.00 0 0.00 382 124 399 135 0.00 0.00 0.00 0.00 0.00 0.00 0.00
car 0.00 0 0.00 389 131 413 144 0.00 0.00 0.00 0.00 0.00 0.00 0.00
car 0.00 0 0.00 407 136 429 148 0.00 0.00 0.00 0.00 0.00 0.00 0.00
car 0.00 0 0.00 438 160 464 170 0.00 0.00 0.00 0.00 0.00 0.00 0.00
car 0.00 0 0.00 458 196 486 206 0.00 0.00 0.00 0.00 0.00 0.00 0.00
car 0.00 0 0.00 452 202 482 214 0.00 0.00 0.00 0.00 0.00 0.00 0.00
car 0.00 0 0.00 445 222 477 240 0.00 0.00 0.00 0.00 0.00 0.00 0.00
car 0.00 0 0.00 435 232 469 247 0.00 0.00 0.00 0.00 0.00 0.00 0.00
van 0.00 0 0.00 687 636 709 676 0.00 0.00 0.00 0.00 0.00 0.00 0.00
van 0.00 0 0.00 741 365 758 388 0.00 0.00 0.00 0.00 0.00 0.00 0.00
truck 0.00 0 0.00 651 229 666 257 0.00 0.00 0.00 0.00 0.00 0.00 0.00
truck 0.00 0 0.00 723 403 741 440 0.00 0.00 0.00 0.00 0.00 0.00 0.00
truck 0.00 0 0.00 720 532 750 589 0.00 0.00 0.00 0.00 0.00 0.00 0.00
car 0.00 0 0.00 679 769 709 787 0.00 0.00 0.00 0.00 0.00 0.00 0.00
car 0.00 0 0.00 1041 7 1053 16 0.00 0.00 0.00 0.00 0.00 0.00 0.00
car 0.00 0 0.00 1136 1 1145 11 0.00 0.00 0.00 0.00 0.00 0.00 0.00
car 0.00 0 0.00 955 68 966 78 0.00 0.00 0.00 0.00 0.00 0.00 0.00
car 0.00 0 0.00 957 81 966 92 0.00 0.00 0.00 0.00 0.00 0.00 0.00
car 0.00 0 0.00 985 97 993 106 0.00 0.00 0.00 0.00 0.00 0.00 0.00
car 0.00 0 0.00 926 320 939 336 0.00 0.00 0.00 0.00 0.00 0.00 0.00
pedestrian 0.00 0 0.00 328 229 334 238 0.00 0.00 0.00 0.00 0.00 0.00 0.00
pedestrian 0.00 0 0.00 389 167 394 181 0.00 0.00 0.00 0.00 0.00 0.00 0.00
car 0.00 0 0.00 309 15 325 23 0.00 0.00 0.00 0.00 0.00 0.00 0.00
car 0.00 0 0.00 325 19 341 26 0.00 0.00 0.00 0.00 0.00 0.00 0.00
car 0.00 0 0.00 359 30 376 36 0.00 0.00 0.00 0.00 0.00 0.00 0.00
car 0.00 0 0.00 354 27 371 35 0.00 0.00 0.00 0.00 0.00 0.00 0.00
car 0.00 0 0.00 349 26 366 34 0.00 0.00 0.00 0.00 0.00 0.00 0.00
car 0.00 0 0.00 344 24 360 31 0.00 0.00 0.00 0.00 0.00 0.00 0.00
van 0.00 0 0.00 295 12 307 19 0.00 0.00 0.00 0.00 0.00 0.00 0.00
car 0.00 0 0.00 258 4 271 10 0.00 0.00 0.00 0.00 0.00 0.00 0.00
pedestrian 0.00 0 0.00 1336 613 1349 627 0.00 0.00 0.00 0.00 0.00 0.00 0.00
pedestrian 0.00 0 0.00 1298 552 1308 564 0.00 0.00 0.00 0.00 0.00 0.00 0.00
pedestrian 0.00 0 0.00 1293 543 1301 557 0.00 0.00 0.00 0.00 0.00 0.00 0.00
pedestrian 0.00 0 0.00 1274 446 1284 460 0.00 0.00 0.00 0.00 0.00 0.00 0.00
