pedestrian 0.00 0 0.00 352 572 390 653 0.00 0.00 0.00 0.00 0.00 0.00 0.00
car 0.00 0 0.00 182 875 389 1050 0.00 0.00 0.00 0.00 0.00 0.00 0.00
car 0.00 0 0.00 1037 831 1229 1050 0.00 0.00 0.00 0.00 0.00 0.00 0.00
car 0.00 0 0.00 992 632 1142 796 0.00 0.00 0.00 0.00 0.00 0.00 0.00
car 0.00 0 0.00 956 490 1053 609 0.00 0.00 0.00 0.00 0.00 0.00 0.00
car 0.00 0 0.00 374 600 527 779 0.00 0.00 0.00 0.00 0.00 0.00 0.00
car 0.00 0 0.00 480 496 574 619 0.00 0.00 0.00 0.00 0.00 0.00 0.00
car 0.00 0 0.00 541 434 634 522 0.00 0.00 0.00 0.00 0.00 0.00 0.00
car 0.00 0 0.00 960 419 1047 510 0.00 0.00 0.00 0.00 0.00 0.00 0.00
van 0.00 0 0.00 913 347 1031 431 0.00 0.00 0.00 0.00 0.00 0.00 0.00
car 0.00 0 0.00 592 364 672 436 0.00 0.00 0.00 0.00 0.00 0.00 0.00
car 0.00 0 0.00 641 320 704 377 0.00 0.00 0.00 0.00 0.00 0.00 0.00
car 0.00 0 0.00 693 287 733 327 0.00 0.00 0.00 0.00 0.00 0.00 0.00
car 0.00 0 0.00 944 327 997 374 0.00 0.00 0.00 0.00 0.00 0.00 0.00
car 0.00 0 0.00 950 286 993 336 0.00 0.00 0.00 0.00 0.00 0.00 0.00
car 0.00 0 0.00 713 254 764 303 0.00 0.00 0.00 0.00 0.00 0.00 0.00
car 0.00 0 0.00 681 234 754 282 0.00 0.00 0.00 0.00 0.00 0.00 0.00
car 0.00 0 0.00 618 220 694 257 0.00 0.00 0.00 0.00 0.00 0.00 0.00
car 0.00 0 0.00 692 211 770 241 0.00 0.00 0.00 0.00 0.00 0.00 0.00
car 0.00 0 0.00 617 202 685 235 0.00 0.00 0.00 0.00 0.00 0.00 0.00
car 0.00 0 0.00 735 208 799 235 0.00 0.00 0.00 0.00 0.00 0.00 0.00
car 0.00 0 0.00 774 201 833 227 0.00 0.00 0.00 0.00 0.00 0.00 0.00
car 0.00 0 0.00 784 193 849 221 0.00 0.00 0.00 0.00 0.00 0.00 0.00
car 0.00 0 0.00 798 184 851 210 0.00 0.00 0.00 0.00 0.00 0.00 0.00
car 0.00 0 0.00 811 175 860 200 0.00 0.00 0.00 0.00 0.00 0.00 0.00
car 0.00 0 0.00 818 167 868 192 0.00 0.00 0.00 0.00 0.00 0.00 0.00
car 0.00 0 0.00 830 162 870 184 0.00 0.00 0.00 0.00 0.00 0.00 0.00
car 0.00 0 0.00 841 159 884 181 0.00 0.00 0.00 0.00 0.00 0.00 0.00
car 0.00 0 0.00 842 154 889 174 0.00 0.00 0.00 0.00 0.00 0.00 0.00
car 0.00 0 0.00 846 149 887 174 0.00 0.00 0.00 0.00 0.00 0.00 0.00
car 0.00 0 0.00 854 147 897 167 0.00 0.00 0.00 0.00 0.00 0.00 0.00
car 0.00 0 0.00 855 139 897 165 0.00 0.00 0.00 0.00 0.00 0.00 0.00
car 0.00 0 0.00 861 137 902 161 0.00 0.00 0.00 0.00 0.00 0.00 0.00
car 0.00 0 0.00 875 134 915 150 0.00 0.00 0.00 0.00 0.00 0.00 0.00
van 0.00 0 0.00 876 120 928 143 0.00 0.00 0.00 0.00 0.00 0.00 0.00
car 0.00 0 0.00 895 120 934 137 0.00 0.00 0.00 0.00 0.00 0.00 0.00
car 0.00 0 0.00 903 117 940 135 0.00 0.00 0.00 0.00 0.00 0.00 0.00
car 0.00 0 0.00 903 112 939 133 0.00 0.00 0.00 0.00 0.00 0.00 0.00
car 0.00 0 0.00 902 111 945 131 0.00 0.00 0.00 0.00 0.00 0.00 0.00
car 0.00 0 0.00 916 108 946 124 0.00 0.00 0.00 0.00 0.00 0.00 0.00
car 0.00 0 0.00 922 106 950 122 0.00 0.00 0.00 0.00 0.00 0.00 0.00
car 0.00 0 0.00 926 100 961 114 0.00 0.00 0.00 0.00 0.00 0.00 0.00
car 0.00 0 0.00 937 96 963 111 0.00 0.00 0.00 0.00 0.00 0.00 0.00
car 0.00 0 0.00 943 92 967 104 0.00 0.00 0.00 0.00 0.00 0.00 0.00
car 0.00 0 0.00 950 90 969 102 0.00 0.00 0.00 0.00 0.00 0.00 0.00
car 0.00 0 0.00 951 89 971 100 0.00 0.00 0.00 0.00 0.00 0.00 0.00
car 0.00 0 0.00 954 86 975 98 0.00 0.00 0.00 0.00 0.00 0.00 0.00
car 0.00 0 0.00 964 76 985 90 0.00 0.00 0.00 0.00 0.00 0.00 0.00
car 0.00 0 0.00 1034 70 1047 80 0.00 0.00 0.00 0.00 0.00 0.00 0.00
car 0.00 0 0.00 1019 77 1033 88 0.00 0.00 0.00 0.00 0.00 0.00 0.00
car 0.00 0 0.00 1028 82 1042 94 0.00 0.00 0.00 0.00 0.00 0.00 0.00
car 0.00 0 0.00 1026 87 1038 96 0.00 0.00 0.00 0.00 0.00 0.00 0.00
car 0.00 0 0.00 1020 93 1032 103 0.00 0.00 0.00 0.00 0.00 0.00 0.00
van 0.00 0 0.00 1010 101 1035 116 0.00 0.00 0.00 0.00 0.00 0.00 0.00
car 0.00 0 0.00 1007 112 1022 123 0.00 0.00 0.00 0.00 0.00 0.00 0.00
car 0.00 0 0.00 1004 118 1020 129 0.00 0.00 0.00 0.00 0.00 0.00 0.00
car 0.00 0 0.00 1003 121 1018 132 0.00 0.00 0.00 0.00 0.00 0.00 0.00
car 0.00 0 0.00 1002 126 1020 138 0.00 0.00 0.00 0.00 0.00 0.00 0.00
car 0.00 0 0.00 994 132 1014 145 0.00 0.00 0.00 0.00 0.00 0.00 0.00
car 0.00 0 0.00 968 174 997 202 0.00 0.00 0.00 0.00 0.00 0.00 0.00
car 0.00 0 0.00 988 144 1024 162 0.00 0.00 0.00 0.00 0.00 0.00 0.00
car 0.00 0 0.00 972 148 1005 165 0.00 0.00 0.00 0.00 0.00 0.00 0.00
car 0.00 0 0.00 968 157 1003 177 0.00 0.00 0.00 0.00 0.00 0.00 0.00
car 0.00 0 0.00 961 165 1000 185 0.00 0.00 0.00 0.00 0.00 0.00 0.00
car 0.00 0 0.00 951 193 993 219 0.00 0.00 0.00 0.00 0.00 0.00 0.00
car 0.00 0 0.00 960 199 992 229 0.00 0.00 0.00 0.00 0.00 0.00 0.00
car 0.00 0 0.00 969 217 1050 250 0.00 0.00 0.00 0.00 0.00 0.00 0.00
car 0.00 0 0.00 1007 242 1092 283 0.00 0.00 0.00 0.00 0.00 0.00 0.00
car 0.00 0 0.00 900 237 982 275 0.00 0.00 0.00 0.00 0.00 0.00 0.00
pedestrian 0.00 0 0.00 937 200 946 229 0.00 0.00 0.00 0.00 0.00 0.00 0.00
people 0.00 0 0.00 962 120 969 135 0.00 0.00 0.00 0.00 0.00 0.00 0.00
bicycle 0.00 0 0.00 962 124 967 138 0.00 0.00 0.00 0.00 0.00 0.00 0.00
car 0.00 0 0.00 945 266 994 300 0.00 0.00 0.00 0.00 0.00 0.00 0.00
