car 0.00 0 0.00 1449 1391 1613 1500 0.00 0.00 0.00 0.00 0.00 0.00 0.00
car 0.00 0 0.00 1219 1387 1376 1500 0.00 0.00 0.00 0.00 0.00 0.00 0.00
pedestrian 0.00 0 0.00 1494 1173 1535 1210 0.00 0.00 0.00 0.00 0.00 0.00 0.00
van 0.00 0 0.00 1157 1054 1316 1243 0.00 0.00 0.00 0.00 0.00 0.00 0.00
motor 0.00 0 0.00 1364 1156 1413 1239 0.00 0.00 0.00 0.00 0.00 0.00 0.00
pedestrian 0.00 0 0.00 1385 1135 1423 1176 0.00 0.00 0.00 0.00 0.00 0.00 0.00
motor 0.00 0 0.00 1218 1257 1276 1328 0.00 0.00 0.00 0.00 0.00 0.00 0.00
people 0.00 0 0.00 1239 1279 1268 1324 0.00 0.00 0.00 0.00 0.00 0.00 0.00
people 0.00 0 0.00 1220 1256 1247 1291 0.00 0.00 0.00 0.00 0.00 0.00 0.00
car 0.00 0 0.00 986 1084 1143 1269 0.00 0.00 0.00 0.00 0.00 0.00 0.00
motor 0.00 0 0.00 1150 1163 1206 1234 0.00 0.00 0.00 0.00 0.00 0.00 0.00
people 0.00 0 0.00 1163 1181 1198 1227 0.00 0.00 0.00 0.00 0.00 0.00 0.00
pedestrian 0.00 0 0.00 1496 1287 1522 1318 0.00 0.00 0.00 0.00 0.00 0.00 0.00
people 0.00 0 0.00 1477 1262 1495 1286 0.00 0.00 0.00 0.00 0.00 0.00 0.00
pedestrian 0.00 0 0.00 1460 1211 1489 1239 0.00 0.00 0.00 0.00 0.00 0.00 0.00
tricycle 0.00 0 0.00 1400 1044 1522 1128 0.00 0.00 0.00 0.00 0.00 0.00 0.00
people 0.00 0 0.00 1515 954 1559 992 0.00 0.00 0.00 0.00 0.00 0.00 0.00
people 0.00 0 0.00 1551 989 1582 1019 0.00 0.00 0.00 0.00 0.00 0.00 0.00
tricycle 0.00 0 0.00 1474 886 1565 951 0.00 0.00 0.00 0.00 0.00 0.00 0.00
truck 0.00 0 0.00 1210 830 1411 1058 0.00 0.00 0.00 0.00 0.00 0.00 0.00
pedestrian 0.00 0 0.00 1261 999 1289 1022 0.00 0.00 0.00 0.00 0.00 0.00 0.00
pedestrian 0.00 0 0.00 1260 958 1304 1005 0.00 0.00 0.00 0.00 0.00 0.00 0.00
car 0.00 0 0.00 1415 647 1596 852 0.00 0.00 0.00 0.00 0.00 0.00 0.00
van 0.00 0 0.00 1896 873 2000 952 0.00 0.00 0.00 0.00 0.00 0.00 0.00
tricycle 0.00 0 0.00 1841 457 1961 568 0.00 0.00 0.00 0.00 0.00 0.00 0.00
motor 0.00 0 0.00 1937 298 2000 371 0.00 0.00 0.00 0.00 0.00 0.00 0.00
motor 0.00 0 0.00 1932 274 2000 338 0.00 0.00 0.00 0.00 0.00 0.00 0.00
bicycle 0.00 0 0.00 1946 403 2000 474 0.00 0.00 0.00 0.00 0.00 0.00 0.00
tricycle 0.00 0 0.00 1786 301 1890 368 0.00 0.00 0.00 0.00 0.00 0.00 0.00
motor 0.00 0 0.00 1782 239 1844 321 0.00 0.00 0.00 0.00 0.00 0.00 0.00
bicycle 0.00 0 0.00 1723 234 1796 300 0.00 0.00 0.00 0.00 0.00 0.00 0.00
motor 0.00 0 0.00 1655 337 1730 417 0.00 0.00 0.00 0.00 0.00 0.00 0.00
car 0.00 0 0.00 1474 266 1684 405 0.00 0.00 0.00 0.00 0.00 0.00 0.00
car 0.00 0 0.00 1476 203 1584 308 0.00 0.00 0.00 0.00 0.00 0.00 0.00
bicycle 0.00 0 0.00 1627 107 1705 177 0.00 0.00 0.00 0.00 0.00 0.00 0.00
bicycle 0.00 0 0.00 1504 139 1585 183 0.00 0.00 0.00 0.00 0.00 0.00 0.00
tricycle 0.00 0 0.00 1576 62 1671 155 0.00 0.00 0.00 0.00 0.00 0.00 0.00
tricycle 0.00 0 0.00 1068 159 1189 303 0.00 0.00 0.00 0.00 0.00 0.00 0.00
awning-tricycle 0.00 0 0.00 938 40 1047 191 0.00 0.00 0.00 0.00 0.00 0.00 0.00
truck 0.00 0 0.00 788 167 1021 314 0.00 0.00 0.00 0.00 0.00 0.00 0.00
pedestrian 0.00 0 0.00 944 511 982 546 0.00 0.00 0.00 0.00 0.00 0.00 0.00
motor 0.00 0 0.00 728 302 773 362 0.00 0.00 0.00 0.00 0.00 0.00 0.00
people 0.00 0 0.00 753 299 787 331 0.00 0.00 0.00 0.00 0.00 0.00 0.00
pedestrian 0.00 0 0.00 633 166 674 212 0.00 0.00 0.00 0.00 0.00 0.00 0.00
pedestrian 0.00 0 0.00 609 159 648 209 0.00 0.00 0.00 0.00 0.00 0.00 0.00
pedestrian 0.00 0 0.00 584 168 628 219 0.00 0.00 0.00 0.00 0.00 0.00 0.00
pedestrian 0.00 0 0.00 533 408 580 448 0.00 0.00 0.00 0.00 0.00 0.00 0.00
pedestrian 0.00 0 0.00 663 273 705 317 0.00 0.00 0.00 0.00 0.00 0.00 0.00
pedestrian 0.00 0 0.00 637 295 681 339 0.00 0.00 0.00 0.00 0.00 0.00 0.00
pedestrian 0.00 0 0.00 614 300 655 349 0.00 0.00 0.00 0.00 0.00 0.00 0.00
people 0.00 0 0.00 445 441 482 480 0.00 0.00 0.00 0.00 0.00 0.00 0.00
van 0.00 0 0.00 314 377 416 584 0.00 0.00 0.00 0.00 0.00 0.00 0.00
pedestrian 0.00 0 0.00 601 544 641 574 0.00 0.00 0.00 0.00 0.00 0.00 0.00
pedestrian 0.00 0 0.00 675 597 714 621 0.00 0.00 0.00 0.00 0.00 0.00 0.00
tricycle 0.00 0 0.00 624 636 741 768 0.00 0.00 0.00 0.00 0.00 0.00 0.00
people 0.00 0 0.00 626 673 655 701 0.00 0.00 0.00 0.00 0.00 0.00 0.00
pedestrian 0.00 0 0.00 773 682 800 713 0.00 0.00 0.00 0.00 0.00 0.00 0.00
motor 0.00 0 0.00 750 611 804 677 0.00 0.00 0.00 0.00 0.00 0.00 0.00
pedestrian 0.00 0 0.00 768 621 803 664 0.00 0.00 0.00 0.00 0.00 0.00 0.00
people 0.00 0 0.00 809 875 844 910 0.00 0.00 0.00 0.00 0.00 0.00 0.00
awning-tricycle 0.00 0 0.00 707 905 832 1019 0.00 0.00 0.00 0.00 0.00 0.00 0.00
pedestrian 0.00 0 0.00 218 65 275 129 0.00 0.00 0.00 0.00 0.00 0.00 0.00
