bicycle 0.00 0 0.00 32 294 77 342 0.00 0.00 0.00 0.00 0.00 0.00 0.00
bicycle 0.00 0 0.00 227 396 266 444 0.00 0.00 0.00 0.00 0.00 0.00 0.00
people 0.00 0 0.00 23 272 57 310 0.00 0.00 0.00 0.00 0.00 0.00 0.00
people 0.00 0 0.00 224 367 258 415 0.00 0.00 0.00 0.00 0.00 0.00 0.00
car 0.00 0 0.00 44 0 97 38 0.00 0.00 0.00 0.00 0.00 0.00 0.00
car 0.00 0 0.00 93 23 146 67 0.00 0.00 0.00 0.00 0.00 0.00 0.00
car 0.00 0 0.00 145 49 200 103 0.00 0.00 0.00 0.00 0.00 0.00 0.00
car 0.00 0 0.00 184 72 261 127 0.00 0.00 0.00 0.00 0.00 0.00 0.00
car 0.00 0 0.00 226 123 315 174 0.00 0.00 0.00 0.00 0.00 0.00 0.00
pedestrian 0.00 0 0.00 130 0 144 20 0.00 0.00 0.00 0.00 0.00 0.00 0.00
pedestrian 0.00 0 0.00 267 184 295 228 0.00 0.00 0.00 0.00 0.00 0.00 0.00
pedestrian 0.00 0 0.00 296 177 316 228 0.00 0.00 0.00 0.00 0.00 0.00 0.00
pedestrian 0.00 0 0.00 317 217 342 279 0.00 0.00 0.00 0.00 0.00 0.00 0.00
pedestrian 0.00 0 0.00 350 210 375 269 0.00 0.00 0.00 0.00 0.00 0.00 0.00
car 0.00 0 0.00 359 172 468 242 0.00 0.00 0.00 0.00 0.00 0.00 0.00
car 0.00 0 0.00 443 226 581 307 0.00 0.00 0.00 0.00 0.00 0.00 0.00
van 0.00 0 0.00 0 373 70 534 0.00 0.00 0.00 0.00 0.00 0.00 0.00
bicycle 0.00 0 0.00 705 265 736 300 0.00 0.00 0.00 0.00 0.00 0.00 0.00
people 0.00 0 0.00 707 239 729 281 0.00 0.00 0.00 0.00 0.00 0.00 0.00
car 0.00 0 0.00 776 90 868 140 0.00 0.00 0.00 0.00 0.00 0.00 0.00
bus 0.00 0 0.00 786 94 957 198 0.00 0.00 0.00 0.00 0.00 0.00 0.00
truck 0.00 0 0.00 872 107 1056 211 0.00 0.00 0.00 0.00 0.00 0.00 0.00
pedestrian 0.00 0 0.00 914 255 937 313 0.00 0.00 0.00 0.00 0.00 0.00 0.00
bicycle 0.00 0 0.00 883 279 930 310 0.00 0.00 0.00 0.00 0.00 0.00 0.00
pedestrian 0.00 0 0.00 946 239 961 292 0.00 0.00 0.00 0.00 0.00 0.00 0.00
pedestrian 0.00 0 0.00 961 236 975 283 0.00 0.00 0.00 0.00 0.00 0.00 0.00
pedestrian 0.00 0 0.00 966 231 984 283 0.00 0.00 0.00 0.00 0.00 0.00 0.00
pedestrian 0.00 0 0.00 1023 331 1050 398 0.00 0.00 0.00 0.00 0.00 0.00 0.00
pedestrian 0.00 0 0.00 1100 236 1117 301 0.00 0.00 0.00 0.00 0.00 0.00 0.00
pedestrian 0.00 0 0.00 1149 234 1173 298 0.00 0.00 0.00 0.00 0.00 0.00 0.00
people 0.00 0 0.00 1038 283 1062 320 0.00 0.00 0.00 0.00 0.00 0.00 0.00
bicycle 0.00 0 0.00 1021 308 1067 341 0.00 0.00 0.00 0.00 0.00 0.00 0.00
car 0.00 0 0.00 1134 137 1246 210 0.00 0.00 0.00 0.00 0.00 0.00 0.00
car 0.00 0 0.00 1234 174 1346 251 0.00 0.00 0.00 0.00 0.00 0.00 0.00
car 0.00 0 0.00 1277 38 1386 126 0.00 0.00 0.00 0.00 0.00 0.00 0.00
pedestrian 0.00 0 0.00 1365 49 1384 91 0.00 0.00 0.00 0.00 0.00 0.00 0.00
pedestrian 0.00 0 0.00 816 827 884 927 0.00 0.00 0.00 0.00 0.00 0.00 0.00
pedestrian 0.00 0 0.00 17 729 65 775 0.00 0.00 0.00 0.00 0.00 0.00 0.00
bicycle 0.00 0 0.00 1190 705 1325 815 0.00 0.00 0.00 0.00 0.00 0.00 0.00
people 0.00 0 0.00 1236 700 1309 777 0.00 0.00 0.00 0.00 0.00 0.00 0.00
