car 0.00 0 0.00 830 1184 944 1437 0.00 0.00 0.00 0.00 0.00 0.00 0.00
car 0.00 0 0.00 660 1090 766 1323 0.00 0.00 0.00 0.00 0.00 0.00 0.00
tricycle 0.00 0 0.00 1435 270 1510 461 0.00 0.00 0.00 0.00 0.00 0.00 0.00
tricycle 0.00 0 0.00 1383 51 1463 247 0.00 0.00 0.00 0.00 0.00 0.00 0.00
car 0.00 0 0.00 1694 706 1950 854 0.00 0.00 0.00 0.00 0.00 0.00 0.00
car 0.00 0 0.00 1763 637 1908 715 0.00 0.00 0.00 0.00 0.00 0.00 0.00
tricycle 0.00 0 0.00 660 381 749 554 0.00 0.00 0.00 0.00 0.00 0.00 0.00
car 0.00 0 0.00 1693 0 1878 158 0.00 0.00 0.00 0.00 0.00 0.00 0.00
van 0.00 0 0.00 478 1 655 162 0.00 0.00 0.00 0.00 0.00 0.00 0.00
car 0.00 0 0.00 1388 990 1507 1261 0.00 0.00 0.00 0.00 0.00 0.00 0.00
motor 0.00 0 0.00 1802 209 1892 281 0.00 0.00 0.00 0.00 0.00 0.00 0.00
pedestrian 0.00 0 0.00 733 10 768 74 0.00 0.00 0.00 0.00 0.00 0.00 0.00
pedestrian 0.00 0 0.00 722 136 759 198 0.00 0.00 0.00 0.00 0.00 0.00 0.00
pedestrian 0.00 0 0.00 668 89 707 150 0.00 0.00 0.00 0.00 0.00 0.00 0.00
pedestrian 0.00 0 0.00 897 66 927 130 0.00 0.00 0.00 0.00 0.00 0.00 0.00
pedestrian 0.00 0 0.00 989 257 1025 317 0.00 0.00 0.00 0.00 0.00 0.00 0.00
pedestrian 0.00 0 0.00 816 160 855 204 0.00 0.00 0.00 0.00 0.00 0.00 0.00
pedestrian 0.00 0 0.00 822 178 845 208 0.00 0.00 0.00 0.00 0.00 0.00 0.00
pedestrian 0.00 0 0.00 1046 102 1074 164 0.00 0.00 0.00 0.00 0.00 0.00 0.00
motor 0.00 0 0.00 1021 136 1050 218 0.00 0.00 0.00 0.00 0.00 0.00 0.00
motor 0.00 0 0.00 894 65 927 174 0.00 0.00 0.00 0.00 0.00 0.00 0.00
motor 0.00 0 0.00 989 243 1023 334 0.00 0.00 0.00 0.00 0.00 0.00 0.00
motor 0.00 0 0.00 816 149 854 250 0.00 0.00 0.00 0.00 0.00 0.00 0.00
pedestrian 0.00 0 0.00 695 300 737 361 0.00 0.00 0.00 0.00 0.00 0.00 0.00
pedestrian 0.00 0 0.00 658 410 686 451 0.00 0.00 0.00 0.00 0.00 0.00 0.00
pedestrian 0.00 0 0.00 1077 522 1108 562 0.00 0.00 0.00 0.00 0.00 0.00 0.00
pedestrian 0.00 0 0.00 1104 578 1140 621 0.00 0.00 0.00 0.00 0.00 0.00 0.00
people 0.00 0 0.00 675 744 718 780 0.00 0.00 0.00 0.00 0.00 0.00 0.00
tricycle 0.00 0 0.00 547 717 630 877 0.00 0.00 0.00 0.00 0.00 0.00 0.00
van 0.00 0 0.00 1077 815 1141 944 0.00 0.00 0.00 0.00 0.00 0.00 0.00
truck 0.00 0 0.00 1071 1016 1165 1302 0.00 0.00 0.00 0.00 0.00 0.00 0.00
tricycle 0.00 0 0.00 1087 1353 1225 1447 0.00 0.00 0.00 0.00 0.00 0.00 0.00
people 0.00 0 0.00 1292 1337 1337 1386 0.00 0.00 0.00 0.00 0.00 0.00 0.00
people 0.00 0 0.00 1298 1391 1335 1432 0.00 0.00 0.00 0.00 0.00 0.00 0.00
pedestrian 0.00 0 0.00 1071 1421 1107 1495 0.00 0.00 0.00 0.00 0.00 0.00 0.00
motor 0.00 0 0.00 987 1404 1038 1500 0.00 0.00 0.00 0.00 0.00 0.00 0.00
pedestrian 0.00 0 0.00 1052 1132 1117 1176 0.00 0.00 0.00 0.00 0.00 0.00 0.00
pedestrian 0.00 0 0.00 1022 1176 1049 1219 0.00 0.00 0.00 0.00 0.00 0.00 0.00
bicycle 0.00 0 0.00 1036 1178 1065 1269 0.00 0.00 0.00 0.00 0.00 0.00 0.00
tricycle 0.00 0 0.00 1297 1240 1361 1342 0.00 0.00 0.00 0.00 0.00 0.00 0.00
bicycle 0.00 0 0.00 1562 164 1615 257 0.00 0.00 0.00 0.00 0.00 0.00 0.00
pedestrian 0.00 0 0.00 1568 169 1630 219 0.00 0.00 0.00 0.00 0.00 0.00 0.00
bicycle 0.00 0 0.00 1908 110 1978 230 0.00 0.00 0.00 0.00 0.00 0.00 0.00
bicycle 0.00 0 0.00 1902 60 1983 150 0.00 0.00 0.00 0.00 0.00 0.00 0.00
bicycle 0.00 0 0.00 1888 0 1968 69 0.00 0.00 0.00 0.00 0.00 0.00 0.00
truck 0.00 0 0.00 1167 65 1344 319 0.00 0.00 0.00 0.00 0.00 0.00 0.00
motor 0.00 0 0.00 1566 1412 1637 1500 0.00 0.00 0.00 0.00 0.00 0.00 0.00
motor 0.00 0 0.00 1819 870 1960 925 0.00 0.00 0.00 0.00 0.00 0.00 0.00
