car 0.00 0 0.00 711 628 745 671 0.00 0.00 0.00 0.00 0.00 0.00 0.00
van 0.00 0 0.00 1000 461 1041 510 0.00 0.00 0.00 0.00 0.00 0.00 0.00
van 0.00 0 0.00 927 419 964 462 0.00 0.00 0.00 0.00 0.00 0.00 0.00
car 0.00 0 0.00 892 344 922 374 0.00 0.00 0.00 0.00 0.00 0.00 0.00
car 0.00 0 0.00 823 177 836 195 0.00 0.00 0.00 0.00 0.00 0.00 0.00
car 0.00 0 0.00 646 340 671 359 0.00 0.00 0.00 0.00 0.00 0.00 0.00
car 0.00 0 0.00 838 148 853 161 0.00 0.00 0.00 0.00 0.00 0.00 0.00
car 0.00 0 0.00 939 100 954 108 0.00 0.00 0.00 0.00 0.00 0.00 0.00
car 0.00 0 0.00 1086 69 1100 77 0.00 0.00 0.00 0.00 0.00 0.00 0.00
truck 0.00 0 0.00 1123 154 1169 174 0.00 0.00 0.00 0.00 0.00 0.00 0.00
car 0.00 0 0.00 1178 165 1197 177 0.00 0.00 0.00 0.00 0.00 0.00 0.00
truck 0.00 0 0.00 1152 132 1178 151 0.00 0.00 0.00 0.00 0.00 0.00 0.00
truck 0.00 0 0.00 1096 132 1141 152 0.00 0.00 0.00 0.00 0.00 0.00 0.00
truck 0.00 0 0.00 1102 129 1147 149 0.00 0.00 0.00 0.00 0.00 0.00 0.00
truck 0.00 0 0.00 1122 127 1164 146 0.00 0.00 0.00 0.00 0.00 0.00 0.00
truck 0.00 0 0.00 1135 123 1179 140 0.00 0.00 0.00 0.00 0.00 0.00 0.00
car 0.00 0 0.00 1205 119 1216 128 0.00 0.00 0.00 0.00 0.00 0.00 0.00
car 0.00 0 0.00 1220 117 1230 125 0.00 0.00 0.00 0.00 0.00 0.00 0.00
car 0.00 0 0.00 1216 73 1228 81 0.00 0.00 0.00 0.00 0.00 0.00 0.00
car 0.00 0 0.00 1244 64 1255 71 0.00 0.00 0.00 0.00 0.00 0.00 0.00
car 0.00 0 0.00 1217 48 1229 57 0.00 0.00 0.00 0.00 0.00 0.00 0.00
car 0.00 0 0.00 1239 46 1249 54 0.00 0.00 0.00 0.00 0.00 0.00 0.00
van 0.00 0 0.00 1345 175 1374 190 0.00 0.00 0.00 0.00 0.00 0.00 0.00
