car 0.00 0 0.00 525 13 579 112 0.00 0.00 0.00 0.00 0.00 0.00 0.00
car 0.00 0 0.00 546 125 607 241 0.00 0.00 0.00 0.00 0.00 0.00 0.00
car 0.00 0 0.00 664 111 719 232 0.00 0.00 0.00 0.00 0.00 0.00 0.00
car 0.00 0 0.00 774 183 832 291 0.00 0.00 0.00 0.00 0.00 0.00 0.00
pedestrian 0.00 0 0.00 1090 0 1112 28 0.00 0.00 0.00 0.00 0.00 0.00 0.00
pedestrian 0.00 0 0.00 869 196 880 220 0.00 0.00 0.00 0.00 0.00 0.00 0.00
pedestrian 0.00 0 0.00 896 241 913 259 0.00 0.00 0.00 0.00 0.00 0.00 0.00
car 0.00 0 0.00 614 406 668 509 0.00 0.00 0.00 0.00 0.00 0.00 0.00
car 0.00 0 0.00 827 414 891 514 0.00 0.00 0.00 0.00 0.00 0.00 0.00
van 0.00 0 0.00 848 534 913 648 0.00 0.00 0.00 0.00 0.00 0.00 0.00
van 0.00 0 0.00 877 668 939 792 0.00 0.00 0.00 0.00 0.00 0.00 0.00
van 0.00 0 0.00 725 918 788 1032 0.00 0.00 0.00 0.00 0.00 0.00 0.00
car 0.00 0 0.00 918 802 981 919 0.00 0.00 0.00 0.00 0.00 0.00 0.00
car 0.00 0 0.00 965 976 1026 1049 0.00 0.00 0.00 0.00 0.00 0.00 0.00
motor 0.00 0 0.00 1172 904 1218 927 0.00 0.00 0.00 0.00 0.00 0.00 0.00
motor 0.00 0 0.00 1171 872 1211 897 0.00 0.00 0.00 0.00 0.00 0.00 0.00
motor 0.00 0 0.00 1240 907 1272 927 0.00 0.00 0.00 0.00 0.00 0.00 0.00
motor 0.00 0 0.00 1149 813 1192 841 0.00 0.00 0.00 0.00 0.00 0.00 0.00
motor 0.00 0 0.00 1149 799 1189 820 0.00 0.00 0.00 0.00 0.00 0.00 0.00
motor 0.00 0 0.00 1125 748 1170 769 0.00 0.00 0.00 0.00 0.00 0.00 0.00
motor 0.00 0 0.00 1124 717 1166 738 0.00 0.00 0.00 0.00 0.00 0.00 0.00
pedestrian 0.00 0 0.00 1217 711 1245 727 0.00 0.00 0.00 0.00 0.00 0.00 0.00
pedestrian 0.00 0 0.00 1035 634 1059 646 0.00 0.00 0.00 0.00 0.00 0.00 0.00
motor 0.00 0 0.00 949 531 966 573 0.00 0.00 0.00 0.00 0.00 0.00 0.00
pedestrian 0.00 0 0.00 1116 502 1139 513 0.00 0.00 0.00 0.00 0.00 0.00 0.00
pedestrian 0.00 0 0.00 1105 469 1131 487 0.00 0.00 0.00 0.00 0.00 0.00 0.00
pedestrian 0.00 0 0.00 1136 480 1159 495 0.00 0.00 0.00 0.00 0.00 0.00 0.00
bicycle 0.00 0 0.00 1119 659 1153 682 0.00 0.00 0.00 0.00 0.00 0.00 0.00
