car 0.00 0 0.00 150 9 271 90 0.00 0.00 0.00 0.00 0.00 0.00 0.00
car 0.00 0 0.00 474 1 532 104 0.00 0.00 0.00 0.00 0.00 0.00 0.00
car 0.00 0 0.00 541 77 642 156 0.00 0.00 0.00 0.00 0.00 0.00 0.00
car 0.00 0 0.00 645 144 740 228 0.00 0.00 0.00 0.00 0.00 0.00 0.00
pedestrian 0.00 0 0.00 442 167 466 193 0.00 0.00 0.00 0.00 0.00 0.00 0.00
car 0.00 0 0.00 261 133 362 231 0.00 0.00 0.00 0.00 0.00 0.00 0.00
car 0.00 0 0.00 301 175 399 275 0.00 0.00 0.00 0.00 0.00 0.00 0.00
car 0.00 0 0.00 353 210 440 302 0.00 0.00 0.00 0.00 0.00 0.00 0.00
car 0.00 0 0.00 380 308 496 367 0.00 0.00 0.00 0.00 0.00 0.00 0.00
car 0.00 0 0.00 383 369 497 425 0.00 0.00 0.00 0.00 0.00 0.00 0.00
pedestrian 0.00 0 0.00 530 286 547 312 0.00 0.00 0.00 0.00 0.00 0.00 0.00
pedestrian 0.00 0 0.00 551 298 564 314 0.00 0.00 0.00 0.00 0.00 0.00 0.00
pedestrian 0.00 0 0.00 565 295 579 316 0.00 0.00 0.00 0.00 0.00 0.00 0.00
car 0.00 0 0.00 403 605 522 661 0.00 0.00 0.00 0.00 0.00 0.00 0.00
car 0.00 0 0.00 419 658 541 714 0.00 0.00 0.00 0.00 0.00 0.00 0.00
car 0.00 0 0.00 408 729 519 777 0.00 0.00 0.00 0.00 0.00 0.00 0.00
car 0.00 0 0.00 151 963 263 1050 0.00 0.00 0.00 0.00 0.00 0.00 0.00
car 0.00 0 0.00 447 1010 513 1050 0.00 0.00 0.00 0.00 0.00 0.00 0.00
pedestrian 0.00 0 0.00 342 1010 372 1036 0.00 0.00 0.00 0.00 0.00 0.00 0.00
motor 0.00 0 0.00 299 841 327 859 0.00 0.00 0.00 0.00 0.00 0.00 0.00
car 0.00 0 0.00 529 873 619 969 0.00 0.00 0.00 0.00 0.00 0.00 0.00
van 0.00 0 0.00 610 767 706 872 0.00 0.00 0.00 0.00 0.00 0.00 0.00
car 0.00 0 0.00 744 1002 816 1050 0.00 0.00 0.00 0.00 0.00 0.00 0.00
car 0.00 0 0.00 817 893 921 1009 0.00 0.00 0.00 0.00 0.00 0.00 0.00
car 0.00 0 0.00 764 856 869 965 0.00 0.00 0.00 0.00 0.00 0.00 0.00
car 0.00 0 0.00 903 788 1003 896 0.00 0.00 0.00 0.00 0.00 0.00 0.00
van 0.00 0 0.00 1060 593 1191 732 0.00 0.00 0.00 0.00 0.00 0.00 0.00
van 0.00 0 0.00 1196 478 1287 575 0.00 0.00 0.00 0.00 0.00 0.00 0.00
van 0.00 0 0.00 1276 376 1371 478 0.00 0.00 0.00 0.00 0.00 0.00 0.00
car 0.00 0 0.00 1365 293 1400 367 0.00 0.00 0.00 0.00 0.00 0.00 0.00
car 0.00 0 0.00 949 491 1025 611 0.00 0.00 0.00 0.00 0.00 0.00 0.00
pedestrian 0.00 0 0.00 843 662 862 691 0.00 0.00 0.00 0.00 0.00 0.00 0.00
van 0.00 0 0.00 766 577 852 699 0.00 0.00 0.00 0.00 0.00 0.00 0.00
car 0.00 0 0.00 836 473 909 562 0.00 0.00 0.00 0.00 0.00 0.00 0.00
pedestrian 0.00 0 0.00 637 661 654 675 0.00 0.00 0.00 0.00 0.00 0.00 0.00
pedestrian 0.00 0 0.00 532 646 559 658 0.00 0.00 0.00 0.00 0.00 0.00 0.00
pedestrian 0.00 0 0.00 569 609 587 620 0.00 0.00 0.00 0.00 0.00 0.00 0.00
pedestrian 0.00 0 0.00 687 687 695 706 0.00 0.00 0.00 0.00 0.00 0.00 0.00
van 0.00 0 0.00 637 575 740 638 0.00 0.00 0.00 0.00 0.00 0.00 0.00
car 0.00 0 0.00 632 507 746 571 0.00 0.00 0.00 0.00 0.00 0.00 0.00
car 0.00 0 0.00 730 342 822 453 0.00 0.00 0.00 0.00 0.00 0.00 0.00
car 0.00 0 0.00 813 284 897 398 0.00 0.00 0.00 0.00 0.00 0.00 0.00
car 0.00 0 0.00 761 208 807 297 0.00 0.00 0.00 0.00 0.00 0.00 0.00
car 0.00 0 0.00 863 209 964 318 0.00 0.00 0.00 0.00 0.00 0.00 0.00
car 0.00 0 0.00 1126 72 1245 134 0.00 0.00 0.00 0.00 0.00 0.00 0.00
car 0.00 0 0.00 988 47 1099 120 0.00 0.00 0.00 0.00 0.00 0.00 0.00
truck 0.00 0 0.00 1104 0 1317 65 0.00 0.00 0.00 0.00 0.00 0.00 0.00
car 0.00 0 0.00 873 0 957 46 0.00 0.00 0.00 0.00 0.00 0.00 0.00
