car 0.00 0 0.00 955 953 1145 1067 0.00 0.00 0.00 0.00 0.00 0.00 0.00
van 0.00 0 0.00 1031 810 1161 907 0.00 0.00 0.00 0.00 0.00 0.00 0.00
car 0.00 0 0.00 1324 707 1449 772 0.00 0.00 0.00 0.00 0.00 0.00 0.00
awning-tricycle 0.00 0 0.00 649 808 713 868 0.00 0.00 0.00 0.00 0.00 0.00 0.00
car 0.00 0 0.00 1183 653 1289 718 0.00 0.00 0.00 0.00 0.00 0.00 0.00
car 0.00 0 0.00 1146 620 1216 668 0.00 0.00 0.00 0.00 0.00 0.00 0.00
car 0.00 0 0.00 1049 560 1111 616 0.00 0.00 0.00 0.00 0.00 0.00 0.00
truck 0.00 0 0.00 472 814 885 1207 0.00 0.00 0.00 0.00 0.00 0.00 0.00
truck 0.00 0 0.00 169 517 356 692 0.00 0.00 0.00 0.00 0.00 0.00 0.00
car 0.00 0 0.00 1762 639 1861 703 0.00 0.00 0.00 0.00 0.00 0.00 0.00
car 0.00 0 0.00 2 305 25 357 0.00 0.00 0.00 0.00 0.00 0.00 0.00
car 0.00 0 0.00 716 374 796 412 0.00 0.00 0.00 0.00 0.00 0.00 0.00
car 0.00 0 0.00 542 349 592 375 0.00 0.00 0.00 0.00 0.00 0.00 0.00
car 0.00 0 0.00 441 367 498 388 0.00 0.00 0.00 0.00 0.00 0.00 0.00
car 0.00 0 0.00 478 381 544 405 0.00 0.00 0.00 0.00 0.00 0.00 0.00
car 0.00 0 0.00 421 356 474 369 0.00 0.00 0.00 0.00 0.00 0.00 0.00
car 0.00 0 0.00 391 337 439 354 0.00 0.00 0.00 0.00 0.00 0.00 0.00
car 0.00 0 0.00 391 303 425 324 0.00 0.00 0.00 0.00 0.00 0.00 0.00
car 0.00 0 0.00 389 277 419 296 0.00 0.00 0.00 0.00 0.00 0.00 0.00
car 0.00 0 0.00 377 271 413 283 0.00 0.00 0.00 0.00 0.00 0.00 0.00
car 0.00 0 0.00 313 260 348 284 0.00 0.00 0.00 0.00 0.00 0.00 0.00
