car 0.00 0 0.00 1417 892 1498 1000 0.00 0.00 0.00 0.00 0.00 0.00 0.00
car 0.00 0 0.00 1655 964 1802 1029 0.00 0.00 0.00 0.00 0.00 0.00 0.00
car 0.00 0 0.00 1623 898 1754 961 0.00 0.00 0.00 0.00 0.00 0.00 0.00
car 0.00 0 0.00 1594 843 1708 901 0.00 0.00 0.00 0.00 0.00 0.00 0.00
car 0.00 0 0.00 1578 792 1679 842 0.00 0.00 0.00 0.00 0.00 0.00 0.00
truck 0.00 0 0.00 764 525 861 805 0.00 0.00 0.00 0.00 0.00 0.00 0.00
car 0.00 0 0.00 1107 587 1216 642 0.00 0.00 0.00 0.00 0.00 0.00 0.00
car 0.00 0 0.00 1104 537 1197 592 0.00 0.00 0.00 0.00 0.00 0.00 0.00
car 0.00 0 0.00 1107 496 1194 539 0.00 0.00 0.00 0.00 0.00 0.00 0.00
car 0.00 0 0.00 1032 389 1094 432 0.00 0.00 0.00 0.00 0.00 0.00 0.00
car 0.00 0 0.00 982 341 1013 383 0.00 0.00 0.00 0.00 0.00 0.00 0.00
car 0.00 0 0.00 836 351 871 398 0.00 0.00 0.00 0.00 0.00 0.00 0.00
truck 0.00 0 0.00 819 398 873 483 0.00 0.00 0.00 0.00 0.00 0.00 0.00
car 0.00 0 0.00 488 300 538 343 0.00 0.00 0.00 0.00 0.00 0.00 0.00
van 0.00 0 0.00 1045 326 1113 382 0.00 0.00 0.00 0.00 0.00 0.00 0.00
van 0.00 0 0.00 1118 339 1172 371 0.00 0.00 0.00 0.00 0.00 0.00 0.00
van 0.00 0 0.00 1106 320 1161 352 0.00 0.00 0.00 0.00 0.00 0.00 0.00
car 0.00 0 0.00 1041 312 1101 344 0.00 0.00 0.00 0.00 0.00 0.00 0.00
pedestrian 0.00 0 0.00 1145 289 1158 313 0.00 0.00 0.00 0.00 0.00 0.00 0.00
awning-tricycle 0.00 0 0.00 1093 276 1137 304 0.00 0.00 0.00 0.00 0.00 0.00 0.00
van 0.00 0 0.00 1077 233 1147 276 0.00 0.00 0.00 0.00 0.00 0.00 0.00
van 0.00 0 0.00 1066 152 1114 178 0.00 0.00 0.00 0.00 0.00 0.00 0.00
car 0.00 0 0.00 864 244 893 279 0.00 0.00 0.00 0.00 0.00 0.00 0.00
awning-tricycle 0.00 0 0.00 868 216 892 246 0.00 0.00 0.00 0.00 0.00 0.00 0.00
car 0.00 0 0.00 877 167 902 195 0.00 0.00 0.00 0.00 0.00 0.00 0.00
car 0.00 0 0.00 884 132 905 168 0.00 0.00 0.00 0.00 0.00 0.00 0.00
car 0.00 0 0.00 889 102 912 127 0.00 0.00 0.00 0.00 0.00 0.00 0.00
car 0.00 0 0.00 1076 98 1099 123 0.00 0.00 0.00 0.00 0.00 0.00 0.00
truck 0.00 0 0.00 1057 141 1111 161 0.00 0.00 0.00 0.00 0.00 0.00 0.00
truck 0.00 0 0.00 1033 127 1114 158 0.00 0.00 0.00 0.00 0.00 0.00 0.00
truck 0.00 0 0.00 980 39 1040 126 0.00 0.00 0.00 0.00 0.00 0.00 0.00
awning-tricycle 0.00 0 0.00 988 38 1008 63 0.00 0.00 0.00 0.00 0.00 0.00 0.00
pedestrian 0.00 0 0.00 1014 0 1020 15 0.00 0.00 0.00 0.00 0.00 0.00 0.00
people 0.00 0 0.00 1001 2 1009 13 0.00 0.00 0.00 0.00 0.00 0.00 0.00
car 0.00 0 0.00 912 0 930 18 0.00 0.00 0.00 0.00 0.00 0.00 0.00
truck 0.00 0 0.00 979 0 1007 47 0.00 0.00 0.00 0.00 0.00 0.00 0.00
tricycle 0.00 0 0.00 935 489 957 522 0.00 0.00 0.00 0.00 0.00 0.00 0.00
people 0.00 0 0.00 939 485 954 511 0.00 0.00 0.00 0.00 0.00 0.00 0.00
