car 0.00 0 0.00 799 576 803 579 0.00 0.00 0.00 0.00 0.00 0.00 0.00
car 0.00 0 0.00 778 581 781 584 0.00 0.00 0.00 0.00 0.00 0.00 0.00
car 0.00 0 0.00 780 591 784 595 0.00 0.00 0.00 0.00 0.00 0.00 0.00
car 0.00 0 0.00 808 582 812 585 0.00 0.00 0.00 0.00 0.00 0.00 0.00
car 0.00 0 0.00 831 611 837 616 0.00 0.00 0.00 0.00 0.00 0.00 0.00
car 0.00 0 0.00 821 614 826 620 0.00 0.00 0.00 0.00 0.00 0.00 0.00
car 0.00 0 0.00 815 622 821 628 0.00 0.00 0.00 0.00 0.00 0.00 0.00
car 0.00 0 0.00 836 598 841 601 0.00 0.00 0.00 0.00 0.00 0.00 0.00
car 0.00 0 0.00 728 660 738 668 0.00 0.00 0.00 0.00 0.00 0.00 0.00
car 0.00 0 0.00 796 708 808 720 0.00 0.00 0.00 0.00 0.00 0.00 0.00
car 0.00 0 0.00 813 720 827 733 0.00 0.00 0.00 0.00 0.00 0.00 0.00
people 0.00 0 0.00 758 757 763 763 0.00 0.00 0.00 0.00 0.00 0.00 0.00
awning-tricycle 0.00 0 0.00 755 756 766 771 0.00 0.00 0.00 0.00 0.00 0.00 0.00
people 0.00 0 0.00 517 944 529 967 0.00 0.00 0.00 0.00 0.00 0.00 0.00
motor 0.00 0 0.00 516 946 531 973 0.00 0.00 0.00 0.00 0.00 0.00 0.00
car 0.00 0 0.00 556 915 599 964 0.00 0.00 0.00 0.00 0.00 0.00 0.00
car 0.00 0 0.00 587 953 631 1011 0.00 0.00 0.00 0.00 0.00 0.00 0.00
car 0.00 0 0.00 655 957 694 1011 0.00 0.00 0.00 0.00 0.00 0.00 0.00
car 0.00 0 0.00 678 909 711 953 0.00 0.00 0.00 0.00 0.00 0.00 0.00
car 0.00 0 0.00 639 904 672 945 0.00 0.00 0.00 0.00 0.00 0.00 0.00
car 0.00 0 0.00 537 889 576 923 0.00 0.00 0.00 0.00 0.00 0.00 0.00
car 0.00 0 0.00 577 851 609 886 0.00 0.00 0.00 0.00 0.00 0.00 0.00
car 0.00 0 0.00 604 860 636 895 0.00 0.00 0.00 0.00 0.00 0.00 0.00
truck 0.00 0 0.00 649 808 699 891 0.00 0.00 0.00 0.00 0.00 0.00 0.00
car 0.00 0 0.00 634 824 660 853 0.00 0.00 0.00 0.00 0.00 0.00 0.00
car 0.00 0 0.00 608 817 636 847 0.00 0.00 0.00 0.00 0.00 0.00 0.00
car 0.00 0 0.00 629 797 653 820 0.00 0.00 0.00 0.00 0.00 0.00 0.00
car 0.00 0 0.00 656 795 676 817 0.00 0.00 0.00 0.00 0.00 0.00 0.00
truck 0.00 0 0.00 690 765 735 825 0.00 0.00 0.00 0.00 0.00 0.00 0.00
truck 0.00 0 0.00 674 731 711 788 0.00 0.00 0.00 0.00 0.00 0.00 0.00
