pedestrian 0.00 0 0.00 1182 151 1190 166 0.00 0.00 0.00 0.00 0.00 0.00 0.00
bicycle 0.00 0 0.00 1480 301 1497 314 0.00 0.00 0.00 0.00 0.00 0.00 0.00
pedestrian 0.00 0 0.00 1391 572 1406 596 0.00 0.00 0.00 0.00 0.00 0.00 0.00
pedestrian 0.00 0 0.00 1529 416 1540 439 0.00 0.00 0.00 0.00 0.00 0.00 0.00
pedestrian 0.00 0 0.00 1785 315 1795 333 0.00 0.00 0.00 0.00 0.00 0.00 0.00
bicycle 0.00 0 0.00 983 365 997 386 0.00 0.00 0.00 0.00 0.00 0.00 0.00
bicycle 0.00 0 0.00 996 367 1019 394 0.00 0.00 0.00 0.00 0.00 0.00 0.00
bicycle 0.00 0 0.00 1016 360 1032 379 0.00 0.00 0.00 0.00 0.00 0.00 0.00
pedestrian 0.00 0 0.00 1168 1002 1183 1028 0.00 0.00 0.00 0.00 0.00 0.00 0.00
pedestrian 0.00 0 0.00 1730 952 1757 976 0.00 0.00 0.00 0.00 0.00 0.00 0.00
pedestrian 0.00 0 0.00 1187 13 1192 28 0.00 0.00 0.00 0.00 0.00 0.00 0.00
