car 0.00 0 0.00 242 490 328 552 0.00 0.00 0.00 0.00 0.00 0.00 0.00
car 0.00 0 0.00 180 644 302 741 0.00 0.00 0.00 0.00 0.00 0.00 0.00
car 0.00 0 0.00 763 719 890 783 0.00 0.00 0.00 0.00 0.00 0.00 0.00
car 0.00 0 0.00 416 498 517 585 0.00 0.00 0.00 0.00 0.00 0.00 0.00
car 0.00 0 0.00 704 220 771 262 0.00 0.00 0.00 0.00 0.00 0.00 0.00
car 0.00 0 0.00 1071 44 1114 77 0.00 0.00 0.00 0.00 0.00 0.00 0.00
car 0.00 0 0.00 1056 157 1120 195 0.00 0.00 0.00 0.00 0.00 0.00 0.00
van 0.00 0 0.00 827 269 902 337 0.00 0.00 0.00 0.00 0.00 0.00 0.00
pedestrian 0.00 0 0.00 564 212 576 235 0.00 0.00 0.00 0.00 0.00 0.00 0.00
pedestrian 0.00 0 0.00 847 123 859 143 0.00 0.00 0.00 0.00 0.00 0.00 0.00
pedestrian 0.00 0 0.00 830 704 848 719 0.00 0.00 0.00 0.00 0.00 0.00 0.00
pedestrian 0.00 0 0.00 846 710 864 721 0.00 0.00 0.00 0.00 0.00 0.00 0.00
