car 0.00 0 0.00 760 636 794 703 0.00 0.00 0.00 0.00 0.00 0.00 0.00
car 0.00 0 0.00 508 686 543 752 0.00 0.00 0.00 0.00 0.00 0.00 0.00
car 0.00 0 0.00 510 538 540 593 0.00 0.00 0.00 0.00 0.00 0.00 0.00
van 0.00 0 0.00 586 529 618 601 0.00 0.00 0.00 0.00 0.00 0.00 0.00
car 0.00 0 0.00 577 343 607 410 0.00 0.00 0.00 0.00 0.00 0.00 0.00
car 0.00 0 0.00 492 243 524 302 0.00 0.00 0.00 0.00 0.00 0.00 0.00
car 0.00 0 0.00 529 250 559 316 0.00 0.00 0.00 0.00 0.00 0.00 0.00
car 0.00 0 0.00 572 241 603 306 0.00 0.00 0.00 0.00 0.00 0.00 0.00
truck 0.00 0 0.00 612 246 645 320 0.00 0.00 0.00 0.00 0.00 0.00 0.00
bus 0.00 0 0.00 667 62 714 245 0.00 0.00 0.00 0.00 0.00 0.00 0.00
pedestrian 0.00 0 0.00 902 126 910 139 0.00 0.00 0.00 0.00 0.00 0.00 0.00
pedestrian 0.00 0 0.00 886 108 895 125 0.00 0.00 0.00 0.00 0.00 0.00 0.00
pedestrian 0.00 0 0.00 873 88 881 105 0.00 0.00 0.00 0.00 0.00 0.00 0.00
pedestrian 0.00 0 0.00 866 82 876 102 0.00 0.00 0.00 0.00 0.00 0.00 0.00
pedestrian 0.00 0 0.00 888 62 898 77 0.00 0.00 0.00 0.00 0.00 0.00 0.00
pedestrian 0.00 0 0.00 901 65 909 83 0.00 0.00 0.00 0.00 0.00 0.00 0.00
pedestrian 0.00 0 0.00 908 65 917 85 0.00 0.00 0.00 0.00 0.00 0.00 0.00
van 0.00 0 0.00 1096 109 1161 139 0.00 0.00 0.00 0.00 0.00 0.00 0.00
truck 0.00 0 0.00 970 96 1076 141 0.00 0.00 0.00 0.00 0.00 0.00 0.00
car 0.00 0 0.00 949 68 1018 101 0.00 0.00 0.00 0.00 0.00 0.00 0.00
bus 0.00 0 0.00 1046 62 1143 101 0.00 0.00 0.00 0.00 0.00 0.00 0.00
car 0.00 0 0.00 262 105 328 134 0.00 0.00 0.00 0.00 0.00 0.00 0.00
car 0.00 0 0.00 0 65 55 93 0.00 0.00 0.00 0.00 0.00 0.00 0.00
