car 0.00 0 0.00 502 725 533 782 0.00 0.00 0.00 0.00 0.00 0.00 0.00
car 0.00 0 0.00 587 593 628 657 0.00 0.00 0.00 0.00 0.00 0.00 0.00
car 0.00 0 0.00 526 597 559 644 0.00 0.00 0.00 0.00 0.00 0.00 0.00
car 0.00 0 0.00 480 571 514 619 0.00 0.00 0.00 0.00 0.00 0.00 0.00
car 0.00 0 0.00 441 575 478 621 0.00 0.00 0.00 0.00 0.00 0.00 0.00
car 0.00 0 0.00 461 489 491 529 0.00 0.00 0.00 0.00 0.00 0.00 0.00
car 0.00 0 0.00 541 495 568 534 0.00 0.00 0.00 0.00 0.00 0.00 0.00
car 0.00 0 0.00 603 457 628 496 0.00 0.00 0.00 0.00 0.00 0.00 0.00
car 0.00 0 0.00 645 466 671 510 0.00 0.00 0.00 0.00 0.00 0.00 0.00
car 0.00 0 0.00 519 408 546 438 0.00 0.00 0.00 0.00 0.00 0.00 0.00
car 0.00 0 0.00 639 373 663 409 0.00 0.00 0.00 0.00 0.00 0.00 0.00
car 0.00 0 0.00 528 353 555 380 0.00 0.00 0.00 0.00 0.00 0.00 0.00
car 0.00 0 0.00 609 332 634 361 0.00 0.00 0.00 0.00 0.00 0.00 0.00
car 0.00 0 0.00 674 307 699 340 0.00 0.00 0.00 0.00 0.00 0.00 0.00
car 0.00 0 0.00 646 290 669 318 0.00 0.00 0.00 0.00 0.00 0.00 0.00
car 0.00 0 0.00 562 297 586 322 0.00 0.00 0.00 0.00 0.00 0.00 0.00
truck 0.00 0 0.00 473 355 519 427 0.00 0.00 0.00 0.00 0.00 0.00 0.00
car 0.00 0 0.00 653 148 669 169 0.00 0.00 0.00 0.00 0.00 0.00 0.00
car 0.00 0 0.00 608 157 627 182 0.00 0.00 0.00 0.00 0.00 0.00 0.00
car 0.00 0 0.00 571 155 587 179 0.00 0.00 0.00 0.00 0.00 0.00 0.00
car 0.00 0 0.00 548 162 566 185 0.00 0.00 0.00 0.00 0.00 0.00 0.00
bus 0.00 0 0.00 987 400 1100 459 0.00 0.00 0.00 0.00 0.00 0.00 0.00
bus 0.00 0 0.00 1275 525 1399 578 0.00 0.00 0.00 0.00 0.00 0.00 0.00
bus 0.00 0 0.00 1295 494 1399 538 0.00 0.00 0.00 0.00 0.00 0.00 0.00
bus 0.00 0 0.00 1249 465 1358 506 0.00 0.00 0.00 0.00 0.00 0.00 0.00
bus 0.00 0 0.00 1228 440 1336 485 0.00 0.00 0.00 0.00 0.00 0.00 0.00
bus 0.00 0 0.00 1124 401 1200 447 0.00 0.00 0.00 0.00 0.00 0.00 0.00
bus 0.00 0 0.00 1225 407 1327 460 0.00 0.00 0.00 0.00 0.00 0.00 0.00
bus 0.00 0 0.00 1125 359 1218 391 0.00 0.00 0.00 0.00 0.00 0.00 0.00
bus 0.00 0 0.00 1167 329 1269 370 0.00 0.00 0.00 0.00 0.00 0.00 0.00
bus 0.00 0 0.00 1146 321 1256 354 0.00 0.00 0.00 0.00 0.00 0.00 0.00
bus 0.00 0 0.00 1159 300 1250 338 0.00 0.00 0.00 0.00 0.00 0.00 0.00
bus 0.00 0 0.00 1150 285 1234 318 0.00 0.00 0.00 0.00 0.00 0.00 0.00
bus 0.00 0 0.00 1143 268 1231 303 0.00 0.00 0.00 0.00 0.00 0.00 0.00
bus 0.00 0 0.00 1340 296 1400 378 0.00 0.00 0.00 0.00 0.00 0.00 0.00
bus 0.00 0 0.00 929 297 959 367 0.00 0.00 0.00 0.00 0.00 0.00 0.00
car 0.00 0 0.00 1178 222 1197 238 0.00 0.00 0.00 0.00 0.00 0.00 0.00
car 0.00 0 0.00 1160 210 1175 224 0.00 0.00 0.00 0.00 0.00 0.00 0.00
car 0.00 0 0.00 1146 198 1158 212 0.00 0.00 0.00 0.00 0.00 0.00 0.00
car 0.00 0 0.00 1127 186 1144 202 0.00 0.00 0.00 0.00 0.00 0.00 0.00
bus 0.00 0 0.00 1165 188 1200 219 0.00 0.00 0.00 0.00 0.00 0.00 0.00
car 0.00 0 0.00 1141 175 1165 194 0.00 0.00 0.00 0.00 0.00 0.00 0.00
car 0.00 0 0.00 1104 165 1122 184 0.00 0.00 0.00 0.00 0.00 0.00 0.00
bus 0.00 0 0.00 1079 142 1105 169 0.00 0.00 0.00 0.00 0.00 0.00 0.00
truck 0.00 0 0.00 1055 126 1076 151 0.00 0.00 0.00 0.00 0.00 0.00 0.00
car 0.00 0 0.00 1041 124 1053 134 0.00 0.00 0.00 0.00 0.00 0.00 0.00
bus 0.00 0 0.00 1016 98 1048 123 0.00 0.00 0.00 0.00 0.00 0.00 0.00
bus 0.00 0 0.00 997 81 1026 110 0.00 0.00 0.00 0.00 0.00 0.00 0.00
bus 0.00 0 0.00 985 61 1035 81 0.00 0.00 0.00 0.00 0.00 0.00 0.00
bus 0.00 0 0.00 930 73 972 94 0.00 0.00 0.00 0.00 0.00 0.00 0.00
bus 0.00 0 0.00 902 65 944 82 0.00 0.00 0.00 0.00 0.00 0.00 0.00
van 0.00 0 0.00 968 140 984 160 0.00 0.00 0.00 0.00 0.00 0.00 0.00
van 0.00 0 0.00 994 168 1014 188 0.00 0.00 0.00 0.00 0.00 0.00 0.00
van 0.00 0 0.00 876 206 904 225 0.00 0.00 0.00 0.00 0.00 0.00 0.00
van 0.00 0 0.00 804 188 824 204 0.00 0.00 0.00 0.00 0.00 0.00 0.00
van 0.00 0 0.00 761 212 789 229 0.00 0.00 0.00 0.00 0.00 0.00 0.00
van 0.00 0 0.00 763 145 776 159 0.00 0.00 0.00 0.00 0.00 0.00 0.00
van 0.00 0 0.00 801 126 814 147 0.00 0.00 0.00 0.00 0.00 0.00 0.00
car 0.00 0 0.00 736 125 750 140 0.00 0.00 0.00 0.00 0.00 0.00 0.00
car 0.00 0 0.00 725 101 742 115 0.00 0.00 0.00 0.00 0.00 0.00 0.00
car 0.00 0 0.00 937 145 951 161 0.00 0.00 0.00 0.00 0.00 0.00 0.00
van 0.00 0 0.00 951 127 968 147 0.00 0.00 0.00 0.00 0.00 0.00 0.00
van 0.00 0 0.00 913 85 926 101 0.00 0.00 0.00 0.00 0.00 0.00 0.00
van 0.00 0 0.00 886 69 904 83 0.00 0.00 0.00 0.00 0.00 0.00 0.00
van 0.00 0 0.00 874 69 889 79 0.00 0.00 0.00 0.00 0.00 0.00 0.00
van 0.00 0 0.00 861 62 882 78 0.00 0.00 0.00 0.00 0.00 0.00 0.00
van 0.00 0 0.00 843 61 861 76 0.00 0.00 0.00 0.00 0.00 0.00 0.00
car 0.00 0 0.00 773 108 785 122 0.00 0.00 0.00 0.00 0.00 0.00 0.00
bus 0.00 0 0.00 744 46 759 68 0.00 0.00 0.00 0.00 0.00 0.00 0.00
bus 0.00 0 0.00 733 26 748 47 0.00 0.00 0.00 0.00 0.00 0.00 0.00
van 0.00 0 0.00 721 94 738 104 0.00 0.00 0.00 0.00 0.00 0.00 0.00
van 0.00 0 0.00 719 90 735 100 0.00 0.00 0.00 0.00 0.00 0.00 0.00
van 0.00 0 0.00 715 81 730 90 0.00 0.00 0.00 0.00 0.00 0.00 0.00
van 0.00 0 0.00 713 74 731 86 0.00 0.00 0.00 0.00 0.00 0.00 0.00
car 0.00 0 0.00 728 69 737 80 0.00 0.00 0.00 0.00 0.00 0.00 0.00
car 0.00 0 0.00 741 8 762 18 0.00 0.00 0.00 0.00 0.00 0.00 0.00
truck 0.00 0 0.00 727 10 737 28 0.00 0.00 0.00 0.00 0.00 0.00 0.00
bus 0.00 0 0.00 719 28 730 44 0.00 0.00 0.00 0.00 0.00 0.00 0.00
car 0.00 0 0.00 709 28 720 39 0.00 0.00 0.00 0.00 0.00 0.00 0.00
car 0.00 0 0.00 843 92 852 103 0.00 0.00 0.00 0.00 0.00 0.00 0.00
van 0.00 0 0.00 642 109 659 131 0.00 0.00 0.00 0.00 0.00 0.00 0.00
truck 0.00 0 0.00 523 120 549 156 0.00 0.00 0.00 0.00 0.00 0.00 0.00
car 0.00 0 0.00 550 96 566 110 0.00 0.00 0.00 0.00 0.00 0.00 0.00
bus 0.00 0 0.00 569 66 584 88 0.00 0.00 0.00 0.00 0.00 0.00 0.00
car 0.00 0 0.00 553 51 565 63 0.00 0.00 0.00 0.00 0.00 0.00 0.00
car 0.00 0 0.00 600 53 609 65 0.00 0.00 0.00 0.00 0.00 0.00 0.00
car 0.00 0 0.00 632 59 646 74 0.00 0.00 0.00 0.00 0.00 0.00 0.00
van 0.00 0 0.00 625 20 637 34 0.00 0.00 0.00 0.00 0.00 0.00 0.00
truck 0.00 0 0.00 534 18 550 38 0.00 0.00 0.00 0.00 0.00 0.00 0.00
truck 0.00 0 0.00 553 3 567 23 0.00 0.00 0.00 0.00 0.00 0.00 0.00
van 0.00 0 0.00 993 119 1005 131 0.00 0.00 0.00 0.00 0.00 0.00 0.00
car 0.00 0 0.00 980 110 994 123 0.00 0.00 0.00 0.00 0.00 0.00 0.00
