van 0.00 0 0.00 0 93 20 114 0.00 0.00 0.00 0.00 0.00 0.00 0.00
car 0.00 0 0.00 2 195 38 217 0.00 0.00 0.00 0.00 0.00 0.00 0.00
pedestrian 0.00 0 0.00 398 217 410 234 0.00 0.00 0.00 0.00 0.00 0.00 0.00
van 0.00 0 0.00 406 251 443 283 0.00 0.00 0.00 0.00 0.00 0.00 0.00
car 0.00 0 0.00 297 277 360 303 0.00 0.00 0.00 0.00 0.00 0.00 0.00
car 0.00 0 0.00 326 296 376 324 0.00 0.00 0.00 0.00 0.00 0.00 0.00
car 0.00 0 0.00 331 302 387 334 0.00 0.00 0.00 0.00 0.00 0.00 0.00
car 0.00 0 0.00 351 319 410 349 0.00 0.00 0.00 0.00 0.00 0.00 0.00
car 0.00 0 0.00 405 372 469 412 0.00 0.00 0.00 0.00 0.00 0.00 0.00
car 0.00 0 0.00 449 390 506 423 0.00 0.00 0.00 0.00 0.00 0.00 0.00
car 0.00 0 0.00 478 422 562 462 0.00 0.00 0.00 0.00 0.00 0.00 0.00
car 0.00 0 0.00 532 455 616 507 0.00 0.00 0.00 0.00 0.00 0.00 0.00
car 0.00 0 0.00 179 302 239 339 0.00 0.00 0.00 0.00 0.00 0.00 0.00
car 0.00 0 0.00 190 317 263 350 0.00 0.00 0.00 0.00 0.00 0.00 0.00
car 0.00 0 0.00 203 329 277 354 0.00 0.00 0.00 0.00 0.00 0.00 0.00
car 0.00 0 0.00 208 341 288 374 0.00 0.00 0.00 0.00 0.00 0.00 0.00
car 0.00 0 0.00 296 439 385 486 0.00 0.00 0.00 0.00 0.00 0.00 0.00
car 0.00 0 0.00 320 457 404 502 0.00 0.00 0.00 0.00 0.00 0.00 0.00
car 0.00 0 0.00 336 477 430 531 0.00 0.00 0.00 0.00 0.00 0.00 0.00
car 0.00 0 0.00 358 497 448 550 0.00 0.00 0.00 0.00 0.00 0.00 0.00
car 0.00 0 0.00 371 524 470 582 0.00 0.00 0.00 0.00 0.00 0.00 0.00
car 0.00 0 0.00 582 498 675 550 0.00 0.00 0.00 0.00 0.00 0.00 0.00
car 0.00 0 0.00 226 354 297 390 0.00 0.00 0.00 0.00 0.00 0.00 0.00
car 0.00 0 0.00 397 542 491 603 0.00 0.00 0.00 0.00 0.00 0.00 0.00
car 0.00 0 0.00 480 549 566 610 0.00 0.00 0.00 0.00 0.00 0.00 0.00
car 0.00 0 0.00 609 521 693 578 0.00 0.00 0.00 0.00 0.00 0.00 0.00
car 0.00 0 0.00 684 533 751 574 0.00 0.00 0.00 0.00 0.00 0.00 0.00
motor 0.00 0 0.00 621 401 644 418 0.00 0.00 0.00 0.00 0.00 0.00 0.00
motor 0.00 0 0.00 585 371 608 397 0.00 0.00 0.00 0.00 0.00 0.00 0.00
motor 0.00 0 0.00 606 381 628 408 0.00 0.00 0.00 0.00 0.00 0.00 0.00
car 0.00 0 0.00 458 668 565 747 0.00 0.00 0.00 0.00 0.00 0.00 0.00
van 0.00 0 0.00 17 696 169 796 0.00 0.00 0.00 0.00 0.00 0.00 0.00
car 0.00 0 0.00 34 732 180 842 0.00 0.00 0.00 0.00 0.00 0.00 0.00
car 0.00 0 0.00 942 772 1075 898 0.00 0.00 0.00 0.00 0.00 0.00 0.00
car 0.00 0 0.00 1063 681 1176 774 0.00 0.00 0.00 0.00 0.00 0.00 0.00
car 0.00 0 0.00 1024 731 1157 844 0.00 0.00 0.00 0.00 0.00 0.00 0.00
car 0.00 0 0.00 977 620 1062 677 0.00 0.00 0.00 0.00 0.00 0.00 0.00
car 0.00 0 0.00 1072 568 1152 625 0.00 0.00 0.00 0.00 0.00 0.00 0.00
car 0.00 0 0.00 1256 160 1282 188 0.00 0.00 0.00 0.00 0.00 0.00 0.00
car 0.00 0 0.00 963 459 1029 507 0.00 0.00 0.00 0.00 0.00 0.00 0.00
car 0.00 0 0.00 1037 429 1100 469 0.00 0.00 0.00 0.00 0.00 0.00 0.00
car 0.00 0 0.00 1296 258 1358 283 0.00 0.00 0.00 0.00 0.00 0.00 0.00
car 0.00 0 0.00 1330 246 1388 273 0.00 0.00 0.00 0.00 0.00 0.00 0.00
car 0.00 0 0.00 1365 240 1400 260 0.00 0.00 0.00 0.00 0.00 0.00 0.00
car 0.00 0 0.00 1330 424 1381 462 0.00 0.00 0.00 0.00 0.00 0.00 0.00
car 0.00 0 0.00 1159 241 1194 267 0.00 0.00 0.00 0.00 0.00 0.00 0.00
car 0.00 0 0.00 1182 193 1207 221 0.00 0.00 0.00 0.00 0.00 0.00 0.00
motor 0.00 0 0.00 1242 442 1272 467 0.00 0.00 0.00 0.00 0.00 0.00 0.00
motor 0.00 0 0.00 956 592 988 617 0.00 0.00 0.00 0.00 0.00 0.00 0.00
people 0.00 0 0.00 969 588 988 607 0.00 0.00 0.00 0.00 0.00 0.00 0.00
people 0.00 0 0.00 1247 444 1263 465 0.00 0.00 0.00 0.00 0.00 0.00 0.00
people 0.00 0 0.00 1259 441 1268 460 0.00 0.00 0.00 0.00 0.00 0.00 0.00
car 0.00 0 0.00 1209 496 1272 533 0.00 0.00 0.00 0.00 0.00 0.00 0.00
car 0.00 0 0.00 1153 529 1218 571 0.00 0.00 0.00 0.00 0.00 0.00 0.00
motor 0.00 0 0.00 1306 613 1332 647 0.00 0.00 0.00 0.00 0.00 0.00 0.00
motor 0.00 0 0.00 1354 609 1374 647 0.00 0.00 0.00 0.00 0.00 0.00 0.00
motor 0.00 0 0.00 1196 654 1223 683 0.00 0.00 0.00 0.00 0.00 0.00 0.00
car 0.00 0 0.00 1287 659 1383 743 0.00 0.00 0.00 0.00 0.00 0.00 0.00
