pedestrian 0.00 0 0.00 831 482 841 502 0.00 0.00 0.00 0.00 0.00 0.00 0.00
pedestrian 0.00 0 0.00 815 362 820 373 0.00 0.00 0.00 0.00 0.00 0.00 0.00
pedestrian 0.00 0 0.00 813 335 820 345 0.00 0.00 0.00 0.00 0.00 0.00 0.00
pedestrian 0.00 0 0.00 806 320 810 331 0.00 0.00 0.00 0.00 0.00 0.00 0.00
pedestrian 0.00 0 0.00 813 320 819 331 0.00 0.00 0.00 0.00 0.00 0.00 0.00
pedestrian 0.00 0 0.00 795 292 800 305 0.00 0.00 0.00 0.00 0.00 0.00 0.00
van 0.00 0 0.00 698 315 711 345 0.00 0.00 0.00 0.00 0.00 0.00 0.00
car 0.00 0 0.00 723 284 737 311 0.00 0.00 0.00 0.00 0.00 0.00 0.00
car 0.00 0 0.00 642 302 656 325 0.00 0.00 0.00 0.00 0.00 0.00 0.00
car 0.00 0 0.00 644 270 658 292 0.00 0.00 0.00 0.00 0.00 0.00 0.00
car 0.00 0 0.00 650 242 665 262 0.00 0.00 0.00 0.00 0.00 0.00 0.00
car 0.00 0 0.00 653 219 668 239 0.00 0.00 0.00 0.00 0.00 0.00 0.00
car 0.00 0 0.00 654 200 667 217 0.00 0.00 0.00 0.00 0.00 0.00 0.00
car 0.00 0 0.00 727 99 745 118 0.00 0.00 0.00 0.00 0.00 0.00 0.00
car 0.00 0 0.00 1012 373 1045 393 0.00 0.00 0.00 0.00 0.00 0.00 0.00
van 0.00 0 0.00 1011 352 1046 370 0.00 0.00 0.00 0.00 0.00 0.00 0.00
car 0.00 0 0.00 1008 343 1040 356 0.00 0.00 0.00 0.00 0.00 0.00 0.00
car 0.00 0 0.00 995 305 1031 326 0.00 0.00 0.00 0.00 0.00 0.00 0.00
car 0.00 0 0.00 994 299 1025 314 0.00 0.00 0.00 0.00 0.00 0.00 0.00
car 0.00 0 0.00 989 288 1021 304 0.00 0.00 0.00 0.00 0.00 0.00 0.00
car 0.00 0 0.00 987 282 1021 297 0.00 0.00 0.00 0.00 0.00 0.00 0.00
car 0.00 0 0.00 981 255 1014 271 0.00 0.00 0.00 0.00 0.00 0.00 0.00
car 0.00 0 0.00 981 246 1012 261 0.00 0.00 0.00 0.00 0.00 0.00 0.00
car 0.00 0 0.00 1044 261 1081 279 0.00 0.00 0.00 0.00 0.00 0.00 0.00
car 0.00 0 0.00 1044 254 1077 269 0.00 0.00 0.00 0.00 0.00 0.00 0.00
car 0.00 0 0.00 1043 247 1080 260 0.00 0.00 0.00 0.00 0.00 0.00 0.00
car 0.00 0 0.00 1038 232 1075 248 0.00 0.00 0.00 0.00 0.00 0.00 0.00
car 0.00 0 0.00 944 171 960 194 0.00 0.00 0.00 0.00 0.00 0.00 0.00
car 0.00 0 0.00 960 168 974 195 0.00 0.00 0.00 0.00 0.00 0.00 0.00
car 0.00 0 0.00 974 169 987 196 0.00 0.00 0.00 0.00 0.00 0.00 0.00
car 0.00 0 0.00 997 169 1013 196 0.00 0.00 0.00 0.00 0.00 0.00 0.00
car 0.00 0 0.00 1009 174 1027 198 0.00 0.00 0.00 0.00 0.00 0.00 0.00
car 0.00 0 0.00 1035 176 1052 196 0.00 0.00 0.00 0.00 0.00 0.00 0.00
car 0.00 0 0.00 1048 170 1064 193 0.00 0.00 0.00 0.00 0.00 0.00 0.00
car 0.00 0 0.00 996 120 1022 132 0.00 0.00 0.00 0.00 0.00 0.00 0.00
car 0.00 0 0.00 1032 123 1059 138 0.00 0.00 0.00 0.00 0.00 0.00 0.00
car 0.00 0 0.00 1060 118 1082 130 0.00 0.00 0.00 0.00 0.00 0.00 0.00
van 0.00 0 0.00 1095 111 1125 130 0.00 0.00 0.00 0.00 0.00 0.00 0.00
