pedestrian 0.00 0 0.00 284 132 291 144 0.00 0.00 0.00 0.00 0.00 0.00 0.00
car 0.00 0 0.00 264 267 308 289 0.00 0.00 0.00 0.00 0.00 0.00 0.00
car 0.00 0 0.00 388 302 437 323 0.00 0.00 0.00 0.00 0.00 0.00 0.00
car 0.00 0 0.00 399 273 443 292 0.00 0.00 0.00 0.00 0.00 0.00 0.00
car 0.00 0 0.00 330 411 378 433 0.00 0.00 0.00 0.00 0.00 0.00 0.00
pedestrian 0.00 0 0.00 399 465 407 476 0.00 0.00 0.00 0.00 0.00 0.00 0.00
car 0.00 0 0.00 555 251 598 272 0.00 0.00 0.00 0.00 0.00 0.00 0.00
motor 0.00 0 0.00 182 628 196 640 0.00 0.00 0.00 0.00 0.00 0.00 0.00
motor 0.00 0 0.00 517 579 536 588 0.00 0.00 0.00 0.00 0.00 0.00 0.00
pedestrian 0.00 0 0.00 849 661 856 674 0.00 0.00 0.00 0.00 0.00 0.00 0.00
pedestrian 0.00 0 0.00 501 209 508 220 0.00 0.00 0.00 0.00 0.00 0.00 0.00
pedestrian 0.00 0 0.00 501 200 508 212 0.00 0.00 0.00 0.00 0.00 0.00 0.00
pedestrian 0.00 0 0.00 482 201 488 212 0.00 0.00 0.00 0.00 0.00 0.00 0.00
bus 0.00 0 0.00 597 205 716 251 0.00 0.00 0.00 0.00 0.00 0.00 0.00
truck 0.00 0 0.00 745 236 810 270 0.00 0.00 0.00 0.00 0.00 0.00 0.00
pedestrian 0.00 0 0.00 848 203 853 217 0.00 0.00 0.00 0.00 0.00 0.00 0.00
pedestrian 0.00 0 0.00 852 208 859 222 0.00 0.00 0.00 0.00 0.00 0.00 0.00
pedestrian 0.00 0 0.00 871 213 878 228 0.00 0.00 0.00 0.00 0.00 0.00 0.00
pedestrian 0.00 0 0.00 1290 680 1296 691 0.00 0.00 0.00 0.00 0.00 0.00 0.00
car 0.00 0 0.00 851 0 878 17 0.00 0.00 0.00 0.00 0.00 0.00 0.00
car 0.00 0 0.00 876 11 907 39 0.00 0.00 0.00 0.00 0.00 0.00 0.00
van 0.00 0 0.00 952 55 986 87 0.00 0.00 0.00 0.00 0.00 0.00 0.00
car 0.00 0 0.00 990 49 1011 66 0.00 0.00 0.00 0.00 0.00 0.00 0.00
car 0.00 0 0.00 973 40 993 58 0.00 0.00 0.00 0.00 0.00 0.00 0.00
car 0.00 0 0.00 1039 107 1068 136 0.00 0.00 0.00 0.00 0.00 0.00 0.00
car 0.00 0 0.00 1056 119 1086 149 0.00 0.00 0.00 0.00 0.00 0.00 0.00
car 0.00 0 0.00 1001 86 1034 119 0.00 0.00 0.00 0.00 0.00 0.00 0.00
car 0.00 0 0.00 920 145 962 161 0.00 0.00 0.00 0.00 0.00 0.00 0.00
car 0.00 0 0.00 1054 264 1108 284 0.00 0.00 0.00 0.00 0.00 0.00 0.00
