bicycle 0.00 0 0.00 1288 324 1366 432 0.00 0.00 0.00 0.00 0.00 0.00 0.00
bicycle 0.00 0 0.00 1004 542 1060 659 0.00 0.00 0.00 0.00 0.00 0.00 0.00
bicycle 0.00 0 0.00 441 733 515 840 0.00 0.00 0.00 0.00 0.00 0.00 0.00
pedestrian 0.00 0 0.00 508 796 566 869 0.00 0.00 0.00 0.00 0.00 0.00 0.00
pedestrian 0.00 0 0.00 518 775 593 929 0.00 0.00 0.00 0.00 0.00 0.00 0.00
pedestrian 0.00 0 0.00 582 713 612 760 0.00 0.00 0.00 0.00 0.00 0.00 0.00
pedestrian 0.00 0 0.00 551 719 609 837 0.00 0.00 0.00 0.00 0.00 0.00 0.00
pedestrian 0.00 0 0.00 842 727 866 781 0.00 0.00 0.00 0.00 0.00 0.00 0.00
pedestrian 0.00 0 0.00 834 693 888 796 0.00 0.00 0.00 0.00 0.00 0.00 0.00
pedestrian 0.00 0 0.00 431 656 472 731 0.00 0.00 0.00 0.00 0.00 0.00 0.00
pedestrian 0.00 0 0.00 404 661 470 779 0.00 0.00 0.00 0.00 0.00 0.00 0.00
pedestrian 0.00 0 0.00 470 851 540 1010 0.00 0.00 0.00 0.00 0.00 0.00 0.00
pedestrian 0.00 0 0.00 662 759 693 828 0.00 0.00 0.00 0.00 0.00 0.00 0.00
pedestrian 0.00 0 0.00 620 721 669 822 0.00 0.00 0.00 0.00 0.00 0.00 0.00
pedestrian 0.00 0 0.00 712 716 779 811 0.00 0.00 0.00 0.00 0.00 0.00 0.00
pedestrian 0.00 0 0.00 777 699 834 834 0.00 0.00 0.00 0.00 0.00 0.00 0.00
motor 0.00 0 0.00 1057 617 1117 713 0.00 0.00 0.00 0.00 0.00 0.00 0.00
people 0.00 0 0.00 1537 555 1597 657 0.00 0.00 0.00 0.00 0.00 0.00 0.00
pedestrian 0.00 0 0.00 1581 624 1624 707 0.00 0.00 0.00 0.00 0.00 0.00 0.00
bicycle 0.00 0 0.00 911 316 971 422 0.00 0.00 0.00 0.00 0.00 0.00 0.00
people 0.00 0 0.00 1698 0 1731 44 0.00 0.00 0.00 0.00 0.00 0.00 0.00
bicycle 0.00 0 0.00 1679 26 1750 66 0.00 0.00 0.00 0.00 0.00 0.00 0.00
