car 0.00 0 0.00 878 445 909 514 0.00 0.00 0.00 0.00 0.00 0.00 0.00
car 0.00 0 0.00 811 100 841 163 0.00 0.00 0.00 0.00 0.00 0.00 0.00
car 0.00 0 0.00 985 117 1017 185 0.00 0.00 0.00 0.00 0.00 0.00 0.00
car 0.00 0 0.00 728 505 804 539 0.00 0.00 0.00 0.00 0.00 0.00 0.00
car 0.00 0 0.00 746 438 810 468 0.00 0.00 0.00 0.00 0.00 0.00 0.00
car 0.00 0 0.00 725 389 795 423 0.00 0.00 0.00 0.00 0.00 0.00 0.00
car 0.00 0 0.00 740 627 807 658 0.00 0.00 0.00 0.00 0.00 0.00 0.00
car 0.00 0 0.00 727 713 805 752 0.00 0.00 0.00 0.00 0.00 0.00 0.00
car 0.00 0 0.00 579 572 646 602 0.00 0.00 0.00 0.00 0.00 0.00 0.00
van 0.00 0 0.00 586 532 645 559 0.00 0.00 0.00 0.00 0.00 0.00 0.00
car 0.00 0 0.00 579 489 650 525 0.00 0.00 0.00 0.00 0.00 0.00 0.00
car 0.00 0 0.00 588 427 643 477 0.00 0.00 0.00 0.00 0.00 0.00 0.00
car 0.00 0 0.00 682 302 716 369 0.00 0.00 0.00 0.00 0.00 0.00 0.00
car 0.00 0 0.00 641 315 679 385 0.00 0.00 0.00 0.00 0.00 0.00 0.00
car 0.00 0 0.00 600 295 649 363 0.00 0.00 0.00 0.00 0.00 0.00 0.00
car 0.00 0 0.00 729 245 795 270 0.00 0.00 0.00 0.00 0.00 0.00 0.00
car 0.00 0 0.00 722 201 791 233 0.00 0.00 0.00 0.00 0.00 0.00 0.00
car 0.00 0 0.00 731 168 796 199 0.00 0.00 0.00 0.00 0.00 0.00 0.00
car 0.00 0 0.00 585 237 647 296 0.00 0.00 0.00 0.00 0.00 0.00 0.00
van 0.00 0 0.00 593 178 643 226 0.00 0.00 0.00 0.00 0.00 0.00 0.00
car 0.00 0 0.00 596 142 664 180 0.00 0.00 0.00 0.00 0.00 0.00 0.00
car 0.00 0 0.00 598 98 654 154 0.00 0.00 0.00 0.00 0.00 0.00 0.00
car 0.00 0 0.00 600 36 666 98 0.00 0.00 0.00 0.00 0.00 0.00 0.00
car 0.00 0 0.00 729 56 798 86 0.00 0.00 0.00 0.00 0.00 0.00 0.00
car 0.00 0 0.00 730 95 800 126 0.00 0.00 0.00 0.00 0.00 0.00 0.00
car 0.00 0 0.00 729 128 799 163 0.00 0.00 0.00 0.00 0.00 0.00 0.00
car 0.00 0 0.00 745 16 809 48 0.00 0.00 0.00 0.00 0.00 0.00 0.00
car 0.00 0 0.00 593 0 657 48 0.00 0.00 0.00 0.00 0.00 0.00 0.00
car 0.00 0 0.00 979 221 1007 285 0.00 0.00 0.00 0.00 0.00 0.00 0.00
van 0.00 0 0.00 715 278 777 334 0.00 0.00 0.00 0.00 0.00 0.00 0.00
van 0.00 0 0.00 714 766 778 787 0.00 0.00 0.00 0.00 0.00 0.00 0.00
pedestrian 0.00 0 0.00 680 29 691 45 0.00 0.00 0.00 0.00 0.00 0.00 0.00
