pedestrian 0.00 0 0.00 239 593 258 631 0.00 0.00 0.00 0.00 0.00 0.00 0.00
pedestrian 0.00 0 0.00 91 671 119 714 0.00 0.00 0.00 0.00 0.00 0.00 0.00
pedestrian 0.00 0 0.00 374 712 383 736 0.00 0.00 0.00 0.00 0.00 0.00 0.00
pedestrian 0.00 0 0.00 360 715 373 741 0.00 0.00 0.00 0.00 0.00 0.00 0.00
car 0.00 0 0.00 322 983 368 1035 0.00 0.00 0.00 0.00 0.00 0.00 0.00
car 0.00 0 0.00 717 843 799 987 0.00 0.00 0.00 0.00 0.00 0.00 0.00
car 0.00 0 0.00 687 680 775 807 0.00 0.00 0.00 0.00 0.00 0.00 0.00
pedestrian 0.00 0 0.00 755 49 766 77 0.00 0.00 0.00 0.00 0.00 0.00 0.00
car 0.00 0 0.00 855 25 896 73 0.00 0.00 0.00 0.00 0.00 0.00 0.00
car 0.00 0 0.00 995 87 1041 143 0.00 0.00 0.00 0.00 0.00 0.00 0.00
truck 0.00 0 0.00 969 162 1007 216 0.00 0.00 0.00 0.00 0.00 0.00 0.00
car 0.00 0 0.00 913 258 965 328 0.00 0.00 0.00 0.00 0.00 0.00 0.00
car 0.00 0 0.00 848 374 913 462 0.00 0.00 0.00 0.00 0.00 0.00 0.00
car 0.00 0 0.00 864 467 938 570 0.00 0.00 0.00 0.00 0.00 0.00 0.00
car 0.00 0 0.00 798 625 866 755 0.00 0.00 0.00 0.00 0.00 0.00 0.00
car 0.00 0 0.00 1278 16 1337 57 0.00 0.00 0.00 0.00 0.00 0.00 0.00
car 0.00 0 0.00 1252 136 1288 187 0.00 0.00 0.00 0.00 0.00 0.00 0.00
