truck 0.00 0 0.00 707 954 903 1314 0.00 0.00 0.00 0.00 0.00 0.00 0.00
truck 0.00 0 0.00 690 1002 795 1161 0.00 0.00 0.00 0.00 0.00 0.00 0.00
van 0.00 0 0.00 759 963 819 1054 0.00 0.00 0.00 0.00 0.00 0.00 0.00
car 0.00 0 0.00 874 918 934 983 0.00 0.00 0.00 0.00 0.00 0.00 0.00
car 0.00 0 0.00 801 903 859 967 0.00 0.00 0.00 0.00 0.00 0.00 0.00
car 0.00 0 0.00 922 855 969 910 0.00 0.00 0.00 0.00 0.00 0.00 0.00
car 0.00 0 0.00 864 838 915 892 0.00 0.00 0.00 0.00 0.00 0.00 0.00
car 0.00 0 0.00 937 795 983 852 0.00 0.00 0.00 0.00 0.00 0.00 0.00
van 0.00 0 0.00 890 787 933 843 0.00 0.00 0.00 0.00 0.00 0.00 0.00
car 0.00 0 0.00 964 763 1006 810 0.00 0.00 0.00 0.00 0.00 0.00 0.00
car 0.00 0 0.00 920 757 959 799 0.00 0.00 0.00 0.00 0.00 0.00 0.00
truck 0.00 0 0.00 917 718 960 763 0.00 0.00 0.00 0.00 0.00 0.00 0.00
van 0.00 0 0.00 938 688 969 730 0.00 0.00 0.00 0.00 0.00 0.00 0.00
car 0.00 0 0.00 980 719 1019 756 0.00 0.00 0.00 0.00 0.00 0.00 0.00
car 0.00 0 0.00 999 682 1032 720 0.00 0.00 0.00 0.00 0.00 0.00 0.00
car 0.00 0 0.00 960 674 996 709 0.00 0.00 0.00 0.00 0.00 0.00 0.00
bus 0.00 0 0.00 1015 600 1061 676 0.00 0.00 0.00 0.00 0.00 0.00 0.00
car 0.00 0 0.00 1048 580 1071 601 0.00 0.00 0.00 0.00 0.00 0.00 0.00
truck 0.00 0 0.00 962 641 1002 679 0.00 0.00 0.00 0.00 0.00 0.00 0.00
truck 0.00 0 0.00 978 579 1030 650 0.00 0.00 0.00 0.00 0.00 0.00 0.00
truck 0.00 0 0.00 1002 544 1043 597 0.00 0.00 0.00 0.00 0.00 0.00 0.00
truck 0.00 0 0.00 1021 521 1053 559 0.00 0.00 0.00 0.00 0.00 0.00 0.00
truck 0.00 0 0.00 1038 501 1061 534 0.00 0.00 0.00 0.00 0.00 0.00 0.00
truck 0.00 0 0.00 1039 479 1066 519 0.00 0.00 0.00 0.00 0.00 0.00 0.00
car 0.00 0 0.00 1059 487 1073 505 0.00 0.00 0.00 0.00 0.00 0.00 0.00
truck 0.00 0 0.00 1061 448 1086 483 0.00 0.00 0.00 0.00 0.00 0.00 0.00
truck 0.00 0 0.00 1071 438 1090 463 0.00 0.00 0.00 0.00 0.00 0.00 0.00
car 0.00 0 0.00 1112 414 1123 424 0.00 0.00 0.00 0.00 0.00 0.00 0.00
car 0.00 0 0.00 1092 436 1104 447 0.00 0.00 0.00 0.00 0.00 0.00 0.00
car 0.00 0 0.00 1097 454 1110 466 0.00 0.00 0.00 0.00 0.00 0.00 0.00
pedestrian 0.00 0 0.00 1092 459 1100 471 0.00 0.00 0.00 0.00 0.00 0.00 0.00
pedestrian 0.00 0 0.00 1108 461 1114 473 0.00 0.00 0.00 0.00 0.00 0.00 0.00
car 0.00 0 0.00 1129 476 1143 487 0.00 0.00 0.00 0.00 0.00 0.00 0.00
people 0.00 0 0.00 1155 528 1162 539 0.00 0.00 0.00 0.00 0.00 0.00 0.00
motor 0.00 0 0.00 1155 534 1160 544 0.00 0.00 0.00 0.00 0.00 0.00 0.00
people 0.00 0 0.00 1156 469 1160 476 0.00 0.00 0.00 0.00 0.00 0.00 0.00
motor 0.00 0 0.00 1155 471 1159 479 0.00 0.00 0.00 0.00 0.00 0.00 0.00
car 0.00 0 0.00 1143 409 1154 419 0.00 0.00 0.00 0.00 0.00 0.00 0.00
car 0.00 0 0.00 1165 407 1171 415 0.00 0.00 0.00 0.00 0.00 0.00 0.00
truck 0.00 0 0.00 1161 379 1175 395 0.00 0.00 0.00 0.00 0.00 0.00 0.00
car 0.00 0 0.00 1121 379 1137 385 0.00 0.00 0.00 0.00 0.00 0.00 0.00
car 0.00 0 0.00 1182 377 1189 386 0.00 0.00 0.00 0.00 0.00 0.00 0.00
car 0.00 0 0.00 1140 376 1147 384 0.00 0.00 0.00 0.00 0.00 0.00 0.00
car 0.00 0 0.00 1138 372 1145 380 0.00 0.00 0.00 0.00 0.00 0.00 0.00
truck 0.00 0 0.00 1151 370 1162 383 0.00 0.00 0.00 0.00 0.00 0.00 0.00
truck 0.00 0 0.00 1158 356 1167 374 0.00 0.00 0.00 0.00 0.00 0.00 0.00
car 0.00 0 0.00 1146 365 1154 373 0.00 0.00 0.00 0.00 0.00 0.00 0.00
car 0.00 0 0.00 1148 359 1154 367 0.00 0.00 0.00 0.00 0.00 0.00 0.00
car 0.00 0 0.00 1149 358 1155 364 0.00 0.00 0.00 0.00 0.00 0.00 0.00
car 0.00 0 0.00 1183 351 1189 358 0.00 0.00 0.00 0.00 0.00 0.00 0.00
car 0.00 0 0.00 1170 341 1176 348 0.00 0.00 0.00 0.00 0.00 0.00 0.00
car 0.00 0 0.00 1159 344 1164 349 0.00 0.00 0.00 0.00 0.00 0.00 0.00
truck 0.00 0 0.00 1169 325 1175 336 0.00 0.00 0.00 0.00 0.00 0.00 0.00
car 0.00 0 0.00 1228 440 1256 452 0.00 0.00 0.00 0.00 0.00 0.00 0.00
pedestrian 0.00 0 0.00 1194 539 1201 554 0.00 0.00 0.00 0.00 0.00 0.00 0.00
car 0.00 0 0.00 1172 532 1221 551 0.00 0.00 0.00 0.00 0.00 0.00 0.00
car 0.00 0 0.00 1232 538 1268 553 0.00 0.00 0.00 0.00 0.00 0.00 0.00
bus 0.00 0 0.00 1854 485 1962 513 0.00 0.00 0.00 0.00 0.00 0.00 0.00
bus 0.00 0 0.00 1847 501 1914 541 0.00 0.00 0.00 0.00 0.00 0.00 0.00
bus 0.00 0 0.00 1891 505 1967 548 0.00 0.00 0.00 0.00 0.00 0.00 0.00
bus 0.00 0 0.00 1791 488 1897 522 0.00 0.00 0.00 0.00 0.00 0.00 0.00
