car 0.00 0 0.00 704 683 814 740 0.00 0.00 0.00 0.00 0.00 0.00 0.00
car 0.00 0 0.00 505 576 548 664 0.00 0.00 0.00 0.00 0.00 0.00 0.00
car 0.00 0 0.00 746 779 854 845 0.00 0.00 0.00 0.00 0.00 0.00 0.00
car 0.00 0 0.00 746 842 875 921 0.00 0.00 0.00 0.00 0.00 0.00 0.00
car 0.00 0 0.00 765 918 910 999 0.00 0.00 0.00 0.00 0.00 0.00 0.00
car 0.00 0 0.00 691 265 712 294 0.00 0.00 0.00 0.00 0.00 0.00 0.00
car 0.00 0 0.00 624 328 666 365 0.00 0.00 0.00 0.00 0.00 0.00 0.00
car 0.00 0 0.00 630 234 679 256 0.00 0.00 0.00 0.00 0.00 0.00 0.00
car 0.00 0 0.00 224 447 273 502 0.00 0.00 0.00 0.00 0.00 0.00 0.00
car 0.00 0 0.00 137 464 186 518 0.00 0.00 0.00 0.00 0.00 0.00 0.00
car 0.00 0 0.00 200 377 243 422 0.00 0.00 0.00 0.00 0.00 0.00 0.00
car 0.00 0 0.00 199 295 243 330 0.00 0.00 0.00 0.00 0.00 0.00 0.00
car 0.00 0 0.00 306 241 336 270 0.00 0.00 0.00 0.00 0.00 0.00 0.00
car 0.00 0 0.00 339 199 366 220 0.00 0.00 0.00 0.00 0.00 0.00 0.00
car 0.00 0 0.00 358 173 380 199 0.00 0.00 0.00 0.00 0.00 0.00 0.00
car 0.00 0 0.00 379 142 403 165 0.00 0.00 0.00 0.00 0.00 0.00 0.00
car 0.00 0 0.00 401 117 418 135 0.00 0.00 0.00 0.00 0.00 0.00 0.00
car 0.00 0 0.00 305 449 346 497 0.00 0.00 0.00 0.00 0.00 0.00 0.00
car 0.00 0 0.00 691 492 780 533 0.00 0.00 0.00 0.00 0.00 0.00 0.00
car 0.00 0 0.00 703 520 791 560 0.00 0.00 0.00 0.00 0.00 0.00 0.00
van 0.00 0 0.00 295 343 329 388 0.00 0.00 0.00 0.00 0.00 0.00 0.00
van 0.00 0 0.00 687 316 718 365 0.00 0.00 0.00 0.00 0.00 0.00 0.00
van 0.00 0 0.00 492 34 501 46 0.00 0.00 0.00 0.00 0.00 0.00 0.00
car 0.00 0 0.00 508 7 516 15 0.00 0.00 0.00 0.00 0.00 0.00 0.00
car 0.00 0 0.00 524 23 532 33 0.00 0.00 0.00 0.00 0.00 0.00 0.00
car 0.00 0 0.00 467 35 478 47 0.00 0.00 0.00 0.00 0.00 0.00 0.00
car 0.00 0 0.00 479 23 488 31 0.00 0.00 0.00 0.00 0.00 0.00 0.00
car 0.00 0 0.00 485 15 493 24 0.00 0.00 0.00 0.00 0.00 0.00 0.00
van 0.00 0 0.00 410 104 429 123 0.00 0.00 0.00 0.00 0.00 0.00 0.00
car 0.00 0 0.00 504 261 527 286 0.00 0.00 0.00 0.00 0.00 0.00 0.00
car 0.00 0 0.00 579 234 617 254 0.00 0.00 0.00 0.00 0.00 0.00 0.00
car 0.00 0 0.00 704 235 743 255 0.00 0.00 0.00 0.00 0.00 0.00 0.00
car 0.00 0 0.00 500 282 526 314 0.00 0.00 0.00 0.00 0.00 0.00 0.00
car 0.00 0 0.00 483 304 525 333 0.00 0.00 0.00 0.00 0.00 0.00 0.00
car 0.00 0 0.00 476 329 518 359 0.00 0.00 0.00 0.00 0.00 0.00 0.00
car 0.00 0 0.00 472 359 524 392 0.00 0.00 0.00 0.00 0.00 0.00 0.00
car 0.00 0 0.00 447 438 499 471 0.00 0.00 0.00 0.00 0.00 0.00 0.00
car 0.00 0 0.00 420 522 501 578 0.00 0.00 0.00 0.00 0.00 0.00 0.00
car 0.00 0 0.00 399 586 480 642 0.00 0.00 0.00 0.00 0.00 0.00 0.00
car 0.00 0 0.00 387 648 468 726 0.00 0.00 0.00 0.00 0.00 0.00 0.00
car 0.00 0 0.00 358 723 448 825 0.00 0.00 0.00 0.00 0.00 0.00 0.00
car 0.00 0 0.00 346 846 438 964 0.00 0.00 0.00 0.00 0.00 0.00 0.00
car 0.00 0 0.00 314 958 386 1050 0.00 0.00 0.00 0.00 0.00 0.00 0.00
pedestrian 0.00 0 0.00 489 494 500 521 0.00 0.00 0.00 0.00 0.00 0.00 0.00
pedestrian 0.00 0 0.00 499 464 513 490 0.00 0.00 0.00 0.00 0.00 0.00 0.00
car 0.00 0 0.00 582 267 631 290 0.00 0.00 0.00 0.00 0.00 0.00 0.00
car 0.00 0 0.00 579 284 636 308 0.00 0.00 0.00 0.00 0.00 0.00 0.00
car 0.00 0 0.00 569 296 617 328 0.00 0.00 0.00 0.00 0.00 0.00 0.00
car 0.00 0 0.00 576 309 633 342 0.00 0.00 0.00 0.00 0.00 0.00 0.00
car 0.00 0 0.00 574 326 638 357 0.00 0.00 0.00 0.00 0.00 0.00 0.00
bicycle 0.00 0 0.00 820 651 839 688 0.00 0.00 0.00 0.00 0.00 0.00 0.00
pedestrian 0.00 0 0.00 701 837 720 873 0.00 0.00 0.00 0.00 0.00 0.00 0.00
car 0.00 0 0.00 168 298 208 327 0.00 0.00 0.00 0.00 0.00 0.00 0.00
car 0.00 0 0.00 112 292 158 326 0.00 0.00 0.00 0.00 0.00 0.00 0.00
car 0.00 0 0.00 135 393 187 433 0.00 0.00 0.00 0.00 0.00 0.00 0.00
car 0.00 0 0.00 87 433 173 484 0.00 0.00 0.00 0.00 0.00 0.00 0.00
car 0.00 0 0.00 40 464 134 528 0.00 0.00 0.00 0.00 0.00 0.00 0.00
car 0.00 0 0.00 2 521 104 586 0.00 0.00 0.00 0.00 0.00 0.00 0.00
car 0.00 0 0.00 0 646 70 723 0.00 0.00 0.00 0.00 0.00 0.00 0.00
car 0.00 0 0.00 0 586 49 641 0.00 0.00 0.00 0.00 0.00 0.00 0.00
tricycle 0.00 0 0.00 684 234 698 256 0.00 0.00 0.00 0.00 0.00 0.00 0.00
