car 0.00 0 0.00 0 405 68 466 0.00 0.00 0.00 0.00 0.00 0.00 0.00
car 0.00 0 0.00 246 385 322 445 0.00 0.00 0.00 0.00 0.00 0.00 0.00
car 0.00 0 0.00 214 281 319 329 0.00 0.00 0.00 0.00 0.00 0.00 0.00
van 0.00 0 0.00 337 210 391 256 0.00 0.00 0.00 0.00 0.00 0.00 0.00
pedestrian 0.00 0 0.00 393 216 411 248 0.00 0.00 0.00 0.00 0.00 0.00 0.00
motor 0.00 0 0.00 396 182 411 208 0.00 0.00 0.00 0.00 0.00 0.00 0.00
van 0.00 0 0.00 484 138 538 163 0.00 0.00 0.00 0.00 0.00 0.00 0.00
van 0.00 0 0.00 585 130 611 159 0.00 0.00 0.00 0.00 0.00 0.00 0.00
car 0.00 0 0.00 596 117 622 136 0.00 0.00 0.00 0.00 0.00 0.00 0.00
car 0.00 0 0.00 534 114 579 130 0.00 0.00 0.00 0.00 0.00 0.00 0.00
car 0.00 0 0.00 544 109 579 125 0.00 0.00 0.00 0.00 0.00 0.00 0.00
motor 0.00 0 0.00 493 120 502 143 0.00 0.00 0.00 0.00 0.00 0.00 0.00
motor 0.00 0 0.00 501 123 508 144 0.00 0.00 0.00 0.00 0.00 0.00 0.00
pedestrian 0.00 0 0.00 588 96 594 111 0.00 0.00 0.00 0.00 0.00 0.00 0.00
car 0.00 0 0.00 582 90 603 105 0.00 0.00 0.00 0.00 0.00 0.00 0.00
car 0.00 0 0.00 612 73 628 87 0.00 0.00 0.00 0.00 0.00 0.00 0.00
pedestrian 0.00 0 0.00 615 86 618 98 0.00 0.00 0.00 0.00 0.00 0.00 0.00
car 0.00 0 0.00 661 81 677 96 0.00 0.00 0.00 0.00 0.00 0.00 0.00
car 0.00 0 0.00 629 61 643 75 0.00 0.00 0.00 0.00 0.00 0.00 0.00
car 0.00 0 0.00 674 68 688 84 0.00 0.00 0.00 0.00 0.00 0.00 0.00
car 0.00 0 0.00 641 58 652 69 0.00 0.00 0.00 0.00 0.00 0.00 0.00
people 0.00 0 0.00 655 70 658 81 0.00 0.00 0.00 0.00 0.00 0.00 0.00
people 0.00 0 0.00 670 65 673 74 0.00 0.00 0.00 0.00 0.00 0.00 0.00
people 0.00 0 0.00 658 59 661 72 0.00 0.00 0.00 0.00 0.00 0.00 0.00
motor 0.00 0 0.00 655 75 660 86 0.00 0.00 0.00 0.00 0.00 0.00 0.00
motor 0.00 0 0.00 658 64 661 75 0.00 0.00 0.00 0.00 0.00 0.00 0.00
motor 0.00 0 0.00 670 68 675 79 0.00 0.00 0.00 0.00 0.00 0.00 0.00
car 0.00 0 0.00 691 58 705 73 0.00 0.00 0.00 0.00 0.00 0.00 0.00
car 0.00 0 0.00 652 53 664 63 0.00 0.00 0.00 0.00 0.00 0.00 0.00
car 0.00 0 0.00 665 44 677 53 0.00 0.00 0.00 0.00 0.00 0.00 0.00
car 0.00 0 0.00 675 41 687 49 0.00 0.00 0.00 0.00 0.00 0.00 0.00
car 0.00 0 0.00 680 36 688 45 0.00 0.00 0.00 0.00 0.00 0.00 0.00
car 0.00 0 0.00 678 268 718 303 0.00 0.00 0.00 0.00 0.00 0.00 0.00
car 0.00 0 0.00 746 82 764 98 0.00 0.00 0.00 0.00 0.00 0.00 0.00
pedestrian 0.00 0 0.00 760 185 774 214 0.00 0.00 0.00 0.00 0.00 0.00 0.00
people 0.00 0 0.00 855 209 863 230 0.00 0.00 0.00 0.00 0.00 0.00 0.00
bicycle 0.00 0 0.00 858 216 864 236 0.00 0.00 0.00 0.00 0.00 0.00 0.00
pedestrian 0.00 0 0.00 889 171 896 194 0.00 0.00 0.00 0.00 0.00 0.00 0.00
people 0.00 0 0.00 824 139 830 152 0.00 0.00 0.00 0.00 0.00 0.00 0.00
motor 0.00 0 0.00 824 144 831 157 0.00 0.00 0.00 0.00 0.00 0.00 0.00
car 0.00 0 0.00 775 111 795 130 0.00 0.00 0.00 0.00 0.00 0.00 0.00
car 0.00 0 0.00 844 151 867 177 0.00 0.00 0.00 0.00 0.00 0.00 0.00
car 0.00 0 0.00 842 145 864 160 0.00 0.00 0.00 0.00 0.00 0.00 0.00
car 0.00 0 0.00 842 124 861 141 0.00 0.00 0.00 0.00 0.00 0.00 0.00
car 0.00 0 0.00 845 100 859 113 0.00 0.00 0.00 0.00 0.00 0.00 0.00
car 0.00 0 0.00 845 92 861 106 0.00 0.00 0.00 0.00 0.00 0.00 0.00
car 0.00 0 0.00 844 97 859 107 0.00 0.00 0.00 0.00 0.00 0.00 0.00
car 0.00 0 0.00 867 92 883 109 0.00 0.00 0.00 0.00 0.00 0.00 0.00
bicycle 0.00 0 0.00 872 138 889 153 0.00 0.00 0.00 0.00 0.00 0.00 0.00
motor 0.00 0 0.00 883 124 901 136 0.00 0.00 0.00 0.00 0.00 0.00 0.00
pedestrian 0.00 0 0.00 1015 275 1029 310 0.00 0.00 0.00 0.00 0.00 0.00 0.00
car 0.00 0 0.00 872 83 906 98 0.00 0.00 0.00 0.00 0.00 0.00 0.00
car 0.00 0 0.00 822 75 838 85 0.00 0.00 0.00 0.00 0.00 0.00 0.00
people 0.00 0 0.00 848 71 852 79 0.00 0.00 0.00 0.00 0.00 0.00 0.00
bicycle 0.00 0 0.00 848 75 853 82 0.00 0.00 0.00 0.00 0.00 0.00 0.00
car 0.00 0 0.00 808 49 821 58 0.00 0.00 0.00 0.00 0.00 0.00 0.00
van 0.00 0 0.00 765 19 785 29 0.00 0.00 0.00 0.00 0.00 0.00 0.00
van 0.00 0 0.00 740 18 748 29 0.00 0.00 0.00 0.00 0.00 0.00 0.00
car 0.00 0 0.00 791 19 799 25 0.00 0.00 0.00 0.00 0.00 0.00 0.00
car 0.00 0 0.00 805 28 812 33 0.00 0.00 0.00 0.00 0.00 0.00 0.00
van 0.00 0 0.00 881 48 903 62 0.00 0.00 0.00 0.00 0.00 0.00 0.00
van 0.00 0 0.00 871 38 897 50 0.00 0.00 0.00 0.00 0.00 0.00 0.00
van 0.00 0 0.00 867 31 885 41 0.00 0.00 0.00 0.00 0.00 0.00 0.00
truck 0.00 0 0.00 840 25 859 36 0.00 0.00 0.00 0.00 0.00 0.00 0.00
truck 0.00 0 0.00 925 167 1009 213 0.00 0.00 0.00 0.00 0.00 0.00 0.00
car 0.00 0 0.00 837 362 883 407 0.00 0.00 0.00 0.00 0.00 0.00 0.00
van 0.00 0 0.00 909 332 952 396 0.00 0.00 0.00 0.00 0.00 0.00 0.00
car 0.00 0 0.00 573 492 648 560 0.00 0.00 0.00 0.00 0.00 0.00 0.00
car 0.00 0 0.00 810 446 879 529 0.00 0.00 0.00 0.00 0.00 0.00 0.00
car 0.00 0 0.00 834 503 903 602 0.00 0.00 0.00 0.00 0.00 0.00 0.00
bicycle 0.00 0 0.00 1040 281 1055 306 0.00 0.00 0.00 0.00 0.00 0.00 0.00
motor 0.00 0 0.00 1027 382 1064 407 0.00 0.00 0.00 0.00 0.00 0.00 0.00
bicycle 0.00 0 0.00 1051 460 1095 497 0.00 0.00 0.00 0.00 0.00 0.00 0.00
motor 0.00 0 0.00 1064 506 1114 560 0.00 0.00 0.00 0.00 0.00 0.00 0.00
car 0.00 0 0.00 801 637 898 744 0.00 0.00 0.00 0.00 0.00 0.00 0.00
people 0.00 0 0.00 882 786 922 841 0.00 0.00 0.00 0.00 0.00 0.00 0.00
motor 0.00 0 0.00 882 821 922 877 0.00 0.00 0.00 0.00 0.00 0.00 0.00
car 0.00 0 0.00 820 1159 970 1466 0.00 0.00 0.00 0.00 0.00 0.00 0.00
