car 0.00 0 0.00 854 1306 971 1500 0.00 0.00 0.00 0.00 0.00 0.00 0.00
car 0.00 0 0.00 973 1135 1076 1380 0.00 0.00 0.00 0.00 0.00 0.00 0.00
car 0.00 0 0.00 828 1056 928 1246 0.00 0.00 0.00 0.00 0.00 0.00 0.00
pedestrian 0.00 0 0.00 805 1237 837 1299 0.00 0.00 0.00 0.00 0.00 0.00 0.00
pedestrian 0.00 0 0.00 803 1192 836 1238 0.00 0.00 0.00 0.00 0.00 0.00 0.00
car 0.00 0 0.00 610 1196 816 1415 0.00 0.00 0.00 0.00 0.00 0.00 0.00
car 0.00 0 0.00 710 954 803 1138 0.00 0.00 0.00 0.00 0.00 0.00 0.00
car 0.00 0 0.00 972 965 1051 1120 0.00 0.00 0.00 0.00 0.00 0.00 0.00
car 0.00 0 0.00 828 846 904 987 0.00 0.00 0.00 0.00 0.00 0.00 0.00
car 0.00 0 0.00 917 809 1042 948 0.00 0.00 0.00 0.00 0.00 0.00 0.00
pedestrian 0.00 0 0.00 129 890 170 943 0.00 0.00 0.00 0.00 0.00 0.00 0.00
pedestrian 0.00 0 0.00 421 766 447 815 0.00 0.00 0.00 0.00 0.00 0.00 0.00
pedestrian 0.00 0 0.00 498 521 524 566 0.00 0.00 0.00 0.00 0.00 0.00 0.00
pedestrian 0.00 0 0.00 576 462 593 493 0.00 0.00 0.00 0.00 0.00 0.00 0.00
pedestrian 0.00 0 0.00 481 789 515 834 0.00 0.00 0.00 0.00 0.00 0.00 0.00
people 0.00 0 0.00 463 813 479 838 0.00 0.00 0.00 0.00 0.00 0.00 0.00
people 0.00 0 0.00 517 806 545 843 0.00 0.00 0.00 0.00 0.00 0.00 0.00
motor 0.00 0 0.00 500 821 560 843 0.00 0.00 0.00 0.00 0.00 0.00 0.00
pedestrian 0.00 0 0.00 522 763 538 793 0.00 0.00 0.00 0.00 0.00 0.00 0.00
pedestrian 0.00 0 0.00 501 742 522 780 0.00 0.00 0.00 0.00 0.00 0.00 0.00
motor 0.00 0 0.00 542 689 595 720 0.00 0.00 0.00 0.00 0.00 0.00 0.00
pedestrian 0.00 0 0.00 554 678 575 718 0.00 0.00 0.00 0.00 0.00 0.00 0.00
pedestrian 0.00 0 0.00 734 203 745 234 0.00 0.00 0.00 0.00 0.00 0.00 0.00
car 0.00 0 0.00 702 134 734 172 0.00 0.00 0.00 0.00 0.00 0.00 0.00
pedestrian 0.00 0 0.00 725 81 750 106 0.00 0.00 0.00 0.00 0.00 0.00 0.00
people 0.00 0 0.00 783 61 789 76 0.00 0.00 0.00 0.00 0.00 0.00 0.00
truck 0.00 0 0.00 753 177 795 252 0.00 0.00 0.00 0.00 0.00 0.00 0.00
car 0.00 0 0.00 872 11 893 34 0.00 0.00 0.00 0.00 0.00 0.00 0.00
car 0.00 0 0.00 873 30 894 49 0.00 0.00 0.00 0.00 0.00 0.00 0.00
car 0.00 0 0.00 871 45 886 58 0.00 0.00 0.00 0.00 0.00 0.00 0.00
car 0.00 0 0.00 868 56 887 74 0.00 0.00 0.00 0.00 0.00 0.00 0.00
car 0.00 0 0.00 869 70 886 87 0.00 0.00 0.00 0.00 0.00 0.00 0.00
pedestrian 0.00 0 0.00 897 103 904 123 0.00 0.00 0.00 0.00 0.00 0.00 0.00
pedestrian 0.00 0 0.00 875 85 883 106 0.00 0.00 0.00 0.00 0.00 0.00 0.00
car 0.00 0 0.00 866 99 887 127 0.00 0.00 0.00 0.00 0.00 0.00 0.00
van 0.00 0 0.00 875 154 901 196 0.00 0.00 0.00 0.00 0.00 0.00 0.00
car 0.00 0 0.00 832 182 864 220 0.00 0.00 0.00 0.00 0.00 0.00 0.00
pedestrian 0.00 0 0.00 934 151 944 177 0.00 0.00 0.00 0.00 0.00 0.00 0.00
pedestrian 0.00 0 0.00 940 181 948 210 0.00 0.00 0.00 0.00 0.00 0.00 0.00
pedestrian 0.00 0 0.00 807 220 816 248 0.00 0.00 0.00 0.00 0.00 0.00 0.00
pedestrian 0.00 0 0.00 819 219 829 247 0.00 0.00 0.00 0.00 0.00 0.00 0.00
car 0.00 0 0.00 824 235 855 271 0.00 0.00 0.00 0.00 0.00 0.00 0.00
car 0.00 0 0.00 866 204 915 241 0.00 0.00 0.00 0.00 0.00 0.00 0.00
car 0.00 0 0.00 900 235 936 276 0.00 0.00 0.00 0.00 0.00 0.00 0.00
car 0.00 0 0.00 948 232 983 265 0.00 0.00 0.00 0.00 0.00 0.00 0.00
car 0.00 0 0.00 911 285 947 329 0.00 0.00 0.00 0.00 0.00 0.00 0.00
car 0.00 0 0.00 953 299 995 348 0.00 0.00 0.00 0.00 0.00 0.00 0.00
car 0.00 0 0.00 964 347 1005 391 0.00 0.00 0.00 0.00 0.00 0.00 0.00
car 0.00 0 0.00 911 357 955 403 0.00 0.00 0.00 0.00 0.00 0.00 0.00
car 0.00 0 0.00 910 420 960 477 0.00 0.00 0.00 0.00 0.00 0.00 0.00
van 0.00 0 0.00 964 406 1009 485 0.00 0.00 0.00 0.00 0.00 0.00 0.00
truck 0.00 0 0.00 978 491 1040 606 0.00 0.00 0.00 0.00 0.00 0.00 0.00
car 0.00 0 0.00 921 559 982 628 0.00 0.00 0.00 0.00 0.00 0.00 0.00
van 0.00 0 0.00 858 542 920 655 0.00 0.00 0.00 0.00 0.00 0.00 0.00
car 0.00 0 0.00 857 486 907 551 0.00 0.00 0.00 0.00 0.00 0.00 0.00
car 0.00 0 0.00 798 485 850 553 0.00 0.00 0.00 0.00 0.00 0.00 0.00
motor 0.00 0 0.00 804 448 829 483 0.00 0.00 0.00 0.00 0.00 0.00 0.00
pedestrian 0.00 0 0.00 775 393 790 434 0.00 0.00 0.00 0.00 0.00 0.00 0.00
car 0.00 0 0.00 1090 94 1145 120 0.00 0.00 0.00 0.00 0.00 0.00 0.00
car 0.00 0 0.00 1050 184 1081 219 0.00 0.00 0.00 0.00 0.00 0.00 0.00
car 0.00 0 0.00 1183 193 1259 229 0.00 0.00 0.00 0.00 0.00 0.00 0.00
truck 0.00 0 0.00 1057 508 1117 607 0.00 0.00 0.00 0.00 0.00 0.00 0.00
pedestrian 0.00 0 0.00 1089 601 1103 638 0.00 0.00 0.00 0.00 0.00 0.00 0.00
people 0.00 0 0.00 1007 585 1023 615 0.00 0.00 0.00 0.00 0.00 0.00 0.00
tricycle 0.00 0 0.00 983 608 1011 647 0.00 0.00 0.00 0.00 0.00 0.00 0.00
people 0.00 0 0.00 985 604 1006 636 0.00 0.00 0.00 0.00 0.00 0.00 0.00
pedestrian 0.00 0 0.00 964 632 978 675 0.00 0.00 0.00 0.00 0.00 0.00 0.00
motor 0.00 0 0.00 991 718 1022 768 0.00 0.00 0.00 0.00 0.00 0.00 0.00
car 0.00 0 0.00 1095 677 1227 740 0.00 0.00 0.00 0.00 0.00 0.00 0.00
bicycle 0.00 0 0.00 1036 652 1085 683 0.00 0.00 0.00 0.00 0.00 0.00 0.00
people 0.00 0 0.00 1055 641 1074 689 0.00 0.00 0.00 0.00 0.00 0.00 0.00
car 0.00 0 0.00 794 552 856 643 0.00 0.00 0.00 0.00 0.00 0.00 0.00
car 0.00 0 0.00 733 641 847 711 0.00 0.00 0.00 0.00 0.00 0.00 0.00
pedestrian 0.00 0 0.00 711 665 738 708 0.00 0.00 0.00 0.00 0.00 0.00 0.00
pedestrian 0.00 0 0.00 594 762 619 812 0.00 0.00 0.00 0.00 0.00 0.00 0.00
motor 0.00 0 0.00 647 782 703 805 0.00 0.00 0.00 0.00 0.00 0.00 0.00
pedestrian 0.00 0 0.00 658 772 693 817 0.00 0.00 0.00 0.00 0.00 0.00 0.00
pedestrian 0.00 0 0.00 729 834 755 880 0.00 0.00 0.00 0.00 0.00 0.00 0.00
motor 0.00 0 0.00 727 788 773 824 0.00 0.00 0.00 0.00 0.00 0.00 0.00
people 0.00 0 0.00 739 777 771 820 0.00 0.00 0.00 0.00 0.00 0.00 0.00
car 0.00 0 0.00 719 696 840 780 0.00 0.00 0.00 0.00 0.00 0.00 0.00
motor 0.00 0 0.00 755 814 813 839 0.00 0.00 0.00 0.00 0.00 0.00 0.00
people 0.00 0 0.00 769 800 793 841 0.00 0.00 0.00 0.00 0.00 0.00 0.00
pedestrian 0.00 0 0.00 833 785 856 831 0.00 0.00 0.00 0.00 0.00 0.00 0.00
tricycle 0.00 0 0.00 820 789 899 831 0.00 0.00 0.00 0.00 0.00 0.00 0.00
motor 0.00 0 0.00 811 761 856 806 0.00 0.00 0.00 0.00 0.00 0.00 0.00
people 0.00 0 0.00 824 751 842 800 0.00 0.00 0.00 0.00 0.00 0.00 0.00
van 0.00 0 0.00 1169 955 1254 1114 0.00 0.00 0.00 0.00 0.00 0.00 0.00
motor 0.00 0 0.00 933 769 972 816 0.00 0.00 0.00 0.00 0.00 0.00 0.00
people 0.00 0 0.00 937 760 962 812 0.00 0.00 0.00 0.00 0.00 0.00 0.00
car 0.00 0 0.00 878 692 965 795 0.00 0.00 0.00 0.00 0.00 0.00 0.00
car 0.00 0 0.00 1046 742 1192 824 0.00 0.00 0.00 0.00 0.00 0.00 0.00
pedestrian 0.00 0 0.00 1155 792 1175 831 0.00 0.00 0.00 0.00 0.00 0.00 0.00
pedestrian 0.00 0 0.00 1389 815 1415 855 0.00 0.00 0.00 0.00 0.00 0.00 0.00
pedestrian 0.00 0 0.00 1392 782 1408 816 0.00 0.00 0.00 0.00 0.00 0.00 0.00
van 0.00 0 0.00 1307 702 1404 752 0.00 0.00 0.00 0.00 0.00 0.00 0.00
pedestrian 0.00 0 0.00 1356 645 1373 678 0.00 0.00 0.00 0.00 0.00 0.00 0.00
truck 0.00 0 0.00 1191 620 1341 692 0.00 0.00 0.00 0.00 0.00 0.00 0.00
pedestrian 0.00 0 0.00 1383 664 1401 701 0.00 0.00 0.00 0.00 0.00 0.00 0.00
truck 0.00 0 0.00 1528 567 1721 668 0.00 0.00 0.00 0.00 0.00 0.00 0.00
pedestrian 0.00 0 0.00 1421 632 1437 671 0.00 0.00 0.00 0.00 0.00 0.00 0.00
truck 0.00 0 0.00 1492 796 1724 977 0.00 0.00 0.00 0.00 0.00 0.00 0.00
people 0.00 0 0.00 1866 881 1899 918 0.00 0.00 0.00 0.00 0.00 0.00 0.00
people 0.00 0 0.00 1881 870 1920 900 0.00 0.00 0.00 0.00 0.00 0.00 0.00
van 0.00 0 0.00 1574 785 1731 874 0.00 0.00 0.00 0.00 0.00 0.00 0.00
pedestrian 0.00 0 0.00 1554 789 1574 820 0.00 0.00 0.00 0.00 0.00 0.00 0.00
people 0.00 0 0.00 1844 657 1876 692 0.00 0.00 0.00 0.00 0.00 0.00 0.00
