car 0.00 0 0.00 0 786 49 890 0.00 0.00 0.00 0.00 0.00 0.00 0.00
car 0.00 0 0.00 49 780 108 888 0.00 0.00 0.00 0.00 0.00 0.00 0.00
car 0.00 0 0.00 106 780 160 885 0.00 0.00 0.00 0.00 0.00 0.00 0.00
car 0.00 0 0.00 157 793 197 891 0.00 0.00 0.00 0.00 0.00 0.00 0.00
van 0.00 0 0.00 197 795 247 886 0.00 0.00 0.00 0.00 0.00 0.00 0.00
car 0.00 0 0.00 252 776 302 881 0.00 0.00 0.00 0.00 0.00 0.00 0.00
car 0.00 0 0.00 299 775 347 881 0.00 0.00 0.00 0.00 0.00 0.00 0.00
car 0.00 0 0.00 459 747 513 847 0.00 0.00 0.00 0.00 0.00 0.00 0.00
van 0.00 0 0.00 0 648 87 698 0.00 0.00 0.00 0.00 0.00 0.00 0.00
car 0.00 0 0.00 59 591 159 641 0.00 0.00 0.00 0.00 0.00 0.00 0.00
car 0.00 0 0.00 543 561 642 612 0.00 0.00 0.00 0.00 0.00 0.00 0.00
car 0.00 0 0.00 655 551 756 601 0.00 0.00 0.00 0.00 0.00 0.00 0.00
car 0.00 0 0.00 871 730 927 828 0.00 0.00 0.00 0.00 0.00 0.00 0.00
car 0.00 0 0.00 984 708 1034 812 0.00 0.00 0.00 0.00 0.00 0.00 0.00
car 0.00 0 0.00 1039 713 1087 805 0.00 0.00 0.00 0.00 0.00 0.00 0.00
car 0.00 0 0.00 1089 714 1137 813 0.00 0.00 0.00 0.00 0.00 0.00 0.00
car 0.00 0 0.00 1140 710 1198 806 0.00 0.00 0.00 0.00 0.00 0.00 0.00
car 0.00 0 0.00 1197 700 1251 803 0.00 0.00 0.00 0.00 0.00 0.00 0.00
car 0.00 0 0.00 1251 694 1299 795 0.00 0.00 0.00 0.00 0.00 0.00 0.00
car 0.00 0 0.00 1294 689 1353 794 0.00 0.00 0.00 0.00 0.00 0.00 0.00
truck 0.00 0 0.00 767 531 904 598 0.00 0.00 0.00 0.00 0.00 0.00 0.00
van 0.00 0 0.00 878 589 976 631 0.00 0.00 0.00 0.00 0.00 0.00 0.00
car 0.00 0 0.00 953 541 1046 586 0.00 0.00 0.00 0.00 0.00 0.00 0.00
van 0.00 0 0.00 1090 574 1180 623 0.00 0.00 0.00 0.00 0.00 0.00 0.00
car 0.00 0 0.00 1079 532 1180 577 0.00 0.00 0.00 0.00 0.00 0.00 0.00
car 0.00 0 0.00 1198 478 1257 573 0.00 0.00 0.00 0.00 0.00 0.00 0.00
motor 0.00 0 0.00 1321 447 1346 493 0.00 0.00 0.00 0.00 0.00 0.00 0.00
car 0.00 0 0.00 1000 36 1080 76 0.00 0.00 0.00 0.00 0.00 0.00 0.00
van 0.00 0 0.00 1098 29 1178 73 0.00 0.00 0.00 0.00 0.00 0.00 0.00
car 0.00 0 0.00 1198 38 1277 78 0.00 0.00 0.00 0.00 0.00 0.00 0.00
