van 0.00 0 0.00 569 0 605 43 0.00 0.00 0.00 0.00 0.00 0.00 0.00
motor 0.00 0 0.00 638 0 643 14 0.00 0.00 0.00 0.00 0.00 0.00 0.00
pedestrian 0.00 0 0.00 485 0 494 18 0.00 0.00 0.00 0.00 0.00 0.00 0.00
car 0.00 0 0.00 574 410 607 469 0.00 0.00 0.00 0.00 0.00 0.00 0.00
van 0.00 0 0.00 509 505 571 624 0.00 0.00 0.00 0.00 0.00 0.00 0.00
van 0.00 0 0.00 325 749 390 864 0.00 0.00 0.00 0.00 0.00 0.00 0.00
van 0.00 0 0.00 908 438 1010 707 0.00 0.00 0.00 0.00 0.00 0.00 0.00
pedestrian 0.00 0 0.00 1012 232 1021 252 0.00 0.00 0.00 0.00 0.00 0.00 0.00
van 0.00 0 0.00 884 87 927 111 0.00 0.00 0.00 0.00 0.00 0.00 0.00
car 0.00 0 0.00 970 74 1013 93 0.00 0.00 0.00 0.00 0.00 0.00 0.00
van 0.00 0 0.00 992 57 1029 76 0.00 0.00 0.00 0.00 0.00 0.00 0.00
van 0.00 0 0.00 965 52 1000 73 0.00 0.00 0.00 0.00 0.00 0.00 0.00
van 0.00 0 0.00 930 35 989 69 0.00 0.00 0.00 0.00 0.00 0.00 0.00
van 0.00 0 0.00 937 21 994 50 0.00 0.00 0.00 0.00 0.00 0.00 0.00
bus 0.00 0 0.00 892 21 925 85 0.00 0.00 0.00 0.00 0.00 0.00 0.00
car 0.00 0 0.00 836 54 855 74 0.00 0.00 0.00 0.00 0.00 0.00 0.00
motor 0.00 0 0.00 870 3 877 15 0.00 0.00 0.00 0.00 0.00 0.00 0.00
people 0.00 0 0.00 871 1 876 14 0.00 0.00 0.00 0.00 0.00 0.00 0.00
car 0.00 0 0.00 982 0 996 16 0.00 0.00 0.00 0.00 0.00 0.00 0.00
van 0.00 0 0.00 999 0 1024 25 0.00 0.00 0.00 0.00 0.00 0.00 0.00
van 0.00 0 0.00 1033 0 1058 31 0.00 0.00 0.00 0.00 0.00 0.00 0.00
car 0.00 0 0.00 1084 31 1124 49 0.00 0.00 0.00 0.00 0.00 0.00 0.00
van 0.00 0 0.00 1170 24 1209 48 0.00 0.00 0.00 0.00 0.00 0.00 0.00
van 0.00 0 0.00 1173 43 1236 85 0.00 0.00 0.00 0.00 0.00 0.00 0.00
van 0.00 0 0.00 1066 90 1095 109 0.00 0.00 0.00 0.00 0.00 0.00 0.00
car 0.00 0 0.00 1113 83 1147 103 0.00 0.00 0.00 0.00 0.00 0.00 0.00
van 0.00 0 0.00 1241 40 1269 56 0.00 0.00 0.00 0.00 0.00 0.00 0.00
car 0.00 0 0.00 1239 66 1284 88 0.00 0.00 0.00 0.00 0.00 0.00 0.00
car 0.00 0 0.00 1265 45 1295 67 0.00 0.00 0.00 0.00 0.00 0.00 0.00
car 0.00 0 0.00 1272 145 1321 184 0.00 0.00 0.00 0.00 0.00 0.00 0.00
car 0.00 0 0.00 1290 185 1343 218 0.00 0.00 0.00 0.00 0.00 0.00 0.00
car 0.00 0 0.00 1145 207 1186 241 0.00 0.00 0.00 0.00 0.00 0.00 0.00
car 0.00 0 0.00 1278 304 1336 334 0.00 0.00 0.00 0.00 0.00 0.00 0.00
car 0.00 0 0.00 1315 352 1391 382 0.00 0.00 0.00 0.00 0.00 0.00 0.00
car 0.00 0 0.00 1228 195 1278 228 0.00 0.00 0.00 0.00 0.00 0.00 0.00
car 0.00 0 0.00 1084 281 1123 318 0.00 0.00 0.00 0.00 0.00 0.00 0.00
car 0.00 0 0.00 1135 289 1169 325 0.00 0.00 0.00 0.00 0.00 0.00 0.00
van 0.00 0 0.00 1295 314 1385 357 0.00 0.00 0.00 0.00 0.00 0.00 0.00
motor 0.00 0 0.00 1166 359 1183 382 0.00 0.00 0.00 0.00 0.00 0.00 0.00
people 0.00 0 0.00 1174 352 1184 366 0.00 0.00 0.00 0.00 0.00 0.00 0.00
van 0.00 0 0.00 1356 496 1400 532 0.00 0.00 0.00 0.00 0.00 0.00 0.00
van 0.00 0 0.00 1087 735 1160 827 0.00 0.00 0.00 0.00 0.00 0.00 0.00
pedestrian 0.00 0 0.00 1089 750 1107 770 0.00 0.00 0.00 0.00 0.00 0.00 0.00
