truck 0.00 0 0.00 980 873 1083 1071 0.00 0.00 0.00 0.00 0.00 0.00 0.00
truck 0.00 0 0.00 997 620 1063 710 0.00 0.00 0.00 0.00 0.00 0.00 0.00
car 0.00 0 0.00 841 706 896 782 0.00 0.00 0.00 0.00 0.00 0.00 0.00
car 0.00 0 0.00 902 576 940 621 0.00 0.00 0.00 0.00 0.00 0.00 0.00
car 0.00 0 0.00 927 543 958 578 0.00 0.00 0.00 0.00 0.00 0.00 0.00
motor 0.00 0 0.00 303 820 339 859 0.00 0.00 0.00 0.00 0.00 0.00 0.00
people 0.00 0 0.00 807 839 830 882 0.00 0.00 0.00 0.00 0.00 0.00 0.00
pedestrian 0.00 0 0.00 878 798 900 846 0.00 0.00 0.00 0.00 0.00 0.00 0.00
pedestrian 0.00 0 0.00 973 752 992 789 0.00 0.00 0.00 0.00 0.00 0.00 0.00
truck 0.00 0 0.00 899 661 973 860 0.00 0.00 0.00 0.00 0.00 0.00 0.00
truck 0.00 0 0.00 841 499 898 600 0.00 0.00 0.00 0.00 0.00 0.00 0.00
truck 0.00 0 0.00 988 418 1009 445 0.00 0.00 0.00 0.00 0.00 0.00 0.00
truck 0.00 0 0.00 1025 377 1049 411 0.00 0.00 0.00 0.00 0.00 0.00 0.00
motor 0.00 0 0.00 968 418 975 427 0.00 0.00 0.00 0.00 0.00 0.00 0.00
people 0.00 0 0.00 969 415 974 424 0.00 0.00 0.00 0.00 0.00 0.00 0.00
car 0.00 0 0.00 983 342 992 353 0.00 0.00 0.00 0.00 0.00 0.00 0.00
car 0.00 0 0.00 995 327 1006 336 0.00 0.00 0.00 0.00 0.00 0.00 0.00
van 0.00 0 0.00 987 332 995 341 0.00 0.00 0.00 0.00 0.00 0.00 0.00
truck 0.00 0 0.00 1008 338 1020 354 0.00 0.00 0.00 0.00 0.00 0.00 0.00
truck 0.00 0 0.00 1007 331 1021 346 0.00 0.00 0.00 0.00 0.00 0.00 0.00
truck 0.00 0 0.00 1016 325 1029 342 0.00 0.00 0.00 0.00 0.00 0.00 0.00
car 0.00 0 0.00 1029 321 1038 329 0.00 0.00 0.00 0.00 0.00 0.00 0.00
car 0.00 0 0.00 997 311 1002 319 0.00 0.00 0.00 0.00 0.00 0.00 0.00
car 0.00 0 0.00 975 356 985 365 0.00 0.00 0.00 0.00 0.00 0.00 0.00
car 0.00 0 0.00 825 414 844 429 0.00 0.00 0.00 0.00 0.00 0.00 0.00
car 0.00 0 0.00 848 411 867 424 0.00 0.00 0.00 0.00 0.00 0.00 0.00
truck 0.00 0 0.00 1277 352 1325 374 0.00 0.00 0.00 0.00 0.00 0.00 0.00
pedestrian 0.00 0 0.00 1380 344 1385 353 0.00 0.00 0.00 0.00 0.00 0.00 0.00
truck 0.00 0 0.00 1378 330 1395 340 0.00 0.00 0.00 0.00 0.00 0.00 0.00
pedestrian 0.00 0 0.00 1260 507 1267 522 0.00 0.00 0.00 0.00 0.00 0.00 0.00
