car 0.00 0 0.00 616 984 688 1050 0.00 0.00 0.00 0.00 0.00 0.00 0.00
truck 0.00 0 0.00 611 897 675 966 0.00 0.00 0.00 0.00 0.00 0.00 0.00
car 0.00 0 0.00 690 833 737 877 0.00 0.00 0.00 0.00 0.00 0.00 0.00
car 0.00 0 0.00 748 768 778 799 0.00 0.00 0.00 0.00 0.00 0.00 0.00
car 0.00 0 0.00 799 769 828 799 0.00 0.00 0.00 0.00 0.00 0.00 0.00
car 0.00 0 0.00 788 747 813 772 0.00 0.00 0.00 0.00 0.00 0.00 0.00
truck 0.00 0 0.00 810 692 829 714 0.00 0.00 0.00 0.00 0.00 0.00 0.00
car 0.00 0 0.00 871 621 882 630 0.00 0.00 0.00 0.00 0.00 0.00 0.00
car 0.00 0 0.00 849 631 861 644 0.00 0.00 0.00 0.00 0.00 0.00 0.00
car 0.00 0 0.00 821 657 833 671 0.00 0.00 0.00 0.00 0.00 0.00 0.00
car 0.00 0 0.00 829 653 843 664 0.00 0.00 0.00 0.00 0.00 0.00 0.00
car 0.00 0 0.00 895 651 909 664 0.00 0.00 0.00 0.00 0.00 0.00 0.00
car 0.00 0 0.00 916 652 930 666 0.00 0.00 0.00 0.00 0.00 0.00 0.00
car 0.00 0 0.00 901 639 912 651 0.00 0.00 0.00 0.00 0.00 0.00 0.00
car 0.00 0 0.00 922 631 938 644 0.00 0.00 0.00 0.00 0.00 0.00 0.00
car 0.00 0 0.00 915 619 924 629 0.00 0.00 0.00 0.00 0.00 0.00 0.00
car 0.00 0 0.00 902 608 913 617 0.00 0.00 0.00 0.00 0.00 0.00 0.00
car 0.00 0 0.00 927 607 939 616 0.00 0.00 0.00 0.00 0.00 0.00 0.00
truck 0.00 0 0.00 915 604 927 616 0.00 0.00 0.00 0.00 0.00 0.00 0.00
car 0.00 0 0.00 904 602 913 611 0.00 0.00 0.00 0.00 0.00 0.00 0.00
car 0.00 0 0.00 165 790 221 818 0.00 0.00 0.00 0.00 0.00 0.00 0.00
car 0.00 0 0.00 129 784 184 818 0.00 0.00 0.00 0.00 0.00 0.00 0.00
car 0.00 0 0.00 118 783 158 815 0.00 0.00 0.00 0.00 0.00 0.00 0.00
car 0.00 0 0.00 264 751 307 777 0.00 0.00 0.00 0.00 0.00 0.00 0.00
car 0.00 0 0.00 236 748 282 774 0.00 0.00 0.00 0.00 0.00 0.00 0.00
car 0.00 0 0.00 202 749 252 772 0.00 0.00 0.00 0.00 0.00 0.00 0.00
car 0.00 0 0.00 185 743 231 766 0.00 0.00 0.00 0.00 0.00 0.00 0.00
car 0.00 0 0.00 152 742 197 771 0.00 0.00 0.00 0.00 0.00 0.00 0.00
car 0.00 0 0.00 131 741 176 767 0.00 0.00 0.00 0.00 0.00 0.00 0.00
