bus 0.00 0 0.00 1054 672 1400 867 0.00 0.00 0.00 0.00 0.00 0.00 0.00
bus 0.00 0 0.00 1344 396 1400 448 0.00 0.00 0.00 0.00 0.00 0.00 0.00
bus 0.00 0 0.00 1302 372 1400 420 0.00 0.00 0.00 0.00 0.00 0.00 0.00
van 0.00 0 0.00 1072 450 1206 525 0.00 0.00 0.00 0.00 0.00 0.00 0.00
car 0.00 0 0.00 1270 449 1393 506 0.00 0.00 0.00 0.00 0.00 0.00 0.00
car 0.00 0 0.00 729 495 870 546 0.00 0.00 0.00 0.00 0.00 0.00 0.00
car 0.00 0 0.00 530 506 666 576 0.00 0.00 0.00 0.00 0.00 0.00 0.00
car 0.00 0 0.00 313 526 456 591 0.00 0.00 0.00 0.00 0.00 0.00 0.00
car 0.00 0 0.00 490 414 613 464 0.00 0.00 0.00 0.00 0.00 0.00 0.00
car 0.00 0 0.00 1 493 156 555 0.00 0.00 0.00 0.00 0.00 0.00 0.00
car 0.00 0 0.00 114 436 272 493 0.00 0.00 0.00 0.00 0.00 0.00 0.00
car 0.00 0 0.00 104 536 277 605 0.00 0.00 0.00 0.00 0.00 0.00 0.00
van 0.00 0 0.00 389 454 522 533 0.00 0.00 0.00 0.00 0.00 0.00 0.00
bus 0.00 0 0.00 890 380 1206 498 0.00 0.00 0.00 0.00 0.00 0.00 0.00
pedestrian 0.00 0 0.00 536 218 554 252 0.00 0.00 0.00 0.00 0.00 0.00 0.00
car 0.00 0 0.00 432 161 471 206 0.00 0.00 0.00 0.00 0.00 0.00 0.00
car 0.00 0 0.00 350 176 432 215 0.00 0.00 0.00 0.00 0.00 0.00 0.00
car 0.00 0 0.00 723 231 773 292 0.00 0.00 0.00 0.00 0.00 0.00 0.00
car 0.00 0 0.00 770 234 812 290 0.00 0.00 0.00 0.00 0.00 0.00 0.00
car 0.00 0 0.00 682 164 729 216 0.00 0.00 0.00 0.00 0.00 0.00 0.00
car 0.00 0 0.00 727 170 768 214 0.00 0.00 0.00 0.00 0.00 0.00 0.00
car 0.00 0 0.00 785 160 823 206 0.00 0.00 0.00 0.00 0.00 0.00 0.00
car 0.00 0 0.00 974 220 1033 287 0.00 0.00 0.00 0.00 0.00 0.00 0.00
car 0.00 0 0.00 1117 217 1196 248 0.00 0.00 0.00 0.00 0.00 0.00 0.00
