car 0.00 0 0.00 931 987 997 1050 0.00 0.00 0.00 0.00 0.00 0.00 0.00
pedestrian 0.00 0 0.00 389 12 393 23 0.00 0.00 0.00 0.00 0.00 0.00 0.00
pedestrian 0.00 0 0.00 382 11 387 24 0.00 0.00 0.00 0.00 0.00 0.00 0.00
pedestrian 0.00 0 0.00 375 8 382 26 0.00 0.00 0.00 0.00 0.00 0.00 0.00
pedestrian 0.00 0 0.00 394 79 399 92 0.00 0.00 0.00 0.00 0.00 0.00 0.00
pedestrian 0.00 0 0.00 385 138 390 150 0.00 0.00 0.00 0.00 0.00 0.00 0.00
car 0.00 0 0.00 447 50 465 71 0.00 0.00 0.00 0.00 0.00 0.00 0.00
car 0.00 0 0.00 466 161 487 193 0.00 0.00 0.00 0.00 0.00 0.00 0.00
pedestrian 0.00 0 0.00 349 373 356 397 0.00 0.00 0.00 0.00 0.00 0.00 0.00
van 0.00 0 0.00 358 456 392 511 0.00 0.00 0.00 0.00 0.00 0.00 0.00
motor 0.00 0 0.00 346 673 360 707 0.00 0.00 0.00 0.00 0.00 0.00 0.00
pedestrian 0.00 0 0.00 347 860 357 887 0.00 0.00 0.00 0.00 0.00 0.00 0.00
pedestrian 0.00 0 0.00 339 858 346 885 0.00 0.00 0.00 0.00 0.00 0.00 0.00
pedestrian 0.00 0 0.00 323 812 330 833 0.00 0.00 0.00 0.00 0.00 0.00 0.00
car 0.00 0 0.00 544 656 588 726 0.00 0.00 0.00 0.00 0.00 0.00 0.00
car 0.00 0 0.00 526 551 560 627 0.00 0.00 0.00 0.00 0.00 0.00 0.00
car 0.00 0 0.00 516 477 552 531 0.00 0.00 0.00 0.00 0.00 0.00 0.00
motor 0.00 0 0.00 564 451 575 480 0.00 0.00 0.00 0.00 0.00 0.00 0.00
people 0.00 0 0.00 567 452 574 466 0.00 0.00 0.00 0.00 0.00 0.00 0.00
people 0.00 0 0.00 649 51 654 59 0.00 0.00 0.00 0.00 0.00 0.00 0.00
car 0.00 0 0.00 583 58 601 78 0.00 0.00 0.00 0.00 0.00 0.00 0.00
car 0.00 0 0.00 686 96 707 120 0.00 0.00 0.00 0.00 0.00 0.00 0.00
car 0.00 0 0.00 667 62 688 83 0.00 0.00 0.00 0.00 0.00 0.00 0.00
car 0.00 0 0.00 656 46 676 64 0.00 0.00 0.00 0.00 0.00 0.00 0.00
motor 0.00 0 0.00 648 52 655 66 0.00 0.00 0.00 0.00 0.00 0.00 0.00
motor 0.00 0 0.00 616 0 623 10 0.00 0.00 0.00 0.00 0.00 0.00 0.00
motor 0.00 0 0.00 916 58 929 67 0.00 0.00 0.00 0.00 0.00 0.00 0.00
motor 0.00 0 0.00 934 79 948 88 0.00 0.00 0.00 0.00 0.00 0.00 0.00
van 0.00 0 0.00 758 215 787 249 0.00 0.00 0.00 0.00 0.00 0.00 0.00
car 0.00 0 0.00 1135 859 1224 973 0.00 0.00 0.00 0.00 0.00 0.00 0.00
