car 0.00 0 0.00 1831 1458 1900 1500 0.00 0.00 0.00 0.00 0.00 0.00 0.00
car 0.00 0 0.00 1919 1446 1976 1496 0.00 0.00 0.00 0.00 0.00 0.00 0.00
car 0.00 0 0.00 1954 1468 2000 1499 0.00 0.00 0.00 0.00 0.00 0.00 0.00
car 0.00 0 0.00 1804 1370 1858 1415 0.00 0.00 0.00 0.00 0.00 0.00 0.00
car 0.00 0 0.00 1769 1339 1828 1387 0.00 0.00 0.00 0.00 0.00 0.00 0.00
car 0.00 0 0.00 1732 1315 1792 1361 0.00 0.00 0.00 0.00 0.00 0.00 0.00
car 0.00 0 0.00 1699 1290 1756 1336 0.00 0.00 0.00 0.00 0.00 0.00 0.00
car 0.00 0 0.00 1653 1323 1715 1371 0.00 0.00 0.00 0.00 0.00 0.00 0.00
car 0.00 0 0.00 1671 1269 1722 1310 0.00 0.00 0.00 0.00 0.00 0.00 0.00
car 0.00 0 0.00 1635 1247 1692 1292 0.00 0.00 0.00 0.00 0.00 0.00 0.00
car 0.00 0 0.00 1606 1228 1659 1270 0.00 0.00 0.00 0.00 0.00 0.00 0.00
car 0.00 0 0.00 1552 1257 1615 1300 0.00 0.00 0.00 0.00 0.00 0.00 0.00
van 0.00 0 0.00 1535 1232 1585 1273 0.00 0.00 0.00 0.00 0.00 0.00 0.00
van 0.00 0 0.00 1487 1215 1544 1252 0.00 0.00 0.00 0.00 0.00 0.00 0.00
car 0.00 0 0.00 1535 1186 1590 1226 0.00 0.00 0.00 0.00 0.00 0.00 0.00
car 0.00 0 0.00 1508 1166 1559 1206 0.00 0.00 0.00 0.00 0.00 0.00 0.00
car 0.00 0 0.00 1477 1146 1529 1187 0.00 0.00 0.00 0.00 0.00 0.00 0.00
car 0.00 0 0.00 1838 747 1882 772 0.00 0.00 0.00 0.00 0.00 0.00 0.00
van 0.00 0 0.00 1766 733 1810 761 0.00 0.00 0.00 0.00 0.00 0.00 0.00
car 0.00 0 0.00 1789 773 1830 800 0.00 0.00 0.00 0.00 0.00 0.00 0.00
car 0.00 0 0.00 1489 618 1521 638 0.00 0.00 0.00 0.00 0.00 0.00 0.00
car 0.00 0 0.00 1376 571 1403 588 0.00 0.00 0.00 0.00 0.00 0.00 0.00
car 0.00 0 0.00 1429 578 1458 595 0.00 0.00 0.00 0.00 0.00 0.00 0.00
car 0.00 0 0.00 1447 623 1477 644 0.00 0.00 0.00 0.00 0.00 0.00 0.00
car 0.00 0 0.00 1314 537 1340 553 0.00 0.00 0.00 0.00 0.00 0.00 0.00
car 0.00 0 0.00 1272 468 1296 480 0.00 0.00 0.00 0.00 0.00 0.00 0.00
car 0.00 0 0.00 1202 442 1223 454 0.00 0.00 0.00 0.00 0.00 0.00 0.00
car 0.00 0 0.00 1300 479 1324 491 0.00 0.00 0.00 0.00 0.00 0.00 0.00
car 0.00 0 0.00 1326 487 1351 501 0.00 0.00 0.00 0.00 0.00 0.00 0.00
car 0.00 0 0.00 1350 495 1374 510 0.00 0.00 0.00 0.00 0.00 0.00 0.00
car 0.00 0 0.00 1373 505 1397 519 0.00 0.00 0.00 0.00 0.00 0.00 0.00
car 0.00 0 0.00 1401 515 1427 530 0.00 0.00 0.00 0.00 0.00 0.00 0.00
car 0.00 0 0.00 1426 526 1451 539 0.00 0.00 0.00 0.00 0.00 0.00 0.00
car 0.00 0 0.00 1452 536 1479 550 0.00 0.00 0.00 0.00 0.00 0.00 0.00
car 0.00 0 0.00 1480 547 1510 560 0.00 0.00 0.00 0.00 0.00 0.00 0.00
car 0.00 0 0.00 1513 559 1545 576 0.00 0.00 0.00 0.00 0.00 0.00 0.00
car 0.00 0 0.00 1563 577 1595 594 0.00 0.00 0.00 0.00 0.00 0.00 0.00
car 0.00 0 0.00 1600 571 1626 585 0.00 0.00 0.00 0.00 0.00 0.00 0.00
car 0.00 0 0.00 1592 589 1623 607 0.00 0.00 0.00 0.00 0.00 0.00 0.00
car 0.00 0 0.00 1621 591 1651 608 0.00 0.00 0.00 0.00 0.00 0.00 0.00
car 0.00 0 0.00 1655 595 1690 612 0.00 0.00 0.00 0.00 0.00 0.00 0.00
car 0.00 0 0.00 1688 590 1719 607 0.00 0.00 0.00 0.00 0.00 0.00 0.00
car 0.00 0 0.00 1714 636 1745 653 0.00 0.00 0.00 0.00 0.00 0.00 0.00
car 0.00 0 0.00 1793 654 1831 671 0.00 0.00 0.00 0.00 0.00 0.00 0.00
car 0.00 0 0.00 1753 627 1787 647 0.00 0.00 0.00 0.00 0.00 0.00 0.00
car 0.00 0 0.00 1944 684 1977 705 0.00 0.00 0.00 0.00 0.00 0.00 0.00
car 0.00 0 0.00 1966 689 1998 710 0.00 0.00 0.00 0.00 0.00 0.00 0.00
van 0.00 0 0.00 1838 521 1862 538 0.00 0.00 0.00 0.00 0.00 0.00 0.00
car 0.00 0 0.00 1811 527 1838 540 0.00 0.00 0.00 0.00 0.00 0.00 0.00
van 0.00 0 0.00 1876 508 1897 524 0.00 0.00 0.00 0.00 0.00 0.00 0.00
pedestrian 0.00 0 0.00 1882 883 1891 903 0.00 0.00 0.00 0.00 0.00 0.00 0.00
car 0.00 0 0.00 1184 1206 1247 1262 0.00 0.00 0.00 0.00 0.00 0.00 0.00
