bicycle 0.00 0 0.00 440 873 469 926 0.00 0.00 0.00 0.00 0.00 0.00 0.00
bicycle 0.00 0 0.00 502 766 559 809 0.00 0.00 0.00 0.00 0.00 0.00 0.00
bicycle 0.00 0 0.00 611 726 627 758 0.00 0.00 0.00 0.00 0.00 0.00 0.00
bicycle 0.00 0 0.00 549 590 573 606 0.00 0.00 0.00 0.00 0.00 0.00 0.00
bicycle 0.00 0 0.00 537 572 578 596 0.00 0.00 0.00 0.00 0.00 0.00 0.00
bicycle 0.00 0 0.00 551 568 588 589 0.00 0.00 0.00 0.00 0.00 0.00 0.00
bicycle 0.00 0 0.00 670 311 685 323 0.00 0.00 0.00 0.00 0.00 0.00 0.00
pedestrian 0.00 0 0.00 674 305 683 321 0.00 0.00 0.00 0.00 0.00 0.00 0.00
pedestrian 0.00 0 0.00 681 302 687 319 0.00 0.00 0.00 0.00 0.00 0.00 0.00
pedestrian 0.00 0 0.00 662 299 670 317 0.00 0.00 0.00 0.00 0.00 0.00 0.00
pedestrian 0.00 0 0.00 686 308 691 318 0.00 0.00 0.00 0.00 0.00 0.00 0.00
