car 0.00 0 0.00 1830 1191 2000 1297 0.00 0.00 0.00 0.00 0.00 0.00 0.00
pedestrian 0.00 0 0.00 1733 1003 1767 1051 0.00 0.00 0.00 0.00 0.00 0.00 0.00
people 0.00 0 0.00 1150 1236 1192 1280 0.00 0.00 0.00 0.00 0.00 0.00 0.00
bicycle 0.00 0 0.00 1136 1239 1202 1305 0.00 0.00 0.00 0.00 0.00 0.00 0.00
bicycle 0.00 0 0.00 1041 1110 1100 1154 0.00 0.00 0.00 0.00 0.00 0.00 0.00
bicycle 0.00 0 0.00 990 1001 1023 1060 0.00 0.00 0.00 0.00 0.00 0.00 0.00
car 0.00 0 0.00 601 147 634 176 0.00 0.00 0.00 0.00 0.00 0.00 0.00
car 0.00 0 0.00 559 226 597 267 0.00 0.00 0.00 0.00 0.00 0.00 0.00
car 0.00 0 0.00 571 197 608 238 0.00 0.00 0.00 0.00 0.00 0.00 0.00
van 0.00 0 0.00 684 163 716 199 0.00 0.00 0.00 0.00 0.00 0.00 0.00
car 0.00 0 0.00 684 225 717 257 0.00 0.00 0.00 0.00 0.00 0.00 0.00
car 0.00 0 0.00 683 199 715 226 0.00 0.00 0.00 0.00 0.00 0.00 0.00
car 0.00 0 0.00 689 292 766 332 0.00 0.00 0.00 0.00 0.00 0.00 0.00
car 0.00 0 0.00 679 336 767 379 0.00 0.00 0.00 0.00 0.00 0.00 0.00
car 0.00 0 0.00 673 390 723 440 0.00 0.00 0.00 0.00 0.00 0.00 0.00
car 0.00 0 0.00 686 451 736 510 0.00 0.00 0.00 0.00 0.00 0.00 0.00
car 0.00 0 0.00 525 407 576 474 0.00 0.00 0.00 0.00 0.00 0.00 0.00
car 0.00 0 0.00 702 579 759 646 0.00 0.00 0.00 0.00 0.00 0.00 0.00
car 0.00 0 0.00 493 700 565 807 0.00 0.00 0.00 0.00 0.00 0.00 0.00
car 0.00 0 0.00 718 657 785 742 0.00 0.00 0.00 0.00 0.00 0.00 0.00
car 0.00 0 0.00 741 753 816 857 0.00 0.00 0.00 0.00 0.00 0.00 0.00
car 0.00 0 0.00 775 882 872 1014 0.00 0.00 0.00 0.00 0.00 0.00 0.00
pedestrian 0.00 0 0.00 727 1 733 18 0.00 0.00 0.00 0.00 0.00 0.00 0.00
car 0.00 0 0.00 514 469 564 544 0.00 0.00 0.00 0.00 0.00 0.00 0.00
car 0.00 0 0.00 488 814 570 939 0.00 0.00 0.00 0.00 0.00 0.00 0.00
car 0.00 0 0.00 756 26 800 41 0.00 0.00 0.00 0.00 0.00 0.00 0.00
car 0.00 0 0.00 747 40 794 57 0.00 0.00 0.00 0.00 0.00 0.00 0.00
truck 0.00 0 0.00 764 38 809 57 0.00 0.00 0.00 0.00 0.00 0.00 0.00
car 0.00 0 0.00 761 50 812 69 0.00 0.00 0.00 0.00 0.00 0.00 0.00
car 0.00 0 0.00 749 60 796 74 0.00 0.00 0.00 0.00 0.00 0.00 0.00
bicycle 0.00 0 0.00 1490 1025 1557 1065 0.00 0.00 0.00 0.00 0.00 0.00 0.00
bicycle 0.00 0 0.00 1474 1003 1539 1038 0.00 0.00 0.00 0.00 0.00 0.00 0.00
