pedestrian 0.00 0 0.00 813 635 834 686 0.00 0.00 0.00 0.00 0.00 0.00 0.00
pedestrian 0.00 0 0.00 519 669 542 735 0.00 0.00 0.00 0.00 0.00 0.00 0.00
car 0.00 0 0.00 631 648 760 703 0.00 0.00 0.00 0.00 0.00 0.00 0.00
car 0.00 0 0.00 672 633 774 668 0.00 0.00 0.00 0.00 0.00 0.00 0.00
car 0.00 0 0.00 678 625 770 652 0.00 0.00 0.00 0.00 0.00 0.00 0.00
car 0.00 0 0.00 415 580 450 597 0.00 0.00 0.00 0.00 0.00 0.00 0.00
car 0.00 0 0.00 454 570 488 590 0.00 0.00 0.00 0.00 0.00 0.00 0.00
car 0.00 0 0.00 506 563 527 576 0.00 0.00 0.00 0.00 0.00 0.00 0.00
car 0.00 0 0.00 529 561 547 572 0.00 0.00 0.00 0.00 0.00 0.00 0.00
car 0.00 0 0.00 591 563 608 576 0.00 0.00 0.00 0.00 0.00 0.00 0.00
car 0.00 0 0.00 646 559 659 569 0.00 0.00 0.00 0.00 0.00 0.00 0.00
car 0.00 0 0.00 361 573 385 588 0.00 0.00 0.00 0.00 0.00 0.00 0.00
car 0.00 0 0.00 141 594 180 613 0.00 0.00 0.00 0.00 0.00 0.00 0.00
car 0.00 0 0.00 220 581 266 601 0.00 0.00 0.00 0.00 0.00 0.00 0.00
car 0.00 0 0.00 252 569 285 581 0.00 0.00 0.00 0.00 0.00 0.00 0.00
car 0.00 0 0.00 194 569 229 580 0.00 0.00 0.00 0.00 0.00 0.00 0.00
pedestrian 0.00 0 0.00 2 986 53 1050 0.00 0.00 0.00 0.00 0.00 0.00 0.00
