car 0.00 0 0.00 1309 740 1629 893 0.00 0.00 0.00 0.00 0.00 0.00 0.00
car 0.00 0 0.00 1448 582 1714 681 0.00 0.00 0.00 0.00 0.00 0.00 0.00
car 0.00 0 0.00 1714 597 1986 715 0.00 0.00 0.00 0.00 0.00 0.00 0.00
car 0.00 0 0.00 1149 577 1383 688 0.00 0.00 0.00 0.00 0.00 0.00 0.00
bicycle 0.00 0 0.00 851 681 951 743 0.00 0.00 0.00 0.00 0.00 0.00 0.00
pedestrian 0.00 0 0.00 881 651 918 738 0.00 0.00 0.00 0.00 0.00 0.00 0.00
pedestrian 0.00 0 0.00 817 606 850 698 0.00 0.00 0.00 0.00 0.00 0.00 0.00
van 0.00 0 0.00 908 582 1123 691 0.00 0.00 0.00 0.00 0.00 0.00 0.00
pedestrian 0.00 0 0.00 222 641 265 738 0.00 0.00 0.00 0.00 0.00 0.00 0.00
car 0.00 0 0.00 539 588 756 712 0.00 0.00 0.00 0.00 0.00 0.00 0.00
pedestrian 0.00 0 0.00 730 631 759 723 0.00 0.00 0.00 0.00 0.00 0.00 0.00
pedestrian 0.00 0 0.00 717 612 765 703 0.00 0.00 0.00 0.00 0.00 0.00 0.00
people 0.00 0 0.00 610 369 638 424 0.00 0.00 0.00 0.00 0.00 0.00 0.00
tricycle 0.00 0 0.00 592 385 640 438 0.00 0.00 0.00 0.00 0.00 0.00 0.00
people 0.00 0 0.00 339 504 390 564 0.00 0.00 0.00 0.00 0.00 0.00 0.00
motor 0.00 0 0.00 339 516 395 575 0.00 0.00 0.00 0.00 0.00 0.00 0.00
van 0.00 0 0.00 692 427 787 531 0.00 0.00 0.00 0.00 0.00 0.00 0.00
car 0.00 0 0.00 789 451 886 543 0.00 0.00 0.00 0.00 0.00 0.00 0.00
van 0.00 0 0.00 911 432 987 553 0.00 0.00 0.00 0.00 0.00 0.00 0.00
car 0.00 0 0.00 1013 451 1106 541 0.00 0.00 0.00 0.00 0.00 0.00 0.00
van 0.00 0 0.00 1135 414 1231 538 0.00 0.00 0.00 0.00 0.00 0.00 0.00
van 0.00 0 0.00 1260 424 1345 545 0.00 0.00 0.00 0.00 0.00 0.00 0.00
car 0.00 0 0.00 1375 455 1493 540 0.00 0.00 0.00 0.00 0.00 0.00 0.00
pedestrian 0.00 0 0.00 1533 390 1563 457 0.00 0.00 0.00 0.00 0.00 0.00 0.00
van 0.00 0 0.00 1582 414 1718 546 0.00 0.00 0.00 0.00 0.00 0.00 0.00
car 0.00 0 0.00 1692 447 1820 544 0.00 0.00 0.00 0.00 0.00 0.00 0.00
car 0.00 0 0.00 1783 450 1923 546 0.00 0.00 0.00 0.00 0.00 0.00 0.00
car 0.00 0 0.00 1890 452 2000 539 0.00 0.00 0.00 0.00 0.00 0.00 0.00
car 0.00 0 0.00 1848 328 1981 420 0.00 0.00 0.00 0.00 0.00 0.00 0.00
van 0.00 0 0.00 1684 318 1777 420 0.00 0.00 0.00 0.00 0.00 0.00 0.00
pedestrian 0.00 0 0.00 1750 372 1787 440 0.00 0.00 0.00 0.00 0.00 0.00 0.00
truck 0.00 0 0.00 1312 322 1385 409 0.00 0.00 0.00 0.00 0.00 0.00 0.00
van 0.00 0 0.00 1222 313 1284 403 0.00 0.00 0.00 0.00 0.00 0.00 0.00
pedestrian 0.00 0 0.00 1022 337 1049 399 0.00 0.00 0.00 0.00 0.00 0.00 0.00
people 0.00 0 0.00 728 257 745 303 0.00 0.00 0.00 0.00 0.00 0.00 0.00
bicycle 0.00 0 0.00 725 275 748 306 0.00 0.00 0.00 0.00 0.00 0.00 0.00
pedestrian 0.00 0 0.00 762 178 779 216 0.00 0.00 0.00 0.00 0.00 0.00 0.00
bicycle 0.00 0 0.00 813 188 852 212 0.00 0.00 0.00 0.00 0.00 0.00 0.00
car 0.00 0 0.00 781 157 874 195 0.00 0.00 0.00 0.00 0.00 0.00 0.00
car 0.00 0 0.00 839 147 909 173 0.00 0.00 0.00 0.00 0.00 0.00 0.00
car 0.00 0 0.00 892 114 955 141 0.00 0.00 0.00 0.00 0.00 0.00 0.00
van 0.00 0 0.00 896 98 962 128 0.00 0.00 0.00 0.00 0.00 0.00 0.00
car 0.00 0 0.00 927 96 987 121 0.00 0.00 0.00 0.00 0.00 0.00 0.00
van 0.00 0 0.00 941 66 1013 103 0.00 0.00 0.00 0.00 0.00 0.00 0.00
car 0.00 0 0.00 989 94 1024 121 0.00 0.00 0.00 0.00 0.00 0.00 0.00
car 0.00 0 0.00 972 66 1034 89 0.00 0.00 0.00 0.00 0.00 0.00 0.00
car 0.00 0 0.00 991 57 1040 78 0.00 0.00 0.00 0.00 0.00 0.00 0.00
car 0.00 0 0.00 1002 54 1062 75 0.00 0.00 0.00 0.00 0.00 0.00 0.00
car 0.00 0 0.00 1007 49 1060 64 0.00 0.00 0.00 0.00 0.00 0.00 0.00
van 0.00 0 0.00 1007 39 1059 59 0.00 0.00 0.00 0.00 0.00 0.00 0.00
truck 0.00 0 0.00 1033 16 1100 55 0.00 0.00 0.00 0.00 0.00 0.00 0.00
van 0.00 0 0.00 1037 139 1102 170 0.00 0.00 0.00 0.00 0.00 0.00 0.00
van 0.00 0 0.00 1030 130 1075 150 0.00 0.00 0.00 0.00 0.00 0.00 0.00
van 0.00 0 0.00 1090 127 1191 165 0.00 0.00 0.00 0.00 0.00 0.00 0.00
van 0.00 0 0.00 1122 104 1192 130 0.00 0.00 0.00 0.00 0.00 0.00 0.00
car 0.00 0 0.00 1090 81 1121 107 0.00 0.00 0.00 0.00 0.00 0.00 0.00
car 0.00 0 0.00 1051 114 1091 132 0.00 0.00 0.00 0.00 0.00 0.00 0.00
car 0.00 0 0.00 1125 59 1156 80 0.00 0.00 0.00 0.00 0.00 0.00 0.00
van 0.00 0 0.00 1143 41 1166 71 0.00 0.00 0.00 0.00 0.00 0.00 0.00
van 0.00 0 0.00 1151 90 1205 112 0.00 0.00 0.00 0.00 0.00 0.00 0.00
van 0.00 0 0.00 1144 82 1197 100 0.00 0.00 0.00 0.00 0.00 0.00 0.00
van 0.00 0 0.00 1165 78 1203 94 0.00 0.00 0.00 0.00 0.00 0.00 0.00
car 0.00 0 0.00 1157 67 1219 87 0.00 0.00 0.00 0.00 0.00 0.00 0.00
van 0.00 0 0.00 1169 57 1219 75 0.00 0.00 0.00 0.00 0.00 0.00 0.00
bicycle 0.00 0 0.00 1774 317 1833 352 0.00 0.00 0.00 0.00 0.00 0.00 0.00
bicycle 0.00 0 0.00 1447 330 1485 370 0.00 0.00 0.00 0.00 0.00 0.00 0.00
bicycle 0.00 0 0.00 1491 329 1510 375 0.00 0.00 0.00 0.00 0.00 0.00 0.00
motor 0.00 0 0.00 1394 335 1420 381 0.00 0.00 0.00 0.00 0.00 0.00 0.00
