pedestrian 0.00 0 0.00 548 106 554 130 0.00 0.00 0.00 0.00 0.00 0.00 0.00
pedestrian 0.00 0 0.00 553 105 566 129 0.00 0.00 0.00 0.00 0.00 0.00 0.00
pedestrian 0.00 0 0.00 574 216 589 242 0.00 0.00 0.00 0.00 0.00 0.00 0.00
pedestrian 0.00 0 0.00 529 455 541 483 0.00 0.00 0.00 0.00 0.00 0.00 0.00
pedestrian 0.00 0 0.00 1004 689 1016 719 0.00 0.00 0.00 0.00 0.00 0.00 0.00
pedestrian 0.00 0 0.00 962 417 974 441 0.00 0.00 0.00 0.00 0.00 0.00 0.00
pedestrian 0.00 0 0.00 998 412 1019 443 0.00 0.00 0.00 0.00 0.00 0.00 0.00
pedestrian 0.00 0 0.00 908 252 918 270 0.00 0.00 0.00 0.00 0.00 0.00 0.00
pedestrian 0.00 0 0.00 725 285 744 309 0.00 0.00 0.00 0.00 0.00 0.00 0.00
people 0.00 0 0.00 718 253 735 271 0.00 0.00 0.00 0.00 0.00 0.00 0.00
pedestrian 0.00 0 0.00 650 245 662 261 0.00 0.00 0.00 0.00 0.00 0.00 0.00
pedestrian 0.00 0 0.00 897 193 915 219 0.00 0.00 0.00 0.00 0.00 0.00 0.00
pedestrian 0.00 0 0.00 923 61 933 84 0.00 0.00 0.00 0.00 0.00 0.00 0.00
pedestrian 0.00 0 0.00 918 42 930 64 0.00 0.00 0.00 0.00 0.00 0.00 0.00
pedestrian 0.00 0 0.00 899 43 908 65 0.00 0.00 0.00 0.00 0.00 0.00 0.00
pedestrian 0.00 0 0.00 875 39 886 62 0.00 0.00 0.00 0.00 0.00 0.00 0.00
pedestrian 0.00 0 0.00 884 38 892 58 0.00 0.00 0.00 0.00 0.00 0.00 0.00
pedestrian 0.00 0 0.00 892 35 901 58 0.00 0.00 0.00 0.00 0.00 0.00 0.00
people 0.00 0 0.00 756 204 773 222 0.00 0.00 0.00 0.00 0.00 0.00 0.00
people 0.00 0 0.00 745 197 772 211 0.00 0.00 0.00 0.00 0.00 0.00 0.00
people 0.00 0 0.00 612 163 624 183 0.00 0.00 0.00 0.00 0.00 0.00 0.00
people 0.00 0 0.00 611 155 624 172 0.00 0.00 0.00 0.00 0.00 0.00 0.00
van 0.00 0 0.00 1066 170 1150 269 0.00 0.00 0.00 0.00 0.00 0.00 0.00
car 0.00 0 0.00 1216 154 1286 235 0.00 0.00 0.00 0.00 0.00 0.00 0.00
car 0.00 0 0.00 1301 0 1351 38 0.00 0.00 0.00 0.00 0.00 0.00 0.00
car 0.00 0 0.00 1227 671 1354 787 0.00 0.00 0.00 0.00 0.00 0.00 0.00
car 0.00 0 0.00 1351 624 1400 750 0.00 0.00 0.00 0.00 0.00 0.00 0.00
car 0.00 0 0.00 1353 438 1400 553 0.00 0.00 0.00 0.00 0.00 0.00 0.00
people 0.00 0 0.00 700 110 712 125 0.00 0.00 0.00 0.00 0.00 0.00 0.00
people 0.00 0 0.00 613 372 631 388 0.00 0.00 0.00 0.00 0.00 0.00 0.00
people 0.00 0 0.00 611 368 630 384 0.00 0.00 0.00 0.00 0.00 0.00 0.00
