car 0.00 0 0.00 572 727 603 775 0.00 0.00 0.00 0.00 0.00 0.00 0.00
car 0.00 0 0.00 531 641 568 696 0.00 0.00 0.00 0.00 0.00 0.00 0.00
car 0.00 0 0.00 610 499 638 533 0.00 0.00 0.00 0.00 0.00 0.00 0.00
car 0.00 0 0.00 648 424 672 457 0.00 0.00 0.00 0.00 0.00 0.00 0.00
car 0.00 0 0.00 678 360 706 396 0.00 0.00 0.00 0.00 0.00 0.00 0.00
car 0.00 0 0.00 730 307 749 336 0.00 0.00 0.00 0.00 0.00 0.00 0.00
car 0.00 0 0.00 701 291 720 317 0.00 0.00 0.00 0.00 0.00 0.00 0.00
bus 0.00 0 0.00 765 258 789 332 0.00 0.00 0.00 0.00 0.00 0.00 0.00
car 0.00 0 0.00 722 238 743 262 0.00 0.00 0.00 0.00 0.00 0.00 0.00
car 0.00 0 0.00 717 157 735 176 0.00 0.00 0.00 0.00 0.00 0.00 0.00
car 0.00 0 0.00 716 83 732 100 0.00 0.00 0.00 0.00 0.00 0.00 0.00
