people 0.00 0 0.00 210 946 245 990 0.00 0.00 0.00 0.00 0.00 0.00 0.00
people 0.00 0 0.00 235 935 263 979 0.00 0.00 0.00 0.00 0.00 0.00 0.00
people 0.00 0 0.00 367 682 388 721 0.00 0.00 0.00 0.00 0.00 0.00 0.00
people 0.00 0 0.00 591 618 610 658 0.00 0.00 0.00 0.00 0.00 0.00 0.00
people 0.00 0 0.00 975 765 1005 795 0.00 0.00 0.00 0.00 0.00 0.00 0.00
people 0.00 0 0.00 761 719 788 768 0.00 0.00 0.00 0.00 0.00 0.00 0.00
people 0.00 0 0.00 491 559 507 590 0.00 0.00 0.00 0.00 0.00 0.00 0.00
people 0.00 0 0.00 852 184 856 190 0.00 0.00 0.00 0.00 0.00 0.00 0.00
motor 0.00 0 0.00 851 185 859 198 0.00 0.00 0.00 0.00 0.00 0.00 0.00
motor 0.00 0 0.00 204 956 266 1024 0.00 0.00 0.00 0.00 0.00 0.00 0.00
bicycle 0.00 0 0.00 364 696 394 738 0.00 0.00 0.00 0.00 0.00 0.00 0.00
bicycle 0.00 0 0.00 487 571 509 599 0.00 0.00 0.00 0.00 0.00 0.00 0.00
bicycle 0.00 0 0.00 752 739 796 774 0.00 0.00 0.00 0.00 0.00 0.00 0.00
motor 0.00 0 0.00 587 636 609 676 0.00 0.00 0.00 0.00 0.00 0.00 0.00
awning-tricycle 0.00 0 0.00 963 776 1019 828 0.00 0.00 0.00 0.00 0.00 0.00 0.00
pedestrian 0.00 0 0.00 760 681 773 727 0.00 0.00 0.00 0.00 0.00 0.00 0.00
pedestrian 0.00 0 0.00 395 512 415 544 0.00 0.00 0.00 0.00 0.00 0.00 0.00
pedestrian 0.00 0 0.00 1043 775 1073 846 0.00 0.00 0.00 0.00 0.00 0.00 0.00
pedestrian 0.00 0 0.00 1092 739 1117 799 0.00 0.00 0.00 0.00 0.00 0.00 0.00
van 0.00 0 0.00 1063 520 1126 597 0.00 0.00 0.00 0.00 0.00 0.00 0.00
van 0.00 0 0.00 1130 440 1189 508 0.00 0.00 0.00 0.00 0.00 0.00 0.00
car 0.00 0 0.00 1201 472 1264 532 0.00 0.00 0.00 0.00 0.00 0.00 0.00
car 0.00 0 0.00 1031 463 1093 515 0.00 0.00 0.00 0.00 0.00 0.00 0.00
car 0.00 0 0.00 1085 425 1127 466 0.00 0.00 0.00 0.00 0.00 0.00 0.00
car 0.00 0 0.00 790 344 820 377 0.00 0.00 0.00 0.00 0.00 0.00 0.00
car 0.00 0 0.00 1115 375 1162 424 0.00 0.00 0.00 0.00 0.00 0.00 0.00
car 0.00 0 0.00 1271 251 1294 270 0.00 0.00 0.00 0.00 0.00 0.00 0.00
car 0.00 0 0.00 1344 205 1362 222 0.00 0.00 0.00 0.00 0.00 0.00 0.00
car 0.00 0 0.00 1171 394 1218 444 0.00 0.00 0.00 0.00 0.00 0.00 0.00
car 0.00 0 0.00 1105 351 1149 381 0.00 0.00 0.00 0.00 0.00 0.00 0.00
car 0.00 0 0.00 898 258 950 279 0.00 0.00 0.00 0.00 0.00 0.00 0.00
pedestrian 0.00 0 0.00 972 286 978 308 0.00 0.00 0.00 0.00 0.00 0.00 0.00
pedestrian 0.00 0 0.00 894 260 900 278 0.00 0.00 0.00 0.00 0.00 0.00 0.00
pedestrian 0.00 0 0.00 966 233 971 250 0.00 0.00 0.00 0.00 0.00 0.00 0.00
pedestrian 0.00 0 0.00 1376 186 1384 201 0.00 0.00 0.00 0.00 0.00 0.00 0.00
car 0.00 0 0.00 1318 179 1331 193 0.00 0.00 0.00 0.00 0.00 0.00 0.00
car 0.00 0 0.00 1334 166 1348 182 0.00 0.00 0.00 0.00 0.00 0.00 0.00
car 0.00 0 0.00 1318 130 1334 138 0.00 0.00 0.00 0.00 0.00 0.00 0.00
van 0.00 0 0.00 897 116 906 125 0.00 0.00 0.00 0.00 0.00 0.00 0.00
car 0.00 0 0.00 870 119 879 130 0.00 0.00 0.00 0.00 0.00 0.00 0.00
people 0.00 0 0.00 532 462 542 478 0.00 0.00 0.00 0.00 0.00 0.00 0.00
pedestrian 0.00 0 0.00 561 426 572 454 0.00 0.00 0.00 0.00 0.00 0.00 0.00
pedestrian 0.00 0 0.00 573 378 590 412 0.00 0.00 0.00 0.00 0.00 0.00 0.00
pedestrian 0.00 0 0.00 564 412 574 438 0.00 0.00 0.00 0.00 0.00 0.00 0.00
car 0.00 0 0.00 77 370 149 390 0.00 0.00 0.00 0.00 0.00 0.00 0.00
car 0.00 0 0.00 104 358 180 379 0.00 0.00 0.00 0.00 0.00 0.00 0.00
car 0.00 0 0.00 136 344 208 367 0.00 0.00 0.00 0.00 0.00 0.00 0.00
car 0.00 0 0.00 184 303 234 331 0.00 0.00 0.00 0.00 0.00 0.00 0.00
car 0.00 0 0.00 191 327 248 353 0.00 0.00 0.00 0.00 0.00 0.00 0.00
car 0.00 0 0.00 221 296 260 319 0.00 0.00 0.00 0.00 0.00 0.00 0.00
motor 0.00 0 0.00 168 322 178 336 0.00 0.00 0.00 0.00 0.00 0.00 0.00
people 0.00 0 0.00 532 406 543 423 0.00 0.00 0.00 0.00 0.00 0.00 0.00
bicycle 0.00 0 0.00 635 345 663 362 0.00 0.00 0.00 0.00 0.00 0.00 0.00
bicycle 0.00 0 0.00 650 327 670 347 0.00 0.00 0.00 0.00 0.00 0.00 0.00
bicycle 0.00 0 0.00 642 338 666 358 0.00 0.00 0.00 0.00 0.00 0.00 0.00
pedestrian 0.00 0 0.00 686 392 696 425 0.00 0.00 0.00 0.00 0.00 0.00 0.00
pedestrian 0.00 0 0.00 674 325 680 344 0.00 0.00 0.00 0.00 0.00 0.00 0.00
van 0.00 0 0.00 664 340 714 386 0.00 0.00 0.00 0.00 0.00 0.00 0.00
van 0.00 0 0.00 745 311 793 381 0.00 0.00 0.00 0.00 0.00 0.00 0.00
car 0.00 0 0.00 785 262 818 291 0.00 0.00 0.00 0.00 0.00 0.00 0.00
car 0.00 0 0.00 803 255 807 267 0.00 0.00 0.00 0.00 0.00 0.00 0.00
car 0.00 0 0.00 761 258 784 287 0.00 0.00 0.00 0.00 0.00 0.00 0.00
car 0.00 0 0.00 773 247 795 266 0.00 0.00 0.00 0.00 0.00 0.00 0.00
car 0.00 0 0.00 701 310 739 351 0.00 0.00 0.00 0.00 0.00 0.00 0.00
car 0.00 0 0.00 736 301 757 323 0.00 0.00 0.00 0.00 0.00 0.00 0.00
car 0.00 0 0.00 683 278 714 329 0.00 0.00 0.00 0.00 0.00 0.00 0.00
car 0.00 0 0.00 708 286 764 311 0.00 0.00 0.00 0.00 0.00 0.00 0.00
van 0.00 0 0.00 684 263 742 292 0.00 0.00 0.00 0.00 0.00 0.00 0.00
pedestrian 0.00 0 0.00 671 280 677 294 0.00 0.00 0.00 0.00 0.00 0.00 0.00
car 0.00 0 0.00 637 271 668 288 0.00 0.00 0.00 0.00 0.00 0.00 0.00
car 0.00 0 0.00 860 153 868 163 0.00 0.00 0.00 0.00 0.00 0.00 0.00
car 0.00 0 0.00 849 162 867 177 0.00 0.00 0.00 0.00 0.00 0.00 0.00
awning-tricycle 0.00 0 0.00 826 203 836 212 0.00 0.00 0.00 0.00 0.00 0.00 0.00
pedestrian 0.00 0 0.00 829 196 836 210 0.00 0.00 0.00 0.00 0.00 0.00 0.00
car 0.00 0 0.00 898 236 946 255 0.00 0.00 0.00 0.00 0.00 0.00 0.00
car 0.00 0 0.00 899 236 945 244 0.00 0.00 0.00 0.00 0.00 0.00 0.00
car 0.00 0 0.00 905 229 948 240 0.00 0.00 0.00 0.00 0.00 0.00 0.00
car 0.00 0 0.00 909 223 950 232 0.00 0.00 0.00 0.00 0.00 0.00 0.00
car 0.00 0 0.00 909 212 946 228 0.00 0.00 0.00 0.00 0.00 0.00 0.00
car 0.00 0 0.00 908 205 949 218 0.00 0.00 0.00 0.00 0.00 0.00 0.00
car 0.00 0 0.00 902 194 948 208 0.00 0.00 0.00 0.00 0.00 0.00 0.00
truck 0.00 0 0.00 847 143 860 158 0.00 0.00 0.00 0.00 0.00 0.00 0.00
car 0.00 0 0.00 833 148 846 159 0.00 0.00 0.00 0.00 0.00 0.00 0.00
car 0.00 0 0.00 808 168 835 179 0.00 0.00 0.00 0.00 0.00 0.00 0.00
car 0.00 0 0.00 803 170 828 182 0.00 0.00 0.00 0.00 0.00 0.00 0.00
car 0.00 0 0.00 805 177 827 192 0.00 0.00 0.00 0.00 0.00 0.00 0.00
car 0.00 0 0.00 800 181 823 195 0.00 0.00 0.00 0.00 0.00 0.00 0.00
car 0.00 0 0.00 795 186 815 199 0.00 0.00 0.00 0.00 0.00 0.00 0.00
pedestrian 0.00 0 0.00 895 185 901 197 0.00 0.00 0.00 0.00 0.00 0.00 0.00
pedestrian 0.00 0 0.00 900 175 906 186 0.00 0.00 0.00 0.00 0.00 0.00 0.00
pedestrian 0.00 0 0.00 888 175 892 186 0.00 0.00 0.00 0.00 0.00 0.00 0.00
pedestrian 0.00 0 0.00 845 171 850 186 0.00 0.00 0.00 0.00 0.00 0.00 0.00
pedestrian 0.00 0 0.00 852 169 857 187 0.00 0.00 0.00 0.00 0.00 0.00 0.00
bicycle 0.00 0 0.00 997 293 1021 302 0.00 0.00 0.00 0.00 0.00 0.00 0.00
