car 0.00 0 0.00 684 901 809 1020 0.00 0.00 0.00 0.00 0.00 0.00 0.00
car 0.00 0 0.00 722 478 769 564 0.00 0.00 0.00 0.00 0.00 0.00 0.00
car 0.00 0 0.00 704 353 740 430 0.00 0.00 0.00 0.00 0.00 0.00 0.00
car 0.00 0 0.00 697 268 738 331 0.00 0.00 0.00 0.00 0.00 0.00 0.00
car 0.00 0 0.00 686 192 720 260 0.00 0.00 0.00 0.00 0.00 0.00 0.00
car 0.00 0 0.00 699 123 726 179 0.00 0.00 0.00 0.00 0.00 0.00 0.00
car 0.00 0 0.00 205 279 260 341 0.00 0.00 0.00 0.00 0.00 0.00 0.00
car 0.00 0 0.00 240 214 287 262 0.00 0.00 0.00 0.00 0.00 0.00 0.00
car 0.00 0 0.00 272 151 307 201 0.00 0.00 0.00 0.00 0.00 0.00 0.00
car 0.00 0 0.00 286 109 334 156 0.00 0.00 0.00 0.00 0.00 0.00 0.00
car 0.00 0 0.00 412 78 468 96 0.00 0.00 0.00 0.00 0.00 0.00 0.00
car 0.00 0 0.00 402 62 468 96 0.00 0.00 0.00 0.00 0.00 0.00 0.00
car 0.00 0 0.00 422 46 477 71 0.00 0.00 0.00 0.00 0.00 0.00 0.00
car 0.00 0 0.00 425 31 477 56 0.00 0.00 0.00 0.00 0.00 0.00 0.00
car 0.00 0 0.00 428 11 480 38 0.00 0.00 0.00 0.00 0.00 0.00 0.00
car 0.00 0 0.00 428 3 488 30 0.00 0.00 0.00 0.00 0.00 0.00 0.00
car 0.00 0 0.00 182 478 296 521 0.00 0.00 0.00 0.00 0.00 0.00 0.00
van 0.00 0 0.00 473 452 586 508 0.00 0.00 0.00 0.00 0.00 0.00 0.00
van 0.00 0 0.00 714 563 775 699 0.00 0.00 0.00 0.00 0.00 0.00 0.00
car 0.00 0 0.00 314 71 347 113 0.00 0.00 0.00 0.00 0.00 0.00 0.00
car 0.00 0 0.00 347 0 380 18 0.00 0.00 0.00 0.00 0.00 0.00 0.00
car 0.00 0 0.00 221 0 279 22 0.00 0.00 0.00 0.00 0.00 0.00 0.00
car 0.00 0 0.00 778 1 803 29 0.00 0.00 0.00 0.00 0.00 0.00 0.00
car 0.00 0 0.00 869 4 900 39 0.00 0.00 0.00 0.00 0.00 0.00 0.00
car 0.00 0 0.00 1095 180 1125 221 0.00 0.00 0.00 0.00 0.00 0.00 0.00
car 0.00 0 0.00 1085 74 1120 119 0.00 0.00 0.00 0.00 0.00 0.00 0.00
car 0.00 0 0.00 927 179 969 232 0.00 0.00 0.00 0.00 0.00 0.00 0.00
car 0.00 0 0.00 863 107 890 156 0.00 0.00 0.00 0.00 0.00 0.00 0.00
car 0.00 0 0.00 844 43 876 83 0.00 0.00 0.00 0.00 0.00 0.00 0.00
car 0.00 0 0.00 897 77 939 119 0.00 0.00 0.00 0.00 0.00 0.00 0.00
bus 0.00 0 0.00 1185 212 1276 319 0.00 0.00 0.00 0.00 0.00 0.00 0.00
pedestrian 0.00 0 0.00 1136 162 1148 189 0.00 0.00 0.00 0.00 0.00 0.00 0.00
pedestrian 0.00 0 0.00 1148 162 1162 190 0.00 0.00 0.00 0.00 0.00 0.00 0.00
pedestrian 0.00 0 0.00 1364 867 1400 892 0.00 0.00 0.00 0.00 0.00 0.00 0.00
pedestrian 0.00 0 0.00 817 0 829 26 0.00 0.00 0.00 0.00 0.00 0.00 0.00
pedestrian 0.00 0 0.00 45 516 69 548 0.00 0.00 0.00 0.00 0.00 0.00 0.00
bicycle 0.00 0 0.00 73 678 109 712 0.00 0.00 0.00 0.00 0.00 0.00 0.00
tricycle 0.00 0 0.00 92 629 125 681 0.00 0.00 0.00 0.00 0.00 0.00 0.00
pedestrian 0.00 0 0.00 7 841 42 865 0.00 0.00 0.00 0.00 0.00 0.00 0.00
bicycle 0.00 0 0.00 0 909 16 963 0.00 0.00 0.00 0.00 0.00 0.00 0.00
people 0.00 0 0.00 812 712 828 730 0.00 0.00 0.00 0.00 0.00 0.00 0.00
people 0.00 0 0.00 1052 408 1069 425 0.00 0.00 0.00 0.00 0.00 0.00 0.00
people 0.00 0 0.00 1184 546 1200 561 0.00 0.00 0.00 0.00 0.00 0.00 0.00
people 0.00 0 0.00 698 33 707 48 0.00 0.00 0.00 0.00 0.00 0.00 0.00
people 0.00 0 0.00 727 70 739 88 0.00 0.00 0.00 0.00 0.00 0.00 0.00
people 0.00 0 0.00 972 84 984 104 0.00 0.00 0.00 0.00 0.00 0.00 0.00
bicycle 0.00 0 0.00 968 87 983 110 0.00 0.00 0.00 0.00 0.00 0.00 0.00
bicycle 0.00 0 0.00 695 38 707 56 0.00 0.00 0.00 0.00 0.00 0.00 0.00
motor 0.00 0 0.00 725 78 738 99 0.00 0.00 0.00 0.00 0.00 0.00 0.00
motor 0.00 0 0.00 1051 408 1067 434 0.00 0.00 0.00 0.00 0.00 0.00 0.00
pedestrian 0.00 0 0.00 640 170 650 193 0.00 0.00 0.00 0.00 0.00 0.00 0.00
pedestrian 0.00 0 0.00 618 329 636 354 0.00 0.00 0.00 0.00 0.00 0.00 0.00
bicycle 0.00 0 0.00 814 710 826 748 0.00 0.00 0.00 0.00 0.00 0.00 0.00
motor 0.00 0 0.00 1177 539 1210 588 0.00 0.00 0.00 0.00 0.00 0.00 0.00
