pedestrian 0.00 0 0.00 307 866 319 921 0.00 0.00 0.00 0.00 0.00 0.00 0.00
pedestrian 0.00 0 0.00 314 858 327 905 0.00 0.00 0.00 0.00 0.00 0.00 0.00
car 0.00 0 0.00 501 928 586 1031 0.00 0.00 0.00 0.00 0.00 0.00 0.00
truck 0.00 0 0.00 461 854 514 913 0.00 0.00 0.00 0.00 0.00 0.00 0.00
car 0.00 0 0.00 916 881 1024 938 0.00 0.00 0.00 0.00 0.00 0.00 0.00
car 0.00 0 0.00 1291 749 1329 784 0.00 0.00 0.00 0.00 0.00 0.00 0.00
pedestrian 0.00 0 0.00 1160 751 1170 777 0.00 0.00 0.00 0.00 0.00 0.00 0.00
pedestrian 0.00 0 0.00 1123 745 1136 771 0.00 0.00 0.00 0.00 0.00 0.00 0.00
bus 0.00 0 0.00 1166 712 1213 768 0.00 0.00 0.00 0.00 0.00 0.00 0.00
car 0.00 0 0.00 1109 735 1137 762 0.00 0.00 0.00 0.00 0.00 0.00 0.00
car 0.00 0 0.00 1071 731 1106 758 0.00 0.00 0.00 0.00 0.00 0.00 0.00
car 0.00 0 0.00 1031 721 1063 754 0.00 0.00 0.00 0.00 0.00 0.00 0.00
car 0.00 0 0.00 981 723 1020 745 0.00 0.00 0.00 0.00 0.00 0.00 0.00
truck 0.00 0 0.00 976 680 1007 712 0.00 0.00 0.00 0.00 0.00 0.00 0.00
truck 0.00 0 0.00 948 689 976 706 0.00 0.00 0.00 0.00 0.00 0.00 0.00
car 0.00 0 0.00 873 686 903 703 0.00 0.00 0.00 0.00 0.00 0.00 0.00
car 0.00 0 0.00 850 684 879 701 0.00 0.00 0.00 0.00 0.00 0.00 0.00
car 0.00 0 0.00 830 684 858 699 0.00 0.00 0.00 0.00 0.00 0.00 0.00
car 0.00 0 0.00 835 670 863 686 0.00 0.00 0.00 0.00 0.00 0.00 0.00
car 0.00 0 0.00 813 681 840 697 0.00 0.00 0.00 0.00 0.00 0.00 0.00
car 0.00 0 0.00 794 679 821 695 0.00 0.00 0.00 0.00 0.00 0.00 0.00
car 0.00 0 0.00 775 676 803 691 0.00 0.00 0.00 0.00 0.00 0.00 0.00
car 0.00 0 0.00 756 675 784 691 0.00 0.00 0.00 0.00 0.00 0.00 0.00
van 0.00 0 0.00 742 664 773 682 0.00 0.00 0.00 0.00 0.00 0.00 0.00
van 0.00 0 0.00 726 661 757 683 0.00 0.00 0.00 0.00 0.00 0.00 0.00
bus 0.00 0 0.00 733 640 776 661 0.00 0.00 0.00 0.00 0.00 0.00 0.00
car 0.00 0 0.00 729 646 752 660 0.00 0.00 0.00 0.00 0.00 0.00 0.00
car 0.00 0 0.00 700 645 719 655 0.00 0.00 0.00 0.00 0.00 0.00 0.00
car 0.00 0 0.00 686 643 706 654 0.00 0.00 0.00 0.00 0.00 0.00 0.00
car 0.00 0 0.00 664 643 684 652 0.00 0.00 0.00 0.00 0.00 0.00 0.00
car 0.00 0 0.00 622 659 648 674 0.00 0.00 0.00 0.00 0.00 0.00 0.00
bus 0.00 0 0.00 574 643 620 672 0.00 0.00 0.00 0.00 0.00 0.00 0.00
car 0.00 0 0.00 625 653 649 663 0.00 0.00 0.00 0.00 0.00 0.00 0.00
car 0.00 0 0.00 613 651 634 663 0.00 0.00 0.00 0.00 0.00 0.00 0.00
van 0.00 0 0.00 627 636 653 651 0.00 0.00 0.00 0.00 0.00 0.00 0.00
car 0.00 0 0.00 618 640 637 651 0.00 0.00 0.00 0.00 0.00 0.00 0.00
car 0.00 0 0.00 611 640 628 647 0.00 0.00 0.00 0.00 0.00 0.00 0.00
car 0.00 0 0.00 598 638 615 647 0.00 0.00 0.00 0.00 0.00 0.00 0.00
car 0.00 0 0.00 584 637 604 647 0.00 0.00 0.00 0.00 0.00 0.00 0.00
car 0.00 0 0.00 457 679 483 696 0.00 0.00 0.00 0.00 0.00 0.00 0.00
car 0.00 0 0.00 442 663 462 677 0.00 0.00 0.00 0.00 0.00 0.00 0.00
truck 0.00 0 0.00 419 645 437 661 0.00 0.00 0.00 0.00 0.00 0.00 0.00
car 0.00 0 0.00 374 634 384 643 0.00 0.00 0.00 0.00 0.00 0.00 0.00
car 0.00 0 0.00 353 652 367 664 0.00 0.00 0.00 0.00 0.00 0.00 0.00
truck 0.00 0 0.00 322 635 347 667 0.00 0.00 0.00 0.00 0.00 0.00 0.00
truck 0.00 0 0.00 343 673 366 695 0.00 0.00 0.00 0.00 0.00 0.00 0.00
car 0.00 0 0.00 341 614 349 619 0.00 0.00 0.00 0.00 0.00 0.00 0.00
car 0.00 0 0.00 53 655 80 667 0.00 0.00 0.00 0.00 0.00 0.00 0.00
car 0.00 0 0.00 189 651 223 660 0.00 0.00 0.00 0.00 0.00 0.00 0.00
van 0.00 0 0.00 161 653 194 668 0.00 0.00 0.00 0.00 0.00 0.00 0.00
car 0.00 0 0.00 148 657 187 672 0.00 0.00 0.00 0.00 0.00 0.00 0.00
bus 0.00 0 0.00 136 660 192 682 0.00 0.00 0.00 0.00 0.00 0.00 0.00
car 0.00 0 0.00 131 674 172 689 0.00 0.00 0.00 0.00 0.00 0.00 0.00
car 0.00 0 0.00 109 681 161 698 0.00 0.00 0.00 0.00 0.00 0.00 0.00
car 0.00 0 0.00 110 686 161 700 0.00 0.00 0.00 0.00 0.00 0.00 0.00
car 0.00 0 0.00 104 689 160 704 0.00 0.00 0.00 0.00 0.00 0.00 0.00
car 0.00 0 0.00 69 697 127 713 0.00 0.00 0.00 0.00 0.00 0.00 0.00
van 0.00 0 0.00 0 730 47 748 0.00 0.00 0.00 0.00 0.00 0.00 0.00
car 0.00 0 0.00 0 736 34 759 0.00 0.00 0.00 0.00 0.00 0.00 0.00
