car 0.00 0 0.00 5 709 230 867 0.00 0.00 0.00 0.00 0.00 0.00 0.00
pedestrian 0.00 0 0.00 518 842 566 937 0.00 0.00 0.00 0.00 0.00 0.00 0.00
car 0.00 0 0.00 574 773 790 1003 0.00 0.00 0.00 0.00 0.00 0.00 0.00
car 0.00 0 0.00 875 726 1210 888 0.00 0.00 0.00 0.00 0.00 0.00 0.00
car 0.00 0 0.00 979 668 1263 796 0.00 0.00 0.00 0.00 0.00 0.00 0.00
car 0.00 0 0.00 988 603 1232 706 0.00 0.00 0.00 0.00 0.00 0.00 0.00
car 0.00 0 0.00 1025 548 1240 628 0.00 0.00 0.00 0.00 0.00 0.00 0.00
car 0.00 0 0.00 650 431 801 515 0.00 0.00 0.00 0.00 0.00 0.00 0.00
car 0.00 0 0.00 585 460 752 553 0.00 0.00 0.00 0.00 0.00 0.00 0.00
car 0.00 0 0.00 501 488 700 600 0.00 0.00 0.00 0.00 0.00 0.00 0.00
car 0.00 0 0.00 443 541 623 655 0.00 0.00 0.00 0.00 0.00 0.00 0.00
car 0.00 0 0.00 326 588 541 730 0.00 0.00 0.00 0.00 0.00 0.00 0.00
car 0.00 0 0.00 138 504 296 581 0.00 0.00 0.00 0.00 0.00 0.00 0.00
car 0.00 0 0.00 0 456 104 532 0.00 0.00 0.00 0.00 0.00 0.00 0.00
car 0.00 0 0.00 243 362 370 429 0.00 0.00 0.00 0.00 0.00 0.00 0.00
car 0.00 0 0.00 345 298 448 351 0.00 0.00 0.00 0.00 0.00 0.00 0.00
van 0.00 0 0.00 403 405 531 483 0.00 0.00 0.00 0.00 0.00 0.00 0.00
car 0.00 0 0.00 495 390 597 448 0.00 0.00 0.00 0.00 0.00 0.00 0.00
car 0.00 0 0.00 547 374 629 420 0.00 0.00 0.00 0.00 0.00 0.00 0.00
car 0.00 0 0.00 580 340 698 396 0.00 0.00 0.00 0.00 0.00 0.00 0.00
car 0.00 0 0.00 440 270 535 315 0.00 0.00 0.00 0.00 0.00 0.00 0.00
car 0.00 0 0.00 746 371 888 449 0.00 0.00 0.00 0.00 0.00 0.00 0.00
car 0.00 0 0.00 823 335 953 398 0.00 0.00 0.00 0.00 0.00 0.00 0.00
car 0.00 0 0.00 872 323 975 372 0.00 0.00 0.00 0.00 0.00 0.00 0.00
car 0.00 0 0.00 727 288 827 326 0.00 0.00 0.00 0.00 0.00 0.00 0.00
car 0.00 0 0.00 554 235 650 280 0.00 0.00 0.00 0.00 0.00 0.00 0.00
