car 0.00 0 0.00 288 370 367 455 0.00 0.00 0.00 0.00 0.00 0.00 0.00
car 0.00 0 0.00 169 375 263 474 0.00 0.00 0.00 0.00 0.00 0.00 0.00
pedestrian 0.00 0 0.00 189 448 213 489 0.00 0.00 0.00 0.00 0.00 0.00 0.00
van 0.00 0 0.00 1 772 74 901 0.00 0.00 0.00 0.00 0.00 0.00 0.00
car 0.00 0 0.00 666 857 827 946 0.00 0.00 0.00 0.00 0.00 0.00 0.00
van 0.00 0 0.00 655 775 789 860 0.00 0.00 0.00 0.00 0.00 0.00 0.00
pedestrian 0.00 0 0.00 596 779 623 815 0.00 0.00 0.00 0.00 0.00 0.00 0.00
pedestrian 0.00 0 0.00 539 675 566 707 0.00 0.00 0.00 0.00 0.00 0.00 0.00
car 0.00 0 0.00 473 679 567 812 0.00 0.00 0.00 0.00 0.00 0.00 0.00
pedestrian 0.00 0 0.00 738 565 757 596 0.00 0.00 0.00 0.00 0.00 0.00 0.00
pedestrian 0.00 0 0.00 733 547 756 581 0.00 0.00 0.00 0.00 0.00 0.00 0.00
car 0.00 0 0.00 908 442 954 519 0.00 0.00 0.00 0.00 0.00 0.00 0.00
car 0.00 0 0.00 728 412 786 497 0.00 0.00 0.00 0.00 0.00 0.00 0.00
car 0.00 0 0.00 791 413 846 496 0.00 0.00 0.00 0.00 0.00 0.00 0.00
car 0.00 0 0.00 772 275 869 328 0.00 0.00 0.00 0.00 0.00 0.00 0.00
car 0.00 0 0.00 859 167 909 233 0.00 0.00 0.00 0.00 0.00 0.00 0.00
car 0.00 0 0.00 806 154 847 197 0.00 0.00 0.00 0.00 0.00 0.00 0.00
car 0.00 0 0.00 748 158 793 207 0.00 0.00 0.00 0.00 0.00 0.00 0.00
car 0.00 0 0.00 892 308 999 359 0.00 0.00 0.00 0.00 0.00 0.00 0.00
van 0.00 0 0.00 867 29 904 92 0.00 0.00 0.00 0.00 0.00 0.00 0.00
motor 0.00 0 0.00 830 96 863 123 0.00 0.00 0.00 0.00 0.00 0.00 0.00
motor 0.00 0 0.00 921 224 958 252 0.00 0.00 0.00 0.00 0.00 0.00 0.00
motor 0.00 0 0.00 960 71 995 95 0.00 0.00 0.00 0.00 0.00 0.00 0.00
bicycle 0.00 0 0.00 937 126 967 147 0.00 0.00 0.00 0.00 0.00 0.00 0.00
people 0.00 0 0.00 733 124 747 152 0.00 0.00 0.00 0.00 0.00 0.00 0.00
people 0.00 0 0.00 820 52 833 77 0.00 0.00 0.00 0.00 0.00 0.00 0.00
motor 0.00 0 0.00 813 55 834 80 0.00 0.00 0.00 0.00 0.00 0.00 0.00
bicycle 0.00 0 0.00 731 131 748 159 0.00 0.00 0.00 0.00 0.00 0.00 0.00
car 0.00 0 0.00 419 201 482 274 0.00 0.00 0.00 0.00 0.00 0.00 0.00
car 0.00 0 0.00 470 146 530 211 0.00 0.00 0.00 0.00 0.00 0.00 0.00
car 0.00 0 0.00 513 85 569 148 0.00 0.00 0.00 0.00 0.00 0.00 0.00
car 0.00 0 0.00 588 47 639 100 0.00 0.00 0.00 0.00 0.00 0.00 0.00
van 0.00 0 0.00 602 0 648 28 0.00 0.00 0.00 0.00 0.00 0.00 0.00
