car 0.00 0 0.00 67 19 119 58 0.00 0.00 0.00 0.00 0.00 0.00 0.00
van 0.00 0 0.00 0 61 57 100 0.00 0.00 0.00 0.00 0.00 0.00 0.00
van 0.00 0 0.00 4 130 67 158 0.00 0.00 0.00 0.00 0.00 0.00 0.00
car 0.00 0 0.00 0 162 40 185 0.00 0.00 0.00 0.00 0.00 0.00 0.00
bus 0.00 0 0.00 76 126 172 158 0.00 0.00 0.00 0.00 0.00 0.00 0.00
van 0.00 0 0.00 224 132 283 157 0.00 0.00 0.00 0.00 0.00 0.00 0.00
van 0.00 0 0.00 224 163 276 186 0.00 0.00 0.00 0.00 0.00 0.00 0.00
car 0.00 0 0.00 145 166 201 188 0.00 0.00 0.00 0.00 0.00 0.00 0.00
car 0.00 0 0.00 65 166 116 188 0.00 0.00 0.00 0.00 0.00 0.00 0.00
van 0.00 0 0.00 114 189 174 211 0.00 0.00 0.00 0.00 0.00 0.00 0.00
car 0.00 0 0.00 29 187 91 214 0.00 0.00 0.00 0.00 0.00 0.00 0.00
car 0.00 0 0.00 20 250 79 272 0.00 0.00 0.00 0.00 0.00 0.00 0.00
van 0.00 0 0.00 45 216 119 240 0.00 0.00 0.00 0.00 0.00 0.00 0.00
car 0.00 0 0.00 146 223 203 244 0.00 0.00 0.00 0.00 0.00 0.00 0.00
van 0.00 0 0.00 215 190 272 212 0.00 0.00 0.00 0.00 0.00 0.00 0.00
car 0.00 0 0.00 228 221 286 243 0.00 0.00 0.00 0.00 0.00 0.00 0.00
car 0.00 0 0.00 223 248 281 271 0.00 0.00 0.00 0.00 0.00 0.00 0.00
bus 0.00 0 0.00 96 243 196 274 0.00 0.00 0.00 0.00 0.00 0.00 0.00
pedestrian 0.00 0 0.00 279 26 288 40 0.00 0.00 0.00 0.00 0.00 0.00 0.00
pedestrian 0.00 0 0.00 286 15 295 29 0.00 0.00 0.00 0.00 0.00 0.00 0.00
pedestrian 0.00 0 0.00 310 11 321 25 0.00 0.00 0.00 0.00 0.00 0.00 0.00
pedestrian 0.00 0 0.00 324 11 332 25 0.00 0.00 0.00 0.00 0.00 0.00 0.00
pedestrian 0.00 0 0.00 324 27 334 41 0.00 0.00 0.00 0.00 0.00 0.00 0.00
car 0.00 0 0.00 369 683 397 745 0.00 0.00 0.00 0.00 0.00 0.00 0.00
car 0.00 0 0.00 377 605 406 663 0.00 0.00 0.00 0.00 0.00 0.00 0.00
car 0.00 0 0.00 345 524 385 574 0.00 0.00 0.00 0.00 0.00 0.00 0.00
car 0.00 0 0.00 420 525 445 583 0.00 0.00 0.00 0.00 0.00 0.00 0.00
car 0.00 0 0.00 405 708 435 766 0.00 0.00 0.00 0.00 0.00 0.00 0.00
van 0.00 0 0.00 416 614 443 676 0.00 0.00 0.00 0.00 0.00 0.00 0.00
pedestrian 0.00 0 0.00 462 7 470 21 0.00 0.00 0.00 0.00 0.00 0.00 0.00
pedestrian 0.00 0 0.00 445 29 452 44 0.00 0.00 0.00 0.00 0.00 0.00 0.00
pedestrian 0.00 0 0.00 469 34 477 50 0.00 0.00 0.00 0.00 0.00 0.00 0.00
pedestrian 0.00 0 0.00 455 52 462 66 0.00 0.00 0.00 0.00 0.00 0.00 0.00
pedestrian 0.00 0 0.00 446 57 452 66 0.00 0.00 0.00 0.00 0.00 0.00 0.00
pedestrian 0.00 0 0.00 446 53 451 66 0.00 0.00 0.00 0.00 0.00 0.00 0.00
bus 0.00 0 0.00 376 284 461 320 0.00 0.00 0.00 0.00 0.00 0.00 0.00
pedestrian 0.00 0 0.00 670 587 681 599 0.00 0.00 0.00 0.00 0.00 0.00 0.00
pedestrian 0.00 0 0.00 672 773 683 786 0.00 0.00 0.00 0.00 0.00 0.00 0.00
pedestrian 0.00 0 0.00 669 517 678 527 0.00 0.00 0.00 0.00 0.00 0.00 0.00
pedestrian 0.00 0 0.00 664 500 674 511 0.00 0.00 0.00 0.00 0.00 0.00 0.00
pedestrian 0.00 0 0.00 777 483 785 494 0.00 0.00 0.00 0.00 0.00 0.00 0.00
van 0.00 0 0.00 899 23 922 60 0.00 0.00 0.00 0.00 0.00 0.00 0.00
car 0.00 0 0.00 943 23 967 58 0.00 0.00 0.00 0.00 0.00 0.00 0.00
bus 0.00 0 0.00 884 319 970 350 0.00 0.00 0.00 0.00 0.00 0.00 0.00
pedestrian 0.00 0 0.00 871 442 883 451 0.00 0.00 0.00 0.00 0.00 0.00 0.00
pedestrian 0.00 0 0.00 845 455 855 461 0.00 0.00 0.00 0.00 0.00 0.00 0.00
pedestrian 0.00 0 0.00 878 479 887 486 0.00 0.00 0.00 0.00 0.00 0.00 0.00
pedestrian 0.00 0 0.00 870 501 881 512 0.00 0.00 0.00 0.00 0.00 0.00 0.00
pedestrian 0.00 0 0.00 882 497 889 506 0.00 0.00 0.00 0.00 0.00 0.00 0.00
pedestrian 0.00 0 0.00 886 519 893 529 0.00 0.00 0.00 0.00 0.00 0.00 0.00
pedestrian 0.00 0 0.00 875 512 885 524 0.00 0.00 0.00 0.00 0.00 0.00 0.00
pedestrian 0.00 0 0.00 941 570 949 579 0.00 0.00 0.00 0.00 0.00 0.00 0.00
car 0.00 0 0.00 968 24 991 60 0.00 0.00 0.00 0.00 0.00 0.00 0.00
pedestrian 0.00 0 0.00 1048 82 1056 97 0.00 0.00 0.00 0.00 0.00 0.00 0.00
pedestrian 0.00 0 0.00 1038 79 1045 90 0.00 0.00 0.00 0.00 0.00 0.00 0.00
car 0.00 0 0.00 1172 20 1198 61 0.00 0.00 0.00 0.00 0.00 0.00 0.00
pedestrian 0.00 0 0.00 1188 20 1195 30 0.00 0.00 0.00 0.00 0.00 0.00 0.00
car 0.00 0 0.00 1216 23 1244 61 0.00 0.00 0.00 0.00 0.00 0.00 0.00
van 0.00 0 0.00 1285 14 1315 57 0.00 0.00 0.00 0.00 0.00 0.00 0.00
car 0.00 0 0.00 1373 17 1400 55 0.00 0.00 0.00 0.00 0.00 0.00 0.00
