pedestrian 0.00 0 0.00 109 659 117 679 0.00 0.00 0.00 0.00 0.00 0.00 0.00
pedestrian 0.00 0 0.00 81 663 89 687 0.00 0.00 0.00 0.00 0.00 0.00 0.00
people 0.00 0 0.00 34 653 44 670 0.00 0.00 0.00 0.00 0.00 0.00 0.00
bicycle 0.00 0 0.00 33 662 44 675 0.00 0.00 0.00 0.00 0.00 0.00 0.00
pedestrian 0.00 0 0.00 84 716 100 753 0.00 0.00 0.00 0.00 0.00 0.00 0.00
car 0.00 0 0.00 0 709 43 743 0.00 0.00 0.00 0.00 0.00 0.00 0.00
truck 0.00 0 0.00 199 620 276 656 0.00 0.00 0.00 0.00 0.00 0.00 0.00
pedestrian 0.00 0 0.00 885 701 894 726 0.00 0.00 0.00 0.00 0.00 0.00 0.00
car 0.00 0 0.00 984 809 1045 871 0.00 0.00 0.00 0.00 0.00 0.00 0.00
car 0.00 0 0.00 841 782 919 839 0.00 0.00 0.00 0.00 0.00 0.00 0.00
car 0.00 0 0.00 926 744 989 791 0.00 0.00 0.00 0.00 0.00 0.00 0.00
car 0.00 0 0.00 824 756 895 800 0.00 0.00 0.00 0.00 0.00 0.00 0.00
car 0.00 0 0.00 886 731 949 769 0.00 0.00 0.00 0.00 0.00 0.00 0.00
car 0.00 0 0.00 934 699 992 743 0.00 0.00 0.00 0.00 0.00 0.00 0.00
car 0.00 0 0.00 987 709 1042 754 0.00 0.00 0.00 0.00 0.00 0.00 0.00
