van 0.00 0 0.00 134 452 183 506 0.00 0.00 0.00 0.00 0.00 0.00 0.00
truck 0.00 0 0.00 309 253 336 283 0.00 0.00 0.00 0.00 0.00 0.00 0.00
van 0.00 0 0.00 256 123 289 141 0.00 0.00 0.00 0.00 0.00 0.00 0.00
van 0.00 0 0.00 1228 590 1293 628 0.00 0.00 0.00 0.00 0.00 0.00 0.00
van 0.00 0 0.00 705 192 739 214 0.00 0.00 0.00 0.00 0.00 0.00 0.00
truck 0.00 0 0.00 979 268 1015 292 0.00 0.00 0.00 0.00 0.00 0.00 0.00
truck 0.00 0 0.00 580 303 611 349 0.00 0.00 0.00 0.00 0.00 0.00 0.00
truck 0.00 0 0.00 602 204 627 243 0.00 0.00 0.00 0.00 0.00 0.00 0.00
car 0.00 0 0.00 799 374 830 409 0.00 0.00 0.00 0.00 0.00 0.00 0.00
car 0.00 0 0.00 600 271 619 295 0.00 0.00 0.00 0.00 0.00 0.00 0.00
car 0.00 0 0.00 884 233 918 250 0.00 0.00 0.00 0.00 0.00 0.00 0.00
car 0.00 0 0.00 878 222 913 240 0.00 0.00 0.00 0.00 0.00 0.00 0.00
car 0.00 0 0.00 686 130 703 146 0.00 0.00 0.00 0.00 0.00 0.00 0.00
car 0.00 0 0.00 637 60 657 72 0.00 0.00 0.00 0.00 0.00 0.00 0.00
car 0.00 0 0.00 333 103 351 120 0.00 0.00 0.00 0.00 0.00 0.00 0.00
car 0.00 0 0.00 312 100 331 116 0.00 0.00 0.00 0.00 0.00 0.00 0.00
car 0.00 0 0.00 263 107 279 120 0.00 0.00 0.00 0.00 0.00 0.00 0.00
car 0.00 0 0.00 433 64 456 77 0.00 0.00 0.00 0.00 0.00 0.00 0.00
car 0.00 0 0.00 448 48 471 59 0.00 0.00 0.00 0.00 0.00 0.00 0.00
car 0.00 0 0.00 449 46 474 57 0.00 0.00 0.00 0.00 0.00 0.00 0.00
car 0.00 0 0.00 451 41 476 52 0.00 0.00 0.00 0.00 0.00 0.00 0.00
car 0.00 0 0.00 446 37 472 49 0.00 0.00 0.00 0.00 0.00 0.00 0.00
car 0.00 0 0.00 462 12 485 23 0.00 0.00 0.00 0.00 0.00 0.00 0.00
car 0.00 0 0.00 644 3 651 12 0.00 0.00 0.00 0.00 0.00 0.00 0.00
car 0.00 0 0.00 652 15 664 25 0.00 0.00 0.00 0.00 0.00 0.00 0.00
car 0.00 0 0.00 646 0 660 7 0.00 0.00 0.00 0.00 0.00 0.00 0.00
motor 0.00 0 0.00 648 582 662 603 0.00 0.00 0.00 0.00 0.00 0.00 0.00
motor 0.00 0 0.00 619 445 629 463 0.00 0.00 0.00 0.00 0.00 0.00 0.00
motor 0.00 0 0.00 632 395 646 412 0.00 0.00 0.00 0.00 0.00 0.00 0.00
people 0.00 0 0.00 650 582 660 601 0.00 0.00 0.00 0.00 0.00 0.00 0.00
people 0.00 0 0.00 620 446 628 458 0.00 0.00 0.00 0.00 0.00 0.00 0.00
people 0.00 0 0.00 634 395 644 408 0.00 0.00 0.00 0.00 0.00 0.00 0.00
