pedestrian 0.00 0 0.00 307 183 326 206 0.00 0.00 0.00 0.00 0.00 0.00 0.00
motor 0.00 0 0.00 333 176 375 201 0.00 0.00 0.00 0.00 0.00 0.00 0.00
pedestrian 0.00 0 0.00 499 264 514 290 0.00 0.00 0.00 0.00 0.00 0.00 0.00
van 0.00 0 0.00 324 252 400 313 0.00 0.00 0.00 0.00 0.00 0.00 0.00
awning-tricycle 0.00 0 0.00 397 290 482 358 0.00 0.00 0.00 0.00 0.00 0.00 0.00
awning-tricycle 0.00 0 0.00 545 269 592 310 0.00 0.00 0.00 0.00 0.00 0.00 0.00
pedestrian 0.00 0 0.00 590 274 601 304 0.00 0.00 0.00 0.00 0.00 0.00 0.00
people 0.00 0 0.00 625 232 637 256 0.00 0.00 0.00 0.00 0.00 0.00 0.00
motor 0.00 0 0.00 699 141 726 169 0.00 0.00 0.00 0.00 0.00 0.00 0.00
motor 0.00 0 0.00 782 88 792 124 0.00 0.00 0.00 0.00 0.00 0.00 0.00
motor 0.00 0 0.00 797 88 805 119 0.00 0.00 0.00 0.00 0.00 0.00 0.00
bicycle 0.00 0 0.00 744 68 758 94 0.00 0.00 0.00 0.00 0.00 0.00 0.00
car 0.00 0 0.00 703 256 727 291 0.00 0.00 0.00 0.00 0.00 0.00 0.00
truck 0.00 0 0.00 935 6 1051 163 0.00 0.00 0.00 0.00 0.00 0.00 0.00
car 0.00 0 0.00 891 178 951 253 0.00 0.00 0.00 0.00 0.00 0.00 0.00
car 0.00 0 0.00 797 309 865 385 0.00 0.00 0.00 0.00 0.00 0.00 0.00
pedestrian 0.00 0 0.00 845 355 854 380 0.00 0.00 0.00 0.00 0.00 0.00 0.00
van 0.00 0 0.00 738 412 802 490 0.00 0.00 0.00 0.00 0.00 0.00 0.00
truck 0.00 0 0.00 649 387 749 516 0.00 0.00 0.00 0.00 0.00 0.00 0.00
people 0.00 0 0.00 687 413 699 428 0.00 0.00 0.00 0.00 0.00 0.00 0.00
pedestrian 0.00 0 0.00 574 402 590 428 0.00 0.00 0.00 0.00 0.00 0.00 0.00
pedestrian 0.00 0 0.00 556 401 571 428 0.00 0.00 0.00 0.00 0.00 0.00 0.00
awning-tricycle 0.00 0 0.00 481 365 556 437 0.00 0.00 0.00 0.00 0.00 0.00 0.00
pedestrian 0.00 0 0.00 476 388 489 418 0.00 0.00 0.00 0.00 0.00 0.00 0.00
motor 0.00 0 0.00 491 422 519 450 0.00 0.00 0.00 0.00 0.00 0.00 0.00
people 0.00 0 0.00 462 405 477 424 0.00 0.00 0.00 0.00 0.00 0.00 0.00
people 0.00 0 0.00 499 460 520 485 0.00 0.00 0.00 0.00 0.00 0.00 0.00
people 0.00 0 0.00 493 476 515 496 0.00 0.00 0.00 0.00 0.00 0.00 0.00
people 0.00 0 0.00 386 432 407 456 0.00 0.00 0.00 0.00 0.00 0.00 0.00
bicycle 0.00 0 0.00 413 442 438 474 0.00 0.00 0.00 0.00 0.00 0.00 0.00
pedestrian 0.00 0 0.00 591 455 604 479 0.00 0.00 0.00 0.00 0.00 0.00 0.00
pedestrian 0.00 0 0.00 576 507 585 526 0.00 0.00 0.00 0.00 0.00 0.00 0.00
pedestrian 0.00 0 0.00 587 551 603 569 0.00 0.00 0.00 0.00 0.00 0.00 0.00
bicycle 0.00 0 0.00 586 541 603 576 0.00 0.00 0.00 0.00 0.00 0.00 0.00
motor 0.00 0 0.00 452 532 478 564 0.00 0.00 0.00 0.00 0.00 0.00 0.00
people 0.00 0 0.00 528 535 545 555 0.00 0.00 0.00 0.00 0.00 0.00 0.00
people 0.00 0 0.00 509 543 526 559 0.00 0.00 0.00 0.00 0.00 0.00 0.00
people 0.00 0 0.00 492 564 511 584 0.00 0.00 0.00 0.00 0.00 0.00 0.00
people 0.00 0 0.00 476 607 492 623 0.00 0.00 0.00 0.00 0.00 0.00 0.00
pedestrian 0.00 0 0.00 499 590 514 610 0.00 0.00 0.00 0.00 0.00 0.00 0.00
pedestrian 0.00 0 0.00 537 560 557 582 0.00 0.00 0.00 0.00 0.00 0.00 0.00
awning-tricycle 0.00 0 0.00 545 527 589 576 0.00 0.00 0.00 0.00 0.00 0.00 0.00
awning-tricycle 0.00 0 0.00 473 600 534 662 0.00 0.00 0.00 0.00 0.00 0.00 0.00
motor 0.00 0 0.00 474 662 510 676 0.00 0.00 0.00 0.00 0.00 0.00 0.00
pedestrian 0.00 0 0.00 464 696 484 715 0.00 0.00 0.00 0.00 0.00 0.00 0.00
pedestrian 0.00 0 0.00 463 724 488 745 0.00 0.00 0.00 0.00 0.00 0.00 0.00
bicycle 0.00 0 0.00 460 714 488 750 0.00 0.00 0.00 0.00 0.00 0.00 0.00
motor 0.00 0 0.00 86 743 138 766 0.00 0.00 0.00 0.00 0.00 0.00 0.00
motor 0.00 0 0.00 41 791 78 820 0.00 0.00 0.00 0.00 0.00 0.00 0.00
motor 0.00 0 0.00 52 976 91 1005 0.00 0.00 0.00 0.00 0.00 0.00 0.00
pedestrian 0.00 0 0.00 93 1001 126 1023 0.00 0.00 0.00 0.00 0.00 0.00 0.00
pedestrian 0.00 0 0.00 86 1029 126 1048 0.00 0.00 0.00 0.00 0.00 0.00 0.00
pedestrian 0.00 0 0.00 134 1018 159 1031 0.00 0.00 0.00 0.00 0.00 0.00 0.00
pedestrian 0.00 0 0.00 145 1038 179 1049 0.00 0.00 0.00 0.00 0.00 0.00 0.00
motor 0.00 0 0.00 189 1008 236 1049 0.00 0.00 0.00 0.00 0.00 0.00 0.00
pedestrian 0.00 0 0.00 202 922 236 936 0.00 0.00 0.00 0.00 0.00 0.00 0.00
people 0.00 0 0.00 273 866 294 883 0.00 0.00 0.00 0.00 0.00 0.00 0.00
bicycle 0.00 0 0.00 234 836 270 864 0.00 0.00 0.00 0.00 0.00 0.00 0.00
awning-tricycle 0.00 0 0.00 237 811 305 858 0.00 0.00 0.00 0.00 0.00 0.00 0.00
pedestrian 0.00 0 0.00 322 855 344 869 0.00 0.00 0.00 0.00 0.00 0.00 0.00
motor 0.00 0 0.00 313 882 356 921 0.00 0.00 0.00 0.00 0.00 0.00 0.00
motor 0.00 0 0.00 349 839 394 865 0.00 0.00 0.00 0.00 0.00 0.00 0.00
people 0.00 0 0.00 354 842 379 865 0.00 0.00 0.00 0.00 0.00 0.00 0.00
people 0.00 0 0.00 375 916 403 941 0.00 0.00 0.00 0.00 0.00 0.00 0.00
motor 0.00 0 0.00 357 909 411 956 0.00 0.00 0.00 0.00 0.00 0.00 0.00
car 0.00 0 0.00 389 912 501 1049 0.00 0.00 0.00 0.00 0.00 0.00 0.00
pedestrian 0.00 0 0.00 614 975 634 998 0.00 0.00 0.00 0.00 0.00 0.00 0.00
pedestrian 0.00 0 0.00 722 970 736 991 0.00 0.00 0.00 0.00 0.00 0.00 0.00
pedestrian 0.00 0 0.00 525 832 538 845 0.00 0.00 0.00 0.00 0.00 0.00 0.00
pedestrian 0.00 0 0.00 573 840 587 861 0.00 0.00 0.00 0.00 0.00 0.00 0.00
awning-tricycle 0.00 0 0.00 547 806 623 868 0.00 0.00 0.00 0.00 0.00 0.00 0.00
motor 0.00 0 0.00 1302 927 1347 966 0.00 0.00 0.00 0.00 0.00 0.00 0.00
motor 0.00 0 0.00 1277 945 1320 980 0.00 0.00 0.00 0.00 0.00 0.00 0.00
car 0.00 0 0.00 1126 849 1253 940 0.00 0.00 0.00 0.00 0.00 0.00 0.00
van 0.00 0 0.00 1006 763 1128 870 0.00 0.00 0.00 0.00 0.00 0.00 0.00
motor 0.00 0 0.00 1060 871 1115 901 0.00 0.00 0.00 0.00 0.00 0.00 0.00
people 0.00 0 0.00 1080 873 1103 898 0.00 0.00 0.00 0.00 0.00 0.00 0.00
people 0.00 0 0.00 960 832 984 851 0.00 0.00 0.00 0.00 0.00 0.00 0.00
motor 0.00 0 0.00 946 830 994 859 0.00 0.00 0.00 0.00 0.00 0.00 0.00
motor 0.00 0 0.00 908 774 950 800 0.00 0.00 0.00 0.00 0.00 0.00 0.00
people 0.00 0 0.00 915 771 941 794 0.00 0.00 0.00 0.00 0.00 0.00 0.00
bicycle 0.00 0 0.00 857 634 894 661 0.00 0.00 0.00 0.00 0.00 0.00 0.00
people 0.00 0 0.00 866 662 880 676 0.00 0.00 0.00 0.00 0.00 0.00 0.00
pedestrian 0.00 0 0.00 846 681 861 693 0.00 0.00 0.00 0.00 0.00 0.00 0.00
pedestrian 0.00 0 0.00 855 750 874 765 0.00 0.00 0.00 0.00 0.00 0.00 0.00
people 0.00 0 0.00 881 676 900 694 0.00 0.00 0.00 0.00 0.00 0.00 0.00
people 0.00 0 0.00 892 688 906 709 0.00 0.00 0.00 0.00 0.00 0.00 0.00
pedestrian 0.00 0 0.00 872 833 886 848 0.00 0.00 0.00 0.00 0.00 0.00 0.00
pedestrian 0.00 0 0.00 815 811 831 829 0.00 0.00 0.00 0.00 0.00 0.00 0.00
pedestrian 0.00 0 0.00 1007 931 1031 947 0.00 0.00 0.00 0.00 0.00 0.00 0.00
pedestrian 0.00 0 0.00 1028 939 1044 958 0.00 0.00 0.00 0.00 0.00 0.00 0.00
pedestrian 0.00 0 0.00 1015 965 1038 992 0.00 0.00 0.00 0.00 0.00 0.00 0.00
awning-tricycle 0.00 0 0.00 997 940 1073 997 0.00 0.00 0.00 0.00 0.00 0.00 0.00
awning-tricycle 0.00 0 0.00 1079 988 1158 1048 0.00 0.00 0.00 0.00 0.00 0.00 0.00
pedestrian 0.00 0 0.00 1122 1022 1143 1046 0.00 0.00 0.00 0.00 0.00 0.00 0.00
pedestrian 0.00 0 0.00 1080 1025 1106 1044 0.00 0.00 0.00 0.00 0.00 0.00 0.00
people 0.00 0 0.00 931 1023 948 1048 0.00 0.00 0.00 0.00 0.00 0.00 0.00
bicycle 0.00 0 0.00 868 984 896 1017 0.00 0.00 0.00 0.00 0.00 0.00 0.00
people 0.00 0 0.00 906 932 920 957 0.00 0.00 0.00 0.00 0.00 0.00 0.00
people 0.00 0 0.00 814 957 833 977 0.00 0.00 0.00 0.00 0.00 0.00 0.00
awning-tricycle 0.00 0 0.00 901 886 973 954 0.00 0.00 0.00 0.00 0.00 0.00 0.00
awning-tricycle 0.00 0 0.00 774 919 851 1012 0.00 0.00 0.00 0.00 0.00 0.00 0.00
awning-tricycle 0.00 0 0.00 814 846 862 887 0.00 0.00 0.00 0.00 0.00 0.00 0.00
awning-tricycle 0.00 0 0.00 745 787 804 858 0.00 0.00 0.00 0.00 0.00 0.00 0.00
awning-tricycle 0.00 0 0.00 675 747 731 820 0.00 0.00 0.00 0.00 0.00 0.00 0.00
awning-tricycle 0.00 0 0.00 624 742 685 783 0.00 0.00 0.00 0.00 0.00 0.00 0.00
pedestrian 0.00 0 0.00 764 811 781 839 0.00 0.00 0.00 0.00 0.00 0.00 0.00
pedestrian 0.00 0 0.00 786 794 800 817 0.00 0.00 0.00 0.00 0.00 0.00 0.00
pedestrian 0.00 0 0.00 773 785 786 810 0.00 0.00 0.00 0.00 0.00 0.00 0.00
pedestrian 0.00 0 0.00 732 785 746 803 0.00 0.00 0.00 0.00 0.00 0.00 0.00
people 0.00 0 0.00 691 724 714 742 0.00 0.00 0.00 0.00 0.00 0.00 0.00
bicycle 0.00 0 0.00 695 715 710 755 0.00 0.00 0.00 0.00 0.00 0.00 0.00
people 0.00 0 0.00 684 797 699 812 0.00 0.00 0.00 0.00 0.00 0.00 0.00
people 0.00 0 0.00 659 784 673 800 0.00 0.00 0.00 0.00 0.00 0.00 0.00
pedestrian 0.00 0 0.00 631 718 645 733 0.00 0.00 0.00 0.00 0.00 0.00 0.00
van 0.00 0 0.00 450 719 547 824 0.00 0.00 0.00 0.00 0.00 0.00 0.00
awning-tricycle 0.00 0 0.00 362 743 430 814 0.00 0.00 0.00 0.00 0.00 0.00 0.00
people 0.00 0 0.00 374 759 391 775 0.00 0.00 0.00 0.00 0.00 0.00 0.00
