truck 0.00 0 0.00 713 826 866 972 0.00 0.00 0.00 0.00 0.00 0.00 0.00
truck 0.00 0 0.00 370 959 517 1050 0.00 0.00 0.00 0.00 0.00 0.00 0.00
motor 0.00 0 0.00 265 929 300 1001 0.00 0.00 0.00 0.00 0.00 0.00 0.00
motor 0.00 0 0.00 301 903 342 966 0.00 0.00 0.00 0.00 0.00 0.00 0.00
motor 0.00 0 0.00 582 838 636 873 0.00 0.00 0.00 0.00 0.00 0.00 0.00
motor 0.00 0 0.00 562 803 619 833 0.00 0.00 0.00 0.00 0.00 0.00 0.00
truck 0.00 0 0.00 510 526 620 631 0.00 0.00 0.00 0.00 0.00 0.00 0.00
van 0.00 0 0.00 451 490 558 578 0.00 0.00 0.00 0.00 0.00 0.00 0.00
car 0.00 0 0.00 400 462 502 546 0.00 0.00 0.00 0.00 0.00 0.00 0.00
motor 0.00 0 0.00 705 528 736 561 0.00 0.00 0.00 0.00 0.00 0.00 0.00
car 0.00 0 0.00 124 416 170 496 0.00 0.00 0.00 0.00 0.00 0.00 0.00
car 0.00 0 0.00 347 417 455 490 0.00 0.00 0.00 0.00 0.00 0.00 0.00
car 0.00 0 0.00 308 387 408 465 0.00 0.00 0.00 0.00 0.00 0.00 0.00
car 0.00 0 0.00 291 351 393 417 0.00 0.00 0.00 0.00 0.00 0.00 0.00
car 0.00 0 0.00 323 246 422 317 0.00 0.00 0.00 0.00 0.00 0.00 0.00
people 0.00 0 0.00 331 246 355 277 0.00 0.00 0.00 0.00 0.00 0.00 0.00
car 0.00 0 0.00 258 198 352 256 0.00 0.00 0.00 0.00 0.00 0.00 0.00
motor 0.00 0 0.00 133 121 151 152 0.00 0.00 0.00 0.00 0.00 0.00 0.00
people 0.00 0 0.00 133 119 148 138 0.00 0.00 0.00 0.00 0.00 0.00 0.00
motor 0.00 0 0.00 260 120 293 153 0.00 0.00 0.00 0.00 0.00 0.00 0.00
car 0.00 0 0.00 295 34 336 87 0.00 0.00 0.00 0.00 0.00 0.00 0.00
pedestrian 0.00 0 0.00 210 25 227 55 0.00 0.00 0.00 0.00 0.00 0.00 0.00
pedestrian 0.00 0 0.00 208 18 228 37 0.00 0.00 0.00 0.00 0.00 0.00 0.00
tricycle 0.00 0 0.00 175 27 206 75 0.00 0.00 0.00 0.00 0.00 0.00 0.00
pedestrian 0.00 0 0.00 21 383 51 413 0.00 0.00 0.00 0.00 0.00 0.00 0.00
car 0.00 0 0.00 0 84 37 123 0.00 0.00 0.00 0.00 0.00 0.00 0.00
car 0.00 0 0.00 10 38 79 79 0.00 0.00 0.00 0.00 0.00 0.00 0.00
motor 0.00 0 0.00 488 370 517 406 0.00 0.00 0.00 0.00 0.00 0.00 0.00
motor 0.00 0 0.00 554 382 580 419 0.00 0.00 0.00 0.00 0.00 0.00 0.00
motor 0.00 0 0.00 545 426 573 461 0.00 0.00 0.00 0.00 0.00 0.00 0.00
motor 0.00 0 0.00 593 392 608 429 0.00 0.00 0.00 0.00 0.00 0.00 0.00
motor 0.00 0 0.00 605 395 624 436 0.00 0.00 0.00 0.00 0.00 0.00 0.00
pedestrian 0.00 0 0.00 708 422 725 452 0.00 0.00 0.00 0.00 0.00 0.00 0.00
motor 0.00 0 0.00 867 439 894 473 0.00 0.00 0.00 0.00 0.00 0.00 0.00
motor 0.00 0 0.00 960 391 976 427 0.00 0.00 0.00 0.00 0.00 0.00 0.00
car 0.00 0 0.00 992 367 1080 438 0.00 0.00 0.00 0.00 0.00 0.00 0.00
motor 0.00 0 0.00 987 256 1032 278 0.00 0.00 0.00 0.00 0.00 0.00 0.00
motor 0.00 0 0.00 1047 285 1077 324 0.00 0.00 0.00 0.00 0.00 0.00 0.00
motor 0.00 0 0.00 1079 281 1103 312 0.00 0.00 0.00 0.00 0.00 0.00 0.00
car 0.00 0 0.00 1161 253 1244 313 0.00 0.00 0.00 0.00 0.00 0.00 0.00
motor 0.00 0 0.00 1177 215 1203 249 0.00 0.00 0.00 0.00 0.00 0.00 0.00
car 0.00 0 0.00 1239 208 1316 268 0.00 0.00 0.00 0.00 0.00 0.00 0.00
people 0.00 0 0.00 1194 137 1209 153 0.00 0.00 0.00 0.00 0.00 0.00 0.00
people 0.00 0 0.00 1210 125 1225 148 0.00 0.00 0.00 0.00 0.00 0.00 0.00
van 0.00 0 0.00 1322 149 1400 213 0.00 0.00 0.00 0.00 0.00 0.00 0.00
motor 0.00 0 0.00 1323 118 1359 146 0.00 0.00 0.00 0.00 0.00 0.00 0.00
