van 0.00 0 0.00 945 928 1278 1160 0.00 0.00 0.00 0.00 0.00 0.00 0.00
van 0.00 0 0.00 1159 1171 1449 1500 0.00 0.00 0.00 0.00 0.00 0.00 0.00
van 0.00 0 0.00 767 1150 1188 1376 0.00 0.00 0.00 0.00 0.00 0.00 0.00
van 0.00 0 0.00 576 1413 1042 1500 0.00 0.00 0.00 0.00 0.00 0.00 0.00
bicycle 0.00 0 0.00 423 1232 573 1325 0.00 0.00 0.00 0.00 0.00 0.00 0.00
bicycle 0.00 0 0.00 1884 1005 2000 1083 0.00 0.00 0.00 0.00 0.00 0.00 0.00
bicycle 0.00 0 0.00 1761 808 1884 881 0.00 0.00 0.00 0.00 0.00 0.00 0.00
pedestrian 0.00 0 0.00 1789 536 1863 621 0.00 0.00 0.00 0.00 0.00 0.00 0.00
pedestrian 0.00 0 0.00 1787 488 1855 576 0.00 0.00 0.00 0.00 0.00 0.00 0.00
pedestrian 0.00 0 0.00 1695 357 1755 443 0.00 0.00 0.00 0.00 0.00 0.00 0.00
pedestrian 0.00 0 0.00 1287 634 1340 716 0.00 0.00 0.00 0.00 0.00 0.00 0.00
pedestrian 0.00 0 0.00 1435 580 1495 669 0.00 0.00 0.00 0.00 0.00 0.00 0.00
motor 0.00 0 0.00 827 914 891 1057 0.00 0.00 0.00 0.00 0.00 0.00 0.00
people 0.00 0 0.00 672 881 716 946 0.00 0.00 0.00 0.00 0.00 0.00 0.00
people 0.00 0 0.00 780 872 838 936 0.00 0.00 0.00 0.00 0.00 0.00 0.00
pedestrian 0.00 0 0.00 602 606 638 700 0.00 0.00 0.00 0.00 0.00 0.00 0.00
pedestrian 0.00 0 0.00 529 486 574 572 0.00 0.00 0.00 0.00 0.00 0.00 0.00
pedestrian 0.00 0 0.00 577 457 622 541 0.00 0.00 0.00 0.00 0.00 0.00 0.00
pedestrian 0.00 0 0.00 729 482 763 574 0.00 0.00 0.00 0.00 0.00 0.00 0.00
pedestrian 0.00 0 0.00 879 499 917 576 0.00 0.00 0.00 0.00 0.00 0.00 0.00
pedestrian 0.00 0 0.00 928 480 966 571 0.00 0.00 0.00 0.00 0.00 0.00 0.00
pedestrian 0.00 0 0.00 950 544 995 639 0.00 0.00 0.00 0.00 0.00 0.00 0.00
pedestrian 0.00 0 0.00 990 589 1010 643 0.00 0.00 0.00 0.00 0.00 0.00 0.00
pedestrian 0.00 0 0.00 964 513 997 607 0.00 0.00 0.00 0.00 0.00 0.00 0.00
pedestrian 0.00 0 0.00 245 497 288 593 0.00 0.00 0.00 0.00 0.00 0.00 0.00
pedestrian 0.00 0 0.00 186 524 242 618 0.00 0.00 0.00 0.00 0.00 0.00 0.00
