car 0.00 0 0.00 347 320 378 359 0.00 0.00 0.00 0.00 0.00 0.00 0.00
truck 0.00 0 0.00 617 9 650 89 0.00 0.00 0.00 0.00 0.00 0.00 0.00
truck 0.00 0 0.00 659 0 683 37 0.00 0.00 0.00 0.00 0.00 0.00 0.00
truck 0.00 0 0.00 642 32 677 97 0.00 0.00 0.00 0.00 0.00 0.00 0.00
truck 0.00 0 0.00 675 45 696 102 0.00 0.00 0.00 0.00 0.00 0.00 0.00
car 0.00 0 0.00 720 34 733 57 0.00 0.00 0.00 0.00 0.00 0.00 0.00
car 0.00 0 0.00 743 59 758 88 0.00 0.00 0.00 0.00 0.00 0.00 0.00
van 0.00 0 0.00 748 113 765 145 0.00 0.00 0.00 0.00 0.00 0.00 0.00
bus 0.00 0 0.00 720 112 741 207 0.00 0.00 0.00 0.00 0.00 0.00 0.00
car 0.00 0 0.00 747 191 765 213 0.00 0.00 0.00 0.00 0.00 0.00 0.00
van 0.00 0 0.00 755 287 772 321 0.00 0.00 0.00 0.00 0.00 0.00 0.00
car 0.00 0 0.00 724 316 742 352 0.00 0.00 0.00 0.00 0.00 0.00 0.00
car 0.00 0 0.00 760 355 783 395 0.00 0.00 0.00 0.00 0.00 0.00 0.00
truck 0.00 0 0.00 720 397 748 502 0.00 0.00 0.00 0.00 0.00 0.00 0.00
pedestrian 0.00 0 0.00 1126 35 1133 49 0.00 0.00 0.00 0.00 0.00 0.00 0.00
bus 0.00 0 0.00 849 75 883 171 0.00 0.00 0.00 0.00 0.00 0.00 0.00
car 0.00 0 0.00 830 108 845 139 0.00 0.00 0.00 0.00 0.00 0.00 0.00
car 0.00 0 0.00 892 347 915 388 0.00 0.00 0.00 0.00 0.00 0.00 0.00
van 0.00 0 0.00 1027 732 1065 787 0.00 0.00 0.00 0.00 0.00 0.00 0.00
bus 0.00 0 0.00 863 725 895 787 0.00 0.00 0.00 0.00 0.00 0.00 0.00
van 0.00 0 0.00 718 703 742 761 0.00 0.00 0.00 0.00 0.00 0.00 0.00
car 0.00 0 0.00 793 548 816 599 0.00 0.00 0.00 0.00 0.00 0.00 0.00
car 0.00 0 0.00 751 619 773 664 0.00 0.00 0.00 0.00 0.00 0.00 0.00
car 0.00 0 0.00 751 546 778 601 0.00 0.00 0.00 0.00 0.00 0.00 0.00
car 0.00 0 0.00 705 558 726 608 0.00 0.00 0.00 0.00 0.00 0.00 0.00
car 0.00 0 0.00 437 678 470 735 0.00 0.00 0.00 0.00 0.00 0.00 0.00
van 0.00 0 0.00 464 695 506 752 0.00 0.00 0.00 0.00 0.00 0.00 0.00
van 0.00 0 0.00 497 705 534 765 0.00 0.00 0.00 0.00 0.00 0.00 0.00
truck 0.00 0 0.00 461 467 530 594 0.00 0.00 0.00 0.00 0.00 0.00 0.00
truck 0.00 0 0.00 515 368 567 450 0.00 0.00 0.00 0.00 0.00 0.00 0.00
van 0.00 0 0.00 556 554 597 606 0.00 0.00 0.00 0.00 0.00 0.00 0.00
van 0.00 0 0.00 570 521 608 570 0.00 0.00 0.00 0.00 0.00 0.00 0.00
van 0.00 0 0.00 577 480 617 531 0.00 0.00 0.00 0.00 0.00 0.00 0.00
van 0.00 0 0.00 590 450 621 494 0.00 0.00 0.00 0.00 0.00 0.00 0.00
van 0.00 0 0.00 608 386 646 432 0.00 0.00 0.00 0.00 0.00 0.00 0.00
car 0.00 0 0.00 599 422 633 464 0.00 0.00 0.00 0.00 0.00 0.00 0.00
motor 0.00 0 0.00 634 388 647 412 0.00 0.00 0.00 0.00 0.00 0.00 0.00
motor 0.00 0 0.00 632 373 653 384 0.00 0.00 0.00 0.00 0.00 0.00 0.00
car 0.00 0 0.00 644 301 686 320 0.00 0.00 0.00 0.00 0.00 0.00 0.00
car 0.00 0 0.00 648 282 690 302 0.00 0.00 0.00 0.00 0.00 0.00 0.00
van 0.00 0 0.00 648 259 693 282 0.00 0.00 0.00 0.00 0.00 0.00 0.00
car 0.00 0 0.00 666 227 696 245 0.00 0.00 0.00 0.00 0.00 0.00 0.00
car 0.00 0 0.00 655 206 696 226 0.00 0.00 0.00 0.00 0.00 0.00 0.00
car 0.00 0 0.00 655 171 696 191 0.00 0.00 0.00 0.00 0.00 0.00 0.00
van 0.00 0 0.00 662 136 696 156 0.00 0.00 0.00 0.00 0.00 0.00 0.00
van 0.00 0 0.00 659 154 697 173 0.00 0.00 0.00 0.00 0.00 0.00 0.00
