car 0.00 0 0.00 359 153 401 173 0.00 0.00 0.00 0.00 0.00 0.00 0.00
car 0.00 0 0.00 355 177 400 197 0.00 0.00 0.00 0.00 0.00 0.00 0.00
truck 0.00 0 0.00 353 200 400 224 0.00 0.00 0.00 0.00 0.00 0.00 0.00
car 0.00 0 0.00 354 285 403 305 0.00 0.00 0.00 0.00 0.00 0.00 0.00
van 0.00 0 0.00 227 166 270 193 0.00 0.00 0.00 0.00 0.00 0.00 0.00
car 0.00 0 0.00 535 651 560 700 0.00 0.00 0.00 0.00 0.00 0.00 0.00
car 0.00 0 0.00 565 660 587 699 0.00 0.00 0.00 0.00 0.00 0.00 0.00
car 0.00 0 0.00 630 647 652 697 0.00 0.00 0.00 0.00 0.00 0.00 0.00
car 0.00 0 0.00 661 647 684 688 0.00 0.00 0.00 0.00 0.00 0.00 0.00
car 0.00 0 0.00 716 638 738 679 0.00 0.00 0.00 0.00 0.00 0.00 0.00
car 0.00 0 0.00 745 647 764 687 0.00 0.00 0.00 0.00 0.00 0.00 0.00
car 0.00 0 0.00 730 468 755 509 0.00 0.00 0.00 0.00 0.00 0.00 0.00
car 0.00 0 0.00 707 469 729 515 0.00 0.00 0.00 0.00 0.00 0.00 0.00
car 0.00 0 0.00 641 470 665 519 0.00 0.00 0.00 0.00 0.00 0.00 0.00
car 0.00 0 0.00 1217 615 1235 654 0.00 0.00 0.00 0.00 0.00 0.00 0.00
