pedestrian 0.00 0 0.00 364 144 380 163 0.00 0.00 0.00 0.00 0.00 0.00 0.00
pedestrian 0.00 0 0.00 457 162 471 179 0.00 0.00 0.00 0.00 0.00 0.00 0.00
pedestrian 0.00 0 0.00 469 192 477 211 0.00 0.00 0.00 0.00 0.00 0.00 0.00
pedestrian 0.00 0 0.00 483 197 491 210 0.00 0.00 0.00 0.00 0.00 0.00 0.00
people 0.00 0 0.00 496 182 506 197 0.00 0.00 0.00 0.00 0.00 0.00 0.00
people 0.00 0 0.00 501 204 511 216 0.00 0.00 0.00 0.00 0.00 0.00 0.00
pedestrian 0.00 0 0.00 528 208 536 223 0.00 0.00 0.00 0.00 0.00 0.00 0.00
motor 0.00 0 0.00 488 185 515 196 0.00 0.00 0.00 0.00 0.00 0.00 0.00
awning-tricycle 0.00 0 0.00 472 220 516 244 0.00 0.00 0.00 0.00 0.00 0.00 0.00
pedestrian 0.00 0 0.00 500 273 508 289 0.00 0.00 0.00 0.00 0.00 0.00 0.00
car 0.00 0 0.00 505 64 555 110 0.00 0.00 0.00 0.00 0.00 0.00 0.00
awning-tricycle 0.00 0 0.00 480 98 535 127 0.00 0.00 0.00 0.00 0.00 0.00 0.00
pedestrian 0.00 0 0.00 492 135 508 154 0.00 0.00 0.00 0.00 0.00 0.00 0.00
awning-tricycle 0.00 0 0.00 534 135 549 175 0.00 0.00 0.00 0.00 0.00 0.00 0.00
car 0.00 0 0.00 653 6 712 41 0.00 0.00 0.00 0.00 0.00 0.00 0.00
car 0.00 0 0.00 648 37 711 71 0.00 0.00 0.00 0.00 0.00 0.00 0.00
car 0.00 0 0.00 646 67 714 103 0.00 0.00 0.00 0.00 0.00 0.00 0.00
van 0.00 0 0.00 625 136 689 174 0.00 0.00 0.00 0.00 0.00 0.00 0.00
van 0.00 0 0.00 630 102 698 140 0.00 0.00 0.00 0.00 0.00 0.00 0.00
van 0.00 0 0.00 630 169 687 205 0.00 0.00 0.00 0.00 0.00 0.00 0.00
van 0.00 0 0.00 686 209 751 250 0.00 0.00 0.00 0.00 0.00 0.00 0.00
car 0.00 0 0.00 606 199 671 238 0.00 0.00 0.00 0.00 0.00 0.00 0.00
truck 0.00 0 0.00 1110 18 1139 84 0.00 0.00 0.00 0.00 0.00 0.00 0.00
bus 0.00 0 0.00 1165 0 1216 50 0.00 0.00 0.00 0.00 0.00 0.00 0.00
pedestrian 0.00 0 0.00 1100 160 1114 176 0.00 0.00 0.00 0.00 0.00 0.00 0.00
pedestrian 0.00 0 0.00 916 325 929 341 0.00 0.00 0.00 0.00 0.00 0.00 0.00
truck 0.00 0 0.00 1011 270 1112 323 0.00 0.00 0.00 0.00 0.00 0.00 0.00
van 0.00 0 0.00 981 349 1043 386 0.00 0.00 0.00 0.00 0.00 0.00 0.00
car 0.00 0 0.00 940 269 1003 306 0.00 0.00 0.00 0.00 0.00 0.00 0.00
car 0.00 0 0.00 863 252 928 289 0.00 0.00 0.00 0.00 0.00 0.00 0.00
car 0.00 0 0.00 822 319 884 357 0.00 0.00 0.00 0.00 0.00 0.00 0.00
car 0.00 0 0.00 780 270 847 306 0.00 0.00 0.00 0.00 0.00 0.00 0.00
car 0.00 0 0.00 733 303 807 343 0.00 0.00 0.00 0.00 0.00 0.00 0.00
car 0.00 0 0.00 650 298 718 332 0.00 0.00 0.00 0.00 0.00 0.00 0.00
car 0.00 0 0.00 610 373 680 409 0.00 0.00 0.00 0.00 0.00 0.00 0.00
car 0.00 0 0.00 598 453 673 489 0.00 0.00 0.00 0.00 0.00 0.00 0.00
van 0.00 0 0.00 601 522 663 557 0.00 0.00 0.00 0.00 0.00 0.00 0.00
van 0.00 0 0.00 590 556 653 587 0.00 0.00 0.00 0.00 0.00 0.00 0.00
motor 0.00 0 0.00 1120 600 1134 625 0.00 0.00 0.00 0.00 0.00 0.00 0.00
people 0.00 0 0.00 1120 606 1134 619 0.00 0.00 0.00 0.00 0.00 0.00 0.00
car 0.00 0 0.00 1310 907 1352 990 0.00 0.00 0.00 0.00 0.00 0.00 0.00
car 0.00 0 0.00 503 1010 583 1050 0.00 0.00 0.00 0.00 0.00 0.00 0.00
car 0.00 0 0.00 531 934 612 989 0.00 0.00 0.00 0.00 0.00 0.00 0.00
van 0.00 0 0.00 456 980 502 1050 0.00 0.00 0.00 0.00 0.00 0.00 0.00
motor 0.00 0 0.00 349 1023 373 1046 0.00 0.00 0.00 0.00 0.00 0.00 0.00
motor 0.00 0 0.00 340 998 374 1022 0.00 0.00 0.00 0.00 0.00 0.00 0.00
motor 0.00 0 0.00 372 867 401 886 0.00 0.00 0.00 0.00 0.00 0.00 0.00
van 0.00 0 0.00 392 918 433 988 0.00 0.00 0.00 0.00 0.00 0.00 0.00
van 0.00 0 0.00 538 887 627 928 0.00 0.00 0.00 0.00 0.00 0.00 0.00
car 0.00 0 0.00 536 835 614 878 0.00 0.00 0.00 0.00 0.00 0.00 0.00
car 0.00 0 0.00 548 783 629 824 0.00 0.00 0.00 0.00 0.00 0.00 0.00
car 0.00 0 0.00 553 737 629 776 0.00 0.00 0.00 0.00 0.00 0.00 0.00
pedestrian 0.00 0 0.00 510 870 522 885 0.00 0.00 0.00 0.00 0.00 0.00 0.00
van 0.00 0 0.00 555 689 620 721 0.00 0.00 0.00 0.00 0.00 0.00 0.00
car 0.00 0 0.00 556 642 638 681 0.00 0.00 0.00 0.00 0.00 0.00 0.00
car 0.00 0 0.00 560 599 632 636 0.00 0.00 0.00 0.00 0.00 0.00 0.00
pedestrian 0.00 0 0.00 506 691 519 705 0.00 0.00 0.00 0.00 0.00 0.00 0.00
awning-tricycle 0.00 0 0.00 427 602 457 659 0.00 0.00 0.00 0.00 0.00 0.00 0.00
people 0.00 0 0.00 439 612 453 620 0.00 0.00 0.00 0.00 0.00 0.00 0.00
motor 0.00 0 0.00 412 556 444 567 0.00 0.00 0.00 0.00 0.00 0.00 0.00
car 0.00 0 0.00 420 515 498 552 0.00 0.00 0.00 0.00 0.00 0.00 0.00
motor 0.00 0 0.00 453 406 466 431 0.00 0.00 0.00 0.00 0.00 0.00 0.00
motor 0.00 0 0.00 449 438 468 460 0.00 0.00 0.00 0.00 0.00 0.00 0.00
people 0.00 0 0.00 574 501 586 511 0.00 0.00 0.00 0.00 0.00 0.00 0.00
pedestrian 0.00 0 0.00 586 473 594 482 0.00 0.00 0.00 0.00 0.00 0.00 0.00
pedestrian 0.00 0 0.00 563 489 570 500 0.00 0.00 0.00 0.00 0.00 0.00 0.00
pedestrian 0.00 0 0.00 544 374 556 391 0.00 0.00 0.00 0.00 0.00 0.00 0.00
pedestrian 0.00 0 0.00 556 354 567 368 0.00 0.00 0.00 0.00 0.00 0.00 0.00
pedestrian 0.00 0 0.00 616 299 624 317 0.00 0.00 0.00 0.00 0.00 0.00 0.00
pedestrian 0.00 0 0.00 537 361 545 377 0.00 0.00 0.00 0.00 0.00 0.00 0.00
pedestrian 0.00 0 0.00 497 347 508 361 0.00 0.00 0.00 0.00 0.00 0.00 0.00
awning-tricycle 0.00 0 0.00 571 422 595 464 0.00 0.00 0.00 0.00 0.00 0.00 0.00
people 0.00 0 0.00 573 582 584 592 0.00 0.00 0.00 0.00 0.00 0.00 0.00
