tricycle 0.00 0 0.00 958 348 988 407 0.00 0.00 0.00 0.00 0.00 0.00 0.00
people 0.00 0 0.00 964 361 981 390 0.00 0.00 0.00 0.00 0.00 0.00 0.00
tricycle 0.00 0 0.00 799 604 843 697 0.00 0.00 0.00 0.00 0.00 0.00 0.00
pedestrian 0.00 0 0.00 705 756 732 789 0.00 0.00 0.00 0.00 0.00 0.00 0.00
bicycle 0.00 0 0.00 441 812 467 867 0.00 0.00 0.00 0.00 0.00 0.00 0.00
truck 0.00 0 0.00 984 760 1224 875 0.00 0.00 0.00 0.00 0.00 0.00 0.00
tricycle 0.00 0 0.00 971 896 1136 993 0.00 0.00 0.00 0.00 0.00 0.00 0.00
van 0.00 0 0.00 1007 984 1144 1070 0.00 0.00 0.00 0.00 0.00 0.00 0.00
bicycle 0.00 0 0.00 1138 987 1163 1061 0.00 0.00 0.00 0.00 0.00 0.00 0.00
bicycle 0.00 0 0.00 1237 802 1300 828 0.00 0.00 0.00 0.00 0.00 0.00 0.00
bicycle 0.00 0 0.00 1291 733 1343 761 0.00 0.00 0.00 0.00 0.00 0.00 0.00
motor 0.00 0 0.00 1334 837 1396 867 0.00 0.00 0.00 0.00 0.00 0.00 0.00
tricycle 0.00 0 0.00 1399 750 1454 859 0.00 0.00 0.00 0.00 0.00 0.00 0.00
tricycle 0.00 0 0.00 1368 927 1448 1029 0.00 0.00 0.00 0.00 0.00 0.00 0.00
awning-tricycle 0.00 0 0.00 1353 1045 1398 1076 0.00 0.00 0.00 0.00 0.00 0.00 0.00
tricycle 0.00 0 0.00 1499 823 1548 899 0.00 0.00 0.00 0.00 0.00 0.00 0.00
pedestrian 0.00 0 0.00 1042 612 1061 644 0.00 0.00 0.00 0.00 0.00 0.00 0.00
car 0.00 0 0.00 1062 603 1203 684 0.00 0.00 0.00 0.00 0.00 0.00 0.00
van 0.00 0 0.00 1102 526 1242 610 0.00 0.00 0.00 0.00 0.00 0.00 0.00
car 0.00 0 0.00 1112 454 1250 527 0.00 0.00 0.00 0.00 0.00 0.00 0.00
car 0.00 0 0.00 1126 348 1259 407 0.00 0.00 0.00 0.00 0.00 0.00 0.00
car 0.00 0 0.00 1133 266 1259 339 0.00 0.00 0.00 0.00 0.00 0.00 0.00
bicycle 0.00 0 0.00 1289 388 1329 413 0.00 0.00 0.00 0.00 0.00 0.00 0.00
pedestrian 0.00 0 0.00 1447 556 1468 589 0.00 0.00 0.00 0.00 0.00 0.00 0.00
van 0.00 0 0.00 1491 485 1564 643 0.00 0.00 0.00 0.00 0.00 0.00 0.00
truck 0.00 0 0.00 1436 57 1489 178 0.00 0.00 0.00 0.00 0.00 0.00 0.00
car 0.00 0 0.00 1424 0 1477 52 0.00 0.00 0.00 0.00 0.00 0.00 0.00
car 0.00 0 0.00 1537 0 1598 74 0.00 0.00 0.00 0.00 0.00 0.00 0.00
van 0.00 0 0.00 1609 0 1668 96 0.00 0.00 0.00 0.00 0.00 0.00 0.00
car 0.00 0 0.00 1193 0 1310 36 0.00 0.00 0.00 0.00 0.00 0.00 0.00
