car 0.00 0 0.00 561 591 638 630 0.00 0.00 0.00 0.00 0.00 0.00 0.00
car 0.00 0 0.00 676 875 771 979 0.00 0.00 0.00 0.00 0.00 0.00 0.00
car 0.00 0 0.00 426 853 513 931 0.00 0.00 0.00 0.00 0.00 0.00 0.00
car 0.00 0 0.00 224 800 322 867 0.00 0.00 0.00 0.00 0.00 0.00 0.00
car 0.00 0 0.00 382 568 443 605 0.00 0.00 0.00 0.00 0.00 0.00 0.00
car 0.00 0 0.00 351 522 393 554 0.00 0.00 0.00 0.00 0.00 0.00 0.00
car 0.00 0 0.00 301 531 338 565 0.00 0.00 0.00 0.00 0.00 0.00 0.00
car 0.00 0 0.00 263 475 292 505 0.00 0.00 0.00 0.00 0.00 0.00 0.00
car 0.00 0 0.00 271 432 301 457 0.00 0.00 0.00 0.00 0.00 0.00 0.00
car 0.00 0 0.00 246 400 271 426 0.00 0.00 0.00 0.00 0.00 0.00 0.00
car 0.00 0 0.00 226 421 252 449 0.00 0.00 0.00 0.00 0.00 0.00 0.00
car 0.00 0 0.00 229 377 252 400 0.00 0.00 0.00 0.00 0.00 0.00 0.00
car 0.00 0 0.00 230 495 261 531 0.00 0.00 0.00 0.00 0.00 0.00 0.00
car 0.00 0 0.00 188 501 221 540 0.00 0.00 0.00 0.00 0.00 0.00 0.00
car 0.00 0 0.00 196 440 224 469 0.00 0.00 0.00 0.00 0.00 0.00 0.00
car 0.00 0 0.00 158 427 182 453 0.00 0.00 0.00 0.00 0.00 0.00 0.00
car 0.00 0 0.00 167 451 196 479 0.00 0.00 0.00 0.00 0.00 0.00 0.00
car 0.00 0 0.00 178 478 208 506 0.00 0.00 0.00 0.00 0.00 0.00 0.00
car 0.00 0 0.00 224 471 248 503 0.00 0.00 0.00 0.00 0.00 0.00 0.00
car 0.00 0 0.00 193 427 216 446 0.00 0.00 0.00 0.00 0.00 0.00 0.00
car 0.00 0 0.00 179 409 203 433 0.00 0.00 0.00 0.00 0.00 0.00 0.00
car 0.00 0 0.00 145 391 164 415 0.00 0.00 0.00 0.00 0.00 0.00 0.00
car 0.00 0 0.00 168 387 192 410 0.00 0.00 0.00 0.00 0.00 0.00 0.00
car 0.00 0 0.00 132 229 153 250 0.00 0.00 0.00 0.00 0.00 0.00 0.00
car 0.00 0 0.00 175 190 189 203 0.00 0.00 0.00 0.00 0.00 0.00 0.00
car 0.00 0 0.00 126 206 138 221 0.00 0.00 0.00 0.00 0.00 0.00 0.00
car 0.00 0 0.00 141 194 157 209 0.00 0.00 0.00 0.00 0.00 0.00 0.00
car 0.00 0 0.00 874 643 955 682 0.00 0.00 0.00 0.00 0.00 0.00 0.00
car 0.00 0 0.00 864 554 940 582 0.00 0.00 0.00 0.00 0.00 0.00 0.00
car 0.00 0 0.00 940 580 1022 612 0.00 0.00 0.00 0.00 0.00 0.00 0.00
car 0.00 0 0.00 1246 644 1343 681 0.00 0.00 0.00 0.00 0.00 0.00 0.00
car 0.00 0 0.00 1220 587 1315 619 0.00 0.00 0.00 0.00 0.00 0.00 0.00
car 0.00 0 0.00 1067 577 1151 608 0.00 0.00 0.00 0.00 0.00 0.00 0.00
car 0.00 0 0.00 972 556 1048 589 0.00 0.00 0.00 0.00 0.00 0.00 0.00
car 0.00 0 0.00 1242 565 1337 597 0.00 0.00 0.00 0.00 0.00 0.00 0.00
car 0.00 0 0.00 1084 555 1166 587 0.00 0.00 0.00 0.00 0.00 0.00 0.00
car 0.00 0 0.00 332 368 353 388 0.00 0.00 0.00 0.00 0.00 0.00 0.00
car 0.00 0 0.00 596 989 685 1047 0.00 0.00 0.00 0.00 0.00 0.00 0.00
motor 0.00 0 0.00 1047 835 1095 855 0.00 0.00 0.00 0.00 0.00 0.00 0.00
people 0.00 0 0.00 1060 824 1086 850 0.00 0.00 0.00 0.00 0.00 0.00 0.00
people 0.00 0 0.00 507 680 525 700 0.00 0.00 0.00 0.00 0.00 0.00 0.00
motor 0.00 0 0.00 507 690 533 716 0.00 0.00 0.00 0.00 0.00 0.00 0.00
