car 0.00 0 0.00 695 1098 936 1500 0.00 0.00 0.00 0.00 0.00 0.00 0.00
van 0.00 0 0.00 1247 731 1524 870 0.00 0.00 0.00 0.00 0.00 0.00 0.00
pedestrian 0.00 0 0.00 1300 1314 1380 1500 0.00 0.00 0.00 0.00 0.00 0.00 0.00
pedestrian 0.00 0 0.00 1421 1062 1518 1204 0.00 0.00 0.00 0.00 0.00 0.00 0.00
pedestrian 0.00 0 0.00 1387 985 1468 1108 0.00 0.00 0.00 0.00 0.00 0.00 0.00
people 0.00 0 0.00 1389 982 1414 1051 0.00 0.00 0.00 0.00 0.00 0.00 0.00
pedestrian 0.00 0 0.00 1352 952 1409 1069 0.00 0.00 0.00 0.00 0.00 0.00 0.00
motor 0.00 0 0.00 1317 979 1388 1094 0.00 0.00 0.00 0.00 0.00 0.00 0.00
motor 0.00 0 0.00 1268 910 1381 1006 0.00 0.00 0.00 0.00 0.00 0.00 0.00
bicycle 0.00 0 0.00 1308 876 1398 938 0.00 0.00 0.00 0.00 0.00 0.00 0.00
bicycle 0.00 0 0.00 1239 730 1266 795 0.00 0.00 0.00 0.00 0.00 0.00 0.00
motor 0.00 0 0.00 1204 736 1241 808 0.00 0.00 0.00 0.00 0.00 0.00 0.00
motor 0.00 0 0.00 1166 741 1211 810 0.00 0.00 0.00 0.00 0.00 0.00 0.00
pedestrian 0.00 0 0.00 1477 688 1512 742 0.00 0.00 0.00 0.00 0.00 0.00 0.00
pedestrian 0.00 0 0.00 1525 668 1555 768 0.00 0.00 0.00 0.00 0.00 0.00 0.00
pedestrian 0.00 0 0.00 1146 846 1189 956 0.00 0.00 0.00 0.00 0.00 0.00 0.00
pedestrian 0.00 0 0.00 1030 852 1092 969 0.00 0.00 0.00 0.00 0.00 0.00 0.00
pedestrian 0.00 0 0.00 479 953 536 1070 0.00 0.00 0.00 0.00 0.00 0.00 0.00
bicycle 0.00 0 0.00 501 965 549 1083 0.00 0.00 0.00 0.00 0.00 0.00 0.00
pedestrian 0.00 0 0.00 556 871 600 985 0.00 0.00 0.00 0.00 0.00 0.00 0.00
pedestrian 0.00 0 0.00 519 864 560 968 0.00 0.00 0.00 0.00 0.00 0.00 0.00
bicycle 0.00 0 0.00 582 828 635 905 0.00 0.00 0.00 0.00 0.00 0.00 0.00
motor 0.00 0 0.00 648 795 689 881 0.00 0.00 0.00 0.00 0.00 0.00 0.00
motor 0.00 0 0.00 697 798 740 893 0.00 0.00 0.00 0.00 0.00 0.00 0.00
motor 0.00 0 0.00 679 754 715 826 0.00 0.00 0.00 0.00 0.00 0.00 0.00
pedestrian 0.00 0 0.00 647 744 689 825 0.00 0.00 0.00 0.00 0.00 0.00 0.00
motor 0.00 0 0.00 727 731 775 804 0.00 0.00 0.00 0.00 0.00 0.00 0.00
pedestrian 0.00 0 0.00 721 663 745 730 0.00 0.00 0.00 0.00 0.00 0.00 0.00
pedestrian 0.00 0 0.00 691 685 714 732 0.00 0.00 0.00 0.00 0.00 0.00 0.00
pedestrian 0.00 0 0.00 1045 706 1085 790 0.00 0.00 0.00 0.00 0.00 0.00 0.00
pedestrian 0.00 0 0.00 1007 713 1045 807 0.00 0.00 0.00 0.00 0.00 0.00 0.00
pedestrian 0.00 0 0.00 968 670 999 748 0.00 0.00 0.00 0.00 0.00 0.00 0.00
pedestrian 0.00 0 0.00 981 647 1009 726 0.00 0.00 0.00 0.00 0.00 0.00 0.00
pedestrian 0.00 0 0.00 1029 668 1055 735 0.00 0.00 0.00 0.00 0.00 0.00 0.00
people 0.00 0 0.00 1033 714 1052 747 0.00 0.00 0.00 0.00 0.00 0.00 0.00
pedestrian 0.00 0 0.00 1062 671 1079 735 0.00 0.00 0.00 0.00 0.00 0.00 0.00
pedestrian 0.00 0 0.00 1101 664 1127 727 0.00 0.00 0.00 0.00 0.00 0.00 0.00
pedestrian 0.00 0 0.00 1075 719 1110 773 0.00 0.00 0.00 0.00 0.00 0.00 0.00
pedestrian 0.00 0 0.00 1136 672 1169 710 0.00 0.00 0.00 0.00 0.00 0.00 0.00
pedestrian 0.00 0 0.00 1012 593 1029 657 0.00 0.00 0.00 0.00 0.00 0.00 0.00
pedestrian 0.00 0 0.00 1076 639 1120 693 0.00 0.00 0.00 0.00 0.00 0.00 0.00
pedestrian 0.00 0 0.00 1130 614 1149 656 0.00 0.00 0.00 0.00 0.00 0.00 0.00
pedestrian 0.00 0 0.00 1095 610 1116 650 0.00 0.00 0.00 0.00 0.00 0.00 0.00
pedestrian 0.00 0 0.00 1045 580 1068 640 0.00 0.00 0.00 0.00 0.00 0.00 0.00
pedestrian 0.00 0 0.00 1048 607 1062 633 0.00 0.00 0.00 0.00 0.00 0.00 0.00
pedestrian 0.00 0 0.00 1010 560 1034 617 0.00 0.00 0.00 0.00 0.00 0.00 0.00
pedestrian 0.00 0 0.00 1033 556 1044 614 0.00 0.00 0.00 0.00 0.00 0.00 0.00
pedestrian 0.00 0 0.00 1047 561 1062 614 0.00 0.00 0.00 0.00 0.00 0.00 0.00
pedestrian 0.00 0 0.00 1044 538 1063 589 0.00 0.00 0.00 0.00 0.00 0.00 0.00
pedestrian 0.00 0 0.00 887 625 918 690 0.00 0.00 0.00 0.00 0.00 0.00 0.00
pedestrian 0.00 0 0.00 892 594 910 654 0.00 0.00 0.00 0.00 0.00 0.00 0.00
pedestrian 0.00 0 0.00 822 576 842 636 0.00 0.00 0.00 0.00 0.00 0.00 0.00
people 0.00 0 0.00 925 678 957 746 0.00 0.00 0.00 0.00 0.00 0.00 0.00
bicycle 0.00 0 0.00 925 689 956 753 0.00 0.00 0.00 0.00 0.00 0.00 0.00
tricycle 0.00 0 0.00 814 637 875 729 0.00 0.00 0.00 0.00 0.00 0.00 0.00
bicycle 0.00 0 0.00 747 610 798 652 0.00 0.00 0.00 0.00 0.00 0.00 0.00
pedestrian 0.00 0 0.00 960 546 982 603 0.00 0.00 0.00 0.00 0.00 0.00 0.00
pedestrian 0.00 0 0.00 1105 568 1124 606 0.00 0.00 0.00 0.00 0.00 0.00 0.00
pedestrian 0.00 0 0.00 1079 545 1105 584 0.00 0.00 0.00 0.00 0.00 0.00 0.00
pedestrian 0.00 0 0.00 1109 543 1129 575 0.00 0.00 0.00 0.00 0.00 0.00 0.00
pedestrian 0.00 0 0.00 1059 549 1083 584 0.00 0.00 0.00 0.00 0.00 0.00 0.00
pedestrian 0.00 0 0.00 1078 521 1093 551 0.00 0.00 0.00 0.00 0.00 0.00 0.00
pedestrian 0.00 0 0.00 1086 496 1100 529 0.00 0.00 0.00 0.00 0.00 0.00 0.00
pedestrian 0.00 0 0.00 1048 508 1063 539 0.00 0.00 0.00 0.00 0.00 0.00 0.00
pedestrian 0.00 0 0.00 1042 497 1052 538 0.00 0.00 0.00 0.00 0.00 0.00 0.00
pedestrian 0.00 0 0.00 966 509 989 555 0.00 0.00 0.00 0.00 0.00 0.00 0.00
pedestrian 0.00 0 0.00 953 495 967 536 0.00 0.00 0.00 0.00 0.00 0.00 0.00
pedestrian 0.00 0 0.00 933 494 955 535 0.00 0.00 0.00 0.00 0.00 0.00 0.00
pedestrian 0.00 0 0.00 925 510 943 560 0.00 0.00 0.00 0.00 0.00 0.00 0.00
pedestrian 0.00 0 0.00 911 528 924 562 0.00 0.00 0.00 0.00 0.00 0.00 0.00
pedestrian 0.00 0 0.00 891 520 912 566 0.00 0.00 0.00 0.00 0.00 0.00 0.00
pedestrian 0.00 0 0.00 974 460 987 496 0.00 0.00 0.00 0.00 0.00 0.00 0.00
bicycle 0.00 0 0.00 974 521 989 559 0.00 0.00 0.00 0.00 0.00 0.00 0.00
pedestrian 0.00 0 0.00 913 492 926 529 0.00 0.00 0.00 0.00 0.00 0.00 0.00
pedestrian 0.00 0 0.00 888 489 907 537 0.00 0.00 0.00 0.00 0.00 0.00 0.00
pedestrian 0.00 0 0.00 849 493 863 530 0.00 0.00 0.00 0.00 0.00 0.00 0.00
pedestrian 0.00 0 0.00 861 510 881 541 0.00 0.00 0.00 0.00 0.00 0.00 0.00
motor 0.00 0 0.00 870 509 880 540 0.00 0.00 0.00 0.00 0.00 0.00 0.00
people 0.00 0 0.00 823 506 839 527 0.00 0.00 0.00 0.00 0.00 0.00 0.00
pedestrian 0.00 0 0.00 902 461 913 497 0.00 0.00 0.00 0.00 0.00 0.00 0.00
pedestrian 0.00 0 0.00 892 467 901 498 0.00 0.00 0.00 0.00 0.00 0.00 0.00
pedestrian 0.00 0 0.00 939 457 951 491 0.00 0.00 0.00 0.00 0.00 0.00 0.00
people 0.00 0 0.00 931 465 941 489 0.00 0.00 0.00 0.00 0.00 0.00 0.00
car 0.00 0 0.00 933 418 964 444 0.00 0.00 0.00 0.00 0.00 0.00 0.00
pedestrian 0.00 0 0.00 1605 749 1667 850 0.00 0.00 0.00 0.00 0.00 0.00 0.00
pedestrian 0.00 0 0.00 1674 753 1728 852 0.00 0.00 0.00 0.00 0.00 0.00 0.00
pedestrian 0.00 0 0.00 1623 773 1641 833 0.00 0.00 0.00 0.00 0.00 0.00 0.00
motor 0.00 0 0.00 1276 719 1344 783 0.00 0.00 0.00 0.00 0.00 0.00 0.00
pedestrian 0.00 0 0.00 1072 454 1080 489 0.00 0.00 0.00 0.00 0.00 0.00 0.00
pedestrian 0.00 0 0.00 1095 482 1103 511 0.00 0.00 0.00 0.00 0.00 0.00 0.00
pedestrian 0.00 0 0.00 1102 498 1113 533 0.00 0.00 0.00 0.00 0.00 0.00 0.00
pedestrian 0.00 0 0.00 1048 483 1069 514 0.00 0.00 0.00 0.00 0.00 0.00 0.00
pedestrian 0.00 0 0.00 1041 489 1051 520 0.00 0.00 0.00 0.00 0.00 0.00 0.00
pedestrian 0.00 0 0.00 1023 460 1037 497 0.00 0.00 0.00 0.00 0.00 0.00 0.00
pedestrian 0.00 0 0.00 1006 447 1016 481 0.00 0.00 0.00 0.00 0.00 0.00 0.00
pedestrian 0.00 0 0.00 1015 449 1025 482 0.00 0.00 0.00 0.00 0.00 0.00 0.00
pedestrian 0.00 0 0.00 1023 450 1033 481 0.00 0.00 0.00 0.00 0.00 0.00 0.00
pedestrian 0.00 0 0.00 1002 439 1014 473 0.00 0.00 0.00 0.00 0.00 0.00 0.00
pedestrian 0.00 0 0.00 1014 442 1023 472 0.00 0.00 0.00 0.00 0.00 0.00 0.00
bicycle 0.00 0 0.00 1038 461 1047 478 0.00 0.00 0.00 0.00 0.00 0.00 0.00
pedestrian 0.00 0 0.00 991 418 1000 444 0.00 0.00 0.00 0.00 0.00 0.00 0.00
pedestrian 0.00 0 0.00 1003 414 1015 442 0.00 0.00 0.00 0.00 0.00 0.00 0.00
motor 0.00 0 0.00 1011 421 1017 440 0.00 0.00 0.00 0.00 0.00 0.00 0.00
van 0.00 0 0.00 1037 408 1066 427 0.00 0.00 0.00 0.00 0.00 0.00 0.00
van 0.00 0 0.00 998 397 1069 429 0.00 0.00 0.00 0.00 0.00 0.00 0.00
car 0.00 0 0.00 911 386 955 408 0.00 0.00 0.00 0.00 0.00 0.00 0.00
