car 0.00 0 0.00 311 677 375 756 0.00 0.00 0.00 0.00 0.00 0.00 0.00
car 0.00 0 0.00 443 509 487 556 0.00 0.00 0.00 0.00 0.00 0.00 0.00
car 0.00 0 0.00 557 528 594 575 0.00 0.00 0.00 0.00 0.00 0.00 0.00
car 0.00 0 0.00 673 297 703 333 0.00 0.00 0.00 0.00 0.00 0.00 0.00
car 0.00 0 0.00 577 310 600 332 0.00 0.00 0.00 0.00 0.00 0.00 0.00
pedestrian 0.00 0 0.00 316 395 325 414 0.00 0.00 0.00 0.00 0.00 0.00 0.00
car 0.00 0 0.00 778 182 796 201 0.00 0.00 0.00 0.00 0.00 0.00 0.00
car 0.00 0 0.00 764 142 782 161 0.00 0.00 0.00 0.00 0.00 0.00 0.00
car 0.00 0 0.00 833 123 849 138 0.00 0.00 0.00 0.00 0.00 0.00 0.00
car 0.00 0 0.00 795 117 807 132 0.00 0.00 0.00 0.00 0.00 0.00 0.00
car 0.00 0 0.00 828 111 843 124 0.00 0.00 0.00 0.00 0.00 0.00 0.00
car 0.00 0 0.00 834 91 851 100 0.00 0.00 0.00 0.00 0.00 0.00 0.00
car 0.00 0 0.00 846 97 862 110 0.00 0.00 0.00 0.00 0.00 0.00 0.00
car 0.00 0 0.00 873 93 889 108 0.00 0.00 0.00 0.00 0.00 0.00 0.00
car 0.00 0 0.00 890 210 917 226 0.00 0.00 0.00 0.00 0.00 0.00 0.00
car 0.00 0 0.00 898 77 911 90 0.00 0.00 0.00 0.00 0.00 0.00 0.00
car 0.00 0 0.00 928 62 940 72 0.00 0.00 0.00 0.00 0.00 0.00 0.00
car 0.00 0 0.00 718 148 739 168 0.00 0.00 0.00 0.00 0.00 0.00 0.00
car 0.00 0 0.00 1218 17 1228 25 0.00 0.00 0.00 0.00 0.00 0.00 0.00
car 0.00 0 0.00 1232 14 1242 22 0.00 0.00 0.00 0.00 0.00 0.00 0.00
car 0.00 0 0.00 1183 18 1196 29 0.00 0.00 0.00 0.00 0.00 0.00 0.00
car 0.00 0 0.00 980 44 992 53 0.00 0.00 0.00 0.00 0.00 0.00 0.00
car 0.00 0 0.00 1063 32 1075 44 0.00 0.00 0.00 0.00 0.00 0.00 0.00
car 0.00 0 0.00 1038 34 1050 43 0.00 0.00 0.00 0.00 0.00 0.00 0.00
car 0.00 0 0.00 1017 42 1029 51 0.00 0.00 0.00 0.00 0.00 0.00 0.00
car 0.00 0 0.00 1031 43 1046 55 0.00 0.00 0.00 0.00 0.00 0.00 0.00
car 0.00 0 0.00 940 50 956 60 0.00 0.00 0.00 0.00 0.00 0.00 0.00
bus 0.00 0 0.00 614 477 690 693 0.00 0.00 0.00 0.00 0.00 0.00 0.00
van 0.00 0 0.00 803 507 854 580 0.00 0.00 0.00 0.00 0.00 0.00 0.00
van 0.00 0 0.00 682 427 720 475 0.00 0.00 0.00 0.00 0.00 0.00 0.00
van 0.00 0 0.00 673 238 699 264 0.00 0.00 0.00 0.00 0.00 0.00 0.00
van 0.00 0 0.00 720 123 738 138 0.00 0.00 0.00 0.00 0.00 0.00 0.00
van 0.00 0 0.00 759 112 775 128 0.00 0.00 0.00 0.00 0.00 0.00 0.00
van 0.00 0 0.00 844 71 861 84 0.00 0.00 0.00 0.00 0.00 0.00 0.00
truck 0.00 0 0.00 771 249 810 310 0.00 0.00 0.00 0.00 0.00 0.00 0.00
bus 0.00 0 0.00 832 317 901 418 0.00 0.00 0.00 0.00 0.00 0.00 0.00
truck 0.00 0 0.00 624 280 660 328 0.00 0.00 0.00 0.00 0.00 0.00 0.00
truck 0.00 0 0.00 938 184 975 210 0.00 0.00 0.00 0.00 0.00 0.00 0.00
truck 0.00 0 0.00 966 50 989 67 0.00 0.00 0.00 0.00 0.00 0.00 0.00
truck 0.00 0 0.00 1080 29 1104 45 0.00 0.00 0.00 0.00 0.00 0.00 0.00
bus 0.00 0 0.00 1138 18 1163 36 0.00 0.00 0.00 0.00 0.00 0.00 0.00
