car 0.00 0 0.00 656 869 769 1027 0.00 0.00 0.00 0.00 0.00 0.00 0.00
car 0.00 0 0.00 555 713 734 819 0.00 0.00 0.00 0.00 0.00 0.00 0.00
car 0.00 0 0.00 545 595 713 664 0.00 0.00 0.00 0.00 0.00 0.00 0.00
car 0.00 0 0.00 651 531 718 600 0.00 0.00 0.00 0.00 0.00 0.00 0.00
van 0.00 0 0.00 633 467 683 539 0.00 0.00 0.00 0.00 0.00 0.00 0.00
pedestrian 0.00 0 0.00 583 486 607 536 0.00 0.00 0.00 0.00 0.00 0.00 0.00
pedestrian 0.00 0 0.00 586 472 600 503 0.00 0.00 0.00 0.00 0.00 0.00 0.00
pedestrian 0.00 0 0.00 606 461 623 522 0.00 0.00 0.00 0.00 0.00 0.00 0.00
pedestrian 0.00 0 0.00 571 427 588 471 0.00 0.00 0.00 0.00 0.00 0.00 0.00
people 0.00 0 0.00 617 491 633 529 0.00 0.00 0.00 0.00 0.00 0.00 0.00
car 0.00 0 0.00 629 442 680 490 0.00 0.00 0.00 0.00 0.00 0.00 0.00
car 0.00 0 0.00 763 421 816 474 0.00 0.00 0.00 0.00 0.00 0.00 0.00
people 0.00 0 0.00 659 289 674 299 0.00 0.00 0.00 0.00 0.00 0.00 0.00
motor 0.00 0 0.00 661 296 675 315 0.00 0.00 0.00 0.00 0.00 0.00 0.00
car 0.00 0 0.00 707 290 738 320 0.00 0.00 0.00 0.00 0.00 0.00 0.00
car 0.00 0 0.00 754 302 786 343 0.00 0.00 0.00 0.00 0.00 0.00 0.00
car 0.00 0 0.00 779 271 812 303 0.00 0.00 0.00 0.00 0.00 0.00 0.00
car 0.00 0 0.00 810 171 828 190 0.00 0.00 0.00 0.00 0.00 0.00 0.00
car 0.00 0 0.00 725 206 750 225 0.00 0.00 0.00 0.00 0.00 0.00 0.00
car 0.00 0 0.00 593 228 647 248 0.00 0.00 0.00 0.00 0.00 0.00 0.00
car 0.00 0 0.00 542 220 592 237 0.00 0.00 0.00 0.00 0.00 0.00 0.00
car 0.00 0 0.00 560 202 600 219 0.00 0.00 0.00 0.00 0.00 0.00 0.00
car 0.00 0 0.00 525 243 611 316 0.00 0.00 0.00 0.00 0.00 0.00 0.00
car 0.00 0 0.00 115 224 152 246 0.00 0.00 0.00 0.00 0.00 0.00 0.00
car 0.00 0 0.00 157 208 187 230 0.00 0.00 0.00 0.00 0.00 0.00 0.00
car 0.00 0 0.00 160 224 188 241 0.00 0.00 0.00 0.00 0.00 0.00 0.00
car 0.00 0 0.00 155 240 198 257 0.00 0.00 0.00 0.00 0.00 0.00 0.00
van 0.00 0 0.00 185 216 361 270 0.00 0.00 0.00 0.00 0.00 0.00 0.00
car 0.00 0 0.00 364 208 387 226 0.00 0.00 0.00 0.00 0.00 0.00 0.00
car 0.00 0 0.00 391 207 421 226 0.00 0.00 0.00 0.00 0.00 0.00 0.00
car 0.00 0 0.00 398 216 425 239 0.00 0.00 0.00 0.00 0.00 0.00 0.00
car 0.00 0 0.00 426 218 457 239 0.00 0.00 0.00 0.00 0.00 0.00 0.00
car 0.00 0 0.00 460 219 490 238 0.00 0.00 0.00 0.00 0.00 0.00 0.00
car 0.00 0 0.00 431 234 489 255 0.00 0.00 0.00 0.00 0.00 0.00 0.00
car 0.00 0 0.00 368 235 415 255 0.00 0.00 0.00 0.00 0.00 0.00 0.00
car 0.00 0 0.00 317 293 405 323 0.00 0.00 0.00 0.00 0.00 0.00 0.00
car 0.00 0 0.00 355 268 435 302 0.00 0.00 0.00 0.00 0.00 0.00 0.00
car 0.00 0 0.00 392 253 463 278 0.00 0.00 0.00 0.00 0.00 0.00 0.00
people 0.00 0 0.00 647 178 655 187 0.00 0.00 0.00 0.00 0.00 0.00 0.00
people 0.00 0 0.00 652 170 657 179 0.00 0.00 0.00 0.00 0.00 0.00 0.00
people 0.00 0 0.00 644 113 649 120 0.00 0.00 0.00 0.00 0.00 0.00 0.00
motor 0.00 0 0.00 643 117 648 124 0.00 0.00 0.00 0.00 0.00 0.00 0.00
motor 0.00 0 0.00 646 184 656 193 0.00 0.00 0.00 0.00 0.00 0.00 0.00
motor 0.00 0 0.00 652 174 656 179 0.00 0.00 0.00 0.00 0.00 0.00 0.00
car 0.00 0 0.00 664 161 680 179 0.00 0.00 0.00 0.00 0.00 0.00 0.00
truck 0.00 0 0.00 652 140 675 165 0.00 0.00 0.00 0.00 0.00 0.00 0.00
van 0.00 0 0.00 673 144 688 161 0.00 0.00 0.00 0.00 0.00 0.00 0.00
car 0.00 0 0.00 698 157 713 170 0.00 0.00 0.00 0.00 0.00 0.00 0.00
car 0.00 0 0.00 683 133 697 149 0.00 0.00 0.00 0.00 0.00 0.00 0.00
truck 0.00 0 0.00 764 131 784 153 0.00 0.00 0.00 0.00 0.00 0.00 0.00
truck 0.00 0 0.00 746 110 760 129 0.00 0.00 0.00 0.00 0.00 0.00 0.00
car 0.00 0 0.00 735 110 745 123 0.00 0.00 0.00 0.00 0.00 0.00 0.00
car 0.00 0 0.00 727 116 738 125 0.00 0.00 0.00 0.00 0.00 0.00 0.00
pedestrian 0.00 0 0.00 730 96 736 104 0.00 0.00 0.00 0.00 0.00 0.00 0.00
car 0.00 0 0.00 604 118 612 129 0.00 0.00 0.00 0.00 0.00 0.00 0.00
car 0.00 0 0.00 618 117 628 128 0.00 0.00 0.00 0.00 0.00 0.00 0.00
truck 0.00 0 0.00 613 96 628 116 0.00 0.00 0.00 0.00 0.00 0.00 0.00
car 0.00 0 0.00 599 89 616 97 0.00 0.00 0.00 0.00 0.00 0.00 0.00
truck 0.00 0 0.00 607 80 662 99 0.00 0.00 0.00 0.00 0.00 0.00 0.00
pedestrian 0.00 0 0.00 111 555 137 619 0.00 0.00 0.00 0.00 0.00 0.00 0.00
car 0.00 0 0.00 108 478 211 540 0.00 0.00 0.00 0.00 0.00 0.00 0.00
car 0.00 0 0.00 311 556 384 618 0.00 0.00 0.00 0.00 0.00 0.00 0.00
car 0.00 0 0.00 982 226 1008 257 0.00 0.00 0.00 0.00 0.00 0.00 0.00
pedestrian 0.00 0 0.00 1023 233 1032 262 0.00 0.00 0.00 0.00 0.00 0.00 0.00
car 0.00 0 0.00 1071 373 1124 412 0.00 0.00 0.00 0.00 0.00 0.00 0.00
tricycle 0.00 0 0.00 1136 311 1158 336 0.00 0.00 0.00 0.00 0.00 0.00 0.00
car 0.00 0 0.00 1271 397 1339 435 0.00 0.00 0.00 0.00 0.00 0.00 0.00
car 0.00 0 0.00 1321 426 1399 468 0.00 0.00 0.00 0.00 0.00 0.00 0.00
car 0.00 0 0.00 1376 456 1470 508 0.00 0.00 0.00 0.00 0.00 0.00 0.00
car 0.00 0 0.00 1441 497 1548 552 0.00 0.00 0.00 0.00 0.00 0.00 0.00
car 0.00 0 0.00 1589 542 1712 611 0.00 0.00 0.00 0.00 0.00 0.00 0.00
car 0.00 0 0.00 1722 609 1870 690 0.00 0.00 0.00 0.00 0.00 0.00 0.00
car 0.00 0 0.00 1817 635 1962 738 0.00 0.00 0.00 0.00 0.00 0.00 0.00
pedestrian 0.00 0 0.00 1679 614 1712 695 0.00 0.00 0.00 0.00 0.00 0.00 0.00
car 0.00 0 0.00 591 116 603 129 0.00 0.00 0.00 0.00 0.00 0.00 0.00
car 0.00 0 0.00 711 96 720 105 0.00 0.00 0.00 0.00 0.00 0.00 0.00
truck 0.00 0 0.00 686 76 697 93 0.00 0.00 0.00 0.00 0.00 0.00 0.00
car 0.00 0 0.00 737 86 752 94 0.00 0.00 0.00 0.00 0.00 0.00 0.00
