van 0.00 0 0.00 608 409 691 440 0.00 0.00 0.00 0.00 0.00 0.00 0.00
car 0.00 0 0.00 924 336 1019 369 0.00 0.00 0.00 0.00 0.00 0.00 0.00
car 0.00 0 0.00 1054 332 1141 371 0.00 0.00 0.00 0.00 0.00 0.00 0.00
car 0.00 0 0.00 620 642 688 724 0.00 0.00 0.00 0.00 0.00 0.00 0.00
car 0.00 0 0.00 316 452 370 540 0.00 0.00 0.00 0.00 0.00 0.00 0.00
car 0.00 0 0.00 163 449 204 541 0.00 0.00 0.00 0.00 0.00 0.00 0.00
car 0.00 0 0.00 206 154 294 195 0.00 0.00 0.00 0.00 0.00 0.00 0.00
car 0.00 0 0.00 298 53 334 129 0.00 0.00 0.00 0.00 0.00 0.00 0.00
van 0.00 0 0.00 1221 89 1312 127 0.00 0.00 0.00 0.00 0.00 0.00 0.00
car 0.00 0 0.00 151 680 192 764 0.00 0.00 0.00 0.00 0.00 0.00 0.00
car 0.00 0 0.00 221 712 260 776 0.00 0.00 0.00 0.00 0.00 0.00 0.00
car 0.00 0 0.00 302 687 343 771 0.00 0.00 0.00 0.00 0.00 0.00 0.00
car 0.00 0 0.00 349 666 390 750 0.00 0.00 0.00 0.00 0.00 0.00 0.00
truck 0.00 0 0.00 399 646 446 756 0.00 0.00 0.00 0.00 0.00 0.00 0.00
pedestrian 0.00 0 0.00 507 633 522 651 0.00 0.00 0.00 0.00 0.00 0.00 0.00
pedestrian 0.00 0 0.00 491 627 505 642 0.00 0.00 0.00 0.00 0.00 0.00 0.00
pedestrian 0.00 0 0.00 404 434 417 450 0.00 0.00 0.00 0.00 0.00 0.00 0.00
pedestrian 0.00 0 0.00 898 571 917 589 0.00 0.00 0.00 0.00 0.00 0.00 0.00
pedestrian 0.00 0 0.00 906 557 922 575 0.00 0.00 0.00 0.00 0.00 0.00 0.00
bicycle 0.00 0 0.00 399 436 431 452 0.00 0.00 0.00 0.00 0.00 0.00 0.00
pedestrian 0.00 0 0.00 416 75 435 90 0.00 0.00 0.00 0.00 0.00 0.00 0.00
pedestrian 0.00 0 0.00 1370 642 1400 656 0.00 0.00 0.00 0.00 0.00 0.00 0.00
