car 0.00 0 0.00 593 32 610 59 0.00 0.00 0.00 0.00 0.00 0.00 0.00
car 0.00 0 0.00 685 79 704 110 0.00 0.00 0.00 0.00 0.00 0.00 0.00
car 0.00 0 0.00 677 285 701 325 0.00 0.00 0.00 0.00 0.00 0.00 0.00
car 0.00 0 0.00 674 385 699 434 0.00 0.00 0.00 0.00 0.00 0.00 0.00
car 0.00 0 0.00 701 471 728 526 0.00 0.00 0.00 0.00 0.00 0.00 0.00
car 0.00 0 0.00 659 669 693 738 0.00 0.00 0.00 0.00 0.00 0.00 0.00
car 0.00 0 0.00 695 744 728 817 0.00 0.00 0.00 0.00 0.00 0.00 0.00
car 0.00 0 0.00 1002 980 1089 1025 0.00 0.00 0.00 0.00 0.00 0.00 0.00
car 0.00 0 0.00 681 1003 716 1050 0.00 0.00 0.00 0.00 0.00 0.00 0.00
car 0.00 0 0.00 634 1022 667 1050 0.00 0.00 0.00 0.00 0.00 0.00 0.00
car 0.00 0 0.00 683 174 702 208 0.00 0.00 0.00 0.00 0.00 0.00 0.00
car 0.00 0 0.00 1326 988 1400 1033 0.00 0.00 0.00 0.00 0.00 0.00 0.00
truck 0.00 0 0.00 1159 972 1335 1037 0.00 0.00 0.00 0.00 0.00 0.00 0.00
van 0.00 0 0.00 583 88 602 118 0.00 0.00 0.00 0.00 0.00 0.00 0.00
car 0.00 0 0.00 624 117 642 152 0.00 0.00 0.00 0.00 0.00 0.00 0.00
bicycle 0.00 0 0.00 194 1016 223 1034 0.00 0.00 0.00 0.00 0.00 0.00 0.00
bicycle 0.00 0 0.00 749 395 759 414 0.00 0.00 0.00 0.00 0.00 0.00 0.00
bicycle 0.00 0 0.00 669 177 676 195 0.00 0.00 0.00 0.00 0.00 0.00 0.00
bicycle 0.00 0 0.00 669 204 675 222 0.00 0.00 0.00 0.00 0.00 0.00 0.00
motor 0.00 0 0.00 655 375 665 395 0.00 0.00 0.00 0.00 0.00 0.00 0.00
motor 0.00 0 0.00 675 518 687 546 0.00 0.00 0.00 0.00 0.00 0.00 0.00
motor 0.00 0 0.00 893 1013 928 1037 0.00 0.00 0.00 0.00 0.00 0.00 0.00
tricycle 0.00 0 0.00 809 1028 868 1050 0.00 0.00 0.00 0.00 0.00 0.00 0.00
motor 0.00 0 0.00 673 122 680 139 0.00 0.00 0.00 0.00 0.00 0.00 0.00
motor 0.00 0 0.00 711 307 724 336 0.00 0.00 0.00 0.00 0.00 0.00 0.00
pedestrian 0.00 0 0.00 591 531 600 549 0.00 0.00 0.00 0.00 0.00 0.00 0.00
pedestrian 0.00 0 0.00 639 49 645 64 0.00 0.00 0.00 0.00 0.00 0.00 0.00
pedestrian 0.00 0 0.00 607 107 613 121 0.00 0.00 0.00 0.00 0.00 0.00 0.00
pedestrian 0.00 0 0.00 612 105 618 123 0.00 0.00 0.00 0.00 0.00 0.00 0.00
pedestrian 0.00 0 0.00 556 774 566 788 0.00 0.00 0.00 0.00 0.00 0.00 0.00
pedestrian 0.00 0 0.00 563 766 577 785 0.00 0.00 0.00 0.00 0.00 0.00 0.00
pedestrian 0.00 0 0.00 579 766 587 780 0.00 0.00 0.00 0.00 0.00 0.00 0.00
pedestrian 0.00 0 0.00 579 756 589 769 0.00 0.00 0.00 0.00 0.00 0.00 0.00
pedestrian 0.00 0 0.00 589 757 599 773 0.00 0.00 0.00 0.00 0.00 0.00 0.00
pedestrian 0.00 0 0.00 1060 937 1083 950 0.00 0.00 0.00 0.00 0.00 0.00 0.00
people 0.00 0 0.00 657 376 665 389 0.00 0.00 0.00 0.00 0.00 0.00 0.00
people 0.00 0 0.00 676 524 685 535 0.00 0.00 0.00 0.00 0.00 0.00 0.00
people 0.00 0 0.00 679 519 686 532 0.00 0.00 0.00 0.00 0.00 0.00 0.00
people 0.00 0 0.00 822 1031 837 1043 0.00 0.00 0.00 0.00 0.00 0.00 0.00
people 0.00 0 0.00 907 1013 923 1037 0.00 0.00 0.00 0.00 0.00 0.00 0.00
people 0.00 0 0.00 670 205 675 215 0.00 0.00 0.00 0.00 0.00 0.00 0.00
people 0.00 0 0.00 670 177 675 188 0.00 0.00 0.00 0.00 0.00 0.00 0.00
people 0.00 0 0.00 674 122 679 132 0.00 0.00 0.00 0.00 0.00 0.00 0.00
people 0.00 0 0.00 749 397 758 408 0.00 0.00 0.00 0.00 0.00 0.00 0.00
