car 0.00 0 0.00 159 445 185 458 0.00 0.00 0.00 0.00 0.00 0.00 0.00
car 0.00 0 0.00 143 444 163 459 0.00 0.00 0.00 0.00 0.00 0.00 0.00
car 0.00 0 0.00 465 523 480 543 0.00 0.00 0.00 0.00 0.00 0.00 0.00
car 0.00 0 0.00 519 521 534 544 0.00 0.00 0.00 0.00 0.00 0.00 0.00
car 0.00 0 0.00 487 664 512 696 0.00 0.00 0.00 0.00 0.00 0.00 0.00
car 0.00 0 0.00 729 533 762 551 0.00 0.00 0.00 0.00 0.00 0.00 0.00
car 0.00 0 0.00 869 344 877 351 0.00 0.00 0.00 0.00 0.00 0.00 0.00
van 0.00 0 0.00 444 645 477 683 0.00 0.00 0.00 0.00 0.00 0.00 0.00
truck 0.00 0 0.00 465 655 495 696 0.00 0.00 0.00 0.00 0.00 0.00 0.00
bus 0.00 0 0.00 845 683 886 752 0.00 0.00 0.00 0.00 0.00 0.00 0.00
