bicycle 0.00 0 0.00 107 1182 140 1205 0.00 0.00 0.00 0.00 0.00 0.00 0.00
bicycle 0.00 0 0.00 120 1176 150 1194 0.00 0.00 0.00 0.00 0.00 0.00 0.00
bicycle 0.00 0 0.00 133 1169 162 1191 0.00 0.00 0.00 0.00 0.00 0.00 0.00
bicycle 0.00 0 0.00 136 1169 166 1187 0.00 0.00 0.00 0.00 0.00 0.00 0.00
motor 0.00 0 0.00 231 1244 263 1270 0.00 0.00 0.00 0.00 0.00 0.00 0.00
people 0.00 0 0.00 234 1240 251 1264 0.00 0.00 0.00 0.00 0.00 0.00 0.00
pedestrian 0.00 0 0.00 127 1244 140 1275 0.00 0.00 0.00 0.00 0.00 0.00 0.00
pedestrian 0.00 0 0.00 434 928 446 951 0.00 0.00 0.00 0.00 0.00 0.00 0.00
pedestrian 0.00 0 0.00 410 926 420 946 0.00 0.00 0.00 0.00 0.00 0.00 0.00
bicycle 0.00 0 0.00 308 1019 335 1038 0.00 0.00 0.00 0.00 0.00 0.00 0.00
bicycle 0.00 0 0.00 316 1014 342 1033 0.00 0.00 0.00 0.00 0.00 0.00 0.00
bicycle 0.00 0 0.00 324 1011 351 1026 0.00 0.00 0.00 0.00 0.00 0.00 0.00
bicycle 0.00 0 0.00 329 1007 353 1023 0.00 0.00 0.00 0.00 0.00 0.00 0.00
bicycle 0.00 0 0.00 337 1004 368 1017 0.00 0.00 0.00 0.00 0.00 0.00 0.00
bicycle 0.00 0 0.00 331 991 356 1006 0.00 0.00 0.00 0.00 0.00 0.00 0.00
bicycle 0.00 0 0.00 350 991 372 1006 0.00 0.00 0.00 0.00 0.00 0.00 0.00
bicycle 0.00 0 0.00 354 987 376 1003 0.00 0.00 0.00 0.00 0.00 0.00 0.00
bicycle 0.00 0 0.00 358 985 381 1002 0.00 0.00 0.00 0.00 0.00 0.00 0.00
bicycle 0.00 0 0.00 362 980 387 996 0.00 0.00 0.00 0.00 0.00 0.00 0.00
bicycle 0.00 0 0.00 370 973 396 988 0.00 0.00 0.00 0.00 0.00 0.00 0.00
bicycle 0.00 0 0.00 377 968 400 984 0.00 0.00 0.00 0.00 0.00 0.00 0.00
bicycle 0.00 0 0.00 382 966 403 981 0.00 0.00 0.00 0.00 0.00 0.00 0.00
bicycle 0.00 0 0.00 385 961 410 975 0.00 0.00 0.00 0.00 0.00 0.00 0.00
bicycle 0.00 0 0.00 393 959 420 972 0.00 0.00 0.00 0.00 0.00 0.00 0.00
bicycle 0.00 0 0.00 397 949 421 966 0.00 0.00 0.00 0.00 0.00 0.00 0.00
bicycle 0.00 0 0.00 403 947 426 963 0.00 0.00 0.00 0.00 0.00 0.00 0.00
bicycle 0.00 0 0.00 406 941 432 956 0.00 0.00 0.00 0.00 0.00 0.00 0.00
bicycle 0.00 0 0.00 409 938 435 953 0.00 0.00 0.00 0.00 0.00 0.00 0.00
car 0.00 0 0.00 866 893 897 929 0.00 0.00 0.00 0.00 0.00 0.00 0.00
car 0.00 0 0.00 914 855 967 882 0.00 0.00 0.00 0.00 0.00 0.00 0.00
car 0.00 0 0.00 1044 849 1096 875 0.00 0.00 0.00 0.00 0.00 0.00 0.00
car 0.00 0 0.00 1136 855 1194 877 0.00 0.00 0.00 0.00 0.00 0.00 0.00
car 0.00 0 0.00 1205 892 1232 927 0.00 0.00 0.00 0.00 0.00 0.00 0.00
car 0.00 0 0.00 1127 903 1153 929 0.00 0.00 0.00 0.00 0.00 0.00 0.00
car 0.00 0 0.00 1226 919 1279 952 0.00 0.00 0.00 0.00 0.00 0.00 0.00
car 0.00 0 0.00 1256 937 1314 962 0.00 0.00 0.00 0.00 0.00 0.00 0.00
car 0.00 0 0.00 1265 969 1331 997 0.00 0.00 0.00 0.00 0.00 0.00 0.00
car 0.00 0 0.00 1284 995 1352 1025 0.00 0.00 0.00 0.00 0.00 0.00 0.00
car 0.00 0 0.00 1291 1015 1355 1042 0.00 0.00 0.00 0.00 0.00 0.00 0.00
car 0.00 0 0.00 1299 1033 1368 1060 0.00 0.00 0.00 0.00 0.00 0.00 0.00
car 0.00 0 0.00 1310 1044 1366 1080 0.00 0.00 0.00 0.00 0.00 0.00 0.00
car 0.00 0 0.00 1323 1067 1396 1092 0.00 0.00 0.00 0.00 0.00 0.00 0.00
car 0.00 0 0.00 1322 1085 1396 1113 0.00 0.00 0.00 0.00 0.00 0.00 0.00
car 0.00 0 0.00 1315 1108 1398 1139 0.00 0.00 0.00 0.00 0.00 0.00 0.00
car 0.00 0 0.00 1323 1130 1401 1164 0.00 0.00 0.00 0.00 0.00 0.00 0.00
car 0.00 0 0.00 1333 1159 1422 1191 0.00 0.00 0.00 0.00 0.00 0.00 0.00
car 0.00 0 0.00 1342 1180 1426 1211 0.00 0.00 0.00 0.00 0.00 0.00 0.00
car 0.00 0 0.00 1347 1199 1437 1236 0.00 0.00 0.00 0.00 0.00 0.00 0.00
car 0.00 0 0.00 1377 1252 1481 1300 0.00 0.00 0.00 0.00 0.00 0.00 0.00
car 0.00 0 0.00 1365 1291 1477 1338 0.00 0.00 0.00 0.00 0.00 0.00 0.00
car 0.00 0 0.00 1401 1331 1503 1371 0.00 0.00 0.00 0.00 0.00 0.00 0.00
van 0.00 0 0.00 1346 1333 1413 1436 0.00 0.00 0.00 0.00 0.00 0.00 0.00
pedestrian 0.00 0 0.00 1344 1361 1364 1399 0.00 0.00 0.00 0.00 0.00 0.00 0.00
car 0.00 0 0.00 1254 1383 1315 1463 0.00 0.00 0.00 0.00 0.00 0.00 0.00
car 0.00 0 0.00 749 1229 842 1278 0.00 0.00 0.00 0.00 0.00 0.00 0.00
car 0.00 0 0.00 1115 1391 1231 1447 0.00 0.00 0.00 0.00 0.00 0.00 0.00
car 0.00 0 0.00 1296 1203 1362 1278 0.00 0.00 0.00 0.00 0.00 0.00 0.00
car 0.00 0 0.00 1112 1280 1206 1329 0.00 0.00 0.00 0.00 0.00 0.00 0.00
car 0.00 0 0.00 981 1385 1097 1438 0.00 0.00 0.00 0.00 0.00 0.00 0.00
car 0.00 0 0.00 1114 1348 1220 1398 0.00 0.00 0.00 0.00 0.00 0.00 0.00
car 0.00 0 0.00 985 1347 1098 1395 0.00 0.00 0.00 0.00 0.00 0.00 0.00
car 0.00 0 0.00 991 1313 1093 1356 0.00 0.00 0.00 0.00 0.00 0.00 0.00
car 0.00 0 0.00 1003 1278 1101 1325 0.00 0.00 0.00 0.00 0.00 0.00 0.00
car 0.00 0 0.00 1003 1241 1106 1290 0.00 0.00 0.00 0.00 0.00 0.00 0.00
car 0.00 0 0.00 1005 1216 1092 1254 0.00 0.00 0.00 0.00 0.00 0.00 0.00
car 0.00 0 0.00 1005 1190 1098 1227 0.00 0.00 0.00 0.00 0.00 0.00 0.00
car 0.00 0 0.00 1006 1163 1090 1199 0.00 0.00 0.00 0.00 0.00 0.00 0.00
car 0.00 0 0.00 1110 1252 1211 1294 0.00 0.00 0.00 0.00 0.00 0.00 0.00
car 0.00 0 0.00 1112 1223 1202 1262 0.00 0.00 0.00 0.00 0.00 0.00 0.00
car 0.00 0 0.00 1109 1194 1195 1234 0.00 0.00 0.00 0.00 0.00 0.00 0.00
car 0.00 0 0.00 1099 1168 1179 1208 0.00 0.00 0.00 0.00 0.00 0.00 0.00
car 0.00 0 0.00 1095 1144 1187 1180 0.00 0.00 0.00 0.00 0.00 0.00 0.00
van 0.00 0 0.00 1104 1114 1192 1156 0.00 0.00 0.00 0.00 0.00 0.00 0.00
car 0.00 0 0.00 1013 1142 1089 1176 0.00 0.00 0.00 0.00 0.00 0.00 0.00
car 0.00 0 0.00 999 1119 1086 1156 0.00 0.00 0.00 0.00 0.00 0.00 0.00
car 0.00 0 0.00 1103 1100 1187 1130 0.00 0.00 0.00 0.00 0.00 0.00 0.00
van 0.00 0 0.00 1009 1089 1088 1130 0.00 0.00 0.00 0.00 0.00 0.00 0.00
car 0.00 0 0.00 1105 1078 1181 1112 0.00 0.00 0.00 0.00 0.00 0.00 0.00
car 0.00 0 0.00 1101 1057 1180 1091 0.00 0.00 0.00 0.00 0.00 0.00 0.00
car 0.00 0 0.00 1098 1039 1164 1072 0.00 0.00 0.00 0.00 0.00 0.00 0.00
car 0.00 0 0.00 1094 1022 1172 1056 0.00 0.00 0.00 0.00 0.00 0.00 0.00
car 0.00 0 0.00 1096 1007 1167 1037 0.00 0.00 0.00 0.00 0.00 0.00 0.00
car 0.00 0 0.00 1106 989 1171 1021 0.00 0.00 0.00 0.00 0.00 0.00 0.00
car 0.00 0 0.00 1099 975 1167 1003 0.00 0.00 0.00 0.00 0.00 0.00 0.00
car 0.00 0 0.00 1087 957 1162 987 0.00 0.00 0.00 0.00 0.00 0.00 0.00
car 0.00 0 0.00 1096 945 1164 968 0.00 0.00 0.00 0.00 0.00 0.00 0.00
car 0.00 0 0.00 1095 932 1152 954 0.00 0.00 0.00 0.00 0.00 0.00 0.00
car 0.00 0 0.00 1015 1057 1087 1090 0.00 0.00 0.00 0.00 0.00 0.00 0.00
car 0.00 0 0.00 1013 1038 1089 1068 0.00 0.00 0.00 0.00 0.00 0.00 0.00
car 0.00 0 0.00 1012 1020 1085 1048 0.00 0.00 0.00 0.00 0.00 0.00 0.00
car 0.00 0 0.00 1017 987 1084 1019 0.00 0.00 0.00 0.00 0.00 0.00 0.00
car 0.00 0 0.00 1015 972 1082 1000 0.00 0.00 0.00 0.00 0.00 0.00 0.00
car 0.00 0 0.00 1023 958 1079 983 0.00 0.00 0.00 0.00 0.00 0.00 0.00
van 0.00 0 0.00 1021 938 1081 971 0.00 0.00 0.00 0.00 0.00 0.00 0.00
car 0.00 0 0.00 1012 929 1071 954 0.00 0.00 0.00 0.00 0.00 0.00 0.00
car 0.00 0 0.00 753 1194 848 1236 0.00 0.00 0.00 0.00 0.00 0.00 0.00
car 0.00 0 0.00 760 1165 853 1206 0.00 0.00 0.00 0.00 0.00 0.00 0.00
car 0.00 0 0.00 776 1142 858 1179 0.00 0.00 0.00 0.00 0.00 0.00 0.00
car 0.00 0 0.00 773 1121 861 1156 0.00 0.00 0.00 0.00 0.00 0.00 0.00
car 0.00 0 0.00 787 1100 868 1133 0.00 0.00 0.00 0.00 0.00 0.00 0.00
van 0.00 0 0.00 790 1072 873 1111 0.00 0.00 0.00 0.00 0.00 0.00 0.00
car 0.00 0 0.00 799 1056 874 1088 0.00 0.00 0.00 0.00 0.00 0.00 0.00
car 0.00 0 0.00 814 1040 882 1068 0.00 0.00 0.00 0.00 0.00 0.00 0.00
car 0.00 0 0.00 819 1020 891 1052 0.00 0.00 0.00 0.00 0.00 0.00 0.00
car 0.00 0 0.00 830 1005 891 1032 0.00 0.00 0.00 0.00 0.00 0.00 0.00
car 0.00 0 0.00 831 988 902 1019 0.00 0.00 0.00 0.00 0.00 0.00 0.00
car 0.00 0 0.00 837 973 901 999 0.00 0.00 0.00 0.00 0.00 0.00 0.00
car 0.00 0 0.00 838 959 905 984 0.00 0.00 0.00 0.00 0.00 0.00 0.00
pedestrian 0.00 0 0.00 943 974 950 996 0.00 0.00 0.00 0.00 0.00 0.00 0.00
pedestrian 0.00 0 0.00 902 1218 915 1250 0.00 0.00 0.00 0.00 0.00 0.00 0.00
car 0.00 0 0.00 1544 877 1600 904 0.00 0.00 0.00 0.00 0.00 0.00 0.00
pedestrian 0.00 0 0.00 1714 634 1726 658 0.00 0.00 0.00 0.00 0.00 0.00 0.00
pedestrian 0.00 0 0.00 1697 628 1706 651 0.00 0.00 0.00 0.00 0.00 0.00 0.00
pedestrian 0.00 0 0.00 1702 623 1712 655 0.00 0.00 0.00 0.00 0.00 0.00 0.00
