car 0.00 0 0.00 1089 572 1154 636 0.00 0.00 0.00 0.00 0.00 0.00 0.00
car 0.00 0 0.00 1194 290 1247 366 0.00 0.00 0.00 0.00 0.00 0.00 0.00
car 0.00 0 0.00 1120 259 1164 325 0.00 0.00 0.00 0.00 0.00 0.00 0.00
car 0.00 0 0.00 1034 320 1090 405 0.00 0.00 0.00 0.00 0.00 0.00 0.00
car 0.00 0 0.00 994 320 1045 387 0.00 0.00 0.00 0.00 0.00 0.00 0.00
van 0.00 0 0.00 949 309 997 384 0.00 0.00 0.00 0.00 0.00 0.00 0.00
car 0.00 0 0.00 906 294 961 366 0.00 0.00 0.00 0.00 0.00 0.00 0.00
bus 0.00 0 0.00 856 286 915 374 0.00 0.00 0.00 0.00 0.00 0.00 0.00
car 0.00 0 0.00 891 457 937 523 0.00 0.00 0.00 0.00 0.00 0.00 0.00
car 0.00 0 0.00 664 356 710 450 0.00 0.00 0.00 0.00 0.00 0.00 0.00
car 0.00 0 0.00 672 282 766 334 0.00 0.00 0.00 0.00 0.00 0.00 0.00
car 0.00 0 0.00 687 214 776 263 0.00 0.00 0.00 0.00 0.00 0.00 0.00
car 0.00 0 0.00 614 183 663 223 0.00 0.00 0.00 0.00 0.00 0.00 0.00
car 0.00 0 0.00 617 438 668 514 0.00 0.00 0.00 0.00 0.00 0.00 0.00
car 0.00 0 0.00 598 330 639 407 0.00 0.00 0.00 0.00 0.00 0.00 0.00
car 0.00 0 0.00 528 506 575 594 0.00 0.00 0.00 0.00 0.00 0.00 0.00
car 0.00 0 0.00 510 421 558 507 0.00 0.00 0.00 0.00 0.00 0.00 0.00
car 0.00 0 0.00 492 336 537 409 0.00 0.00 0.00 0.00 0.00 0.00 0.00
car 0.00 0 0.00 529 167 585 220 0.00 0.00 0.00 0.00 0.00 0.00 0.00
car 0.00 0 0.00 488 109 541 183 0.00 0.00 0.00 0.00 0.00 0.00 0.00
car 0.00 0 0.00 515 54 583 92 0.00 0.00 0.00 0.00 0.00 0.00 0.00
van 0.00 0 0.00 509 25 581 74 0.00 0.00 0.00 0.00 0.00 0.00 0.00
car 0.00 0 0.00 506 9 580 47 0.00 0.00 0.00 0.00 0.00 0.00 0.00
car 0.00 0 0.00 466 0 498 38 0.00 0.00 0.00 0.00 0.00 0.00 0.00
car 0.00 0 0.00 433 0 465 36 0.00 0.00 0.00 0.00 0.00 0.00 0.00
truck 0.00 0 0.00 395 0 437 47 0.00 0.00 0.00 0.00 0.00 0.00 0.00
car 0.00 0 0.00 262 81 321 122 0.00 0.00 0.00 0.00 0.00 0.00 0.00
car 0.00 0 0.00 284 56 343 104 0.00 0.00 0.00 0.00 0.00 0.00 0.00
car 0.00 0 0.00 303 37 369 87 0.00 0.00 0.00 0.00 0.00 0.00 0.00
car 0.00 0 0.00 328 21 388 69 0.00 0.00 0.00 0.00 0.00 0.00 0.00
pedestrian 0.00 0 0.00 276 373 288 392 0.00 0.00 0.00 0.00 0.00 0.00 0.00
bicycle 0.00 0 0.00 331 368 362 391 0.00 0.00 0.00 0.00 0.00 0.00 0.00
