car 0.00 0 0.00 517 830 600 932 0.00 0.00 0.00 0.00 0.00 0.00 0.00
car 0.00 0 0.00 736 991 912 1114 0.00 0.00 0.00 0.00 0.00 0.00 0.00
car 0.00 0 0.00 653 816 757 938 0.00 0.00 0.00 0.00 0.00 0.00 0.00
car 0.00 0 0.00 593 616 660 679 0.00 0.00 0.00 0.00 0.00 0.00 0.00
car 0.00 0 0.00 562 492 604 553 0.00 0.00 0.00 0.00 0.00 0.00 0.00
car 0.00 0 0.00 264 484 342 518 0.00 0.00 0.00 0.00 0.00 0.00 0.00
car 0.00 0 0.00 66 498 139 542 0.00 0.00 0.00 0.00 0.00 0.00 0.00
pedestrian 0.00 0 0.00 120 518 144 555 0.00 0.00 0.00 0.00 0.00 0.00 0.00
car 0.00 0 0.00 0 556 118 607 0.00 0.00 0.00 0.00 0.00 0.00 0.00
truck 0.00 0 0.00 423 268 451 309 0.00 0.00 0.00 0.00 0.00 0.00 0.00
van 0.00 0 0.00 734 530 803 583 0.00 0.00 0.00 0.00 0.00 0.00 0.00
pedestrian 0.00 0 0.00 832 654 850 698 0.00 0.00 0.00 0.00 0.00 0.00 0.00
pedestrian 0.00 0 0.00 1557 1163 1595 1242 0.00 0.00 0.00 0.00 0.00 0.00 0.00
car 0.00 0 0.00 1499 952 1668 1056 0.00 0.00 0.00 0.00 0.00 0.00 0.00
pedestrian 0.00 0 0.00 391 759 417 815 0.00 0.00 0.00 0.00 0.00 0.00 0.00
pedestrian 0.00 0 0.00 411 766 432 816 0.00 0.00 0.00 0.00 0.00 0.00 0.00
car 0.00 0 0.00 1763 865 1914 973 0.00 0.00 0.00 0.00 0.00 0.00 0.00
