bus 0.00 0 0.00 1005 582 1092 741 0.00 0.00 0.00 0.00 0.00 0.00 0.00
bus 0.00 0 0.00 1086 624 1188 785 0.00 0.00 0.00 0.00 0.00 0.00 0.00
car 0.00 0 0.00 932 677 992 766 0.00 0.00 0.00 0.00 0.00 0.00 0.00
bus 0.00 0 0.00 964 375 1042 465 0.00 0.00 0.00 0.00 0.00 0.00 0.00
bus 0.00 0 0.00 1019 459 1104 599 0.00 0.00 0.00 0.00 0.00 0.00 0.00
bus 0.00 0 0.00 946 459 1032 596 0.00 0.00 0.00 0.00 0.00 0.00 0.00
bus 0.00 0 0.00 803 501 880 671 0.00 0.00 0.00 0.00 0.00 0.00 0.00
van 0.00 0 0.00 464 378 503 428 0.00 0.00 0.00 0.00 0.00 0.00 0.00
truck 0.00 0 0.00 678 227 717 306 0.00 0.00 0.00 0.00 0.00 0.00 0.00
van 0.00 0 0.00 631 222 661 267 0.00 0.00 0.00 0.00 0.00 0.00 0.00
car 0.00 0 0.00 641 179 663 202 0.00 0.00 0.00 0.00 0.00 0.00 0.00
car 0.00 0 0.00 674 142 693 170 0.00 0.00 0.00 0.00 0.00 0.00 0.00
bus 0.00 0 0.00 910 361 986 465 0.00 0.00 0.00 0.00 0.00 0.00 0.00
bus 0.00 0 0.00 880 302 936 386 0.00 0.00 0.00 0.00 0.00 0.00 0.00
bus 0.00 0 0.00 851 333 898 404 0.00 0.00 0.00 0.00 0.00 0.00 0.00
bus 0.00 0 0.00 865 258 905 313 0.00 0.00 0.00 0.00 0.00 0.00 0.00
car 0.00 0 0.00 840 311 870 343 0.00 0.00 0.00 0.00 0.00 0.00 0.00
truck 0.00 0 0.00 899 201 978 234 0.00 0.00 0.00 0.00 0.00 0.00 0.00
bus 0.00 0 0.00 777 350 822 463 0.00 0.00 0.00 0.00 0.00 0.00 0.00
truck 0.00 0 0.00 679 72 694 101 0.00 0.00 0.00 0.00 0.00 0.00 0.00
truck 0.00 0 0.00 601 52 616 77 0.00 0.00 0.00 0.00 0.00 0.00 0.00
bus 0.00 0 0.00 691 39 711 68 0.00 0.00 0.00 0.00 0.00 0.00 0.00
car 0.00 0 0.00 664 20 678 34 0.00 0.00 0.00 0.00 0.00 0.00 0.00
car 0.00 0 0.00 717 130 734 144 0.00 0.00 0.00 0.00 0.00 0.00 0.00
car 0.00 0 0.00 705 26 720 36 0.00 0.00 0.00 0.00 0.00 0.00 0.00
car 0.00 0 0.00 720 18 732 28 0.00 0.00 0.00 0.00 0.00 0.00 0.00
car 0.00 0 0.00 658 71 674 84 0.00 0.00 0.00 0.00 0.00 0.00 0.00
car 0.00 0 0.00 650 95 668 115 0.00 0.00 0.00 0.00 0.00 0.00 0.00
car 0.00 0 0.00 578 92 596 110 0.00 0.00 0.00 0.00 0.00 0.00 0.00
car 0.00 0 0.00 549 172 572 193 0.00 0.00 0.00 0.00 0.00 0.00 0.00
pedestrian 0.00 0 0.00 797 467 813 495 0.00 0.00 0.00 0.00 0.00 0.00 0.00
