pedestrian 0.00 0 0.00 164 748 180 763 0.00 0.00 0.00 0.00 0.00 0.00 0.00
pedestrian 0.00 0 0.00 218 675 230 691 0.00 0.00 0.00 0.00 0.00 0.00 0.00
pedestrian 0.00 0 0.00 235 670 249 685 0.00 0.00 0.00 0.00 0.00 0.00 0.00
van 0.00 0 0.00 522 646 553 691 0.00 0.00 0.00 0.00 0.00 0.00 0.00
bus 0.00 0 0.00 957 760 1002 787 0.00 0.00 0.00 0.00 0.00 0.00 0.00
bus 0.00 0 0.00 1223 658 1307 787 0.00 0.00 0.00 0.00 0.00 0.00 0.00
bus 0.00 0 0.00 1201 638 1263 735 0.00 0.00 0.00 0.00 0.00 0.00 0.00
bus 0.00 0 0.00 1169 619 1226 702 0.00 0.00 0.00 0.00 0.00 0.00 0.00
bus 0.00 0 0.00 1121 601 1185 685 0.00 0.00 0.00 0.00 0.00 0.00 0.00
bus 0.00 0 0.00 1091 588 1151 669 0.00 0.00 0.00 0.00 0.00 0.00 0.00
bus 0.00 0 0.00 1056 565 1117 645 0.00 0.00 0.00 0.00 0.00 0.00 0.00
bus 0.00 0 0.00 1011 645 1075 732 0.00 0.00 0.00 0.00 0.00 0.00 0.00
bus 0.00 0 0.00 1045 666 1107 756 0.00 0.00 0.00 0.00 0.00 0.00 0.00
bus 0.00 0 0.00 1087 673 1152 766 0.00 0.00 0.00 0.00 0.00 0.00 0.00
van 0.00 0 0.00 136 74 166 88 0.00 0.00 0.00 0.00 0.00 0.00 0.00
van 0.00 0 0.00 168 75 198 89 0.00 0.00 0.00 0.00 0.00 0.00 0.00
truck 0.00 0 0.00 226 76 296 122 0.00 0.00 0.00 0.00 0.00 0.00 0.00
pedestrian 0.00 0 0.00 446 80 452 89 0.00 0.00 0.00 0.00 0.00 0.00 0.00
car 0.00 0 0.00 433 476 479 502 0.00 0.00 0.00 0.00 0.00 0.00 0.00
van 0.00 0 0.00 517 476 553 515 0.00 0.00 0.00 0.00 0.00 0.00 0.00
van 0.00 0 0.00 470 495 512 539 0.00 0.00 0.00 0.00 0.00 0.00 0.00
van 0.00 0 0.00 491 508 531 552 0.00 0.00 0.00 0.00 0.00 0.00 0.00
motor 0.00 0 0.00 604 351 614 370 0.00 0.00 0.00 0.00 0.00 0.00 0.00
people 0.00 0 0.00 605 355 614 368 0.00 0.00 0.00 0.00 0.00 0.00 0.00
people 0.00 0 0.00 604 352 614 364 0.00 0.00 0.00 0.00 0.00 0.00 0.00
pedestrian 0.00 0 0.00 468 271 475 286 0.00 0.00 0.00 0.00 0.00 0.00 0.00
pedestrian 0.00 0 0.00 479 126 483 138 0.00 0.00 0.00 0.00 0.00 0.00 0.00
pedestrian 0.00 0 0.00 555 105 560 118 0.00 0.00 0.00 0.00 0.00 0.00 0.00
pedestrian 0.00 0 0.00 538 151 541 162 0.00 0.00 0.00 0.00 0.00 0.00 0.00
pedestrian 0.00 0 0.00 556 150 561 162 0.00 0.00 0.00 0.00 0.00 0.00 0.00
pedestrian 0.00 0 0.00 555 148 563 160 0.00 0.00 0.00 0.00 0.00 0.00 0.00
pedestrian 0.00 0 0.00 639 0 643 6 0.00 0.00 0.00 0.00 0.00 0.00 0.00
pedestrian 0.00 0 0.00 633 0 637 5 0.00 0.00 0.00 0.00 0.00 0.00 0.00
people 0.00 0 0.00 645 280 651 294 0.00 0.00 0.00 0.00 0.00 0.00 0.00
people 0.00 0 0.00 654 283 660 297 0.00 0.00 0.00 0.00 0.00 0.00 0.00
people 0.00 0 0.00 656 272 660 283 0.00 0.00 0.00 0.00 0.00 0.00 0.00
people 0.00 0 0.00 659 261 664 270 0.00 0.00 0.00 0.00 0.00 0.00 0.00
people 0.00 0 0.00 661 250 667 260 0.00 0.00 0.00 0.00 0.00 0.00 0.00
people 0.00 0 0.00 662 240 667 253 0.00 0.00 0.00 0.00 0.00 0.00 0.00
bicycle 0.00 0 0.00 662 242 667 255 0.00 0.00 0.00 0.00 0.00 0.00 0.00
bicycle 0.00 0 0.00 660 252 667 264 0.00 0.00 0.00 0.00 0.00 0.00 0.00
bicycle 0.00 0 0.00 658 262 665 276 0.00 0.00 0.00 0.00 0.00 0.00 0.00
bicycle 0.00 0 0.00 655 273 662 285 0.00 0.00 0.00 0.00 0.00 0.00 0.00
bicycle 0.00 0 0.00 646 283 651 298 0.00 0.00 0.00 0.00 0.00 0.00 0.00
bicycle 0.00 0 0.00 655 285 660 301 0.00 0.00 0.00 0.00 0.00 0.00 0.00
people 0.00 0 0.00 775 289 784 299 0.00 0.00 0.00 0.00 0.00 0.00 0.00
people 0.00 0 0.00 774 314 783 323 0.00 0.00 0.00 0.00 0.00 0.00 0.00
truck 0.00 0 0.00 923 221 998 258 0.00 0.00 0.00 0.00 0.00 0.00 0.00
truck 0.00 0 0.00 893 231 972 277 0.00 0.00 0.00 0.00 0.00 0.00 0.00
truck 0.00 0 0.00 866 238 933 281 0.00 0.00 0.00 0.00 0.00 0.00 0.00
truck 0.00 0 0.00 824 236 876 279 0.00 0.00 0.00 0.00 0.00 0.00 0.00
truck 0.00 0 0.00 877 265 944 306 0.00 0.00 0.00 0.00 0.00 0.00 0.00
truck 0.00 0 0.00 1033 359 1110 403 0.00 0.00 0.00 0.00 0.00 0.00 0.00
truck 0.00 0 0.00 1275 302 1323 369 0.00 0.00 0.00 0.00 0.00 0.00 0.00
truck 0.00 0 0.00 1120 309 1179 350 0.00 0.00 0.00 0.00 0.00 0.00 0.00
