van 0.00 0 0.00 1218 355 1252 404 0.00 0.00 0.00 0.00 0.00 0.00 0.00
bus 0.00 0 0.00 1223 249 1265 350 0.00 0.00 0.00 0.00 0.00 0.00 0.00
bus 0.00 0 0.00 1229 117 1271 191 0.00 0.00 0.00 0.00 0.00 0.00 0.00
bus 0.00 0 0.00 488 506 638 600 0.00 0.00 0.00 0.00 0.00 0.00 0.00
bus 0.00 0 0.00 196 376 340 478 0.00 0.00 0.00 0.00 0.00 0.00 0.00
bus 0.00 0 0.00 25 187 146 287 0.00 0.00 0.00 0.00 0.00 0.00 0.00
bus 0.00 0 0.00 777 103 814 143 0.00 0.00 0.00 0.00 0.00 0.00 0.00
bus 0.00 0 0.00 755 131 792 172 0.00 0.00 0.00 0.00 0.00 0.00 0.00
bus 0.00 0 0.00 732 162 771 205 0.00 0.00 0.00 0.00 0.00 0.00 0.00
bus 0.00 0 0.00 702 192 747 240 0.00 0.00 0.00 0.00 0.00 0.00 0.00
bus 0.00 0 0.00 689 220 724 274 0.00 0.00 0.00 0.00 0.00 0.00 0.00
bus 0.00 0 0.00 662 219 690 273 0.00 0.00 0.00 0.00 0.00 0.00 0.00
bus 0.00 0 0.00 673 184 709 234 0.00 0.00 0.00 0.00 0.00 0.00 0.00
bus 0.00 0 0.00 699 153 735 199 0.00 0.00 0.00 0.00 0.00 0.00 0.00
bus 0.00 0 0.00 720 123 762 169 0.00 0.00 0.00 0.00 0.00 0.00 0.00
bus 0.00 0 0.00 744 99 781 137 0.00 0.00 0.00 0.00 0.00 0.00 0.00
bus 0.00 0 0.00 336 154 417 232 0.00 0.00 0.00 0.00 0.00 0.00 0.00
bus 0.00 0 0.00 328 128 406 181 0.00 0.00 0.00 0.00 0.00 0.00 0.00
bus 0.00 0 0.00 286 121 355 182 0.00 0.00 0.00 0.00 0.00 0.00 0.00
bus 0.00 0 0.00 242 106 328 183 0.00 0.00 0.00 0.00 0.00 0.00 0.00
bus 0.00 0 0.00 213 89 305 173 0.00 0.00 0.00 0.00 0.00 0.00 0.00
bus 0.00 0 0.00 125 136 216 206 0.00 0.00 0.00 0.00 0.00 0.00 0.00
bus 0.00 0 0.00 134 53 202 100 0.00 0.00 0.00 0.00 0.00 0.00 0.00
bus 0.00 0 0.00 114 45 203 95 0.00 0.00 0.00 0.00 0.00 0.00 0.00
bus 0.00 0 0.00 89 25 171 99 0.00 0.00 0.00 0.00 0.00 0.00 0.00
bus 0.00 0 0.00 57 15 145 87 0.00 0.00 0.00 0.00 0.00 0.00 0.00
bus 0.00 0 0.00 38 9 126 70 0.00 0.00 0.00 0.00 0.00 0.00 0.00
bus 0.00 0 0.00 98 89 186 154 0.00 0.00 0.00 0.00 0.00 0.00 0.00
bus 0.00 0 0.00 421 107 495 190 0.00 0.00 0.00 0.00 0.00 0.00 0.00
bus 0.00 0 0.00 849 437 909 474 0.00 0.00 0.00 0.00 0.00 0.00 0.00
bus 0.00 0 0.00 484 213 521 287 0.00 0.00 0.00 0.00 0.00 0.00 0.00
bus 0.00 0 0.00 517 154 565 209 0.00 0.00 0.00 0.00 0.00 0.00 0.00
bus 0.00 0 0.00 558 112 608 158 0.00 0.00 0.00 0.00 0.00 0.00 0.00
van 0.00 0 0.00 619 68 650 99 0.00 0.00 0.00 0.00 0.00 0.00 0.00
van 0.00 0 0.00 942 318 990 363 0.00 0.00 0.00 0.00 0.00 0.00 0.00
van 0.00 0 0.00 858 341 878 391 0.00 0.00 0.00 0.00 0.00 0.00 0.00
van 0.00 0 0.00 818 340 846 401 0.00 0.00 0.00 0.00 0.00 0.00 0.00
van 0.00 0 0.00 1205 157 1230 194 0.00 0.00 0.00 0.00 0.00 0.00 0.00
van 0.00 0 0.00 880 311 915 352 0.00 0.00 0.00 0.00 0.00 0.00 0.00
truck 0.00 0 0.00 998 238 1036 301 0.00 0.00 0.00 0.00 0.00 0.00 0.00
truck 0.00 0 0.00 1075 296 1124 363 0.00 0.00 0.00 0.00 0.00 0.00 0.00
car 0.00 0 0.00 664 432 686 478 0.00 0.00 0.00 0.00 0.00 0.00 0.00
car 0.00 0 0.00 600 431 649 459 0.00 0.00 0.00 0.00 0.00 0.00 0.00
truck 0.00 0 0.00 587 388 658 426 0.00 0.00 0.00 0.00 0.00 0.00 0.00
car 0.00 0 0.00 1031 127 1059 155 0.00 0.00 0.00 0.00 0.00 0.00 0.00
bus 0.00 0 0.00 244 0 314 35 0.00 0.00 0.00 0.00 0.00 0.00 0.00
pedestrian 0.00 0 0.00 872 455 885 476 0.00 0.00 0.00 0.00 0.00 0.00 0.00
bus 0.00 0 0.00 596 228 629 286 0.00 0.00 0.00 0.00 0.00 0.00 0.00
truck 0.00 0 0.00 1232 74 1265 123 0.00 0.00 0.00 0.00 0.00 0.00 0.00
truck 0.00 0 0.00 1235 44 1264 88 0.00 0.00 0.00 0.00 0.00 0.00 0.00
pedestrian 0.00 0 0.00 707 342 736 372 0.00 0.00 0.00 0.00 0.00 0.00 0.00
