car 0.00 0 0.00 875 171 882 178 0.00 0.00 0.00 0.00 0.00 0.00 0.00
car 0.00 0 0.00 926 150 933 155 0.00 0.00 0.00 0.00 0.00 0.00 0.00
truck 0.00 0 0.00 924 133 933 149 0.00 0.00 0.00 0.00 0.00 0.00 0.00
truck 0.00 0 0.00 953 207 975 242 0.00 0.00 0.00 0.00 0.00 0.00 0.00
truck 0.00 0 0.00 861 273 877 293 0.00 0.00 0.00 0.00 0.00 0.00 0.00
truck 0.00 0 0.00 818 270 838 301 0.00 0.00 0.00 0.00 0.00 0.00 0.00
bus 0.00 0 0.00 789 375 820 448 0.00 0.00 0.00 0.00 0.00 0.00 0.00
bus 0.00 0 0.00 777 314 786 330 0.00 0.00 0.00 0.00 0.00 0.00 0.00
car 0.00 0 0.00 774 378 793 403 0.00 0.00 0.00 0.00 0.00 0.00 0.00
car 0.00 0 0.00 893 358 910 377 0.00 0.00 0.00 0.00 0.00 0.00 0.00
car 0.00 0 0.00 842 244 854 254 0.00 0.00 0.00 0.00 0.00 0.00 0.00
car 0.00 0 0.00 787 258 799 274 0.00 0.00 0.00 0.00 0.00 0.00 0.00
car 0.00 0 0.00 828 262 842 276 0.00 0.00 0.00 0.00 0.00 0.00 0.00
motor 0.00 0 0.00 856 351 861 357 0.00 0.00 0.00 0.00 0.00 0.00 0.00
people 0.00 0 0.00 855 346 861 352 0.00 0.00 0.00 0.00 0.00 0.00 0.00
pedestrian 0.00 0 0.00 914 291 918 298 0.00 0.00 0.00 0.00 0.00 0.00 0.00
pedestrian 0.00 0 0.00 962 274 966 285 0.00 0.00 0.00 0.00 0.00 0.00 0.00
pedestrian 0.00 0 0.00 687 253 691 260 0.00 0.00 0.00 0.00 0.00 0.00 0.00
tricycle 0.00 0 0.00 682 256 693 262 0.00 0.00 0.00 0.00 0.00 0.00 0.00
car 0.00 0 0.00 789 550 821 597 0.00 0.00 0.00 0.00 0.00 0.00 0.00
car 0.00 0 0.00 757 674 790 734 0.00 0.00 0.00 0.00 0.00 0.00 0.00
pedestrian 0.00 0 0.00 139 348 145 359 0.00 0.00 0.00 0.00 0.00 0.00 0.00
pedestrian 0.00 0 0.00 134 367 141 378 0.00 0.00 0.00 0.00 0.00 0.00 0.00
pedestrian 0.00 0 0.00 186 379 193 391 0.00 0.00 0.00 0.00 0.00 0.00 0.00
pedestrian 0.00 0 0.00 192 383 199 392 0.00 0.00 0.00 0.00 0.00 0.00 0.00
pedestrian 0.00 0 0.00 199 378 206 391 0.00 0.00 0.00 0.00 0.00 0.00 0.00
pedestrian 0.00 0 0.00 212 359 217 372 0.00 0.00 0.00 0.00 0.00 0.00 0.00
pedestrian 0.00 0 0.00 212 334 216 345 0.00 0.00 0.00 0.00 0.00 0.00 0.00
pedestrian 0.00 0 0.00 223 318 227 328 0.00 0.00 0.00 0.00 0.00 0.00 0.00
pedestrian 0.00 0 0.00 164 334 170 344 0.00 0.00 0.00 0.00 0.00 0.00 0.00
pedestrian 0.00 0 0.00 160 350 167 361 0.00 0.00 0.00 0.00 0.00 0.00 0.00
pedestrian 0.00 0 0.00 143 376 148 388 0.00 0.00 0.00 0.00 0.00 0.00 0.00
pedestrian 0.00 0 0.00 148 346 153 356 0.00 0.00 0.00 0.00 0.00 0.00 0.00
pedestrian 0.00 0 0.00 146 359 153 365 0.00 0.00 0.00 0.00 0.00 0.00 0.00
pedestrian 0.00 0 0.00 137 354 145 365 0.00 0.00 0.00 0.00 0.00 0.00 0.00
pedestrian 0.00 0 0.00 126 351 133 365 0.00 0.00 0.00 0.00 0.00 0.00 0.00
pedestrian 0.00 0 0.00 124 375 131 384 0.00 0.00 0.00 0.00 0.00 0.00 0.00
pedestrian 0.00 0 0.00 111 370 114 380 0.00 0.00 0.00 0.00 0.00 0.00 0.00
pedestrian 0.00 0 0.00 82 362 89 379 0.00 0.00 0.00 0.00 0.00 0.00 0.00
pedestrian 0.00 0 0.00 705 569 717 591 0.00 0.00 0.00 0.00 0.00 0.00 0.00
