car 0.00 0 0.00 94 460 201 523 0.00 0.00 0.00 0.00 0.00 0.00 0.00
car 0.00 0 0.00 3 423 122 468 0.00 0.00 0.00 0.00 0.00 0.00 0.00
car 0.00 0 0.00 463 406 545 459 0.00 0.00 0.00 0.00 0.00 0.00 0.00
car 0.00 0 0.00 565 458 656 511 0.00 0.00 0.00 0.00 0.00 0.00 0.00
car 0.00 0 0.00 668 517 785 590 0.00 0.00 0.00 0.00 0.00 0.00 0.00
car 0.00 0 0.00 785 517 921 594 0.00 0.00 0.00 0.00 0.00 0.00 0.00
car 0.00 0 0.00 965 597 1143 700 0.00 0.00 0.00 0.00 0.00 0.00 0.00
van 0.00 0 0.00 1078 724 1352 916 0.00 0.00 0.00 0.00 0.00 0.00 0.00
car 0.00 0 0.00 587 426 675 476 0.00 0.00 0.00 0.00 0.00 0.00 0.00
car 0.00 0 0.00 519 392 594 437 0.00 0.00 0.00 0.00 0.00 0.00 0.00
car 0.00 0 0.00 587 386 663 427 0.00 0.00 0.00 0.00 0.00 0.00 0.00
car 0.00 0 0.00 674 467 775 524 0.00 0.00 0.00 0.00 0.00 0.00 0.00
car 0.00 0 0.00 513 341 565 381 0.00 0.00 0.00 0.00 0.00 0.00 0.00
car 0.00 0 0.00 523 311 572 347 0.00 0.00 0.00 0.00 0.00 0.00 0.00
car 0.00 0 0.00 57 289 97 315 0.00 0.00 0.00 0.00 0.00 0.00 0.00
car 0.00 0 0.00 111 279 148 310 0.00 0.00 0.00 0.00 0.00 0.00 0.00
car 0.00 0 0.00 35 271 65 300 0.00 0.00 0.00 0.00 0.00 0.00 0.00
car 0.00 0 0.00 99 271 128 298 0.00 0.00 0.00 0.00 0.00 0.00 0.00
car 0.00 0 0.00 79 260 108 284 0.00 0.00 0.00 0.00 0.00 0.00 0.00
car 0.00 0 0.00 23 247 53 272 0.00 0.00 0.00 0.00 0.00 0.00 0.00
car 0.00 0 0.00 35 260 67 286 0.00 0.00 0.00 0.00 0.00 0.00 0.00
car 0.00 0 0.00 622 263 675 290 0.00 0.00 0.00 0.00 0.00 0.00 0.00
car 0.00 0 0.00 607 255 652 280 0.00 0.00 0.00 0.00 0.00 0.00 0.00
car 0.00 0 0.00 574 252 624 280 0.00 0.00 0.00 0.00 0.00 0.00 0.00
car 0.00 0 0.00 542 252 595 275 0.00 0.00 0.00 0.00 0.00 0.00 0.00
car 0.00 0 0.00 748 248 800 272 0.00 0.00 0.00 0.00 0.00 0.00 0.00
car 0.00 0 0.00 681 246 734 273 0.00 0.00 0.00 0.00 0.00 0.00 0.00
car 0.00 0 0.00 745 220 795 240 0.00 0.00 0.00 0.00 0.00 0.00 0.00
car 0.00 0 0.00 692 230 730 252 0.00 0.00 0.00 0.00 0.00 0.00 0.00
car 0.00 0 0.00 676 221 716 245 0.00 0.00 0.00 0.00 0.00 0.00 0.00
car 0.00 0 0.00 915 221 951 243 0.00 0.00 0.00 0.00 0.00 0.00 0.00
car 0.00 0 0.00 861 195 896 211 0.00 0.00 0.00 0.00 0.00 0.00 0.00
people 0.00 0 0.00 417 277 429 290 0.00 0.00 0.00 0.00 0.00 0.00 0.00
people 0.00 0 0.00 502 262 509 276 0.00 0.00 0.00 0.00 0.00 0.00 0.00
people 0.00 0 0.00 318 284 328 299 0.00 0.00 0.00 0.00 0.00 0.00 0.00
pedestrian 0.00 0 0.00 748 342 757 375 0.00 0.00 0.00 0.00 0.00 0.00 0.00
pedestrian 0.00 0 0.00 727 339 738 373 0.00 0.00 0.00 0.00 0.00 0.00 0.00
people 0.00 0 0.00 712 355 723 377 0.00 0.00 0.00 0.00 0.00 0.00 0.00
people 0.00 0 0.00 705 344 719 364 0.00 0.00 0.00 0.00 0.00 0.00 0.00
people 0.00 0 0.00 666 347 678 366 0.00 0.00 0.00 0.00 0.00 0.00 0.00
people 0.00 0 0.00 646 338 655 364 0.00 0.00 0.00 0.00 0.00 0.00 0.00
people 0.00 0 0.00 632 323 640 346 0.00 0.00 0.00 0.00 0.00 0.00 0.00
people 0.00 0 0.00 659 323 666 343 0.00 0.00 0.00 0.00 0.00 0.00 0.00
car 0.00 0 0.00 703 371 728 391 0.00 0.00 0.00 0.00 0.00 0.00 0.00
car 0.00 0 0.00 658 358 683 375 0.00 0.00 0.00 0.00 0.00 0.00 0.00
car 0.00 0 0.00 700 358 722 367 0.00 0.00 0.00 0.00 0.00 0.00 0.00
car 0.00 0 0.00 667 350 691 364 0.00 0.00 0.00 0.00 0.00 0.00 0.00
car 0.00 0 0.00 627 332 645 351 0.00 0.00 0.00 0.00 0.00 0.00 0.00
car 0.00 0 0.00 655 332 668 347 0.00 0.00 0.00 0.00 0.00 0.00 0.00
people 0.00 0 0.00 672 337 683 355 0.00 0.00 0.00 0.00 0.00 0.00 0.00
car 0.00 0 0.00 311 294 335 304 0.00 0.00 0.00 0.00 0.00 0.00 0.00
car 0.00 0 0.00 412 285 434 296 0.00 0.00 0.00 0.00 0.00 0.00 0.00
car 0.00 0 0.00 495 267 518 278 0.00 0.00 0.00 0.00 0.00 0.00 0.00
people 0.00 0 0.00 42 394 54 408 0.00 0.00 0.00 0.00 0.00 0.00 0.00
people 0.00 0 0.00 7 392 19 408 0.00 0.00 0.00 0.00 0.00 0.00 0.00
motor 0.00 0 0.00 38 401 61 427 0.00 0.00 0.00 0.00 0.00 0.00 0.00
motor 0.00 0 0.00 4 401 25 426 0.00 0.00 0.00 0.00 0.00 0.00 0.00
