car 0.00 0 0.00 513 931 592 1050 0.00 0.00 0.00 0.00 0.00 0.00 0.00
van 0.00 0 0.00 665 955 751 1050 0.00 0.00 0.00 0.00 0.00 0.00 0.00
motor 0.00 0 0.00 1054 974 1119 1011 0.00 0.00 0.00 0.00 0.00 0.00 0.00
motor 0.00 0 0.00 1043 932 1114 968 0.00 0.00 0.00 0.00 0.00 0.00 0.00
car 0.00 0 0.00 867 704 994 775 0.00 0.00 0.00 0.00 0.00 0.00 0.00
car 0.00 0 0.00 783 582 956 665 0.00 0.00 0.00 0.00 0.00 0.00 0.00
motor 0.00 0 0.00 1024 676 1085 715 0.00 0.00 0.00 0.00 0.00 0.00 0.00
car 0.00 0 0.00 348 634 423 788 0.00 0.00 0.00 0.00 0.00 0.00 0.00
van 0.00 0 0.00 347 827 427 989 0.00 0.00 0.00 0.00 0.00 0.00 0.00
van 0.00 0 0.00 611 51 669 163 0.00 0.00 0.00 0.00 0.00 0.00 0.00
car 0.00 0 0.00 377 118 442 234 0.00 0.00 0.00 0.00 0.00 0.00 0.00
car 0.00 0 0.00 387 11 446 122 0.00 0.00 0.00 0.00 0.00 0.00 0.00
pedestrian 0.00 0 0.00 595 2 612 41 0.00 0.00 0.00 0.00 0.00 0.00 0.00
car 0.00 0 0.00 794 478 949 557 0.00 0.00 0.00 0.00 0.00 0.00 0.00
car 0.00 0 0.00 729 350 860 415 0.00 0.00 0.00 0.00 0.00 0.00 0.00
pedestrian 0.00 0 0.00 819 426 842 460 0.00 0.00 0.00 0.00 0.00 0.00 0.00
pedestrian 0.00 0 0.00 1046 617 1089 654 0.00 0.00 0.00 0.00 0.00 0.00 0.00
motor 0.00 0 0.00 928 643 992 675 0.00 0.00 0.00 0.00 0.00 0.00 0.00
motor 0.00 0 0.00 962 296 991 358 0.00 0.00 0.00 0.00 0.00 0.00 0.00
motor 0.00 0 0.00 920 276 940 320 0.00 0.00 0.00 0.00 0.00 0.00 0.00
motor 0.00 0 0.00 866 128 914 157 0.00 0.00 0.00 0.00 0.00 0.00 0.00
motor 0.00 0 0.00 856 107 901 144 0.00 0.00 0.00 0.00 0.00 0.00 0.00
pedestrian 0.00 0 0.00 880 52 903 94 0.00 0.00 0.00 0.00 0.00 0.00 0.00
pedestrian 0.00 0 0.00 901 7 919 50 0.00 0.00 0.00 0.00 0.00 0.00 0.00
pedestrian 0.00 0 0.00 773 10 795 52 0.00 0.00 0.00 0.00 0.00 0.00 0.00
pedestrian 0.00 0 0.00 730 185 745 229 0.00 0.00 0.00 0.00 0.00 0.00 0.00
pedestrian 0.00 0 0.00 678 97 693 139 0.00 0.00 0.00 0.00 0.00 0.00 0.00
pedestrian 0.00 0 0.00 685 177 710 213 0.00 0.00 0.00 0.00 0.00 0.00 0.00
pedestrian 0.00 0 0.00 677 146 697 187 0.00 0.00 0.00 0.00 0.00 0.00 0.00
pedestrian 0.00 0 0.00 735 165 750 202 0.00 0.00 0.00 0.00 0.00 0.00 0.00
pedestrian 0.00 0 0.00 733 153 751 189 0.00 0.00 0.00 0.00 0.00 0.00 0.00
motor 0.00 0 0.00 701 258 756 288 0.00 0.00 0.00 0.00 0.00 0.00 0.00
pedestrian 0.00 0 0.00 845 865 870 906 0.00 0.00 0.00 0.00 0.00 0.00 0.00
people 0.00 0 0.00 690 45 706 83 0.00 0.00 0.00 0.00 0.00 0.00 0.00
motor 0.00 0 0.00 674 52 716 80 0.00 0.00 0.00 0.00 0.00 0.00 0.00
