car 0.00 0 0.00 500 372 563 433 0.00 0.00 0.00 0.00 0.00 0.00 0.00
car 0.00 0 0.00 663 524 755 615 0.00 0.00 0.00 0.00 0.00 0.00 0.00
car 0.00 0 0.00 767 232 838 274 0.00 0.00 0.00 0.00 0.00 0.00 0.00
van 0.00 0 0.00 323 226 391 293 0.00 0.00 0.00 0.00 0.00 0.00 0.00
car 0.00 0 0.00 188 238 238 281 0.00 0.00 0.00 0.00 0.00 0.00 0.00
car 0.00 0 0.00 137 190 183 231 0.00 0.00 0.00 0.00 0.00 0.00 0.00
car 0.00 0 0.00 216 121 263 163 0.00 0.00 0.00 0.00 0.00 0.00 0.00
car 0.00 0 0.00 1089 601 1192 713 0.00 0.00 0.00 0.00 0.00 0.00 0.00
car 0.00 0 0.00 1159 799 1304 952 0.00 0.00 0.00 0.00 0.00 0.00 0.00
car 0.00 0 0.00 1321 874 1400 1008 0.00 0.00 0.00 0.00 0.00 0.00 0.00
car 0.00 0 0.00 951 947 1058 1050 0.00 0.00 0.00 0.00 0.00 0.00 0.00
car 0.00 0 0.00 1002 67 1035 100 0.00 0.00 0.00 0.00 0.00 0.00 0.00
car 0.00 0 0.00 822 117 871 162 0.00 0.00 0.00 0.00 0.00 0.00 0.00
bus 0.00 0 0.00 862 64 947 160 0.00 0.00 0.00 0.00 0.00 0.00 0.00
motor 0.00 0 0.00 985 465 1023 494 0.00 0.00 0.00 0.00 0.00 0.00 0.00
motor 0.00 0 0.00 893 317 915 343 0.00 0.00 0.00 0.00 0.00 0.00 0.00
motor 0.00 0 0.00 754 116 768 134 0.00 0.00 0.00 0.00 0.00 0.00 0.00
motor 0.00 0 0.00 773 118 786 133 0.00 0.00 0.00 0.00 0.00 0.00 0.00
people 0.00 0 0.00 996 457 1012 482 0.00 0.00 0.00 0.00 0.00 0.00 0.00
people 0.00 0 0.00 897 309 912 333 0.00 0.00 0.00 0.00 0.00 0.00 0.00
people 0.00 0 0.00 775 108 783 127 0.00 0.00 0.00 0.00 0.00 0.00 0.00
people 0.00 0 0.00 757 106 766 126 0.00 0.00 0.00 0.00 0.00 0.00 0.00
