motor 0.00 0 0.00 746 47 759 56 0.00 0.00 0.00 0.00 0.00 0.00 0.00
car 0.00 0 0.00 790 14 805 30 0.00 0.00 0.00 0.00 0.00 0.00 0.00
car 0.00 0 0.00 779 21 795 39 0.00 0.00 0.00 0.00 0.00 0.00 0.00
car 0.00 0 0.00 768 37 787 55 0.00 0.00 0.00 0.00 0.00 0.00 0.00
people 0.00 0 0.00 793 33 799 39 0.00 0.00 0.00 0.00 0.00 0.00 0.00
people 0.00 0 0.00 782 50 786 57 0.00 0.00 0.00 0.00 0.00 0.00 0.00
people 0.00 0 0.00 816 32 820 40 0.00 0.00 0.00 0.00 0.00 0.00 0.00
people 0.00 0 0.00 816 54 821 62 0.00 0.00 0.00 0.00 0.00 0.00 0.00
people 0.00 0 0.00 791 74 797 81 0.00 0.00 0.00 0.00 0.00 0.00 0.00
people 0.00 0 0.00 864 101 870 111 0.00 0.00 0.00 0.00 0.00 0.00 0.00
pedestrian 0.00 0 0.00 905 97 911 111 0.00 0.00 0.00 0.00 0.00 0.00 0.00
pedestrian 0.00 0 0.00 901 84 908 99 0.00 0.00 0.00 0.00 0.00 0.00 0.00
pedestrian 0.00 0 0.00 909 199 914 214 0.00 0.00 0.00 0.00 0.00 0.00 0.00
pedestrian 0.00 0 0.00 908 188 913 201 0.00 0.00 0.00 0.00 0.00 0.00 0.00
people 0.00 0 0.00 924 191 929 201 0.00 0.00 0.00 0.00 0.00 0.00 0.00
people 0.00 0 0.00 731 270 738 283 0.00 0.00 0.00 0.00 0.00 0.00 0.00
people 0.00 0 0.00 824 291 830 302 0.00 0.00 0.00 0.00 0.00 0.00 0.00
people 0.00 0 0.00 797 425 805 439 0.00 0.00 0.00 0.00 0.00 0.00 0.00
people 0.00 0 0.00 766 464 777 476 0.00 0.00 0.00 0.00 0.00 0.00 0.00
pedestrian 0.00 0 0.00 926 459 934 479 0.00 0.00 0.00 0.00 0.00 0.00 0.00
people 0.00 0 0.00 789 552 796 565 0.00 0.00 0.00 0.00 0.00 0.00 0.00
people 0.00 0 0.00 762 554 770 568 0.00 0.00 0.00 0.00 0.00 0.00 0.00
people 0.00 0 0.00 689 538 700 551 0.00 0.00 0.00 0.00 0.00 0.00 0.00
people 0.00 0 0.00 736 594 744 608 0.00 0.00 0.00 0.00 0.00 0.00 0.00
people 0.00 0 0.00 760 615 769 628 0.00 0.00 0.00 0.00 0.00 0.00 0.00
people 0.00 0 0.00 824 711 838 729 0.00 0.00 0.00 0.00 0.00 0.00 0.00
people 0.00 0 0.00 825 707 837 721 0.00 0.00 0.00 0.00 0.00 0.00 0.00
people 0.00 0 0.00 789 869 803 888 0.00 0.00 0.00 0.00 0.00 0.00 0.00
people 0.00 0 0.00 764 849 779 866 0.00 0.00 0.00 0.00 0.00 0.00 0.00
people 0.00 0 0.00 729 872 741 883 0.00 0.00 0.00 0.00 0.00 0.00 0.00
people 0.00 0 0.00 728 862 742 876 0.00 0.00 0.00 0.00 0.00 0.00 0.00
pedestrian 0.00 0 0.00 631 381 639 402 0.00 0.00 0.00 0.00 0.00 0.00 0.00
motor 0.00 0 0.00 429 977 473 1000 0.00 0.00 0.00 0.00 0.00 0.00 0.00
motor 0.00 0 0.00 727 857 742 895 0.00 0.00 0.00 0.00 0.00 0.00 0.00
motor 0.00 0 0.00 763 846 778 882 0.00 0.00 0.00 0.00 0.00 0.00 0.00
motor 0.00 0 0.00 790 868 804 902 0.00 0.00 0.00 0.00 0.00 0.00 0.00
motor 0.00 0 0.00 1054 997 1079 1010 0.00 0.00 0.00 0.00 0.00 0.00 0.00
motor 0.00 0 0.00 1053 982 1078 997 0.00 0.00 0.00 0.00 0.00 0.00 0.00
motor 0.00 0 0.00 1051 970 1077 985 0.00 0.00 0.00 0.00 0.00 0.00 0.00
motor 0.00 0 0.00 1046 951 1075 973 0.00 0.00 0.00 0.00 0.00 0.00 0.00
motor 0.00 0 0.00 1038 878 1067 895 0.00 0.00 0.00 0.00 0.00 0.00 0.00
motor 0.00 0 0.00 1036 860 1065 877 0.00 0.00 0.00 0.00 0.00 0.00 0.00
motor 0.00 0 0.00 1033 842 1062 859 0.00 0.00 0.00 0.00 0.00 0.00 0.00
motor 0.00 0 0.00 1033 829 1062 844 0.00 0.00 0.00 0.00 0.00 0.00 0.00
motor 0.00 0 0.00 1029 809 1059 830 0.00 0.00 0.00 0.00 0.00 0.00 0.00
motor 0.00 0 0.00 899 858 935 879 0.00 0.00 0.00 0.00 0.00 0.00 0.00
motor 0.00 0 0.00 902 880 941 896 0.00 0.00 0.00 0.00 0.00 0.00 0.00
motor 0.00 0 0.00 897 894 938 910 0.00 0.00 0.00 0.00 0.00 0.00 0.00
motor 0.00 0 0.00 900 908 937 922 0.00 0.00 0.00 0.00 0.00 0.00 0.00
motor 0.00 0 0.00 977 762 1009 781 0.00 0.00 0.00 0.00 0.00 0.00 0.00
motor 0.00 0 0.00 973 735 1005 758 0.00 0.00 0.00 0.00 0.00 0.00 0.00
motor 0.00 0 0.00 975 722 1005 734 0.00 0.00 0.00 0.00 0.00 0.00 0.00
motor 0.00 0 0.00 1022 766 1052 783 0.00 0.00 0.00 0.00 0.00 0.00 0.00
motor 0.00 0 0.00 1020 754 1053 769 0.00 0.00 0.00 0.00 0.00 0.00 0.00
motor 0.00 0 0.00 1018 742 1051 759 0.00 0.00 0.00 0.00 0.00 0.00 0.00
motor 0.00 0 0.00 975 712 1000 726 0.00 0.00 0.00 0.00 0.00 0.00 0.00
motor 0.00 0 0.00 967 695 999 708 0.00 0.00 0.00 0.00 0.00 0.00 0.00
motor 0.00 0 0.00 969 682 998 695 0.00 0.00 0.00 0.00 0.00 0.00 0.00
motor 0.00 0 0.00 967 668 995 686 0.00 0.00 0.00 0.00 0.00 0.00 0.00
motor 0.00 0 0.00 967 656 996 671 0.00 0.00 0.00 0.00 0.00 0.00 0.00
motor 0.00 0 0.00 967 645 998 662 0.00 0.00 0.00 0.00 0.00 0.00 0.00
motor 0.00 0 0.00 964 637 995 653 0.00 0.00 0.00 0.00 0.00 0.00 0.00
motor 0.00 0 0.00 961 624 993 639 0.00 0.00 0.00 0.00 0.00 0.00 0.00
motor 0.00 0 0.00 959 617 990 629 0.00 0.00 0.00 0.00 0.00 0.00 0.00
motor 0.00 0 0.00 961 611 990 625 0.00 0.00 0.00 0.00 0.00 0.00 0.00
motor 0.00 0 0.00 961 600 988 619 0.00 0.00 0.00 0.00 0.00 0.00 0.00
motor 0.00 0 0.00 960 587 985 603 0.00 0.00 0.00 0.00 0.00 0.00 0.00
motor 0.00 0 0.00 992 589 1018 606 0.00 0.00 0.00 0.00 0.00 0.00 0.00
motor 0.00 0 0.00 992 580 1022 596 0.00 0.00 0.00 0.00 0.00 0.00 0.00
motor 0.00 0 0.00 980 559 1005 578 0.00 0.00 0.00 0.00 0.00 0.00 0.00
motor 0.00 0 0.00 963 549 992 566 0.00 0.00 0.00 0.00 0.00 0.00 0.00
motor 0.00 0 0.00 824 708 837 742 0.00 0.00 0.00 0.00 0.00 0.00 0.00
motor 0.00 0 0.00 757 616 769 638 0.00 0.00 0.00 0.00 0.00 0.00 0.00
motor 0.00 0 0.00 735 597 744 618 0.00 0.00 0.00 0.00 0.00 0.00 0.00
motor 0.00 0 0.00 761 556 772 579 0.00 0.00 0.00 0.00 0.00 0.00 0.00
motor 0.00 0 0.00 787 553 797 578 0.00 0.00 0.00 0.00 0.00 0.00 0.00
motor 0.00 0 0.00 689 534 700 564 0.00 0.00 0.00 0.00 0.00 0.00 0.00
motor 0.00 0 0.00 548 604 579 625 0.00 0.00 0.00 0.00 0.00 0.00 0.00
motor 0.00 0 0.00 562 574 590 591 0.00 0.00 0.00 0.00 0.00 0.00 0.00
motor 0.00 0 0.00 568 567 590 580 0.00 0.00 0.00 0.00 0.00 0.00 0.00
motor 0.00 0 0.00 630 335 653 351 0.00 0.00 0.00 0.00 0.00 0.00 0.00
motor 0.00 0 0.00 641 314 661 328 0.00 0.00 0.00 0.00 0.00 0.00 0.00
motor 0.00 0 0.00 643 302 664 314 0.00 0.00 0.00 0.00 0.00 0.00 0.00
motor 0.00 0 0.00 658 252 678 263 0.00 0.00 0.00 0.00 0.00 0.00 0.00
motor 0.00 0 0.00 660 246 679 254 0.00 0.00 0.00 0.00 0.00 0.00 0.00
motor 0.00 0 0.00 660 238 678 247 0.00 0.00 0.00 0.00 0.00 0.00 0.00
motor 0.00 0 0.00 661 232 681 242 0.00 0.00 0.00 0.00 0.00 0.00 0.00
motor 0.00 0 0.00 665 225 682 235 0.00 0.00 0.00 0.00 0.00 0.00 0.00
motor 0.00 0 0.00 668 220 683 228 0.00 0.00 0.00 0.00 0.00 0.00 0.00
motor 0.00 0 0.00 667 211 685 223 0.00 0.00 0.00 0.00 0.00 0.00 0.00
motor 0.00 0 0.00 671 201 685 212 0.00 0.00 0.00 0.00 0.00 0.00 0.00
motor 0.00 0 0.00 675 196 690 208 0.00 0.00 0.00 0.00 0.00 0.00 0.00
motor 0.00 0 0.00 674 190 691 200 0.00 0.00 0.00 0.00 0.00 0.00 0.00
motor 0.00 0 0.00 676 186 692 196 0.00 0.00 0.00 0.00 0.00 0.00 0.00
motor 0.00 0 0.00 680 180 696 189 0.00 0.00 0.00 0.00 0.00 0.00 0.00
motor 0.00 0 0.00 678 172 696 184 0.00 0.00 0.00 0.00 0.00 0.00 0.00
motor 0.00 0 0.00 687 159 702 173 0.00 0.00 0.00 0.00 0.00 0.00 0.00
motor 0.00 0 0.00 688 152 704 163 0.00 0.00 0.00 0.00 0.00 0.00 0.00
motor 0.00 0 0.00 691 147 705 161 0.00 0.00 0.00 0.00 0.00 0.00 0.00
motor 0.00 0 0.00 697 136 712 147 0.00 0.00 0.00 0.00 0.00 0.00 0.00
motor 0.00 0 0.00 698 127 714 137 0.00 0.00 0.00 0.00 0.00 0.00 0.00
motor 0.00 0 0.00 721 138 732 152 0.00 0.00 0.00 0.00 0.00 0.00 0.00
motor 0.00 0 0.00 663 130 677 142 0.00 0.00 0.00 0.00 0.00 0.00 0.00
motor 0.00 0 0.00 661 119 674 127 0.00 0.00 0.00 0.00 0.00 0.00 0.00
motor 0.00 0 0.00 792 34 799 45 0.00 0.00 0.00 0.00 0.00 0.00 0.00
motor 0.00 0 0.00 815 33 822 46 0.00 0.00 0.00 0.00 0.00 0.00 0.00
motor 0.00 0 0.00 814 54 822 66 0.00 0.00 0.00 0.00 0.00 0.00 0.00
motor 0.00 0 0.00 780 50 786 62 0.00 0.00 0.00 0.00 0.00 0.00 0.00
motor 0.00 0 0.00 790 73 797 89 0.00 0.00 0.00 0.00 0.00 0.00 0.00
motor 0.00 0 0.00 863 102 873 115 0.00 0.00 0.00 0.00 0.00 0.00 0.00
motor 0.00 0 0.00 730 269 738 290 0.00 0.00 0.00 0.00 0.00 0.00 0.00
bicycle 0.00 0 0.00 824 291 831 307 0.00 0.00 0.00 0.00 0.00 0.00 0.00
motor 0.00 0 0.00 796 427 804 447 0.00 0.00 0.00 0.00 0.00 0.00 0.00
motor 0.00 0 0.00 765 466 775 486 0.00 0.00 0.00 0.00 0.00 0.00 0.00
motor 0.00 0 0.00 922 192 928 207 0.00 0.00 0.00 0.00 0.00 0.00 0.00
motor 0.00 0 0.00 916 179 930 189 0.00 0.00 0.00 0.00 0.00 0.00 0.00
motor 0.00 0 0.00 875 208 892 218 0.00 0.00 0.00 0.00 0.00 0.00 0.00
motor 0.00 0 0.00 876 201 892 209 0.00 0.00 0.00 0.00 0.00 0.00 0.00
motor 0.00 0 0.00 877 195 894 202 0.00 0.00 0.00 0.00 0.00 0.00 0.00
motor 0.00 0 0.00 875 189 891 197 0.00 0.00 0.00 0.00 0.00 0.00 0.00
motor 0.00 0 0.00 878 182 894 189 0.00 0.00 0.00 0.00 0.00 0.00 0.00
motor 0.00 0 0.00 885 175 898 184 0.00 0.00 0.00 0.00 0.00 0.00 0.00
motor 0.00 0 0.00 870 160 886 180 0.00 0.00 0.00 0.00 0.00 0.00 0.00
car 0.00 0 0.00 881 53 898 69 0.00 0.00 0.00 0.00 0.00 0.00 0.00
pedestrian 0.00 0 0.00 932 69 937 83 0.00 0.00 0.00 0.00 0.00 0.00 0.00
tricycle 0.00 0 0.00 879 66 893 82 0.00 0.00 0.00 0.00 0.00 0.00 0.00
van 0.00 0 0.00 740 65 763 90 0.00 0.00 0.00 0.00 0.00 0.00 0.00
car 0.00 0 0.00 839 74 857 91 0.00 0.00 0.00 0.00 0.00 0.00 0.00
truck 0.00 0 0.00 813 112 832 134 0.00 0.00 0.00 0.00 0.00 0.00 0.00
car 0.00 0 0.00 850 170 868 193 0.00 0.00 0.00 0.00 0.00 0.00 0.00
people 0.00 0 0.00 827 188 833 197 0.00 0.00 0.00 0.00 0.00 0.00 0.00
motor 0.00 0 0.00 825 189 833 204 0.00 0.00 0.00 0.00 0.00 0.00 0.00
car 0.00 0 0.00 687 82 722 98 0.00 0.00 0.00 0.00 0.00 0.00 0.00
car 0.00 0 0.00 646 76 674 96 0.00 0.00 0.00 0.00 0.00 0.00 0.00
car 0.00 0 0.00 667 99 699 115 0.00 0.00 0.00 0.00 0.00 0.00 0.00
van 0.00 0 0.00 709 148 728 175 0.00 0.00 0.00 0.00 0.00 0.00 0.00
car 0.00 0 0.00 720 171 742 198 0.00 0.00 0.00 0.00 0.00 0.00 0.00
car 0.00 0 0.00 699 170 719 194 0.00 0.00 0.00 0.00 0.00 0.00 0.00
car 0.00 0 0.00 695 193 717 218 0.00 0.00 0.00 0.00 0.00 0.00 0.00
car 0.00 0 0.00 687 219 707 247 0.00 0.00 0.00 0.00 0.00 0.00 0.00
van 0.00 0 0.00 684 243 703 272 0.00 0.00 0.00 0.00 0.00 0.00 0.00
awning-tricycle 0.00 0 0.00 677 275 701 289 0.00 0.00 0.00 0.00 0.00 0.00 0.00
car 0.00 0 0.00 669 293 693 327 0.00 0.00 0.00 0.00 0.00 0.00 0.00
car 0.00 0 0.00 663 324 686 354 0.00 0.00 0.00 0.00 0.00 0.00 0.00
truck 0.00 0 0.00 633 435 655 462 0.00 0.00 0.00 0.00 0.00 0.00 0.00
truck 0.00 0 0.00 617 458 652 522 0.00 0.00 0.00 0.00 0.00 0.00 0.00
car 0.00 0 0.00 606 532 651 583 0.00 0.00 0.00 0.00 0.00 0.00 0.00
car 0.00 0 0.00 588 584 625 647 0.00 0.00 0.00 0.00 0.00 0.00 0.00
car 0.00 0 0.00 536 752 587 835 0.00 0.00 0.00 0.00 0.00 0.00 0.00
car 0.00 0 0.00 509 844 563 938 0.00 0.00 0.00 0.00 0.00 0.00 0.00
bicycle 0.00 0 0.00 469 899 504 918 0.00 0.00 0.00 0.00 0.00 0.00 0.00
motor 0.00 0 0.00 487 865 509 878 0.00 0.00 0.00 0.00 0.00 0.00 0.00
car 0.00 0 0.00 478 952 542 1050 0.00 0.00 0.00 0.00 0.00 0.00 0.00
car 0.00 0 0.00 842 952 884 1042 0.00 0.00 0.00 0.00 0.00 0.00 0.00
tricycle 0.00 0 0.00 954 1000 1001 1038 0.00 0.00 0.00 0.00 0.00 0.00 0.00
tricycle 0.00 0 0.00 954 1030 1003 1050 0.00 0.00 0.00 0.00 0.00 0.00 0.00
car 0.00 0 0.00 846 843 885 931 0.00 0.00 0.00 0.00 0.00 0.00 0.00
car 0.00 0 0.00 847 759 883 832 0.00 0.00 0.00 0.00 0.00 0.00 0.00
car 0.00 0 0.00 805 469 834 519 0.00 0.00 0.00 0.00 0.00 0.00 0.00
car 0.00 0 0.00 846 422 872 462 0.00 0.00 0.00 0.00 0.00 0.00 0.00
car 0.00 0 0.00 847 345 875 380 0.00 0.00 0.00 0.00 0.00 0.00 0.00
awning-tricycle 0.00 0 0.00 851 308 869 336 0.00 0.00 0.00 0.00 0.00 0.00 0.00
car 0.00 0 0.00 850 278 873 308 0.00 0.00 0.00 0.00 0.00 0.00 0.00
van 0.00 0 0.00 850 250 868 280 0.00 0.00 0.00 0.00 0.00 0.00 0.00
awning-tricycle 0.00 0 0.00 920 230 947 252 0.00 0.00 0.00 0.00 0.00 0.00 0.00
car 0.00 0 0.00 894 216 941 235 0.00 0.00 0.00 0.00 0.00 0.00 0.00
awning-tricycle 0.00 0 0.00 912 122 946 142 0.00 0.00 0.00 0.00 0.00 0.00 0.00
