truck 0.00 0 0.00 1597 791 1739 918 0.00 0.00 0.00 0.00 0.00 0.00 0.00
truck 0.00 0 0.00 1639 743 1789 870 0.00 0.00 0.00 0.00 0.00 0.00 0.00
truck 0.00 0 0.00 1667 695 1816 816 0.00 0.00 0.00 0.00 0.00 0.00 0.00
truck 0.00 0 0.00 1699 656 1850 762 0.00 0.00 0.00 0.00 0.00 0.00 0.00
truck 0.00 0 0.00 1748 622 1895 722 0.00 0.00 0.00 0.00 0.00 0.00 0.00
van 0.00 0 0.00 1521 410 1567 457 0.00 0.00 0.00 0.00 0.00 0.00 0.00
people 0.00 0 0.00 1696 227 1705 239 0.00 0.00 0.00 0.00 0.00 0.00 0.00
motor 0.00 0 0.00 1683 234 1709 244 0.00 0.00 0.00 0.00 0.00 0.00 0.00
pedestrian 0.00 0 0.00 1668 150 1683 168 0.00 0.00 0.00 0.00 0.00 0.00 0.00
car 0.00 0 0.00 1080 340 1134 379 0.00 0.00 0.00 0.00 0.00 0.00 0.00
car 0.00 0 0.00 1197 395 1254 443 0.00 0.00 0.00 0.00 0.00 0.00 0.00
car 0.00 0 0.00 1191 512 1243 566 0.00 0.00 0.00 0.00 0.00 0.00 0.00
car 0.00 0 0.00 1158 490 1208 547 0.00 0.00 0.00 0.00 0.00 0.00 0.00
car 0.00 0 0.00 1110 601 1174 660 0.00 0.00 0.00 0.00 0.00 0.00 0.00
car 0.00 0 0.00 1074 664 1140 720 0.00 0.00 0.00 0.00 0.00 0.00 0.00
car 0.00 0 0.00 696 548 727 607 0.00 0.00 0.00 0.00 0.00 0.00 0.00
van 0.00 0 0.00 392 478 451 532 0.00 0.00 0.00 0.00 0.00 0.00 0.00
car 0.00 0 0.00 310 422 381 463 0.00 0.00 0.00 0.00 0.00 0.00 0.00
car 0.00 0 0.00 846 917 917 984 0.00 0.00 0.00 0.00 0.00 0.00 0.00
car 0.00 0 0.00 754 1025 821 1077 0.00 0.00 0.00 0.00 0.00 0.00 0.00
car 0.00 0 0.00 476 206 530 251 0.00 0.00 0.00 0.00 0.00 0.00 0.00
pedestrian 0.00 0 0.00 268 274 281 292 0.00 0.00 0.00 0.00 0.00 0.00 0.00
motor 0.00 0 0.00 325 258 340 273 0.00 0.00 0.00 0.00 0.00 0.00 0.00
motor 0.00 0 0.00 336 251 351 264 0.00 0.00 0.00 0.00 0.00 0.00 0.00
car 0.00 0 0.00 228 173 272 221 0.00 0.00 0.00 0.00 0.00 0.00 0.00
car 0.00 0 0.00 77 53 116 95 0.00 0.00 0.00 0.00 0.00 0.00 0.00
car 0.00 0 0.00 0 0 54 35 0.00 0.00 0.00 0.00 0.00 0.00 0.00
car 0.00 0 0.00 1320 2 1369 36 0.00 0.00 0.00 0.00 0.00 0.00 0.00
car 0.00 0 0.00 0 820 30 863 0.00 0.00 0.00 0.00 0.00 0.00 0.00
