car 0.00 0 0.00 919 718 961 748 0.00 0.00 0.00 0.00 0.00 0.00 0.00
car 0.00 0 0.00 837 1004 890 1049 0.00 0.00 0.00 0.00 0.00 0.00 0.00
van 0.00 0 0.00 869 967 935 1047 0.00 0.00 0.00 0.00 0.00 0.00 0.00
car 0.00 0 0.00 641 982 679 1040 0.00 0.00 0.00 0.00 0.00 0.00 0.00
car 0.00 0 0.00 968 753 1005 783 0.00 0.00 0.00 0.00 0.00 0.00 0.00
car 0.00 0 0.00 986 771 1028 798 0.00 0.00 0.00 0.00 0.00 0.00 0.00
car 0.00 0 0.00 942 740 982 765 0.00 0.00 0.00 0.00 0.00 0.00 0.00
car 0.00 0 0.00 871 677 911 697 0.00 0.00 0.00 0.00 0.00 0.00 0.00
car 0.00 0 0.00 886 686 927 711 0.00 0.00 0.00 0.00 0.00 0.00 0.00
car 0.00 0 0.00 901 702 942 728 0.00 0.00 0.00 0.00 0.00 0.00 0.00
car 0.00 0 0.00 728 821 787 855 0.00 0.00 0.00 0.00 0.00 0.00 0.00
car 0.00 0 0.00 1001 791 1050 826 0.00 0.00 0.00 0.00 0.00 0.00 0.00
car 0.00 0 0.00 1024 816 1073 853 0.00 0.00 0.00 0.00 0.00 0.00 0.00
car 0.00 0 0.00 745 724 784 750 0.00 0.00 0.00 0.00 0.00 0.00 0.00
car 0.00 0 0.00 751 709 786 728 0.00 0.00 0.00 0.00 0.00 0.00 0.00
car 0.00 0 0.00 748 691 776 705 0.00 0.00 0.00 0.00 0.00 0.00 0.00
car 0.00 0 0.00 879 626 921 655 0.00 0.00 0.00 0.00 0.00 0.00 0.00
car 0.00 0 0.00 753 673 778 692 0.00 0.00 0.00 0.00 0.00 0.00 0.00
car 0.00 0 0.00 733 642 771 659 0.00 0.00 0.00 0.00 0.00 0.00 0.00
car 0.00 0 0.00 741 658 780 674 0.00 0.00 0.00 0.00 0.00 0.00 0.00
truck 0.00 0 0.00 875 582 919 615 0.00 0.00 0.00 0.00 0.00 0.00 0.00
car 0.00 0 0.00 509 514 527 533 0.00 0.00 0.00 0.00 0.00 0.00 0.00
car 0.00 0 0.00 604 227 609 233 0.00 0.00 0.00 0.00 0.00 0.00 0.00
truck 0.00 0 0.00 612 225 619 240 0.00 0.00 0.00 0.00 0.00 0.00 0.00
truck 0.00 0 0.00 608 215 615 229 0.00 0.00 0.00 0.00 0.00 0.00 0.00
pedestrian 0.00 0 0.00 552 327 555 333 0.00 0.00 0.00 0.00 0.00 0.00 0.00
pedestrian 0.00 0 0.00 524 413 529 426 0.00 0.00 0.00 0.00 0.00 0.00 0.00
motor 0.00 0 0.00 403 925 417 947 0.00 0.00 0.00 0.00 0.00 0.00 0.00
people 0.00 0 0.00 404 924 417 940 0.00 0.00 0.00 0.00 0.00 0.00 0.00
people 0.00 0 0.00 572 826 580 840 0.00 0.00 0.00 0.00 0.00 0.00 0.00
people 0.00 0 0.00 574 822 584 835 0.00 0.00 0.00 0.00 0.00 0.00 0.00
bus 0.00 0 0.00 625 196 632 204 0.00 0.00 0.00 0.00 0.00 0.00 0.00
car 0.00 0 0.00 805 1024 854 1050 0.00 0.00 0.00 0.00 0.00 0.00 0.00
truck 0.00 0 0.00 479 367 501 394 0.00 0.00 0.00 0.00 0.00 0.00 0.00
