truck 0.00 0 0.00 619 554 625 559 0.00 0.00 0.00 0.00 0.00 0.00 0.00
truck 0.00 0 0.00 604 583 616 600 0.00 0.00 0.00 0.00 0.00 0.00 0.00
truck 0.00 0 0.00 628 548 632 552 0.00 0.00 0.00 0.00 0.00 0.00 0.00
car 0.00 0 0.00 621 548 624 550 0.00 0.00 0.00 0.00 0.00 0.00 0.00
car 0.00 0 0.00 625 563 628 567 0.00 0.00 0.00 0.00 0.00 0.00 0.00
car 0.00 0 0.00 626 587 631 593 0.00 0.00 0.00 0.00 0.00 0.00 0.00
car 0.00 0 0.00 604 616 615 624 0.00 0.00 0.00 0.00 0.00 0.00 0.00
car 0.00 0 0.00 567 612 577 621 0.00 0.00 0.00 0.00 0.00 0.00 0.00
car 0.00 0 0.00 543 640 557 652 0.00 0.00 0.00 0.00 0.00 0.00 0.00
car 0.00 0 0.00 678 568 683 572 0.00 0.00 0.00 0.00 0.00 0.00 0.00
truck 0.00 0 0.00 489 694 540 763 0.00 0.00 0.00 0.00 0.00 0.00 0.00
car 0.00 0 0.00 469 723 495 747 0.00 0.00 0.00 0.00 0.00 0.00 0.00
car 0.00 0 0.00 428 755 464 784 0.00 0.00 0.00 0.00 0.00 0.00 0.00
car 0.00 0 0.00 464 783 499 817 0.00 0.00 0.00 0.00 0.00 0.00 0.00
car 0.00 0 0.00 405 819 453 867 0.00 0.00 0.00 0.00 0.00 0.00 0.00
car 0.00 0 0.00 374 795 420 836 0.00 0.00 0.00 0.00 0.00 0.00 0.00
car 0.00 0 0.00 354 779 399 811 0.00 0.00 0.00 0.00 0.00 0.00 0.00
people 0.00 0 0.00 348 809 361 833 0.00 0.00 0.00 0.00 0.00 0.00 0.00
motor 0.00 0 0.00 346 811 362 837 0.00 0.00 0.00 0.00 0.00 0.00 0.00
car 0.00 0 0.00 170 909 261 955 0.00 0.00 0.00 0.00 0.00 0.00 0.00
car 0.00 0 0.00 354 980 463 1037 0.00 0.00 0.00 0.00 0.00 0.00 0.00
car 0.00 0 0.00 153 986 265 1046 0.00 0.00 0.00 0.00 0.00 0.00 0.00
car 0.00 0 0.00 0 907 64 953 0.00 0.00 0.00 0.00 0.00 0.00 0.00
truck 0.00 0 0.00 0 854 58 905 0.00 0.00 0.00 0.00 0.00 0.00 0.00
