car 0.00 0 0.00 1234 621 1283 709 0.00 0.00 0.00 0.00 0.00 0.00 0.00
car 0.00 0 0.00 630 889 777 958 0.00 0.00 0.00 0.00 0.00 0.00 0.00
car 0.00 0 0.00 671 842 797 899 0.00 0.00 0.00 0.00 0.00 0.00 0.00
van 0.00 0 0.00 893 669 946 751 0.00 0.00 0.00 0.00 0.00 0.00 0.00
van 0.00 0 0.00 783 567 887 613 0.00 0.00 0.00 0.00 0.00 0.00 0.00
van 0.00 0 0.00 798 535 877 578 0.00 0.00 0.00 0.00 0.00 0.00 0.00
car 0.00 0 0.00 855 491 948 533 0.00 0.00 0.00 0.00 0.00 0.00 0.00
van 0.00 0 0.00 876 456 950 505 0.00 0.00 0.00 0.00 0.00 0.00 0.00
car 0.00 0 0.00 864 438 947 471 0.00 0.00 0.00 0.00 0.00 0.00 0.00
car 0.00 0 0.00 889 408 965 445 0.00 0.00 0.00 0.00 0.00 0.00 0.00
car 0.00 0 0.00 1021 331 1059 380 0.00 0.00 0.00 0.00 0.00 0.00 0.00
car 0.00 0 0.00 944 271 1004 304 0.00 0.00 0.00 0.00 0.00 0.00 0.00
van 0.00 0 0.00 959 245 1025 278 0.00 0.00 0.00 0.00 0.00 0.00 0.00
van 0.00 0 0.00 962 216 1015 248 0.00 0.00 0.00 0.00 0.00 0.00 0.00
van 0.00 0 0.00 989 182 1030 205 0.00 0.00 0.00 0.00 0.00 0.00 0.00
car 0.00 0 0.00 1002 166 1051 190 0.00 0.00 0.00 0.00 0.00 0.00 0.00
car 0.00 0 0.00 998 131 1019 152 0.00 0.00 0.00 0.00 0.00 0.00 0.00
van 0.00 0 0.00 997 94 1031 117 0.00 0.00 0.00 0.00 0.00 0.00 0.00
car 0.00 0 0.00 1320 104 1342 126 0.00 0.00 0.00 0.00 0.00 0.00 0.00
car 0.00 0 0.00 1338 47 1375 62 0.00 0.00 0.00 0.00 0.00 0.00 0.00
car 0.00 0 0.00 1393 56 1435 74 0.00 0.00 0.00 0.00 0.00 0.00 0.00
car 0.00 0 0.00 1351 43 1385 57 0.00 0.00 0.00 0.00 0.00 0.00 0.00
car 0.00 0 0.00 1135 34 1169 51 0.00 0.00 0.00 0.00 0.00 0.00 0.00
car 0.00 0 0.00 1492 50 1529 65 0.00 0.00 0.00 0.00 0.00 0.00 0.00
car 0.00 0 0.00 1529 65 1571 85 0.00 0.00 0.00 0.00 0.00 0.00 0.00
car 0.00 0 0.00 1562 55 1599 72 0.00 0.00 0.00 0.00 0.00 0.00 0.00
car 0.00 0 0.00 1225 0 1237 15 0.00 0.00 0.00 0.00 0.00 0.00 0.00
people 0.00 0 0.00 1691 557 1703 573 0.00 0.00 0.00 0.00 0.00 0.00 0.00
motor 0.00 0 0.00 1684 562 1702 591 0.00 0.00 0.00 0.00 0.00 0.00 0.00
motor 0.00 0 0.00 1088 311 1097 325 0.00 0.00 0.00 0.00 0.00 0.00 0.00
people 0.00 0 0.00 1090 301 1098 315 0.00 0.00 0.00 0.00 0.00 0.00 0.00
pedestrian 0.00 0 0.00 1047 247 1055 264 0.00 0.00 0.00 0.00 0.00 0.00 0.00
pedestrian 0.00 0 0.00 1060 238 1066 257 0.00 0.00 0.00 0.00 0.00 0.00 0.00
pedestrian 0.00 0 0.00 1051 232 1057 251 0.00 0.00 0.00 0.00 0.00 0.00 0.00
motor 0.00 0 0.00 939 175 957 188 0.00 0.00 0.00 0.00 0.00 0.00 0.00
motor 0.00 0 0.00 645 625 685 643 0.00 0.00 0.00 0.00 0.00 0.00 0.00
motor 0.00 0 0.00 693 556 727 575 0.00 0.00 0.00 0.00 0.00 0.00 0.00
motor 0.00 0 0.00 744 474 769 497 0.00 0.00 0.00 0.00 0.00 0.00 0.00
motor 0.00 0 0.00 786 408 810 426 0.00 0.00 0.00 0.00 0.00 0.00 0.00
people 0.00 0 0.00 1775 686 1791 703 0.00 0.00 0.00 0.00 0.00 0.00 0.00
motor 0.00 0 0.00 1765 688 1789 726 0.00 0.00 0.00 0.00 0.00 0.00 0.00
people 0.00 0 0.00 611 758 632 789 0.00 0.00 0.00 0.00 0.00 0.00 0.00
motor 0.00 0 0.00 604 787 637 812 0.00 0.00 0.00 0.00 0.00 0.00 0.00
