car 0.00 0 0.00 246 909 313 1013 0.00 0.00 0.00 0.00 0.00 0.00 0.00
car 0.00 0 0.00 323 751 379 846 0.00 0.00 0.00 0.00 0.00 0.00 0.00
bicycle 0.00 0 0.00 206 716 228 745 0.00 0.00 0.00 0.00 0.00 0.00 0.00
people 0.00 0 0.00 204 722 223 739 0.00 0.00 0.00 0.00 0.00 0.00 0.00
truck 0.00 0 0.00 511 578 585 694 0.00 0.00 0.00 0.00 0.00 0.00 0.00
van 0.00 0 0.00 444 368 491 439 0.00 0.00 0.00 0.00 0.00 0.00 0.00
car 0.00 0 0.00 652 401 736 446 0.00 0.00 0.00 0.00 0.00 0.00 0.00
pedestrian 0.00 0 0.00 42 389 68 411 0.00 0.00 0.00 0.00 0.00 0.00 0.00
car 0.00 0 0.00 153 96 220 148 0.00 0.00 0.00 0.00 0.00 0.00 0.00
car 0.00 0 0.00 137 77 204 124 0.00 0.00 0.00 0.00 0.00 0.00 0.00
car 0.00 0 0.00 127 0 194 34 0.00 0.00 0.00 0.00 0.00 0.00 0.00
car 0.00 0 0.00 364 108 410 180 0.00 0.00 0.00 0.00 0.00 0.00 0.00
van 0.00 0 0.00 436 103 477 162 0.00 0.00 0.00 0.00 0.00 0.00 0.00
motor 0.00 0 0.00 308 52 324 82 0.00 0.00 0.00 0.00 0.00 0.00 0.00
people 0.00 0 0.00 308 53 320 71 0.00 0.00 0.00 0.00 0.00 0.00 0.00
car 0.00 0 0.00 1081 1012 1167 1050 0.00 0.00 0.00 0.00 0.00 0.00 0.00
motor 0.00 0 0.00 978 816 1032 836 0.00 0.00 0.00 0.00 0.00 0.00 0.00
truck 0.00 0 0.00 892 711 1019 804 0.00 0.00 0.00 0.00 0.00 0.00 0.00
van 0.00 0 0.00 878 664 960 718 0.00 0.00 0.00 0.00 0.00 0.00 0.00
car 0.00 0 0.00 859 624 951 685 0.00 0.00 0.00 0.00 0.00 0.00 0.00
car 0.00 0 0.00 839 581 930 645 0.00 0.00 0.00 0.00 0.00 0.00 0.00
car 0.00 0 0.00 819 543 906 600 0.00 0.00 0.00 0.00 0.00 0.00 0.00
car 0.00 0 0.00 794 498 881 553 0.00 0.00 0.00 0.00 0.00 0.00 0.00
car 0.00 0 0.00 777 456 864 514 0.00 0.00 0.00 0.00 0.00 0.00 0.00
car 0.00 0 0.00 762 418 844 475 0.00 0.00 0.00 0.00 0.00 0.00 0.00
car 0.00 0 0.00 717 350 797 396 0.00 0.00 0.00 0.00 0.00 0.00 0.00
van 0.00 0 0.00 698 309 776 355 0.00 0.00 0.00 0.00 0.00 0.00 0.00
car 0.00 0 0.00 864 268 941 326 0.00 0.00 0.00 0.00 0.00 0.00 0.00
motor 0.00 0 0.00 932 327 964 349 0.00 0.00 0.00 0.00 0.00 0.00 0.00
motor 0.00 0 0.00 941 340 972 361 0.00 0.00 0.00 0.00 0.00 0.00 0.00
car 0.00 0 0.00 646 167 720 216 0.00 0.00 0.00 0.00 0.00 0.00 0.00
awning-tricycle 0.00 0 0.00 743 88 772 142 0.00 0.00 0.00 0.00 0.00 0.00 0.00
motor 0.00 0 0.00 769 81 793 104 0.00 0.00 0.00 0.00 0.00 0.00 0.00
tricycle 0.00 0 0.00 747 37 771 76 0.00 0.00 0.00 0.00 0.00 0.00 0.00
car 0.00 0 0.00 606 81 678 128 0.00 0.00 0.00 0.00 0.00 0.00 0.00
car 0.00 0 0.00 592 56 666 99 0.00 0.00 0.00 0.00 0.00 0.00 0.00
car 0.00 0 0.00 584 31 650 70 0.00 0.00 0.00 0.00 0.00 0.00 0.00
car 0.00 0 0.00 571 5 639 41 0.00 0.00 0.00 0.00 0.00 0.00 0.00
car 0.00 0 0.00 1030 559 1110 612 0.00 0.00 0.00 0.00 0.00 0.00 0.00
