people 0.00 0 0.00 116 627 153 686 0.00 0.00 0.00 0.00 0.00 0.00 0.00
pedestrian 0.00 0 0.00 444 540 461 572 0.00 0.00 0.00 0.00 0.00 0.00 0.00
pedestrian 0.00 0 0.00 454 517 481 564 0.00 0.00 0.00 0.00 0.00 0.00 0.00
people 0.00 0 0.00 743 724 776 771 0.00 0.00 0.00 0.00 0.00 0.00 0.00
tricycle 0.00 0 0.00 694 734 774 823 0.00 0.00 0.00 0.00 0.00 0.00 0.00
car 0.00 0 0.00 1003 336 1092 379 0.00 0.00 0.00 0.00 0.00 0.00 0.00
people 0.00 0 0.00 1059 404 1073 434 0.00 0.00 0.00 0.00 0.00 0.00 0.00
motor 0.00 0 0.00 1050 415 1086 439 0.00 0.00 0.00 0.00 0.00 0.00 0.00
people 0.00 0 0.00 16 385 42 424 0.00 0.00 0.00 0.00 0.00 0.00 0.00
car 0.00 0 0.00 1 174 44 217 0.00 0.00 0.00 0.00 0.00 0.00 0.00
people 0.00 0 0.00 441 367 460 392 0.00 0.00 0.00 0.00 0.00 0.00 0.00
bicycle 0.00 0 0.00 1010 316 1045 330 0.00 0.00 0.00 0.00 0.00 0.00 0.00
people 0.00 0 0.00 1021 306 1033 323 0.00 0.00 0.00 0.00 0.00 0.00 0.00
people 0.00 0 0.00 1179 415 1201 451 0.00 0.00 0.00 0.00 0.00 0.00 0.00
bicycle 0.00 0 0.00 1167 427 1209 453 0.00 0.00 0.00 0.00 0.00 0.00 0.00
pedestrian 0.00 0 0.00 1109 308 1120 336 0.00 0.00 0.00 0.00 0.00 0.00 0.00
