van 0.00 0 0.00 0 749 93 834 0.00 0.00 0.00 0.00 0.00 0.00 0.00
motor 0.00 0 0.00 98 787 136 840 0.00 0.00 0.00 0.00 0.00 0.00 0.00
motor 0.00 0 0.00 132 802 164 856 0.00 0.00 0.00 0.00 0.00 0.00 0.00
motor 0.00 0 0.00 150 820 195 875 0.00 0.00 0.00 0.00 0.00 0.00 0.00
car 0.00 0 0.00 196 849 309 941 0.00 0.00 0.00 0.00 0.00 0.00 0.00
car 0.00 0 0.00 351 844 461 943 0.00 0.00 0.00 0.00 0.00 0.00 0.00
car 0.00 0 0.00 378 783 487 866 0.00 0.00 0.00 0.00 0.00 0.00 0.00
car 0.00 0 0.00 410 727 516 806 0.00 0.00 0.00 0.00 0.00 0.00 0.00
motor 0.00 0 0.00 563 720 596 766 0.00 0.00 0.00 0.00 0.00 0.00 0.00
car 0.00 0 0.00 584 712 664 828 0.00 0.00 0.00 0.00 0.00 0.00 0.00
motor 0.00 0 0.00 542 630 560 670 0.00 0.00 0.00 0.00 0.00 0.00 0.00
car 0.00 0 0.00 527 571 625 640 0.00 0.00 0.00 0.00 0.00 0.00 0.00
tricycle 0.00 0 0.00 631 548 659 614 0.00 0.00 0.00 0.00 0.00 0.00 0.00
truck 0.00 0 0.00 527 514 632 587 0.00 0.00 0.00 0.00 0.00 0.00 0.00
car 0.00 0 0.00 579 463 674 524 0.00 0.00 0.00 0.00 0.00 0.00 0.00
motor 0.00 0 0.00 650 404 689 428 0.00 0.00 0.00 0.00 0.00 0.00 0.00
truck 0.00 0 0.00 706 245 771 300 0.00 0.00 0.00 0.00 0.00 0.00 0.00
tricycle 0.00 0 0.00 722 221 784 265 0.00 0.00 0.00 0.00 0.00 0.00 0.00
motor 0.00 0 0.00 808 154 840 178 0.00 0.00 0.00 0.00 0.00 0.00 0.00
motor 0.00 0 0.00 772 154 808 173 0.00 0.00 0.00 0.00 0.00 0.00 0.00
motor 0.00 0 0.00 774 139 806 159 0.00 0.00 0.00 0.00 0.00 0.00 0.00
motor 0.00 0 0.00 782 125 811 148 0.00 0.00 0.00 0.00 0.00 0.00 0.00
motor 0.00 0 0.00 790 115 817 139 0.00 0.00 0.00 0.00 0.00 0.00 0.00
car 0.00 0 0.00 834 106 888 165 0.00 0.00 0.00 0.00 0.00 0.00 0.00
car 0.00 0 0.00 779 73 857 120 0.00 0.00 0.00 0.00 0.00 0.00 0.00
car 0.00 0 0.00 801 44 875 92 0.00 0.00 0.00 0.00 0.00 0.00 0.00
car 0.00 0 0.00 814 18 885 63 0.00 0.00 0.00 0.00 0.00 0.00 0.00
truck 0.00 0 0.00 826 0 911 46 0.00 0.00 0.00 0.00 0.00 0.00 0.00
car 0.00 0 0.00 0 613 50 688 0.00 0.00 0.00 0.00 0.00 0.00 0.00
car 0.00 0 0.00 637 959 759 1023 0.00 0.00 0.00 0.00 0.00 0.00 0.00
car 0.00 0 0.00 653 881 771 943 0.00 0.00 0.00 0.00 0.00 0.00 0.00
car 0.00 0 0.00 684 804 789 865 0.00 0.00 0.00 0.00 0.00 0.00 0.00
car 0.00 0 0.00 713 744 814 799 0.00 0.00 0.00 0.00 0.00 0.00 0.00
car 0.00 0 0.00 734 682 841 737 0.00 0.00 0.00 0.00 0.00 0.00 0.00
car 0.00 0 0.00 739 616 848 665 0.00 0.00 0.00 0.00 0.00 0.00 0.00
car 0.00 0 0.00 768 569 863 617 0.00 0.00 0.00 0.00 0.00 0.00 0.00
car 0.00 0 0.00 811 524 905 589 0.00 0.00 0.00 0.00 0.00 0.00 0.00
car 0.00 0 0.00 832 485 930 543 0.00 0.00 0.00 0.00 0.00 0.00 0.00
car 0.00 0 0.00 854 426 951 491 0.00 0.00 0.00 0.00 0.00 0.00 0.00
car 0.00 0 0.00 891 391 977 449 0.00 0.00 0.00 0.00 0.00 0.00 0.00
car 0.00 0 0.00 744 400 808 495 0.00 0.00 0.00 0.00 0.00 0.00 0.00
truck 0.00 0 0.00 921 246 1016 303 0.00 0.00 0.00 0.00 0.00 0.00 0.00
van 0.00 0 0.00 926 199 1011 249 0.00 0.00 0.00 0.00 0.00 0.00 0.00
truck 0.00 0 0.00 945 169 1037 224 0.00 0.00 0.00 0.00 0.00 0.00 0.00
truck 0.00 0 0.00 953 129 1051 189 0.00 0.00 0.00 0.00 0.00 0.00 0.00
tricycle 0.00 0 0.00 941 108 990 143 0.00 0.00 0.00 0.00 0.00 0.00 0.00
tricycle 0.00 0 0.00 981 86 1039 125 0.00 0.00 0.00 0.00 0.00 0.00 0.00
motor 0.00 0 0.00 949 89 979 106 0.00 0.00 0.00 0.00 0.00 0.00 0.00
motor 0.00 0 0.00 949 77 977 94 0.00 0.00 0.00 0.00 0.00 0.00 0.00
van 0.00 0 0.00 988 40 1053 94 0.00 0.00 0.00 0.00 0.00 0.00 0.00
car 0.00 0 0.00 1002 19 1057 61 0.00 0.00 0.00 0.00 0.00 0.00 0.00
car 0.00 0 0.00 1007 0 1064 33 0.00 0.00 0.00 0.00 0.00 0.00 0.00
