car 0.00 0 0.00 976 125 994 131 0.00 0.00 0.00 0.00 0.00 0.00 0.00
car 0.00 0 0.00 1013 141 1020 149 0.00 0.00 0.00 0.00 0.00 0.00 0.00
car 0.00 0 0.00 985 160 998 171 0.00 0.00 0.00 0.00 0.00 0.00 0.00
car 0.00 0 0.00 1018 149 1028 155 0.00 0.00 0.00 0.00 0.00 0.00 0.00
car 0.00 0 0.00 1021 154 1045 159 0.00 0.00 0.00 0.00 0.00 0.00 0.00
car 0.00 0 0.00 1022 158 1040 166 0.00 0.00 0.00 0.00 0.00 0.00 0.00
car 0.00 0 0.00 1023 163 1046 173 0.00 0.00 0.00 0.00 0.00 0.00 0.00
car 0.00 0 0.00 1029 168 1044 176 0.00 0.00 0.00 0.00 0.00 0.00 0.00
car 0.00 0 0.00 1025 172 1039 182 0.00 0.00 0.00 0.00 0.00 0.00 0.00
car 0.00 0 0.00 953 178 964 186 0.00 0.00 0.00 0.00 0.00 0.00 0.00
car 0.00 0 0.00 951 181 963 193 0.00 0.00 0.00 0.00 0.00 0.00 0.00
car 0.00 0 0.00 947 191 959 202 0.00 0.00 0.00 0.00 0.00 0.00 0.00
van 0.00 0 0.00 925 194 947 206 0.00 0.00 0.00 0.00 0.00 0.00 0.00
car 0.00 0 0.00 824 185 853 197 0.00 0.00 0.00 0.00 0.00 0.00 0.00
car 0.00 0 0.00 821 190 852 199 0.00 0.00 0.00 0.00 0.00 0.00 0.00
car 0.00 0 0.00 821 194 849 207 0.00 0.00 0.00 0.00 0.00 0.00 0.00
car 0.00 0 0.00 1022 216 1056 228 0.00 0.00 0.00 0.00 0.00 0.00 0.00
truck 0.00 0 0.00 1017 227 1061 256 0.00 0.00 0.00 0.00 0.00 0.00 0.00
car 0.00 0 0.00 1024 253 1042 267 0.00 0.00 0.00 0.00 0.00 0.00 0.00
car 0.00 0 0.00 1023 268 1040 280 0.00 0.00 0.00 0.00 0.00 0.00 0.00
van 0.00 0 0.00 1025 271 1046 295 0.00 0.00 0.00 0.00 0.00 0.00 0.00
car 0.00 0 0.00 940 210 954 218 0.00 0.00 0.00 0.00 0.00 0.00 0.00
car 0.00 0 0.00 939 216 953 224 0.00 0.00 0.00 0.00 0.00 0.00 0.00
car 0.00 0 0.00 940 221 952 231 0.00 0.00 0.00 0.00 0.00 0.00 0.00
car 0.00 0 0.00 939 228 952 241 0.00 0.00 0.00 0.00 0.00 0.00 0.00
car 0.00 0 0.00 927 264 945 279 0.00 0.00 0.00 0.00 0.00 0.00 0.00
car 0.00 0 0.00 929 275 948 293 0.00 0.00 0.00 0.00 0.00 0.00 0.00
car 0.00 0 0.00 927 286 946 305 0.00 0.00 0.00 0.00 0.00 0.00 0.00
people 0.00 0 0.00 1001 217 1007 227 0.00 0.00 0.00 0.00 0.00 0.00 0.00
motor 0.00 0 0.00 1001 224 1007 233 0.00 0.00 0.00 0.00 0.00 0.00 0.00
pedestrian 0.00 0 0.00 982 251 989 269 0.00 0.00 0.00 0.00 0.00 0.00 0.00
car 0.00 0 0.00 861 295 917 316 0.00 0.00 0.00 0.00 0.00 0.00 0.00
car 0.00 0 0.00 1026 301 1064 317 0.00 0.00 0.00 0.00 0.00 0.00 0.00
car 0.00 0 0.00 1031 305 1069 324 0.00 0.00 0.00 0.00 0.00 0.00 0.00
van 0.00 0 0.00 1038 307 1077 328 0.00 0.00 0.00 0.00 0.00 0.00 0.00
van 0.00 0 0.00 1043 310 1082 330 0.00 0.00 0.00 0.00 0.00 0.00 0.00
car 0.00 0 0.00 1035 330 1076 344 0.00 0.00 0.00 0.00 0.00 0.00 0.00
car 0.00 0 0.00 1035 334 1089 354 0.00 0.00 0.00 0.00 0.00 0.00 0.00
car 0.00 0 0.00 1040 353 1091 376 0.00 0.00 0.00 0.00 0.00 0.00 0.00
car 0.00 0 0.00 1040 386 1101 410 0.00 0.00 0.00 0.00 0.00 0.00 0.00
car 0.00 0 0.00 1012 391 1053 420 0.00 0.00 0.00 0.00 0.00 0.00 0.00
bicycle 0.00 0 0.00 1066 462 1077 480 0.00 0.00 0.00 0.00 0.00 0.00 0.00
car 0.00 0 0.00 1021 482 1064 526 0.00 0.00 0.00 0.00 0.00 0.00 0.00
pedestrian 0.00 0 0.00 932 363 943 386 0.00 0.00 0.00 0.00 0.00 0.00 0.00
people 0.00 0 0.00 949 371 960 391 0.00 0.00 0.00 0.00 0.00 0.00 0.00
bicycle 0.00 0 0.00 952 383 959 399 0.00 0.00 0.00 0.00 0.00 0.00 0.00
car 0.00 0 0.00 903 371 931 403 0.00 0.00 0.00 0.00 0.00 0.00 0.00
car 0.00 0 0.00 893 402 925 430 0.00 0.00 0.00 0.00 0.00 0.00 0.00
van 0.00 0 0.00 887 423 922 468 0.00 0.00 0.00 0.00 0.00 0.00 0.00
car 0.00 0 0.00 820 412 877 438 0.00 0.00 0.00 0.00 0.00 0.00 0.00
car 0.00 0 0.00 794 427 866 449 0.00 0.00 0.00 0.00 0.00 0.00 0.00
car 0.00 0 0.00 788 437 871 471 0.00 0.00 0.00 0.00 0.00 0.00 0.00
car 0.00 0 0.00 788 464 864 495 0.00 0.00 0.00 0.00 0.00 0.00 0.00
van 0.00 0 0.00 851 492 888 543 0.00 0.00 0.00 0.00 0.00 0.00 0.00
bus 0.00 0 0.00 764 470 833 573 0.00 0.00 0.00 0.00 0.00 0.00 0.00
truck 0.00 0 0.00 1387 456 1504 506 0.00 0.00 0.00 0.00 0.00 0.00 0.00
car 0.00 0 0.00 1424 511 1489 543 0.00 0.00 0.00 0.00 0.00 0.00 0.00
car 0.00 0 0.00 997 586 1102 629 0.00 0.00 0.00 0.00 0.00 0.00 0.00
car 0.00 0 0.00 1007 613 1113 667 0.00 0.00 0.00 0.00 0.00 0.00 0.00
car 0.00 0 0.00 1075 641 1182 686 0.00 0.00 0.00 0.00 0.00 0.00 0.00
van 0.00 0 0.00 1022 668 1123 726 0.00 0.00 0.00 0.00 0.00 0.00 0.00
van 0.00 0 0.00 1038 699 1138 759 0.00 0.00 0.00 0.00 0.00 0.00 0.00
car 0.00 0 0.00 1023 741 1153 806 0.00 0.00 0.00 0.00 0.00 0.00 0.00
car 0.00 0 0.00 1008 792 1143 858 0.00 0.00 0.00 0.00 0.00 0.00 0.00
car 0.00 0 0.00 1034 851 1172 921 0.00 0.00 0.00 0.00 0.00 0.00 0.00
car 0.00 0 0.00 923 838 993 937 0.00 0.00 0.00 0.00 0.00 0.00 0.00
van 0.00 0 0.00 1034 904 1188 983 0.00 0.00 0.00 0.00 0.00 0.00 0.00
car 0.00 0 0.00 1029 975 1202 1047 0.00 0.00 0.00 0.00 0.00 0.00 0.00
car 0.00 0 0.00 1027 1041 1221 1155 0.00 0.00 0.00 0.00 0.00 0.00 0.00
truck 0.00 0 0.00 1021 1124 1231 1255 0.00 0.00 0.00 0.00 0.00 0.00 0.00
car 0.00 0 0.00 1042 1274 1232 1430 0.00 0.00 0.00 0.00 0.00 0.00 0.00
truck 0.00 0 0.00 1043 1390 1420 1500 0.00 0.00 0.00 0.00 0.00 0.00 0.00
van 0.00 0 0.00 377 1444 700 1498 0.00 0.00 0.00 0.00 0.00 0.00 0.00
van 0.00 0 0.00 405 1265 626 1396 0.00 0.00 0.00 0.00 0.00 0.00 0.00
van 0.00 0 0.00 340 1131 525 1240 0.00 0.00 0.00 0.00 0.00 0.00 0.00
car 0.00 0 0.00 406 1033 605 1132 0.00 0.00 0.00 0.00 0.00 0.00 0.00
car 0.00 0 0.00 488 972 674 1062 0.00 0.00 0.00 0.00 0.00 0.00 0.00
van 0.00 0 0.00 678 645 783 701 0.00 0.00 0.00 0.00 0.00 0.00 0.00
van 0.00 0 0.00 608 711 729 781 0.00 0.00 0.00 0.00 0.00 0.00 0.00
car 0.00 0 0.00 659 690 787 743 0.00 0.00 0.00 0.00 0.00 0.00 0.00
car 0.00 0 0.00 528 752 677 814 0.00 0.00 0.00 0.00 0.00 0.00 0.00
truck 0.00 0 0.00 496 833 730 962 0.00 0.00 0.00 0.00 0.00 0.00 0.00
tricycle 0.00 0 0.00 468 750 527 781 0.00 0.00 0.00 0.00 0.00 0.00 0.00
people 0.00 0 0.00 805 677 824 701 0.00 0.00 0.00 0.00 0.00 0.00 0.00
motor 0.00 0 0.00 800 695 822 729 0.00 0.00 0.00 0.00 0.00 0.00 0.00
car 0.00 0 0.00 1603 945 1757 1034 0.00 0.00 0.00 0.00 0.00 0.00 0.00
van 0.00 0 0.00 1677 992 1841 1127 0.00 0.00 0.00 0.00 0.00 0.00 0.00
car 0.00 0 0.00 1773 1110 1905 1200 0.00 0.00 0.00 0.00 0.00 0.00 0.00
truck 0.00 0 0.00 1716 1183 2000 1386 0.00 0.00 0.00 0.00 0.00 0.00 0.00
