car 0.00 0 0.00 1078 282 1307 420 0.00 0.00 0.00 0.00 0.00 0.00 0.00
van 0.00 0 0.00 392 366 626 493 0.00 0.00 0.00 0.00 0.00 0.00 0.00
van 0.00 0 0.00 562 14 739 108 0.00 0.00 0.00 0.00 0.00 0.00 0.00
van 0.00 0 0.00 289 551 562 704 0.00 0.00 0.00 0.00 0.00 0.00 0.00
car 0.00 0 0.00 197 696 555 869 0.00 0.00 0.00 0.00 0.00 0.00 0.00
car 0.00 0 0.00 1170 1030 1554 1235 0.00 0.00 0.00 0.00 0.00 0.00 0.00
van 0.00 0 0.00 1167 701 1447 851 0.00 0.00 0.00 0.00 0.00 0.00 0.00
car 0.00 0 0.00 0 1106 463 1345 0.00 0.00 0.00 0.00 0.00 0.00 0.00
bicycle 0.00 0 0.00 287 380 331 462 0.00 0.00 0.00 0.00 0.00 0.00 0.00
bicycle 0.00 0 0.00 407 75 476 133 0.00 0.00 0.00 0.00 0.00 0.00 0.00
bicycle 0.00 0 0.00 360 156 436 188 0.00 0.00 0.00 0.00 0.00 0.00 0.00
bicycle 0.00 0 0.00 360 138 437 177 0.00 0.00 0.00 0.00 0.00 0.00 0.00
bicycle 0.00 0 0.00 360 127 451 175 0.00 0.00 0.00 0.00 0.00 0.00 0.00
