car 0.00 0 0.00 1349 632 1396 668 0.00 0.00 0.00 0.00 0.00 0.00 0.00
car 0.00 0 0.00 1032 264 1041 273 0.00 0.00 0.00 0.00 0.00 0.00 0.00
truck 0.00 0 0.00 1047 271 1075 281 0.00 0.00 0.00 0.00 0.00 0.00 0.00
truck 0.00 0 0.00 1011 249 1031 259 0.00 0.00 0.00 0.00 0.00 0.00 0.00
truck 0.00 0 0.00 840 303 869 329 0.00 0.00 0.00 0.00 0.00 0.00 0.00
truck 0.00 0 0.00 894 278 928 304 0.00 0.00 0.00 0.00 0.00 0.00 0.00
truck 0.00 0 0.00 830 332 846 353 0.00 0.00 0.00 0.00 0.00 0.00 0.00
car 0.00 0 0.00 783 265 790 273 0.00 0.00 0.00 0.00 0.00 0.00 0.00
car 0.00 0 0.00 830 381 842 394 0.00 0.00 0.00 0.00 0.00 0.00 0.00
truck 0.00 0 0.00 810 479 827 510 0.00 0.00 0.00 0.00 0.00 0.00 0.00
bus 0.00 0 0.00 814 544 840 610 0.00 0.00 0.00 0.00 0.00 0.00 0.00
motor 0.00 0 0.00 862 674 871 695 0.00 0.00 0.00 0.00 0.00 0.00 0.00
people 0.00 0 0.00 863 673 871 688 0.00 0.00 0.00 0.00 0.00 0.00 0.00
car 0.00 0 0.00 552 377 586 392 0.00 0.00 0.00 0.00 0.00 0.00 0.00
truck 0.00 0 0.00 519 409 568 438 0.00 0.00 0.00 0.00 0.00 0.00 0.00
car 0.00 0 0.00 441 516 482 536 0.00 0.00 0.00 0.00 0.00 0.00 0.00
car 0.00 0 0.00 426 537 468 558 0.00 0.00 0.00 0.00 0.00 0.00 0.00
car 0.00 0 0.00 409 558 452 578 0.00 0.00 0.00 0.00 0.00 0.00 0.00
car 0.00 0 0.00 392 580 435 602 0.00 0.00 0.00 0.00 0.00 0.00 0.00
car 0.00 0 0.00 284 678 344 706 0.00 0.00 0.00 0.00 0.00 0.00 0.00
car 0.00 0 0.00 138 721 192 775 0.00 0.00 0.00 0.00 0.00 0.00 0.00
car 0.00 0 0.00 171 688 219 725 0.00 0.00 0.00 0.00 0.00 0.00 0.00
car 0.00 0 0.00 248 626 292 661 0.00 0.00 0.00 0.00 0.00 0.00 0.00
car 0.00 0 0.00 248 728 297 766 0.00 0.00 0.00 0.00 0.00 0.00 0.00
car 0.00 0 0.00 208 769 263 804 0.00 0.00 0.00 0.00 0.00 0.00 0.00
car 0.00 0 0.00 70 892 165 942 0.00 0.00 0.00 0.00 0.00 0.00 0.00
car 0.00 0 0.00 0 1000 81 1048 0.00 0.00 0.00 0.00 0.00 0.00 0.00
truck 0.00 0 0.00 1355 698 1392 735 0.00 0.00 0.00 0.00 0.00 0.00 0.00
