car 0.00 0 0.00 572 685 679 802 0.00 0.00 0.00 0.00 0.00 0.00 0.00
car 0.00 0 0.00 484 580 576 675 0.00 0.00 0.00 0.00 0.00 0.00 0.00
car 0.00 0 0.00 399 485 486 574 0.00 0.00 0.00 0.00 0.00 0.00 0.00
car 0.00 0 0.00 341 419 412 494 0.00 0.00 0.00 0.00 0.00 0.00 0.00
car 0.00 0 0.00 287 350 347 405 0.00 0.00 0.00 0.00 0.00 0.00 0.00
car 0.00 0 0.00 224 279 274 330 0.00 0.00 0.00 0.00 0.00 0.00 0.00
car 0.00 0 0.00 84 100 112 132 0.00 0.00 0.00 0.00 0.00 0.00 0.00
car 0.00 0 0.00 82 15 106 35 0.00 0.00 0.00 0.00 0.00 0.00 0.00
car 0.00 0 0.00 51 59 81 92 0.00 0.00 0.00 0.00 0.00 0.00 0.00
motor 0.00 0 0.00 199 38 210 51 0.00 0.00 0.00 0.00 0.00 0.00 0.00
people 0.00 0 0.00 203 38 207 45 0.00 0.00 0.00 0.00 0.00 0.00 0.00
car 0.00 0 0.00 99 187 137 226 0.00 0.00 0.00 0.00 0.00 0.00 0.00
car 0.00 0 0.00 189 331 248 380 0.00 0.00 0.00 0.00 0.00 0.00 0.00
pedestrian 0.00 0 0.00 91 903 117 950 0.00 0.00 0.00 0.00 0.00 0.00 0.00
motor 0.00 0 0.00 373 863 401 904 0.00 0.00 0.00 0.00 0.00 0.00 0.00
people 0.00 0 0.00 372 840 392 871 0.00 0.00 0.00 0.00 0.00 0.00 0.00
car 0.00 0 0.00 543 78 575 99 0.00 0.00 0.00 0.00 0.00 0.00 0.00
car 0.00 0 0.00 526 106 563 129 0.00 0.00 0.00 0.00 0.00 0.00 0.00
car 0.00 0 0.00 517 63 544 83 0.00 0.00 0.00 0.00 0.00 0.00 0.00
