pedestrian 0.00 0 0.00 1826 646 1860 671 0.00 0.00 0.00 0.00 0.00 0.00 0.00
tricycle 0.00 0 0.00 1769 531 1859 564 0.00 0.00 0.00 0.00 0.00 0.00 0.00
car 0.00 0 0.00 1168 632 1293 690 0.00 0.00 0.00 0.00 0.00 0.00 0.00
car 0.00 0 0.00 996 629 1122 688 0.00 0.00 0.00 0.00 0.00 0.00 0.00
car 0.00 0 0.00 752 627 878 682 0.00 0.00 0.00 0.00 0.00 0.00 0.00
car 0.00 0 0.00 606 627 735 685 0.00 0.00 0.00 0.00 0.00 0.00 0.00
motor 0.00 0 0.00 389 657 428 676 0.00 0.00 0.00 0.00 0.00 0.00 0.00
motor 0.00 0 0.00 365 675 414 687 0.00 0.00 0.00 0.00 0.00 0.00 0.00
motor 0.00 0 0.00 423 674 447 726 0.00 0.00 0.00 0.00 0.00 0.00 0.00
bicycle 0.00 0 0.00 418 726 445 772 0.00 0.00 0.00 0.00 0.00 0.00 0.00
awning-tricycle 0.00 0 0.00 464 617 549 655 0.00 0.00 0.00 0.00 0.00 0.00 0.00
car 0.00 0 0.00 1521 636 1642 689 0.00 0.00 0.00 0.00 0.00 0.00 0.00
car 0.00 0 0.00 0 799 74 934 0.00 0.00 0.00 0.00 0.00 0.00 0.00
