car 0.00 0 0.00 590 1159 748 1249 0.00 0.00 0.00 0.00 0.00 0.00 0.00
car 0.00 0 0.00 775 1088 905 1159 0.00 0.00 0.00 0.00 0.00 0.00 0.00
car 0.00 0 0.00 1171 1188 1325 1278 0.00 0.00 0.00 0.00 0.00 0.00 0.00
car 0.00 0 0.00 1359 1119 1488 1197 0.00 0.00 0.00 0.00 0.00 0.00 0.00
car 0.00 0 0.00 1488 1082 1611 1140 0.00 0.00 0.00 0.00 0.00 0.00 0.00
car 0.00 0 0.00 1607 1024 1725 1094 0.00 0.00 0.00 0.00 0.00 0.00 0.00
car 0.00 0 0.00 1796 772 1873 809 0.00 0.00 0.00 0.00 0.00 0.00 0.00
truck 0.00 0 0.00 1736 826 1852 882 0.00 0.00 0.00 0.00 0.00 0.00 0.00
truck 0.00 0 0.00 1657 786 1763 853 0.00 0.00 0.00 0.00 0.00 0.00 0.00
van 0.00 0 0.00 325 928 398 986 0.00 0.00 0.00 0.00 0.00 0.00 0.00
car 0.00 0 0.00 17 578 46 601 0.00 0.00 0.00 0.00 0.00 0.00 0.00
car 0.00 0 0.00 73 576 92 594 0.00 0.00 0.00 0.00 0.00 0.00 0.00
car 0.00 0 0.00 144 528 148 542 0.00 0.00 0.00 0.00 0.00 0.00 0.00
car 0.00 0 0.00 157 534 175 547 0.00 0.00 0.00 0.00 0.00 0.00 0.00
pedestrian 0.00 0 0.00 1173 703 1182 728 0.00 0.00 0.00 0.00 0.00 0.00 0.00
people 0.00 0 0.00 1259 711 1263 732 0.00 0.00 0.00 0.00 0.00 0.00 0.00
car 0.00 0 0.00 294 760 336 800 0.00 0.00 0.00 0.00 0.00 0.00 0.00
