truck 0.00 0 0.00 619 220 642 257 0.00 0.00 0.00 0.00 0.00 0.00 0.00
car 0.00 0 0.00 625 253 646 274 0.00 0.00 0.00 0.00 0.00 0.00 0.00
truck 0.00 0 0.00 724 240 747 269 0.00 0.00 0.00 0.00 0.00 0.00 0.00
truck 0.00 0 0.00 717 324 755 366 0.00 0.00 0.00 0.00 0.00 0.00 0.00
truck 0.00 0 0.00 610 307 657 391 0.00 0.00 0.00 0.00 0.00 0.00 0.00
truck 0.00 0 0.00 611 260 647 318 0.00 0.00 0.00 0.00 0.00 0.00 0.00
truck 0.00 0 0.00 613 479 699 696 0.00 0.00 0.00 0.00 0.00 0.00 0.00
car 0.00 0 0.00 620 441 657 477 0.00 0.00 0.00 0.00 0.00 0.00 0.00
awning-tricycle 0.00 0 0.00 696 404 723 439 0.00 0.00 0.00 0.00 0.00 0.00 0.00
car 0.00 0 0.00 743 395 776 425 0.00 0.00 0.00 0.00 0.00 0.00 0.00
van 0.00 0 0.00 792 462 839 513 0.00 0.00 0.00 0.00 0.00 0.00 0.00
car 0.00 0 0.00 834 565 890 618 0.00 0.00 0.00 0.00 0.00 0.00 0.00
car 0.00 0 0.00 716 592 775 653 0.00 0.00 0.00 0.00 0.00 0.00 0.00
pedestrian 0.00 0 0.00 798 295 805 313 0.00 0.00 0.00 0.00 0.00 0.00 0.00
pedestrian 0.00 0 0.00 802 297 811 315 0.00 0.00 0.00 0.00 0.00 0.00 0.00
people 0.00 0 0.00 567 688 587 719 0.00 0.00 0.00 0.00 0.00 0.00 0.00
bicycle 0.00 0 0.00 569 707 588 748 0.00 0.00 0.00 0.00 0.00 0.00 0.00
car 0.00 0 0.00 743 825 817 932 0.00 0.00 0.00 0.00 0.00 0.00 0.00
car 0.00 0 0.00 575 983 678 1139 0.00 0.00 0.00 0.00 0.00 0.00 0.00
truck 0.00 0 0.00 925 888 1165 1215 0.00 0.00 0.00 0.00 0.00 0.00 0.00
truck 0.00 0 0.00 990 703 1245 1054 0.00 0.00 0.00 0.00 0.00 0.00 0.00
car 0.00 0 0.00 1662 1223 1925 1361 0.00 0.00 0.00 0.00 0.00 0.00 0.00
car 0.00 0 0.00 1555 1122 1803 1246 0.00 0.00 0.00 0.00 0.00 0.00 0.00
car 0.00 0 0.00 1826 1068 2000 1191 0.00 0.00 0.00 0.00 0.00 0.00 0.00
car 0.00 0 0.00 1946 1195 2000 1288 0.00 0.00 0.00 0.00 0.00 0.00 0.00
pedestrian 0.00 0 0.00 1885 717 1921 772 0.00 0.00 0.00 0.00 0.00 0.00 0.00
motor 0.00 0 0.00 1768 605 1794 633 0.00 0.00 0.00 0.00 0.00 0.00 0.00
motor 0.00 0 0.00 1786 601 1815 628 0.00 0.00 0.00 0.00 0.00 0.00 0.00
motor 0.00 0 0.00 1735 584 1762 614 0.00 0.00 0.00 0.00 0.00 0.00 0.00
motor 0.00 0 0.00 1713 583 1733 611 0.00 0.00 0.00 0.00 0.00 0.00 0.00
motor 0.00 0 0.00 1696 579 1719 607 0.00 0.00 0.00 0.00 0.00 0.00 0.00
motor 0.00 0 0.00 1643 556 1673 586 0.00 0.00 0.00 0.00 0.00 0.00 0.00
motor 0.00 0 0.00 1668 551 1694 578 0.00 0.00 0.00 0.00 0.00 0.00 0.00
car 0.00 0 0.00 1550 622 1631 657 0.00 0.00 0.00 0.00 0.00 0.00 0.00
car 0.00 0 0.00 1494 603 1591 640 0.00 0.00 0.00 0.00 0.00 0.00 0.00
pedestrian 0.00 0 0.00 1570 513 1582 545 0.00 0.00 0.00 0.00 0.00 0.00 0.00
car 0.00 0 0.00 1433 449 1493 481 0.00 0.00 0.00 0.00 0.00 0.00 0.00
car 0.00 0 0.00 1384 411 1450 443 0.00 0.00 0.00 0.00 0.00 0.00 0.00
motor 0.00 0 0.00 1454 426 1478 444 0.00 0.00 0.00 0.00 0.00 0.00 0.00
motor 0.00 0 0.00 1334 398 1356 419 0.00 0.00 0.00 0.00 0.00 0.00 0.00
van 0.00 0 0.00 1285 384 1323 420 0.00 0.00 0.00 0.00 0.00 0.00 0.00
car 0.00 0 0.00 1225 452 1297 481 0.00 0.00 0.00 0.00 0.00 0.00 0.00
van 0.00 0 0.00 1213 437 1287 468 0.00 0.00 0.00 0.00 0.00 0.00 0.00
car 0.00 0 0.00 1198 432 1259 460 0.00 0.00 0.00 0.00 0.00 0.00 0.00
car 0.00 0 0.00 1184 425 1239 452 0.00 0.00 0.00 0.00 0.00 0.00 0.00
van 0.00 0 0.00 1141 396 1200 423 0.00 0.00 0.00 0.00 0.00 0.00 0.00
car 0.00 0 0.00 1125 391 1180 414 0.00 0.00 0.00 0.00 0.00 0.00 0.00
car 0.00 0 0.00 1111 384 1168 408 0.00 0.00 0.00 0.00 0.00 0.00 0.00
car 0.00 0 0.00 1105 375 1162 403 0.00 0.00 0.00 0.00 0.00 0.00 0.00
car 0.00 0 0.00 1144 339 1179 365 0.00 0.00 0.00 0.00 0.00 0.00 0.00
van 0.00 0 0.00 1089 308 1124 334 0.00 0.00 0.00 0.00 0.00 0.00 0.00
car 0.00 0 0.00 1005 322 1058 344 0.00 0.00 0.00 0.00 0.00 0.00 0.00
van 0.00 0 0.00 1093 286 1129 306 0.00 0.00 0.00 0.00 0.00 0.00 0.00
van 0.00 0 0.00 1056 282 1084 299 0.00 0.00 0.00 0.00 0.00 0.00 0.00
car 0.00 0 0.00 1050 281 1094 296 0.00 0.00 0.00 0.00 0.00 0.00 0.00
tricycle 0.00 0 0.00 973 249 988 262 0.00 0.00 0.00 0.00 0.00 0.00 0.00
car 0.00 0 0.00 927 233 955 246 0.00 0.00 0.00 0.00 0.00 0.00 0.00
car 0.00 0 0.00 923 230 953 244 0.00 0.00 0.00 0.00 0.00 0.00 0.00
car 0.00 0 0.00 905 220 921 232 0.00 0.00 0.00 0.00 0.00 0.00 0.00
pedestrian 0.00 0 0.00 894 215 898 226 0.00 0.00 0.00 0.00 0.00 0.00 0.00
