van 0.00 0 0.00 815 516 924 671 0.00 0.00 0.00 0.00 0.00 0.00 0.00
van 0.00 0 0.00 1212 308 1286 402 0.00 0.00 0.00 0.00 0.00 0.00 0.00
car 0.00 0 0.00 646 338 709 432 0.00 0.00 0.00 0.00 0.00 0.00 0.00
car 0.00 0 0.00 705 316 773 392 0.00 0.00 0.00 0.00 0.00 0.00 0.00
car 0.00 0 0.00 424 439 558 511 0.00 0.00 0.00 0.00 0.00 0.00 0.00
car 0.00 0 0.00 422 561 588 662 0.00 0.00 0.00 0.00 0.00 0.00 0.00
car 0.00 0 0.00 435 520 586 574 0.00 0.00 0.00 0.00 0.00 0.00 0.00
car 0.00 0 0.00 747 561 839 705 0.00 0.00 0.00 0.00 0.00 0.00 0.00
car 0.00 0 0.00 1247 517 1392 663 0.00 0.00 0.00 0.00 0.00 0.00 0.00
car 0.00 0 0.00 1197 463 1330 582 0.00 0.00 0.00 0.00 0.00 0.00 0.00
car 0.00 0 0.00 1277 352 1350 455 0.00 0.00 0.00 0.00 0.00 0.00 0.00
car 0.00 0 0.00 1136 431 1276 523 0.00 0.00 0.00 0.00 0.00 0.00 0.00
car 0.00 0 0.00 1107 385 1216 470 0.00 0.00 0.00 0.00 0.00 0.00 0.00
car 0.00 0 0.00 1058 350 1181 428 0.00 0.00 0.00 0.00 0.00 0.00 0.00
car 0.00 0 0.00 1024 301 1139 384 0.00 0.00 0.00 0.00 0.00 0.00 0.00
car 0.00 0 0.00 1122 216 1180 321 0.00 0.00 0.00 0.00 0.00 0.00 0.00
car 0.00 0 0.00 992 269 1107 354 0.00 0.00 0.00 0.00 0.00 0.00 0.00
car 0.00 0 0.00 1053 188 1114 280 0.00 0.00 0.00 0.00 0.00 0.00 0.00
car 0.00 0 0.00 951 242 1055 317 0.00 0.00 0.00 0.00 0.00 0.00 0.00
car 0.00 0 0.00 924 224 1008 292 0.00 0.00 0.00 0.00 0.00 0.00 0.00
car 0.00 0 0.00 574 154 657 205 0.00 0.00 0.00 0.00 0.00 0.00 0.00
car 0.00 0 0.00 680 121 755 177 0.00 0.00 0.00 0.00 0.00 0.00 0.00
car 0.00 0 0.00 796 84 865 136 0.00 0.00 0.00 0.00 0.00 0.00 0.00
car 0.00 0 0.00 915 101 992 147 0.00 0.00 0.00 0.00 0.00 0.00 0.00
car 0.00 0 0.00 872 66 957 111 0.00 0.00 0.00 0.00 0.00 0.00 0.00
car 0.00 0 0.00 885 39 949 84 0.00 0.00 0.00 0.00 0.00 0.00 0.00
car 0.00 0 0.00 1000 36 1061 81 0.00 0.00 0.00 0.00 0.00 0.00 0.00
car 0.00 0 0.00 1089 7 1159 51 0.00 0.00 0.00 0.00 0.00 0.00 0.00
car 0.00 0 0.00 428 380 526 442 0.00 0.00 0.00 0.00 0.00 0.00 0.00
car 0.00 0 0.00 712 44 758 89 0.00 0.00 0.00 0.00 0.00 0.00 0.00
car 0.00 0 0.00 849 11 893 55 0.00 0.00 0.00 0.00 0.00 0.00 0.00
car 0.00 0 0.00 890 0 935 38 0.00 0.00 0.00 0.00 0.00 0.00 0.00
car 0.00 0 0.00 673 58 718 102 0.00 0.00 0.00 0.00 0.00 0.00 0.00
car 0.00 0 0.00 1169 270 1226 352 0.00 0.00 0.00 0.00 0.00 0.00 0.00
truck 0.00 0 0.00 155 559 419 728 0.00 0.00 0.00 0.00 0.00 0.00 0.00
truck 0.00 0 0.00 142 692 424 787 0.00 0.00 0.00 0.00 0.00 0.00 0.00
car 0.00 0 0.00 435 677 600 767 0.00 0.00 0.00 0.00 0.00 0.00 0.00
van 0.00 0 0.00 416 738 619 787 0.00 0.00 0.00 0.00 0.00 0.00 0.00
van 0.00 0 0.00 722 1 810 30 0.00 0.00 0.00 0.00 0.00 0.00 0.00
car 0.00 0 0.00 638 28 717 60 0.00 0.00 0.00 0.00 0.00 0.00 0.00
car 0.00 0 0.00 1022 7 1100 52 0.00 0.00 0.00 0.00 0.00 0.00 0.00
pedestrian 0.00 0 0.00 264 221 280 249 0.00 0.00 0.00 0.00 0.00 0.00 0.00
pedestrian 0.00 0 0.00 253 219 268 253 0.00 0.00 0.00 0.00 0.00 0.00 0.00
pedestrian 0.00 0 0.00 348 146 368 169 0.00 0.00 0.00 0.00 0.00 0.00 0.00
