bus 0.00 0 0.00 199 54 245 75 0.00 0.00 0.00 0.00 0.00 0.00 0.00
pedestrian 0.00 0 0.00 383 73 387 82 0.00 0.00 0.00 0.00 0.00 0.00 0.00
pedestrian 0.00 0 0.00 406 76 411 86 0.00 0.00 0.00 0.00 0.00 0.00 0.00
pedestrian 0.00 0 0.00 384 72 389 79 0.00 0.00 0.00 0.00 0.00 0.00 0.00
pedestrian 0.00 0 0.00 411 77 415 88 0.00 0.00 0.00 0.00 0.00 0.00 0.00
pedestrian 0.00 0 0.00 426 78 429 86 0.00 0.00 0.00 0.00 0.00 0.00 0.00
pedestrian 0.00 0 0.00 115 156 118 164 0.00 0.00 0.00 0.00 0.00 0.00 0.00
pedestrian 0.00 0 0.00 58 724 66 735 0.00 0.00 0.00 0.00 0.00 0.00 0.00
van 0.00 0 0.00 150 699 191 740 0.00 0.00 0.00 0.00 0.00 0.00 0.00
van 0.00 0 0.00 262 557 294 594 0.00 0.00 0.00 0.00 0.00 0.00 0.00
van 0.00 0 0.00 358 647 394 693 0.00 0.00 0.00 0.00 0.00 0.00 0.00
van 0.00 0 0.00 422 555 454 595 0.00 0.00 0.00 0.00 0.00 0.00 0.00
truck 0.00 0 0.00 369 540 428 618 0.00 0.00 0.00 0.00 0.00 0.00 0.00
pedestrian 0.00 0 0.00 235 535 242 548 0.00 0.00 0.00 0.00 0.00 0.00 0.00
pedestrian 0.00 0 0.00 274 472 280 480 0.00 0.00 0.00 0.00 0.00 0.00 0.00
pedestrian 0.00 0 0.00 201 572 207 585 0.00 0.00 0.00 0.00 0.00 0.00 0.00
pedestrian 0.00 0 0.00 208 551 216 563 0.00 0.00 0.00 0.00 0.00 0.00 0.00
pedestrian 0.00 0 0.00 202 552 211 561 0.00 0.00 0.00 0.00 0.00 0.00 0.00
pedestrian 0.00 0 0.00 204 573 210 586 0.00 0.00 0.00 0.00 0.00 0.00 0.00
van 0.00 0 0.00 335 462 366 490 0.00 0.00 0.00 0.00 0.00 0.00 0.00
van 0.00 0 0.00 369 425 397 450 0.00 0.00 0.00 0.00 0.00 0.00 0.00
car 0.00 0 0.00 395 432 419 455 0.00 0.00 0.00 0.00 0.00 0.00 0.00
car 0.00 0 0.00 416 403 443 427 0.00 0.00 0.00 0.00 0.00 0.00 0.00
car 0.00 0 0.00 398 395 428 417 0.00 0.00 0.00 0.00 0.00 0.00 0.00
people 0.00 0 0.00 338 438 346 447 0.00 0.00 0.00 0.00 0.00 0.00 0.00
bicycle 0.00 0 0.00 340 440 346 451 0.00 0.00 0.00 0.00 0.00 0.00 0.00
bus 0.00 0 0.00 420 339 466 388 0.00 0.00 0.00 0.00 0.00 0.00 0.00
car 0.00 0 0.00 444 377 470 398 0.00 0.00 0.00 0.00 0.00 0.00 0.00
car 0.00 0 0.00 489 433 514 458 0.00 0.00 0.00 0.00 0.00 0.00 0.00
bus 0.00 0 0.00 482 92 535 120 0.00 0.00 0.00 0.00 0.00 0.00 0.00
bus 0.00 0 0.00 513 118 547 137 0.00 0.00 0.00 0.00 0.00 0.00 0.00
car 0.00 0 0.00 539 116 557 125 0.00 0.00 0.00 0.00 0.00 0.00 0.00
car 0.00 0 0.00 540 121 558 132 0.00 0.00 0.00 0.00 0.00 0.00 0.00
car 0.00 0 0.00 551 131 573 141 0.00 0.00 0.00 0.00 0.00 0.00 0.00
car 0.00 0 0.00 596 134 613 144 0.00 0.00 0.00 0.00 0.00 0.00 0.00
car 0.00 0 0.00 631 136 654 148 0.00 0.00 0.00 0.00 0.00 0.00 0.00
car 0.00 0 0.00 624 138 642 149 0.00 0.00 0.00 0.00 0.00 0.00 0.00
car 0.00 0 0.00 579 137 598 148 0.00 0.00 0.00 0.00 0.00 0.00 0.00
van 0.00 0 0.00 562 124 582 138 0.00 0.00 0.00 0.00 0.00 0.00 0.00
truck 0.00 0 0.00 570 119 596 132 0.00 0.00 0.00 0.00 0.00 0.00 0.00
bus 0.00 0 0.00 607 138 636 157 0.00 0.00 0.00 0.00 0.00 0.00 0.00
bus 0.00 0 0.00 600 122 629 141 0.00 0.00 0.00 0.00 0.00 0.00 0.00
car 0.00 0 0.00 692 133 710 142 0.00 0.00 0.00 0.00 0.00 0.00 0.00
car 0.00 0 0.00 670 2 676 12 0.00 0.00 0.00 0.00 0.00 0.00 0.00
van 0.00 0 0.00 607 204 630 223 0.00 0.00 0.00 0.00 0.00 0.00 0.00
van 0.00 0 0.00 635 205 653 217 0.00 0.00 0.00 0.00 0.00 0.00 0.00
truck 0.00 0 0.00 561 197 614 244 0.00 0.00 0.00 0.00 0.00 0.00 0.00
bus 0.00 0 0.00 625 208 662 246 0.00 0.00 0.00 0.00 0.00 0.00 0.00
bus 0.00 0 0.00 522 225 570 273 0.00 0.00 0.00 0.00 0.00 0.00 0.00
bus 0.00 0 0.00 486 256 536 309 0.00 0.00 0.00 0.00 0.00 0.00 0.00
truck 0.00 0 0.00 553 229 612 287 0.00 0.00 0.00 0.00 0.00 0.00 0.00
bus 0.00 0 0.00 526 290 556 320 0.00 0.00 0.00 0.00 0.00 0.00 0.00
car 0.00 0 0.00 581 271 600 288 0.00 0.00 0.00 0.00 0.00 0.00 0.00
car 0.00 0 0.00 597 258 615 271 0.00 0.00 0.00 0.00 0.00 0.00 0.00
car 0.00 0 0.00 612 245 631 261 0.00 0.00 0.00 0.00 0.00 0.00 0.00
truck 0.00 0 0.00 459 304 495 342 0.00 0.00 0.00 0.00 0.00 0.00 0.00
car 0.00 0 0.00 497 326 524 345 0.00 0.00 0.00 0.00 0.00 0.00 0.00
van 0.00 0 0.00 469 345 497 370 0.00 0.00 0.00 0.00 0.00 0.00 0.00
car 0.00 0 0.00 594 338 615 358 0.00 0.00 0.00 0.00 0.00 0.00 0.00
car 0.00 0 0.00 505 445 530 474 0.00 0.00 0.00 0.00 0.00 0.00 0.00
pedestrian 0.00 0 0.00 597 474 604 485 0.00 0.00 0.00 0.00 0.00 0.00 0.00
pedestrian 0.00 0 0.00 874 503 883 515 0.00 0.00 0.00 0.00 0.00 0.00 0.00
pedestrian 0.00 0 0.00 581 480 586 490 0.00 0.00 0.00 0.00 0.00 0.00 0.00
bus 0.00 0 0.00 746 106 768 126 0.00 0.00 0.00 0.00 0.00 0.00 0.00
car 0.00 0 0.00 822 161 833 173 0.00 0.00 0.00 0.00 0.00 0.00 0.00
car 0.00 0 0.00 876 32 885 41 0.00 0.00 0.00 0.00 0.00 0.00 0.00
car 0.00 0 0.00 848 42 859 51 0.00 0.00 0.00 0.00 0.00 0.00 0.00
truck 0.00 0 0.00 845 107 865 128 0.00 0.00 0.00 0.00 0.00 0.00 0.00
van 0.00 0 0.00 883 76 899 96 0.00 0.00 0.00 0.00 0.00 0.00 0.00
truck 0.00 0 0.00 855 170 902 204 0.00 0.00 0.00 0.00 0.00 0.00 0.00
van 0.00 0 0.00 904 14 918 30 0.00 0.00 0.00 0.00 0.00 0.00 0.00
truck 0.00 0 0.00 986 209 1047 247 0.00 0.00 0.00 0.00 0.00 0.00 0.00
van 0.00 0 0.00 1356 266 1376 288 0.00 0.00 0.00 0.00 0.00 0.00 0.00
van 0.00 0 0.00 1270 303 1302 316 0.00 0.00 0.00 0.00 0.00 0.00 0.00
people 0.00 0 0.00 1213 522 1220 530 0.00 0.00 0.00 0.00 0.00 0.00 0.00
bicycle 0.00 0 0.00 1210 525 1223 532 0.00 0.00 0.00 0.00 0.00 0.00 0.00
pedestrian 0.00 0 0.00 1224 501 1232 514 0.00 0.00 0.00 0.00 0.00 0.00 0.00
pedestrian 0.00 0 0.00 1159 519 1165 530 0.00 0.00 0.00 0.00 0.00 0.00 0.00
pedestrian 0.00 0 0.00 1258 556 1266 568 0.00 0.00 0.00 0.00 0.00 0.00 0.00
pedestrian 0.00 0 0.00 1216 543 1222 554 0.00 0.00 0.00 0.00 0.00 0.00 0.00
pedestrian 0.00 0 0.00 1324 571 1333 581 0.00 0.00 0.00 0.00 0.00 0.00 0.00
car 0.00 0 0.00 1351 138 1378 148 0.00 0.00 0.00 0.00 0.00 0.00 0.00
car 0.00 0 0.00 1355 132 1380 146 0.00 0.00 0.00 0.00 0.00 0.00 0.00
car 0.00 0 0.00 1359 131 1382 142 0.00 0.00 0.00 0.00 0.00 0.00 0.00
car 0.00 0 0.00 1361 126 1382 136 0.00 0.00 0.00 0.00 0.00 0.00 0.00
car 0.00 0 0.00 1361 125 1381 137 0.00 0.00 0.00 0.00 0.00 0.00 0.00
car 0.00 0 0.00 1364 121 1388 131 0.00 0.00 0.00 0.00 0.00 0.00 0.00
car 0.00 0 0.00 1367 116 1393 124 0.00 0.00 0.00 0.00 0.00 0.00 0.00
car 0.00 0 0.00 1374 109 1396 120 0.00 0.00 0.00 0.00 0.00 0.00 0.00
car 0.00 0 0.00 1373 108 1397 115 0.00 0.00 0.00 0.00 0.00 0.00 0.00
car 0.00 0 0.00 1383 102 1400 111 0.00 0.00 0.00 0.00 0.00 0.00 0.00
