truck 0.00 0 0.00 1196 999 1307 1077 0.00 0.00 0.00 0.00 0.00 0.00 0.00
van 0.00 0 0.00 1371 905 1467 993 0.00 0.00 0.00 0.00 0.00 0.00 0.00
car 0.00 0 0.00 1497 904 1607 1002 0.00 0.00 0.00 0.00 0.00 0.00 0.00
tricycle 0.00 0 0.00 1291 834 1332 879 0.00 0.00 0.00 0.00 0.00 0.00 0.00
car 0.00 0 0.00 1209 606 1290 669 0.00 0.00 0.00 0.00 0.00 0.00 0.00
car 0.00 0 0.00 953 727 1032 814 0.00 0.00 0.00 0.00 0.00 0.00 0.00
car 0.00 0 0.00 1120 662 1209 737 0.00 0.00 0.00 0.00 0.00 0.00 0.00
car 0.00 0 0.00 1058 606 1128 668 0.00 0.00 0.00 0.00 0.00 0.00 0.00
car 0.00 0 0.00 1117 525 1193 581 0.00 0.00 0.00 0.00 0.00 0.00 0.00
car 0.00 0 0.00 1388 404 1466 441 0.00 0.00 0.00 0.00 0.00 0.00 0.00
van 0.00 0 0.00 1709 156 1758 189 0.00 0.00 0.00 0.00 0.00 0.00 0.00
car 0.00 0 0.00 1753 128 1799 161 0.00 0.00 0.00 0.00 0.00 0.00 0.00
van 0.00 0 0.00 1795 951 1914 1048 0.00 0.00 0.00 0.00 0.00 0.00 0.00
pedestrian 0.00 0 0.00 891 702 903 728 0.00 0.00 0.00 0.00 0.00 0.00 0.00
van 0.00 0 0.00 864 420 932 484 0.00 0.00 0.00 0.00 0.00 0.00 0.00
car 0.00 0 0.00 655 392 717 451 0.00 0.00 0.00 0.00 0.00 0.00 0.00
car 0.00 0 0.00 623 361 667 407 0.00 0.00 0.00 0.00 0.00 0.00 0.00
motor 0.00 0 0.00 692 359 709 378 0.00 0.00 0.00 0.00 0.00 0.00 0.00
people 0.00 0 0.00 695 354 702 371 0.00 0.00 0.00 0.00 0.00 0.00 0.00
van 0.00 0 0.00 570 298 626 357 0.00 0.00 0.00 0.00 0.00 0.00 0.00
car 0.00 0 0.00 604 183 646 218 0.00 0.00 0.00 0.00 0.00 0.00 0.00
car 0.00 0 0.00 613 76 651 109 0.00 0.00 0.00 0.00 0.00 0.00 0.00
pedestrian 0.00 0 0.00 640 0 647 12 0.00 0.00 0.00 0.00 0.00 0.00 0.00
car 0.00 0 0.00 476 487 538 549 0.00 0.00 0.00 0.00 0.00 0.00 0.00
van 0.00 0 0.00 440 495 498 560 0.00 0.00 0.00 0.00 0.00 0.00 0.00
car 0.00 0 0.00 220 590 281 668 0.00 0.00 0.00 0.00 0.00 0.00 0.00
car 0.00 0 0.00 0 702 30 788 0.00 0.00 0.00 0.00 0.00 0.00 0.00
awning-tricycle 0.00 0 0.00 327 61 365 89 0.00 0.00 0.00 0.00 0.00 0.00 0.00
van 0.00 0 0.00 25 40 78 73 0.00 0.00 0.00 0.00 0.00 0.00 0.00
truck 0.00 0 0.00 77 15 160 59 0.00 0.00 0.00 0.00 0.00 0.00 0.00
