pedestrian 0.00 0 0.00 708 880 763 946 0.00 0.00 0.00 0.00 0.00 0.00 0.00
pedestrian 0.00 0 0.00 699 751 726 816 0.00 0.00 0.00 0.00 0.00 0.00 0.00
pedestrian 0.00 0 0.00 251 778 298 841 0.00 0.00 0.00 0.00 0.00 0.00 0.00
people 0.00 0 0.00 1235 640 1269 701 0.00 0.00 0.00 0.00 0.00 0.00 0.00
van 0.00 0 0.00 1076 641 1273 751 0.00 0.00 0.00 0.00 0.00 0.00 0.00
van 0.00 0 0.00 198 386 352 541 0.00 0.00 0.00 0.00 0.00 0.00 0.00
van 0.00 0 0.00 333 408 454 536 0.00 0.00 0.00 0.00 0.00 0.00 0.00
car 0.00 0 0.00 669 419 741 529 0.00 0.00 0.00 0.00 0.00 0.00 0.00
car 0.00 0 0.00 563 434 649 536 0.00 0.00 0.00 0.00 0.00 0.00 0.00
car 0.00 0 0.00 438 426 544 532 0.00 0.00 0.00 0.00 0.00 0.00 0.00
car 0.00 0 0.00 922 378 1084 446 0.00 0.00 0.00 0.00 0.00 0.00 0.00
car 0.00 0 0.00 923 343 1076 400 0.00 0.00 0.00 0.00 0.00 0.00 0.00
car 0.00 0 0.00 942 311 1069 366 0.00 0.00 0.00 0.00 0.00 0.00 0.00
car 0.00 0 0.00 885 249 935 306 0.00 0.00 0.00 0.00 0.00 0.00 0.00
car 0.00 0 0.00 807 244 862 310 0.00 0.00 0.00 0.00 0.00 0.00 0.00
car 0.00 0 0.00 736 170 777 212 0.00 0.00 0.00 0.00 0.00 0.00 0.00
car 0.00 0 0.00 728 244 779 311 0.00 0.00 0.00 0.00 0.00 0.00 0.00
car 0.00 0 0.00 558 242 616 311 0.00 0.00 0.00 0.00 0.00 0.00 0.00
car 0.00 0 0.00 638 247 691 306 0.00 0.00 0.00 0.00 0.00 0.00 0.00
truck 0.00 0 0.00 459 231 552 327 0.00 0.00 0.00 0.00 0.00 0.00 0.00
van 0.00 0 0.00 266 238 377 300 0.00 0.00 0.00 0.00 0.00 0.00 0.00
car 0.00 0 0.00 426 134 483 183 0.00 0.00 0.00 0.00 0.00 0.00 0.00
car 0.00 0 0.00 242 273 344 325 0.00 0.00 0.00 0.00 0.00 0.00 0.00
pedestrian 0.00 0 0.00 669 300 691 351 0.00 0.00 0.00 0.00 0.00 0.00 0.00
pedestrian 0.00 0 0.00 959 479 980 536 0.00 0.00 0.00 0.00 0.00 0.00 0.00
car 0.00 0 0.00 803 177 845 223 0.00 0.00 0.00 0.00 0.00 0.00 0.00
motor 0.00 0 0.00 837 155 851 184 0.00 0.00 0.00 0.00 0.00 0.00 0.00
motor 0.00 0 0.00 810 155 826 190 0.00 0.00 0.00 0.00 0.00 0.00 0.00
