pedestrian 0.00 0 0.00 1002 948 1056 1050 0.00 0.00 0.00 0.00 0.00 0.00 0.00
car 0.00 0 0.00 0 685 305 827 0.00 0.00 0.00 0.00 0.00 0.00 0.00
car 0.00 0 0.00 378 684 714 826 0.00 0.00 0.00 0.00 0.00 0.00 0.00
car 0.00 0 0.00 1086 716 1400 885 0.00 0.00 0.00 0.00 0.00 0.00 0.00
car 0.00 0 0.00 1238 399 1395 471 0.00 0.00 0.00 0.00 0.00 0.00 0.00
car 0.00 0 0.00 1133 352 1256 409 0.00 0.00 0.00 0.00 0.00 0.00 0.00
car 0.00 0 0.00 678 423 834 493 0.00 0.00 0.00 0.00 0.00 0.00 0.00
car 0.00 0 0.00 742 343 875 391 0.00 0.00 0.00 0.00 0.00 0.00 0.00
car 0.00 0 0.00 739 370 892 422 0.00 0.00 0.00 0.00 0.00 0.00 0.00
car 0.00 0 0.00 723 387 879 454 0.00 0.00 0.00 0.00 0.00 0.00 0.00
car 0.00 0 0.00 488 123 523 140 0.00 0.00 0.00 0.00 0.00 0.00 0.00
car 0.00 0 0.00 550 121 575 137 0.00 0.00 0.00 0.00 0.00 0.00 0.00
car 0.00 0 0.00 601 139 647 159 0.00 0.00 0.00 0.00 0.00 0.00 0.00
car 0.00 0 0.00 616 146 665 168 0.00 0.00 0.00 0.00 0.00 0.00 0.00
car 0.00 0 0.00 631 152 675 173 0.00 0.00 0.00 0.00 0.00 0.00 0.00
car 0.00 0 0.00 456 474 625 560 0.00 0.00 0.00 0.00 0.00 0.00 0.00
car 0.00 0 0.00 239 462 402 557 0.00 0.00 0.00 0.00 0.00 0.00 0.00
