car 0.00 0 0.00 939 338 1053 391 0.00 0.00 0.00 0.00 0.00 0.00 0.00
car 0.00 0 0.00 1119 303 1193 355 0.00 0.00 0.00 0.00 0.00 0.00 0.00
car 0.00 0 0.00 1210 238 1253 285 0.00 0.00 0.00 0.00 0.00 0.00 0.00
car 0.00 0 0.00 1180 114 1224 149 0.00 0.00 0.00 0.00 0.00 0.00 0.00
car 0.00 0 0.00 1020 154 1061 199 0.00 0.00 0.00 0.00 0.00 0.00 0.00
car 0.00 0 0.00 965 139 1000 185 0.00 0.00 0.00 0.00 0.00 0.00 0.00
car 0.00 0 0.00 1009 106 1045 146 0.00 0.00 0.00 0.00 0.00 0.00 0.00
car 0.00 0 0.00 725 368 844 420 0.00 0.00 0.00 0.00 0.00 0.00 0.00
van 0.00 0 0.00 897 782 984 991 0.00 0.00 0.00 0.00 0.00 0.00 0.00
car 0.00 0 0.00 570 839 749 945 0.00 0.00 0.00 0.00 0.00 0.00 0.00
car 0.00 0 0.00 595 691 761 768 0.00 0.00 0.00 0.00 0.00 0.00 0.00
car 0.00 0 0.00 619 584 767 660 0.00 0.00 0.00 0.00 0.00 0.00 0.00
car 0.00 0 0.00 272 653 399 803 0.00 0.00 0.00 0.00 0.00 0.00 0.00
car 0.00 0 0.00 165 642 293 774 0.00 0.00 0.00 0.00 0.00 0.00 0.00
car 0.00 0 0.00 19 316 127 379 0.00 0.00 0.00 0.00 0.00 0.00 0.00
car 0.00 0 0.00 124 275 205 320 0.00 0.00 0.00 0.00 0.00 0.00 0.00
car 0.00 0 0.00 575 208 653 246 0.00 0.00 0.00 0.00 0.00 0.00 0.00
car 0.00 0 0.00 601 141 644 192 0.00 0.00 0.00 0.00 0.00 0.00 0.00
car 0.00 0 0.00 545 133 593 191 0.00 0.00 0.00 0.00 0.00 0.00 0.00
car 0.00 0 0.00 501 134 551 182 0.00 0.00 0.00 0.00 0.00 0.00 0.00
car 0.00 0 0.00 757 168 828 201 0.00 0.00 0.00 0.00 0.00 0.00 0.00
car 0.00 0 0.00 762 125 829 158 0.00 0.00 0.00 0.00 0.00 0.00 0.00
car 0.00 0 0.00 773 106 844 138 0.00 0.00 0.00 0.00 0.00 0.00 0.00
car 0.00 0 0.00 762 96 840 128 0.00 0.00 0.00 0.00 0.00 0.00 0.00
car 0.00 0 0.00 774 70 829 106 0.00 0.00 0.00 0.00 0.00 0.00 0.00
car 0.00 0 0.00 786 14 839 44 0.00 0.00 0.00 0.00 0.00 0.00 0.00
car 0.00 0 0.00 791 32 841 58 0.00 0.00 0.00 0.00 0.00 0.00 0.00
car 0.00 0 0.00 786 50 848 75 0.00 0.00 0.00 0.00 0.00 0.00 0.00
car 0.00 0 0.00 784 57 844 90 0.00 0.00 0.00 0.00 0.00 0.00 0.00
car 0.00 0 0.00 879 19 913 50 0.00 0.00 0.00 0.00 0.00 0.00 0.00
car 0.00 0 0.00 943 97 980 140 0.00 0.00 0.00 0.00 0.00 0.00 0.00
car 0.00 0 0.00 938 67 972 101 0.00 0.00 0.00 0.00 0.00 0.00 0.00
car 0.00 0 0.00 934 42 969 78 0.00 0.00 0.00 0.00 0.00 0.00 0.00
car 0.00 0 0.00 1010 84 1034 120 0.00 0.00 0.00 0.00 0.00 0.00 0.00
car 0.00 0 0.00 994 59 1018 92 0.00 0.00 0.00 0.00 0.00 0.00 0.00
car 0.00 0 0.00 988 37 1012 67 0.00 0.00 0.00 0.00 0.00 0.00 0.00
car 0.00 0 0.00 978 14 1002 40 0.00 0.00 0.00 0.00 0.00 0.00 0.00
car 0.00 0 0.00 764 5 781 32 0.00 0.00 0.00 0.00 0.00 0.00 0.00
people 0.00 0 0.00 964 260 978 290 0.00 0.00 0.00 0.00 0.00 0.00 0.00
people 0.00 0 0.00 1080 133 1095 152 0.00 0.00 0.00 0.00 0.00 0.00 0.00
motor 0.00 0 0.00 960 268 979 301 0.00 0.00 0.00 0.00 0.00 0.00 0.00
motor 0.00 0 0.00 1078 128 1095 159 0.00 0.00 0.00 0.00 0.00 0.00 0.00
motor 0.00 0 0.00 664 131 698 154 0.00 0.00 0.00 0.00 0.00 0.00 0.00
bicycle 0.00 0 0.00 661 144 689 163 0.00 0.00 0.00 0.00 0.00 0.00 0.00
pedestrian 0.00 0 0.00 612 165 628 199 0.00 0.00 0.00 0.00 0.00 0.00 0.00
pedestrian 0.00 0 0.00 732 5 744 27 0.00 0.00 0.00 0.00 0.00 0.00 0.00
pedestrian 0.00 0 0.00 1216 46 1229 72 0.00 0.00 0.00 0.00 0.00 0.00 0.00
