van 0.00 0 0.00 591 406 605 432 0.00 0.00 0.00 0.00 0.00 0.00 0.00
van 0.00 0 0.00 526 453 564 472 0.00 0.00 0.00 0.00 0.00 0.00 0.00
van 0.00 0 0.00 674 389 689 413 0.00 0.00 0.00 0.00 0.00 0.00 0.00
van 0.00 0 0.00 682 281 691 294 0.00 0.00 0.00 0.00 0.00 0.00 0.00
van 0.00 0 0.00 628 262 640 275 0.00 0.00 0.00 0.00 0.00 0.00 0.00
van 0.00 0 0.00 682 254 691 265 0.00 0.00 0.00 0.00 0.00 0.00 0.00
bus 0.00 0 0.00 662 142 672 158 0.00 0.00 0.00 0.00 0.00 0.00 0.00
bus 0.00 0 0.00 714 141 724 167 0.00 0.00 0.00 0.00 0.00 0.00 0.00
bus 0.00 0 0.00 662 255 676 288 0.00 0.00 0.00 0.00 0.00 0.00 0.00
bus 0.00 0 0.00 762 323 782 373 0.00 0.00 0.00 0.00 0.00 0.00 0.00
bus 0.00 0 0.00 555 629 598 749 0.00 0.00 0.00 0.00 0.00 0.00 0.00
van 0.00 0 0.00 651 703 675 746 0.00 0.00 0.00 0.00 0.00 0.00 0.00
car 0.00 0 0.00 660 311 671 327 0.00 0.00 0.00 0.00 0.00 0.00 0.00
car 0.00 0 0.00 678 305 691 321 0.00 0.00 0.00 0.00 0.00 0.00 0.00
car 0.00 0 0.00 716 227 725 238 0.00 0.00 0.00 0.00 0.00 0.00 0.00
car 0.00 0 0.00 705 158 712 167 0.00 0.00 0.00 0.00 0.00 0.00 0.00
car 0.00 0 0.00 673 231 680 242 0.00 0.00 0.00 0.00 0.00 0.00 0.00
car 0.00 0 0.00 634 238 644 246 0.00 0.00 0.00 0.00 0.00 0.00 0.00
car 0.00 0 0.00 644 209 650 219 0.00 0.00 0.00 0.00 0.00 0.00 0.00
car 0.00 0 0.00 655 195 664 204 0.00 0.00 0.00 0.00 0.00 0.00 0.00
bus 0.00 0 0.00 751 225 765 258 0.00 0.00 0.00 0.00 0.00 0.00 0.00
