pedestrian 0.00 0 0.00 417 898 433 915 0.00 0.00 0.00 0.00 0.00 0.00 0.00
car 0.00 0 0.00 494 755 534 826 0.00 0.00 0.00 0.00 0.00 0.00 0.00
car 0.00 0 0.00 647 761 685 833 0.00 0.00 0.00 0.00 0.00 0.00 0.00
car 0.00 0 0.00 573 577 607 634 0.00 0.00 0.00 0.00 0.00 0.00 0.00
pedestrian 0.00 0 0.00 566 430 574 446 0.00 0.00 0.00 0.00 0.00 0.00 0.00
pedestrian 0.00 0 0.00 573 432 581 447 0.00 0.00 0.00 0.00 0.00 0.00 0.00
motor 0.00 0 0.00 678 625 688 648 0.00 0.00 0.00 0.00 0.00 0.00 0.00
car 0.00 0 0.00 267 383 318 408 0.00 0.00 0.00 0.00 0.00 0.00 0.00
car 0.00 0 0.00 282 324 338 353 0.00 0.00 0.00 0.00 0.00 0.00 0.00
truck 0.00 0 0.00 378 381 442 413 0.00 0.00 0.00 0.00 0.00 0.00 0.00
bus 0.00 0 0.00 440 291 519 343 0.00 0.00 0.00 0.00 0.00 0.00 0.00
car 0.00 0 0.00 606 166 628 200 0.00 0.00 0.00 0.00 0.00 0.00 0.00
van 0.00 0 0.00 648 22 666 52 0.00 0.00 0.00 0.00 0.00 0.00 0.00
car 0.00 0 0.00 802 394 825 436 0.00 0.00 0.00 0.00 0.00 0.00 0.00
car 0.00 0 0.00 806 275 828 311 0.00 0.00 0.00 0.00 0.00 0.00 0.00
car 0.00 0 0.00 805 240 825 272 0.00 0.00 0.00 0.00 0.00 0.00 0.00
car 0.00 0 0.00 805 209 825 240 0.00 0.00 0.00 0.00 0.00 0.00 0.00
car 0.00 0 0.00 809 152 828 182 0.00 0.00 0.00 0.00 0.00 0.00 0.00
car 0.00 0 0.00 812 128 831 156 0.00 0.00 0.00 0.00 0.00 0.00 0.00
car 0.00 0 0.00 813 96 831 123 0.00 0.00 0.00 0.00 0.00 0.00 0.00
truck 0.00 0 0.00 852 35 875 84 0.00 0.00 0.00 0.00 0.00 0.00 0.00
car 0.00 0 0.00 811 62 833 97 0.00 0.00 0.00 0.00 0.00 0.00 0.00
car 0.00 0 0.00 817 0 833 22 0.00 0.00 0.00 0.00 0.00 0.00 0.00
car 0.00 0 0.00 812 38 831 61 0.00 0.00 0.00 0.00 0.00 0.00 0.00
pedestrian 0.00 0 0.00 1006 1009 1022 1030 0.00 0.00 0.00 0.00 0.00 0.00 0.00
car 0.00 0 0.00 906 896 970 967 0.00 0.00 0.00 0.00 0.00 0.00 0.00
truck 0.00 0 0.00 899 832 978 910 0.00 0.00 0.00 0.00 0.00 0.00 0.00
car 0.00 0 0.00 902 797 971 856 0.00 0.00 0.00 0.00 0.00 0.00 0.00
car 0.00 0 0.00 898 750 963 810 0.00 0.00 0.00 0.00 0.00 0.00 0.00
car 0.00 0 0.00 900 712 965 765 0.00 0.00 0.00 0.00 0.00 0.00 0.00
car 0.00 0 0.00 896 661 954 715 0.00 0.00 0.00 0.00 0.00 0.00 0.00
car 0.00 0 0.00 898 619 957 672 0.00 0.00 0.00 0.00 0.00 0.00 0.00
car 0.00 0 0.00 895 585 952 631 0.00 0.00 0.00 0.00 0.00 0.00 0.00
car 0.00 0 0.00 888 545 947 594 0.00 0.00 0.00 0.00 0.00 0.00 0.00
van 0.00 0 0.00 894 513 945 563 0.00 0.00 0.00 0.00 0.00 0.00 0.00
car 0.00 0 0.00 893 489 946 537 0.00 0.00 0.00 0.00 0.00 0.00 0.00
car 0.00 0 0.00 995 570 1024 622 0.00 0.00 0.00 0.00 0.00 0.00 0.00
car 0.00 0 0.00 1094 531 1128 571 0.00 0.00 0.00 0.00 0.00 0.00 0.00
car 0.00 0 0.00 909 352 932 389 0.00 0.00 0.00 0.00 0.00 0.00 0.00
truck 0.00 0 0.00 909 288 943 353 0.00 0.00 0.00 0.00 0.00 0.00 0.00
car 0.00 0 0.00 979 300 1000 339 0.00 0.00 0.00 0.00 0.00 0.00 0.00
car 0.00 0 0.00 971 344 997 377 0.00 0.00 0.00 0.00 0.00 0.00 0.00
van 0.00 0 0.00 1061 347 1086 386 0.00 0.00 0.00 0.00 0.00 0.00 0.00
car 0.00 0 0.00 1121 354 1154 390 0.00 0.00 0.00 0.00 0.00 0.00 0.00
car 0.00 0 0.00 1081 767 1132 832 0.00 0.00 0.00 0.00 0.00 0.00 0.00
car 0.00 0 0.00 1136 776 1183 841 0.00 0.00 0.00 0.00 0.00 0.00 0.00
van 0.00 0 0.00 979 245 1003 287 0.00 0.00 0.00 0.00 0.00 0.00 0.00
truck 0.00 0 0.00 917 105 944 146 0.00 0.00 0.00 0.00 0.00 0.00 0.00
van 0.00 0 0.00 911 80 927 101 0.00 0.00 0.00 0.00 0.00 0.00 0.00
van 0.00 0 0.00 967 94 987 117 0.00 0.00 0.00 0.00 0.00 0.00 0.00
van 0.00 0 0.00 964 69 981 93 0.00 0.00 0.00 0.00 0.00 0.00 0.00
car 0.00 0 0.00 906 56 933 78 0.00 0.00 0.00 0.00 0.00 0.00 0.00
truck 0.00 0 0.00 801 313 832 372 0.00 0.00 0.00 0.00 0.00 0.00 0.00
