car 0.00 0 0.00 966 647 1063 696 0.00 0.00 0.00 0.00 0.00 0.00 0.00
car 0.00 0 0.00 853 565 914 612 0.00 0.00 0.00 0.00 0.00 0.00 0.00
car 0.00 0 0.00 787 568 847 614 0.00 0.00 0.00 0.00 0.00 0.00 0.00
car 0.00 0 0.00 732 749 801 826 0.00 0.00 0.00 0.00 0.00 0.00 0.00
car 0.00 0 0.00 678 829 749 928 0.00 0.00 0.00 0.00 0.00 0.00 0.00
car 0.00 0 0.00 577 657 637 703 0.00 0.00 0.00 0.00 0.00 0.00 0.00
car 0.00 0 0.00 376 590 442 625 0.00 0.00 0.00 0.00 0.00 0.00 0.00
car 0.00 0 0.00 725 489 761 526 0.00 0.00 0.00 0.00 0.00 0.00 0.00
car 0.00 0 0.00 716 418 740 445 0.00 0.00 0.00 0.00 0.00 0.00 0.00
car 0.00 0 0.00 692 432 716 460 0.00 0.00 0.00 0.00 0.00 0.00 0.00
car 0.00 0 0.00 662 437 687 465 0.00 0.00 0.00 0.00 0.00 0.00 0.00
car 0.00 0 0.00 634 435 652 467 0.00 0.00 0.00 0.00 0.00 0.00 0.00
car 0.00 0 0.00 702 377 724 403 0.00 0.00 0.00 0.00 0.00 0.00 0.00
car 0.00 0 0.00 691 347 710 369 0.00 0.00 0.00 0.00 0.00 0.00 0.00
car 0.00 0 0.00 648 384 668 412 0.00 0.00 0.00 0.00 0.00 0.00 0.00
car 0.00 0 0.00 625 371 641 393 0.00 0.00 0.00 0.00 0.00 0.00 0.00
car 0.00 0 0.00 630 412 649 439 0.00 0.00 0.00 0.00 0.00 0.00 0.00
car 0.00 0 0.00 629 390 647 415 0.00 0.00 0.00 0.00 0.00 0.00 0.00
car 0.00 0 0.00 660 414 678 442 0.00 0.00 0.00 0.00 0.00 0.00 0.00
car 0.00 0 0.00 621 355 640 377 0.00 0.00 0.00 0.00 0.00 0.00 0.00
car 0.00 0 0.00 645 354 663 379 0.00 0.00 0.00 0.00 0.00 0.00 0.00
car 0.00 0 0.00 643 340 660 357 0.00 0.00 0.00 0.00 0.00 0.00 0.00
car 0.00 0 0.00 637 327 650 344 0.00 0.00 0.00 0.00 0.00 0.00 0.00
car 0.00 0 0.00 641 210 658 230 0.00 0.00 0.00 0.00 0.00 0.00 0.00
car 0.00 0 0.00 190 621 260 656 0.00 0.00 0.00 0.00 0.00 0.00 0.00
car 0.00 0 0.00 968 934 1065 1050 0.00 0.00 0.00 0.00 0.00 0.00 0.00
car 0.00 0 0.00 1265 745 1399 838 0.00 0.00 0.00 0.00 0.00 0.00 0.00
car 0.00 0 0.00 1311 665 1397 714 0.00 0.00 0.00 0.00 0.00 0.00 0.00
motor 0.00 0 0.00 1060 810 1099 843 0.00 0.00 0.00 0.00 0.00 0.00 0.00
motor 0.00 0 0.00 462 929 491 958 0.00 0.00 0.00 0.00 0.00 0.00 0.00
people 0.00 0 0.00 1064 801 1088 835 0.00 0.00 0.00 0.00 0.00 0.00 0.00
people 0.00 0 0.00 465 921 486 952 0.00 0.00 0.00 0.00 0.00 0.00 0.00
motor 0.00 0 0.00 565 455 574 473 0.00 0.00 0.00 0.00 0.00 0.00 0.00
motor 0.00 0 0.00 588 457 597 471 0.00 0.00 0.00 0.00 0.00 0.00 0.00
motor 0.00 0 0.00 587 440 594 454 0.00 0.00 0.00 0.00 0.00 0.00 0.00
motor 0.00 0 0.00 561 442 569 454 0.00 0.00 0.00 0.00 0.00 0.00 0.00
motor 0.00 0 0.00 575 441 584 454 0.00 0.00 0.00 0.00 0.00 0.00 0.00
people 0.00 0 0.00 589 452 595 465 0.00 0.00 0.00 0.00 0.00 0.00 0.00
people 0.00 0 0.00 566 453 572 467 0.00 0.00 0.00 0.00 0.00 0.00 0.00
people 0.00 0 0.00 563 436 569 450 0.00 0.00 0.00 0.00 0.00 0.00 0.00
people 0.00 0 0.00 576 435 584 449 0.00 0.00 0.00 0.00 0.00 0.00 0.00
people 0.00 0 0.00 588 434 594 447 0.00 0.00 0.00 0.00 0.00 0.00 0.00
people 0.00 0 0.00 644 527 652 540 0.00 0.00 0.00 0.00 0.00 0.00 0.00
motor 0.00 0 0.00 644 532 656 550 0.00 0.00 0.00 0.00 0.00 0.00 0.00
pedestrian 0.00 0 0.00 471 465 482 483 0.00 0.00 0.00 0.00 0.00 0.00 0.00
pedestrian 0.00 0 0.00 482 459 491 480 0.00 0.00 0.00 0.00 0.00 0.00 0.00
motor 0.00 0 0.00 523 453 534 469 0.00 0.00 0.00 0.00 0.00 0.00 0.00
people 0.00 0 0.00 524 446 532 462 0.00 0.00 0.00 0.00 0.00 0.00 0.00
