truck 0.00 0 0.00 207 158 230 170 0.00 0.00 0.00 0.00 0.00 0.00 0.00
car 0.00 0 0.00 227 154 248 165 0.00 0.00 0.00 0.00 0.00 0.00 0.00
car 0.00 0 0.00 253 147 271 156 0.00 0.00 0.00 0.00 0.00 0.00 0.00
car 0.00 0 0.00 266 143 285 152 0.00 0.00 0.00 0.00 0.00 0.00 0.00
car 0.00 0 0.00 278 140 295 152 0.00 0.00 0.00 0.00 0.00 0.00 0.00
car 0.00 0 0.00 287 135 303 145 0.00 0.00 0.00 0.00 0.00 0.00 0.00
car 0.00 0 0.00 244 183 271 198 0.00 0.00 0.00 0.00 0.00 0.00 0.00
car 0.00 0 0.00 208 191 233 204 0.00 0.00 0.00 0.00 0.00 0.00 0.00
car 0.00 0 0.00 267 175 297 191 0.00 0.00 0.00 0.00 0.00 0.00 0.00
car 0.00 0 0.00 292 170 315 185 0.00 0.00 0.00 0.00 0.00 0.00 0.00
pedestrian 0.00 0 0.00 354 195 359 207 0.00 0.00 0.00 0.00 0.00 0.00 0.00
pedestrian 0.00 0 0.00 415 204 419 213 0.00 0.00 0.00 0.00 0.00 0.00 0.00
pedestrian 0.00 0 0.00 427 205 432 217 0.00 0.00 0.00 0.00 0.00 0.00 0.00
pedestrian 0.00 0 0.00 471 222 475 231 0.00 0.00 0.00 0.00 0.00 0.00 0.00
pedestrian 0.00 0 0.00 482 222 485 231 0.00 0.00 0.00 0.00 0.00 0.00 0.00
car 0.00 0 0.00 231 294 271 315 0.00 0.00 0.00 0.00 0.00 0.00 0.00
car 0.00 0 0.00 278 301 317 322 0.00 0.00 0.00 0.00 0.00 0.00 0.00
car 0.00 0 0.00 334 310 370 331 0.00 0.00 0.00 0.00 0.00 0.00 0.00
truck 0.00 0 0.00 374 314 423 338 0.00 0.00 0.00 0.00 0.00 0.00 0.00
van 0.00 0 0.00 335 266 370 285 0.00 0.00 0.00 0.00 0.00 0.00 0.00
car 0.00 0 0.00 426 342 477 364 0.00 0.00 0.00 0.00 0.00 0.00 0.00
car 0.00 0 0.00 337 356 386 383 0.00 0.00 0.00 0.00 0.00 0.00 0.00
car 0.00 0 0.00 445 358 489 384 0.00 0.00 0.00 0.00 0.00 0.00 0.00
car 0.00 0 0.00 259 401 306 428 0.00 0.00 0.00 0.00 0.00 0.00 0.00
car 0.00 0 0.00 293 405 333 436 0.00 0.00 0.00 0.00 0.00 0.00 0.00
car 0.00 0 0.00 322 409 361 441 0.00 0.00 0.00 0.00 0.00 0.00 0.00
car 0.00 0 0.00 343 414 386 447 0.00 0.00 0.00 0.00 0.00 0.00 0.00
car 0.00 0 0.00 376 419 413 447 0.00 0.00 0.00 0.00 0.00 0.00 0.00
car 0.00 0 0.00 399 424 445 451 0.00 0.00 0.00 0.00 0.00 0.00 0.00
car 0.00 0 0.00 434 431 471 457 0.00 0.00 0.00 0.00 0.00 0.00 0.00
car 0.00 0 0.00 472 429 514 460 0.00 0.00 0.00 0.00 0.00 0.00 0.00
car 0.00 0 0.00 353 497 399 534 0.00 0.00 0.00 0.00 0.00 0.00 0.00
car 0.00 0 0.00 379 526 434 562 0.00 0.00 0.00 0.00 0.00 0.00 0.00
car 0.00 0 0.00 399 535 466 577 0.00 0.00 0.00 0.00 0.00 0.00 0.00
car 0.00 0 0.00 407 570 484 601 0.00 0.00 0.00 0.00 0.00 0.00 0.00
pedestrian 0.00 0 0.00 436 397 440 405 0.00 0.00 0.00 0.00 0.00 0.00 0.00
pedestrian 0.00 0 0.00 441 396 444 405 0.00 0.00 0.00 0.00 0.00 0.00 0.00
motor 0.00 0 0.00 354 451 377 467 0.00 0.00 0.00 0.00 0.00 0.00 0.00
people 0.00 0 0.00 360 452 370 464 0.00 0.00 0.00 0.00 0.00 0.00 0.00
pedestrian 0.00 0 0.00 417 460 425 487 0.00 0.00 0.00 0.00 0.00 0.00 0.00
pedestrian 0.00 0 0.00 444 516 451 533 0.00 0.00 0.00 0.00 0.00 0.00 0.00
pedestrian 0.00 0 0.00 462 604 472 627 0.00 0.00 0.00 0.00 0.00 0.00 0.00
pedestrian 0.00 0 0.00 399 595 405 614 0.00 0.00 0.00 0.00 0.00 0.00 0.00
pedestrian 0.00 0 0.00 383 593 393 620 0.00 0.00 0.00 0.00 0.00 0.00 0.00
pedestrian 0.00 0 0.00 387 719 396 741 0.00 0.00 0.00 0.00 0.00 0.00 0.00
pedestrian 0.00 0 0.00 398 723 408 748 0.00 0.00 0.00 0.00 0.00 0.00 0.00
pedestrian 0.00 0 0.00 361 637 368 655 0.00 0.00 0.00 0.00 0.00 0.00 0.00
pedestrian 0.00 0 0.00 300 683 307 698 0.00 0.00 0.00 0.00 0.00 0.00 0.00
pedestrian 0.00 0 0.00 254 754 268 777 0.00 0.00 0.00 0.00 0.00 0.00 0.00
pedestrian 0.00 0 0.00 330 832 346 871 0.00 0.00 0.00 0.00 0.00 0.00 0.00
car 0.00 0 0.00 247 723 326 779 0.00 0.00 0.00 0.00 0.00 0.00 0.00
car 0.00 0 0.00 162 812 258 861 0.00 0.00 0.00 0.00 0.00 0.00 0.00
car 0.00 0 0.00 120 849 220 907 0.00 0.00 0.00 0.00 0.00 0.00 0.00
car 0.00 0 0.00 59 897 165 955 0.00 0.00 0.00 0.00 0.00 0.00 0.00
car 0.00 0 0.00 252 971 349 1041 0.00 0.00 0.00 0.00 0.00 0.00 0.00
car 0.00 0 0.00 286 914 403 993 0.00 0.00 0.00 0.00 0.00 0.00 0.00
car 0.00 0 0.00 328 866 440 933 0.00 0.00 0.00 0.00 0.00 0.00 0.00
car 0.00 0 0.00 365 824 457 887 0.00 0.00 0.00 0.00 0.00 0.00 0.00
car 0.00 0 0.00 397 779 487 839 0.00 0.00 0.00 0.00 0.00 0.00 0.00
car 0.00 0 0.00 427 742 516 793 0.00 0.00 0.00 0.00 0.00 0.00 0.00
car 0.00 0 0.00 446 711 527 756 0.00 0.00 0.00 0.00 0.00 0.00 0.00
car 0.00 0 0.00 461 956 549 1050 0.00 0.00 0.00 0.00 0.00 0.00 0.00
car 0.00 0 0.00 471 681 548 727 0.00 0.00 0.00 0.00 0.00 0.00 0.00
car 0.00 0 0.00 517 627 588 661 0.00 0.00 0.00 0.00 0.00 0.00 0.00
car 0.00 0 0.00 535 607 599 641 0.00 0.00 0.00 0.00 0.00 0.00 0.00
car 0.00 0 0.00 553 585 625 621 0.00 0.00 0.00 0.00 0.00 0.00 0.00
car 0.00 0 0.00 577 540 641 571 0.00 0.00 0.00 0.00 0.00 0.00 0.00
car 0.00 0 0.00 600 522 651 550 0.00 0.00 0.00 0.00 0.00 0.00 0.00
car 0.00 0 0.00 603 498 666 533 0.00 0.00 0.00 0.00 0.00 0.00 0.00
car 0.00 0 0.00 500 437 539 475 0.00 0.00 0.00 0.00 0.00 0.00 0.00
car 0.00 0 0.00 528 438 570 481 0.00 0.00 0.00 0.00 0.00 0.00 0.00
car 0.00 0 0.00 559 447 602 484 0.00 0.00 0.00 0.00 0.00 0.00 0.00
car 0.00 0 0.00 595 461 630 492 0.00 0.00 0.00 0.00 0.00 0.00 0.00
car 0.00 0 0.00 632 460 665 493 0.00 0.00 0.00 0.00 0.00 0.00 0.00
motor 0.00 0 0.00 540 485 561 502 0.00 0.00 0.00 0.00 0.00 0.00 0.00
people 0.00 0 0.00 545 485 552 497 0.00 0.00 0.00 0.00 0.00 0.00 0.00
truck 0.00 0 0.00 441 205 468 221 0.00 0.00 0.00 0.00 0.00 0.00 0.00
car 0.00 0 0.00 547 373 597 400 0.00 0.00 0.00 0.00 0.00 0.00 0.00
car 0.00 0 0.00 589 363 639 386 0.00 0.00 0.00 0.00 0.00 0.00 0.00
car 0.00 0 0.00 646 408 691 433 0.00 0.00 0.00 0.00 0.00 0.00 0.00
car 0.00 0 0.00 661 393 712 423 0.00 0.00 0.00 0.00 0.00 0.00 0.00
pedestrian 0.00 0 0.00 640 329 645 344 0.00 0.00 0.00 0.00 0.00 0.00 0.00
pedestrian 0.00 0 0.00 649 325 654 340 0.00 0.00 0.00 0.00 0.00 0.00 0.00
pedestrian 0.00 0 0.00 658 324 664 341 0.00 0.00 0.00 0.00 0.00 0.00 0.00
pedestrian 0.00 0 0.00 723 358 728 374 0.00 0.00 0.00 0.00 0.00 0.00 0.00
pedestrian 0.00 0 0.00 731 324 735 334 0.00 0.00 0.00 0.00 0.00 0.00 0.00
van 0.00 0 0.00 784 295 806 319 0.00 0.00 0.00 0.00 0.00 0.00 0.00
pedestrian 0.00 0 0.00 785 351 791 364 0.00 0.00 0.00 0.00 0.00 0.00 0.00
motor 0.00 0 0.00 786 206 797 213 0.00 0.00 0.00 0.00 0.00 0.00 0.00
motor 0.00 0 0.00 777 218 788 228 0.00 0.00 0.00 0.00 0.00 0.00 0.00
motor 0.00 0 0.00 770 227 783 236 0.00 0.00 0.00 0.00 0.00 0.00 0.00
motor 0.00 0 0.00 793 202 804 212 0.00 0.00 0.00 0.00 0.00 0.00 0.00
pedestrian 0.00 0 0.00 942 61 944 69 0.00 0.00 0.00 0.00 0.00 0.00 0.00
pedestrian 0.00 0 0.00 960 73 963 83 0.00 0.00 0.00 0.00 0.00 0.00 0.00
pedestrian 0.00 0 0.00 966 73 968 82 0.00 0.00 0.00 0.00 0.00 0.00 0.00
pedestrian 0.00 0 0.00 884 162 887 173 0.00 0.00 0.00 0.00 0.00 0.00 0.00
pedestrian 0.00 0 0.00 877 161 880 170 0.00 0.00 0.00 0.00 0.00 0.00 0.00
pedestrian 0.00 0 0.00 862 168 865 177 0.00 0.00 0.00 0.00 0.00 0.00 0.00
pedestrian 0.00 0 0.00 855 188 859 201 0.00 0.00 0.00 0.00 0.00 0.00 0.00
pedestrian 0.00 0 0.00 849 188 852 198 0.00 0.00 0.00 0.00 0.00 0.00 0.00
pedestrian 0.00 0 0.00 869 197 873 208 0.00 0.00 0.00 0.00 0.00 0.00 0.00
pedestrian 0.00 0 0.00 866 216 870 227 0.00 0.00 0.00 0.00 0.00 0.00 0.00
pedestrian 0.00 0 0.00 860 216 863 227 0.00 0.00 0.00 0.00 0.00 0.00 0.00
car 0.00 0 0.00 945 131 964 141 0.00 0.00 0.00 0.00 0.00 0.00 0.00
car 0.00 0 0.00 943 138 963 149 0.00 0.00 0.00 0.00 0.00 0.00 0.00
car 0.00 0 0.00 936 144 960 155 0.00 0.00 0.00 0.00 0.00 0.00 0.00
car 0.00 0 0.00 931 154 957 166 0.00 0.00 0.00 0.00 0.00 0.00 0.00
car 0.00 0 0.00 921 166 946 175 0.00 0.00 0.00 0.00 0.00 0.00 0.00
car 0.00 0 0.00 920 172 946 181 0.00 0.00 0.00 0.00 0.00 0.00 0.00
car 0.00 0 0.00 911 181 938 191 0.00 0.00 0.00 0.00 0.00 0.00 0.00
van 0.00 0 0.00 912 216 947 232 0.00 0.00 0.00 0.00 0.00 0.00 0.00
van 0.00 0 0.00 935 204 944 217 0.00 0.00 0.00 0.00 0.00 0.00 0.00
van 0.00 0 0.00 851 247 872 260 0.00 0.00 0.00 0.00 0.00 0.00 0.00
pedestrian 0.00 0 0.00 839 263 842 277 0.00 0.00 0.00 0.00 0.00 0.00 0.00
pedestrian 0.00 0 0.00 844 263 846 273 0.00 0.00 0.00 0.00 0.00 0.00 0.00
pedestrian 0.00 0 0.00 848 264 852 272 0.00 0.00 0.00 0.00 0.00 0.00 0.00
car 0.00 0 0.00 1067 26 1076 35 0.00 0.00 0.00 0.00 0.00 0.00 0.00
car 0.00 0 0.00 1061 54 1070 65 0.00 0.00 0.00 0.00 0.00 0.00 0.00
bus 0.00 0 0.00 1033 15 1042 30 0.00 0.00 0.00 0.00 0.00 0.00 0.00
car 0.00 0 0.00 1008 49 1026 59 0.00 0.00 0.00 0.00 0.00 0.00 0.00
car 0.00 0 0.00 1003 56 1021 64 0.00 0.00 0.00 0.00 0.00 0.00 0.00
car 0.00 0 0.00 1002 69 1016 77 0.00 0.00 0.00 0.00 0.00 0.00 0.00
car 0.00 0 0.00 1016 131 1031 142 0.00 0.00 0.00 0.00 0.00 0.00 0.00
car 0.00 0 0.00 1011 144 1024 156 0.00 0.00 0.00 0.00 0.00 0.00 0.00
car 0.00 0 0.00 1043 75 1054 85 0.00 0.00 0.00 0.00 0.00 0.00 0.00
car 0.00 0 0.00 1125 87 1132 96 0.00 0.00 0.00 0.00 0.00 0.00 0.00
car 0.00 0 0.00 1126 119 1134 128 0.00 0.00 0.00 0.00 0.00 0.00 0.00
car 0.00 0 0.00 1125 109 1132 118 0.00 0.00 0.00 0.00 0.00 0.00 0.00
car 0.00 0 0.00 1128 164 1139 177 0.00 0.00 0.00 0.00 0.00 0.00 0.00
car 0.00 0 0.00 1128 177 1138 185 0.00 0.00 0.00 0.00 0.00 0.00 0.00
car 0.00 0 0.00 1129 184 1139 193 0.00 0.00 0.00 0.00 0.00 0.00 0.00
car 0.00 0 0.00 1130 192 1141 202 0.00 0.00 0.00 0.00 0.00 0.00 0.00
car 0.00 0 0.00 1130 201 1145 214 0.00 0.00 0.00 0.00 0.00 0.00 0.00
car 0.00 0 0.00 1129 215 1143 231 0.00 0.00 0.00 0.00 0.00 0.00 0.00
car 0.00 0 0.00 1130 230 1144 246 0.00 0.00 0.00 0.00 0.00 0.00 0.00
car 0.00 0 0.00 1131 261 1148 274 0.00 0.00 0.00 0.00 0.00 0.00 0.00
car 0.00 0 0.00 1133 275 1150 290 0.00 0.00 0.00 0.00 0.00 0.00 0.00
car 0.00 0 0.00 1136 290 1152 308 0.00 0.00 0.00 0.00 0.00 0.00 0.00
car 0.00 0 0.00 1137 356 1159 381 0.00 0.00 0.00 0.00 0.00 0.00 0.00
van 0.00 0 0.00 971 329 990 355 0.00 0.00 0.00 0.00 0.00 0.00 0.00
motor 0.00 0 0.00 1124 357 1132 372 0.00 0.00 0.00 0.00 0.00 0.00 0.00
motor 0.00 0 0.00 1103 399 1119 411 0.00 0.00 0.00 0.00 0.00 0.00 0.00
motor 0.00 0 0.00 1149 330 1155 342 0.00 0.00 0.00 0.00 0.00 0.00 0.00
motor 0.00 0 0.00 1134 381 1148 390 0.00 0.00 0.00 0.00 0.00 0.00 0.00
people 0.00 0 0.00 1150 329 1154 336 0.00 0.00 0.00 0.00 0.00 0.00 0.00
people 0.00 0 0.00 1125 357 1130 365 0.00 0.00 0.00 0.00 0.00 0.00 0.00
people 0.00 0 0.00 1109 397 1118 406 0.00 0.00 0.00 0.00 0.00 0.00 0.00
people 0.00 0 0.00 1135 381 1142 388 0.00 0.00 0.00 0.00 0.00 0.00 0.00
people 0.00 0 0.00 1177 445 1188 453 0.00 0.00 0.00 0.00 0.00 0.00 0.00
people 0.00 0 0.00 1215 429 1221 439 0.00 0.00 0.00 0.00 0.00 0.00 0.00
motor 0.00 0 0.00 1173 446 1189 458 0.00 0.00 0.00 0.00 0.00 0.00 0.00
motor 0.00 0 0.00 1205 433 1222 442 0.00 0.00 0.00 0.00 0.00 0.00 0.00
pedestrian 0.00 0 0.00 1231 421 1236 435 0.00 0.00 0.00 0.00 0.00 0.00 0.00
pedestrian 0.00 0 0.00 1240 428 1245 440 0.00 0.00 0.00 0.00 0.00 0.00 0.00
pedestrian 0.00 0 0.00 1192 373 1197 388 0.00 0.00 0.00 0.00 0.00 0.00 0.00
pedestrian 0.00 0 0.00 1222 343 1226 357 0.00 0.00 0.00 0.00 0.00 0.00 0.00
pedestrian 0.00 0 0.00 1207 319 1212 334 0.00 0.00 0.00 0.00 0.00 0.00 0.00
pedestrian 0.00 0 0.00 1272 334 1277 347 0.00 0.00 0.00 0.00 0.00 0.00 0.00
pedestrian 0.00 0 0.00 1283 351 1288 365 0.00 0.00 0.00 0.00 0.00 0.00 0.00
pedestrian 0.00 0 0.00 1197 289 1203 306 0.00 0.00 0.00 0.00 0.00 0.00 0.00
pedestrian 0.00 0 0.00 1213 277 1217 293 0.00 0.00 0.00 0.00 0.00 0.00 0.00
pedestrian 0.00 0 0.00 1233 260 1236 273 0.00 0.00 0.00 0.00 0.00 0.00 0.00
pedestrian 0.00 0 0.00 1207 264 1209 271 0.00 0.00 0.00 0.00 0.00 0.00 0.00
pedestrian 0.00 0 0.00 1211 264 1215 274 0.00 0.00 0.00 0.00 0.00 0.00 0.00
car 0.00 0 0.00 1188 341 1203 362 0.00 0.00 0.00 0.00 0.00 0.00 0.00
car 0.00 0 0.00 1217 357 1241 385 0.00 0.00 0.00 0.00 0.00 0.00 0.00
car 0.00 0 0.00 1147 463 1211 490 0.00 0.00 0.00 0.00 0.00 0.00 0.00
car 0.00 0 0.00 1241 458 1300 486 0.00 0.00 0.00 0.00 0.00 0.00 0.00
car 0.00 0 0.00 1353 492 1400 516 0.00 0.00 0.00 0.00 0.00 0.00 0.00
pedestrian 0.00 0 0.00 1291 428 1298 447 0.00 0.00 0.00 0.00 0.00 0.00 0.00
pedestrian 0.00 0 0.00 1302 358 1307 371 0.00 0.00 0.00 0.00 0.00 0.00 0.00
pedestrian 0.00 0 0.00 1293 345 1299 356 0.00 0.00 0.00 0.00 0.00 0.00 0.00
pedestrian 0.00 0 0.00 1301 335 1305 346 0.00 0.00 0.00 0.00 0.00 0.00 0.00
pedestrian 0.00 0 0.00 1310 340 1316 354 0.00 0.00 0.00 0.00 0.00 0.00 0.00
pedestrian 0.00 0 0.00 1317 354 1321 367 0.00 0.00 0.00 0.00 0.00 0.00 0.00
pedestrian 0.00 0 0.00 1321 345 1326 356 0.00 0.00 0.00 0.00 0.00 0.00 0.00
pedestrian 0.00 0 0.00 1336 350 1341 362 0.00 0.00 0.00 0.00 0.00 0.00 0.00
pedestrian 0.00 0 0.00 1331 366 1336 381 0.00 0.00 0.00 0.00 0.00 0.00 0.00
pedestrian 0.00 0 0.00 1342 362 1345 373 0.00 0.00 0.00 0.00 0.00 0.00 0.00
pedestrian 0.00 0 0.00 1350 346 1354 358 0.00 0.00 0.00 0.00 0.00 0.00 0.00
pedestrian 0.00 0 0.00 1355 368 1360 386 0.00 0.00 0.00 0.00 0.00 0.00 0.00
pedestrian 0.00 0 0.00 1384 350 1387 363 0.00 0.00 0.00 0.00 0.00 0.00 0.00
pedestrian 0.00 0 0.00 1363 358 1366 369 0.00 0.00 0.00 0.00 0.00 0.00 0.00
pedestrian 0.00 0 0.00 1384 366 1390 376 0.00 0.00 0.00 0.00 0.00 0.00 0.00
pedestrian 0.00 0 0.00 1382 377 1387 389 0.00 0.00 0.00 0.00 0.00 0.00 0.00
pedestrian 0.00 0 0.00 1393 364 1398 376 0.00 0.00 0.00 0.00 0.00 0.00 0.00
car 0.00 0 0.00 1335 336 1355 349 0.00 0.00 0.00 0.00 0.00 0.00 0.00
pedestrian 0.00 0 0.00 1181 581 1191 599 0.00 0.00 0.00 0.00 0.00 0.00 0.00
car 0.00 0 0.00 1301 562 1347 599 0.00 0.00 0.00 0.00 0.00 0.00 0.00
car 0.00 0 0.00 1352 569 1382 598 0.00 0.00 0.00 0.00 0.00 0.00 0.00
pedestrian 0.00 0 0.00 1360 680 1366 697 0.00 0.00 0.00 0.00 0.00 0.00 0.00
pedestrian 0.00 0 0.00 1349 672 1358 696 0.00 0.00 0.00 0.00 0.00 0.00 0.00
car 0.00 0 0.00 1234 705 1276 763 0.00 0.00 0.00 0.00 0.00 0.00 0.00
car 0.00 0 0.00 1153 685 1191 744 0.00 0.00 0.00 0.00 0.00 0.00 0.00
car 0.00 0 0.00 1252 764 1298 840 0.00 0.00 0.00 0.00 0.00 0.00 0.00
car 0.00 0 0.00 1157 747 1201 822 0.00 0.00 0.00 0.00 0.00 0.00 0.00
car 0.00 0 0.00 1160 827 1203 895 0.00 0.00 0.00 0.00 0.00 0.00 0.00
car 0.00 0 0.00 1164 903 1206 989 0.00 0.00 0.00 0.00 0.00 0.00 0.00
people 0.00 0 0.00 1017 491 1027 502 0.00 0.00 0.00 0.00 0.00 0.00 0.00
motor 0.00 0 0.00 1014 498 1034 509 0.00 0.00 0.00 0.00 0.00 0.00 0.00
pedestrian 0.00 0 0.00 1092 379 1099 395 0.00 0.00 0.00 0.00 0.00 0.00 0.00
car 0.00 0 0.00 980 582 1011 630 0.00 0.00 0.00 0.00 0.00 0.00 0.00
car 0.00 0 0.00 967 635 1002 692 0.00 0.00 0.00 0.00 0.00 0.00 0.00
car 0.00 0 0.00 955 696 995 759 0.00 0.00 0.00 0.00 0.00 0.00 0.00
car 0.00 0 0.00 941 769 985 843 0.00 0.00 0.00 0.00 0.00 0.00 0.00
car 0.00 0 0.00 910 954 959 1040 0.00 0.00 0.00 0.00 0.00 0.00 0.00
car 0.00 0 0.00 928 568 961 609 0.00 0.00 0.00 0.00 0.00 0.00 0.00
pedestrian 0.00 0 0.00 752 474 756 494 0.00 0.00 0.00 0.00 0.00 0.00 0.00
pedestrian 0.00 0 0.00 742 491 748 509 0.00 0.00 0.00 0.00 0.00 0.00 0.00
pedestrian 0.00 0 0.00 736 490 742 506 0.00 0.00 0.00 0.00 0.00 0.00 0.00
pedestrian 0.00 0 0.00 685 467 691 482 0.00 0.00 0.00 0.00 0.00 0.00 0.00
pedestrian 0.00 0 0.00 737 464 741 476 0.00 0.00 0.00 0.00 0.00 0.00 0.00
pedestrian 0.00 0 0.00 488 268 496 284 0.00 0.00 0.00 0.00 0.00 0.00 0.00
