car 0.00 0 0.00 16 2 71 28 0.00 0.00 0.00 0.00 0.00 0.00 0.00
car 0.00 0 0.00 88 2 145 29 0.00 0.00 0.00 0.00 0.00 0.00 0.00
car 0.00 0 0.00 0 33 35 60 0.00 0.00 0.00 0.00 0.00 0.00 0.00
car 0.00 0 0.00 174 0 234 12 0.00 0.00 0.00 0.00 0.00 0.00 0.00
people 0.00 0 0.00 275 31 285 48 0.00 0.00 0.00 0.00 0.00 0.00 0.00
people 0.00 0 0.00 371 77 380 93 0.00 0.00 0.00 0.00 0.00 0.00 0.00
people 0.00 0 0.00 372 70 380 83 0.00 0.00 0.00 0.00 0.00 0.00 0.00
people 0.00 0 0.00 253 315 262 329 0.00 0.00 0.00 0.00 0.00 0.00 0.00
people 0.00 0 0.00 252 309 263 320 0.00 0.00 0.00 0.00 0.00 0.00 0.00
people 0.00 0 0.00 294 262 307 274 0.00 0.00 0.00 0.00 0.00 0.00 0.00
people 0.00 0 0.00 383 260 395 276 0.00 0.00 0.00 0.00 0.00 0.00 0.00
people 0.00 0 0.00 217 369 232 382 0.00 0.00 0.00 0.00 0.00 0.00 0.00
people 0.00 0 0.00 184 461 197 475 0.00 0.00 0.00 0.00 0.00 0.00 0.00
people 0.00 0 0.00 86 657 100 678 0.00 0.00 0.00 0.00 0.00 0.00 0.00
pedestrian 0.00 0 0.00 228 735 242 754 0.00 0.00 0.00 0.00 0.00 0.00 0.00
pedestrian 0.00 0 0.00 254 725 268 744 0.00 0.00 0.00 0.00 0.00 0.00 0.00
pedestrian 0.00 0 0.00 254 709 274 729 0.00 0.00 0.00 0.00 0.00 0.00 0.00
pedestrian 0.00 0 0.00 288 700 304 718 0.00 0.00 0.00 0.00 0.00 0.00 0.00
motor 0.00 0 0.00 85 655 105 686 0.00 0.00 0.00 0.00 0.00 0.00 0.00
motor 0.00 0 0.00 186 458 199 487 0.00 0.00 0.00 0.00 0.00 0.00 0.00
motor 0.00 0 0.00 251 310 266 337 0.00 0.00 0.00 0.00 0.00 0.00 0.00
motor 0.00 0 0.00 295 259 310 284 0.00 0.00 0.00 0.00 0.00 0.00 0.00
motor 0.00 0 0.00 384 259 398 287 0.00 0.00 0.00 0.00 0.00 0.00 0.00
motor 0.00 0 0.00 643 197 669 215 0.00 0.00 0.00 0.00 0.00 0.00 0.00
motor 0.00 0 0.00 688 201 705 226 0.00 0.00 0.00 0.00 0.00 0.00 0.00
motor 0.00 0 0.00 718 205 729 227 0.00 0.00 0.00 0.00 0.00 0.00 0.00
motor 0.00 0 0.00 732 205 745 229 0.00 0.00 0.00 0.00 0.00 0.00 0.00
motor 0.00 0 0.00 587 170 610 182 0.00 0.00 0.00 0.00 0.00 0.00 0.00
motor 0.00 0 0.00 584 104 596 132 0.00 0.00 0.00 0.00 0.00 0.00 0.00
motor 0.00 0 0.00 559 99 583 114 0.00 0.00 0.00 0.00 0.00 0.00 0.00
motor 0.00 0 0.00 549 70 572 84 0.00 0.00 0.00 0.00 0.00 0.00 0.00
motor 0.00 0 0.00 539 5 562 20 0.00 0.00 0.00 0.00 0.00 0.00 0.00
motor 0.00 0 0.00 371 75 383 101 0.00 0.00 0.00 0.00 0.00 0.00 0.00
motor 0.00 0 0.00 270 35 293 50 0.00 0.00 0.00 0.00 0.00 0.00 0.00
car 0.00 0 0.00 500 17 530 55 0.00 0.00 0.00 0.00 0.00 0.00 0.00
car 0.00 0 0.00 414 52 442 91 0.00 0.00 0.00 0.00 0.00 0.00 0.00
van 0.00 0 0.00 245 66 295 102 0.00 0.00 0.00 0.00 0.00 0.00 0.00
car 0.00 0 0.00 542 199 595 240 0.00 0.00 0.00 0.00 0.00 0.00 0.00
car 0.00 0 0.00 560 217 613 260 0.00 0.00 0.00 0.00 0.00 0.00 0.00
car 0.00 0 0.00 680 239 711 281 0.00 0.00 0.00 0.00 0.00 0.00 0.00
car 0.00 0 0.00 594 225 644 278 0.00 0.00 0.00 0.00 0.00 0.00 0.00
van 0.00 0 0.00 652 233 677 278 0.00 0.00 0.00 0.00 0.00 0.00 0.00
van 0.00 0 0.00 734 246 757 289 0.00 0.00 0.00 0.00 0.00 0.00 0.00
motor 0.00 0 0.00 501 405 524 439 0.00 0.00 0.00 0.00 0.00 0.00 0.00
car 0.00 0 0.00 16 184 63 230 0.00 0.00 0.00 0.00 0.00 0.00 0.00
awning-tricycle 0.00 0 0.00 91 170 145 197 0.00 0.00 0.00 0.00 0.00 0.00 0.00
awning-tricycle 0.00 0 0.00 96 182 147 219 0.00 0.00 0.00 0.00 0.00 0.00 0.00
awning-tricycle 0.00 0 0.00 108 204 164 238 0.00 0.00 0.00 0.00 0.00 0.00 0.00
awning-tricycle 0.00 0 0.00 124 224 180 262 0.00 0.00 0.00 0.00 0.00 0.00 0.00
awning-tricycle 0.00 0 0.00 120 240 181 282 0.00 0.00 0.00 0.00 0.00 0.00 0.00
awning-tricycle 0.00 0 0.00 133 258 185 302 0.00 0.00 0.00 0.00 0.00 0.00 0.00
pedestrian 0.00 0 0.00 65 269 79 292 0.00 0.00 0.00 0.00 0.00 0.00 0.00
people 0.00 0 0.00 164 271 179 285 0.00 0.00 0.00 0.00 0.00 0.00 0.00
awning-tricycle 0.00 0 0.00 161 297 219 341 0.00 0.00 0.00 0.00 0.00 0.00 0.00
truck 0.00 0 0.00 279 344 331 413 0.00 0.00 0.00 0.00 0.00 0.00 0.00
car 0.00 0 0.00 125 393 177 458 0.00 0.00 0.00 0.00 0.00 0.00 0.00
awning-tricycle 0.00 0 0.00 119 495 150 537 0.00 0.00 0.00 0.00 0.00 0.00 0.00
awning-tricycle 0.00 0 0.00 87 551 141 613 0.00 0.00 0.00 0.00 0.00 0.00 0.00
awning-tricycle 0.00 0 0.00 92 461 131 512 0.00 0.00 0.00 0.00 0.00 0.00 0.00
car 0.00 0 0.00 33 555 91 630 0.00 0.00 0.00 0.00 0.00 0.00 0.00
car 0.00 0 0.00 241 890 306 996 0.00 0.00 0.00 0.00 0.00 0.00 0.00
car 0.00 0 0.00 285 777 345 875 0.00 0.00 0.00 0.00 0.00 0.00 0.00
car 0.00 0 0.00 318 678 376 759 0.00 0.00 0.00 0.00 0.00 0.00 0.00
car 0.00 0 0.00 341 530 393 604 0.00 0.00 0.00 0.00 0.00 0.00 0.00
car 0.00 0 0.00 636 546 708 592 0.00 0.00 0.00 0.00 0.00 0.00 0.00
pedestrian 0.00 0 0.00 784 660 797 673 0.00 0.00 0.00 0.00 0.00 0.00 0.00
motor 0.00 0 0.00 945 681 958 712 0.00 0.00 0.00 0.00 0.00 0.00 0.00
motor 0.00 0 0.00 752 670 790 697 0.00 0.00 0.00 0.00 0.00 0.00 0.00
motor 0.00 0 0.00 745 661 777 689 0.00 0.00 0.00 0.00 0.00 0.00 0.00
motor 0.00 0 0.00 739 650 767 679 0.00 0.00 0.00 0.00 0.00 0.00 0.00
car 0.00 0 0.00 997 774 1079 863 0.00 0.00 0.00 0.00 0.00 0.00 0.00
car 0.00 0 0.00 871 896 945 952 0.00 0.00 0.00 0.00 0.00 0.00 0.00
