car 0.00 0 0.00 1538 1305 1740 1500 0.00 0.00 0.00 0.00 0.00 0.00 0.00
car 0.00 0 0.00 1419 1075 1562 1264 0.00 0.00 0.00 0.00 0.00 0.00 0.00
car 0.00 0 0.00 1325 914 1451 1068 0.00 0.00 0.00 0.00 0.00 0.00 0.00
car 0.00 0 0.00 1059 881 1147 1015 0.00 0.00 0.00 0.00 0.00 0.00 0.00
car 0.00 0 0.00 1222 729 1312 809 0.00 0.00 0.00 0.00 0.00 0.00 0.00
car 0.00 0 0.00 1004 608 1056 677 0.00 0.00 0.00 0.00 0.00 0.00 0.00
car 0.00 0 0.00 1089 464 1130 504 0.00 0.00 0.00 0.00 0.00 0.00 0.00
car 0.00 0 0.00 913 297 930 314 0.00 0.00 0.00 0.00 0.00 0.00 0.00
car 0.00 0 0.00 946 238 973 250 0.00 0.00 0.00 0.00 0.00 0.00 0.00
car 0.00 0 0.00 769 240 791 253 0.00 0.00 0.00 0.00 0.00 0.00 0.00
car 0.00 0 0.00 42 398 117 425 0.00 0.00 0.00 0.00 0.00 0.00 0.00
car 0.00 0 0.00 53 388 125 410 0.00 0.00 0.00 0.00 0.00 0.00 0.00
car 0.00 0 0.00 45 378 125 400 0.00 0.00 0.00 0.00 0.00 0.00 0.00
car 0.00 0 0.00 45 375 117 395 0.00 0.00 0.00 0.00 0.00 0.00 0.00
car 0.00 0 0.00 36 370 96 394 0.00 0.00 0.00 0.00 0.00 0.00 0.00
car 0.00 0 0.00 34 367 87 390 0.00 0.00 0.00 0.00 0.00 0.00 0.00
van 0.00 0 0.00 23 361 85 387 0.00 0.00 0.00 0.00 0.00 0.00 0.00
car 0.00 0 0.00 12 362 67 385 0.00 0.00 0.00 0.00 0.00 0.00 0.00
car 0.00 0 0.00 0 360 60 380 0.00 0.00 0.00 0.00 0.00 0.00 0.00
car 0.00 0 0.00 0 348 49 369 0.00 0.00 0.00 0.00 0.00 0.00 0.00
van 0.00 0 0.00 0 341 49 364 0.00 0.00 0.00 0.00 0.00 0.00 0.00
car 0.00 0 0.00 0 331 50 351 0.00 0.00 0.00 0.00 0.00 0.00 0.00
car 0.00 0 0.00 0 310 31 330 0.00 0.00 0.00 0.00 0.00 0.00 0.00
car 0.00 0 0.00 19 301 70 321 0.00 0.00 0.00 0.00 0.00 0.00 0.00
car 0.00 0 0.00 119 339 169 360 0.00 0.00 0.00 0.00 0.00 0.00 0.00
car 0.00 0 0.00 153 341 202 360 0.00 0.00 0.00 0.00 0.00 0.00 0.00
van 0.00 0 0.00 161 343 220 369 0.00 0.00 0.00 0.00 0.00 0.00 0.00
pedestrian 0.00 0 0.00 163 393 177 415 0.00 0.00 0.00 0.00 0.00 0.00 0.00
pedestrian 0.00 0 0.00 161 388 174 412 0.00 0.00 0.00 0.00 0.00 0.00 0.00
pedestrian 0.00 0 0.00 192 380 205 405 0.00 0.00 0.00 0.00 0.00 0.00 0.00
pedestrian 0.00 0 0.00 164 366 175 389 0.00 0.00 0.00 0.00 0.00 0.00 0.00
pedestrian 0.00 0 0.00 195 354 206 376 0.00 0.00 0.00 0.00 0.00 0.00 0.00
pedestrian 0.00 0 0.00 209 355 220 376 0.00 0.00 0.00 0.00 0.00 0.00 0.00
pedestrian 0.00 0 0.00 215 352 224 370 0.00 0.00 0.00 0.00 0.00 0.00 0.00
pedestrian 0.00 0 0.00 403 668 424 710 0.00 0.00 0.00 0.00 0.00 0.00 0.00
car 0.00 0 0.00 280 237 313 247 0.00 0.00 0.00 0.00 0.00 0.00 0.00
car 0.00 0 0.00 328 234 361 245 0.00 0.00 0.00 0.00 0.00 0.00 0.00
car 0.00 0 0.00 339 223 371 234 0.00 0.00 0.00 0.00 0.00 0.00 0.00
van 0.00 0 0.00 356 221 387 235 0.00 0.00 0.00 0.00 0.00 0.00 0.00
car 0.00 0 0.00 368 221 401 231 0.00 0.00 0.00 0.00 0.00 0.00 0.00
pedestrian 0.00 0 0.00 453 232 459 243 0.00 0.00 0.00 0.00 0.00 0.00 0.00
pedestrian 0.00 0 0.00 443 234 449 245 0.00 0.00 0.00 0.00 0.00 0.00 0.00
car 0.00 0 0.00 654 231 668 242 0.00 0.00 0.00 0.00 0.00 0.00 0.00
truck 0.00 0 0.00 713 219 742 237 0.00 0.00 0.00 0.00 0.00 0.00 0.00
car 0.00 0 0.00 763 225 781 236 0.00 0.00 0.00 0.00 0.00 0.00 0.00
truck 0.00 0 0.00 789 232 835 253 0.00 0.00 0.00 0.00 0.00 0.00 0.00
truck 0.00 0 0.00 868 235 934 265 0.00 0.00 0.00 0.00 0.00 0.00 0.00
truck 0.00 0 0.00 903 226 932 246 0.00 0.00 0.00 0.00 0.00 0.00 0.00
van 0.00 0 0.00 1048 266 1081 284 0.00 0.00 0.00 0.00 0.00 0.00 0.00
van 0.00 0 0.00 1046 262 1079 282 0.00 0.00 0.00 0.00 0.00 0.00 0.00
van 0.00 0 0.00 1039 235 1061 248 0.00 0.00 0.00 0.00 0.00 0.00 0.00
van 0.00 0 0.00 1025 211 1046 222 0.00 0.00 0.00 0.00 0.00 0.00 0.00
truck 0.00 0 0.00 1002 283 1020 308 0.00 0.00 0.00 0.00 0.00 0.00 0.00
van 0.00 0 0.00 979 320 999 348 0.00 0.00 0.00 0.00 0.00 0.00 0.00
van 0.00 0 0.00 951 347 976 378 0.00 0.00 0.00 0.00 0.00 0.00 0.00
van 0.00 0 0.00 1063 421 1104 464 0.00 0.00 0.00 0.00 0.00 0.00 0.00
truck 0.00 0 0.00 979 492 1030 554 0.00 0.00 0.00 0.00 0.00 0.00 0.00
van 0.00 0 0.00 1129 527 1175 588 0.00 0.00 0.00 0.00 0.00 0.00 0.00
truck 0.00 0 0.00 1166 628 1276 726 0.00 0.00 0.00 0.00 0.00 0.00 0.00
tricycle 0.00 0 0.00 1031 793 1057 853 0.00 0.00 0.00 0.00 0.00 0.00 0.00
motor 0.00 0 0.00 971 465 1000 484 0.00 0.00 0.00 0.00 0.00 0.00 0.00
motor 0.00 0 0.00 964 451 990 473 0.00 0.00 0.00 0.00 0.00 0.00 0.00
bicycle 0.00 0 0.00 942 474 969 492 0.00 0.00 0.00 0.00 0.00 0.00 0.00
motor 0.00 0 0.00 939 462 952 484 0.00 0.00 0.00 0.00 0.00 0.00 0.00
car 0.00 0 0.00 962 427 995 459 0.00 0.00 0.00 0.00 0.00 0.00 0.00
car 0.00 0 0.00 1105 503 1150 547 0.00 0.00 0.00 0.00 0.00 0.00 0.00
car 0.00 0 0.00 1063 410 1090 433 0.00 0.00 0.00 0.00 0.00 0.00 0.00
car 0.00 0 0.00 1051 392 1081 418 0.00 0.00 0.00 0.00 0.00 0.00 0.00
car 0.00 0 0.00 1037 372 1066 400 0.00 0.00 0.00 0.00 0.00 0.00 0.00
car 0.00 0 0.00 1034 357 1059 379 0.00 0.00 0.00 0.00 0.00 0.00 0.00
car 0.00 0 0.00 1023 344 1048 364 0.00 0.00 0.00 0.00 0.00 0.00 0.00
car 0.00 0 0.00 942 338 970 361 0.00 0.00 0.00 0.00 0.00 0.00 0.00
car 0.00 0 0.00 918 326 966 349 0.00 0.00 0.00 0.00 0.00 0.00 0.00
car 0.00 0 0.00 918 320 936 339 0.00 0.00 0.00 0.00 0.00 0.00 0.00
car 0.00 0 0.00 944 320 963 338 0.00 0.00 0.00 0.00 0.00 0.00 0.00
car 0.00 0 0.00 1014 310 1057 328 0.00 0.00 0.00 0.00 0.00 0.00 0.00
car 0.00 0 0.00 1004 301 1025 320 0.00 0.00 0.00 0.00 0.00 0.00 0.00
car 0.00 0 0.00 936 288 953 304 0.00 0.00 0.00 0.00 0.00 0.00 0.00
car 0.00 0 0.00 990 276 1008 292 0.00 0.00 0.00 0.00 0.00 0.00 0.00
car 0.00 0 0.00 866 283 901 297 0.00 0.00 0.00 0.00 0.00 0.00 0.00
car 0.00 0 0.00 986 268 1004 282 0.00 0.00 0.00 0.00 0.00 0.00 0.00
car 0.00 0 0.00 982 262 1000 277 0.00 0.00 0.00 0.00 0.00 0.00 0.00
car 0.00 0 0.00 980 254 995 267 0.00 0.00 0.00 0.00 0.00 0.00 0.00
car 0.00 0 0.00 931 280 948 294 0.00 0.00 0.00 0.00 0.00 0.00 0.00
car 0.00 0 0.00 931 273 947 285 0.00 0.00 0.00 0.00 0.00 0.00 0.00
car 0.00 0 0.00 929 262 945 276 0.00 0.00 0.00 0.00 0.00 0.00 0.00
car 0.00 0 0.00 1010 242 1034 255 0.00 0.00 0.00 0.00 0.00 0.00 0.00
car 0.00 0 0.00 995 240 1020 252 0.00 0.00 0.00 0.00 0.00 0.00 0.00
car 0.00 0 0.00 931 230 952 240 0.00 0.00 0.00 0.00 0.00 0.00 0.00
car 0.00 0 0.00 1047 210 1070 221 0.00 0.00 0.00 0.00 0.00 0.00 0.00
car 0.00 0 0.00 934 213 957 224 0.00 0.00 0.00 0.00 0.00 0.00 0.00
car 0.00 0 0.00 914 222 930 231 0.00 0.00 0.00 0.00 0.00 0.00 0.00
car 0.00 0 0.00 892 220 914 230 0.00 0.00 0.00 0.00 0.00 0.00 0.00
car 0.00 0 0.00 882 218 908 228 0.00 0.00 0.00 0.00 0.00 0.00 0.00
car 0.00 0 0.00 918 211 941 222 0.00 0.00 0.00 0.00 0.00 0.00 0.00
car 0.00 0 0.00 905 212 929 222 0.00 0.00 0.00 0.00 0.00 0.00 0.00
car 0.00 0 0.00 897 209 918 220 0.00 0.00 0.00 0.00 0.00 0.00 0.00
car 0.00 0 0.00 886 206 909 216 0.00 0.00 0.00 0.00 0.00 0.00 0.00
car 0.00 0 0.00 876 204 901 215 0.00 0.00 0.00 0.00 0.00 0.00 0.00
van 0.00 0 0.00 782 268 799 287 0.00 0.00 0.00 0.00 0.00 0.00 0.00
pedestrian 0.00 0 0.00 839 246 845 259 0.00 0.00 0.00 0.00 0.00 0.00 0.00
pedestrian 0.00 0 0.00 821 285 826 301 0.00 0.00 0.00 0.00 0.00 0.00 0.00
motor 0.00 0 0.00 1010 674 1032 712 0.00 0.00 0.00 0.00 0.00 0.00 0.00
motor 0.00 0 0.00 952 398 977 413 0.00 0.00 0.00 0.00 0.00 0.00 0.00
people 0.00 0 0.00 961 390 972 410 0.00 0.00 0.00 0.00 0.00 0.00 0.00
people 0.00 0 0.00 932 388 942 405 0.00 0.00 0.00 0.00 0.00 0.00 0.00
pedestrian 0.00 0 0.00 1017 335 1024 356 0.00 0.00 0.00 0.00 0.00 0.00 0.00
pedestrian 0.00 0 0.00 1020 317 1029 335 0.00 0.00 0.00 0.00 0.00 0.00 0.00
motor 0.00 0 0.00 1018 325 1035 338 0.00 0.00 0.00 0.00 0.00 0.00 0.00
pedestrian 0.00 0 0.00 898 284 906 305 0.00 0.00 0.00 0.00 0.00 0.00 0.00
car 0.00 0 0.00 642 256 682 271 0.00 0.00 0.00 0.00 0.00 0.00 0.00
