tricycle 0.00 0 0.00 184 573 247 610 0.00 0.00 0.00 0.00 0.00 0.00 0.00
car 0.00 0 0.00 144 523 216 571 0.00 0.00 0.00 0.00 0.00 0.00 0.00
car 0.00 0 0.00 124 503 232 543 0.00 0.00 0.00 0.00 0.00 0.00 0.00
van 0.00 0 0.00 175 466 288 516 0.00 0.00 0.00 0.00 0.00 0.00 0.00
van 0.00 0 0.00 184 433 302 492 0.00 0.00 0.00 0.00 0.00 0.00 0.00
truck 0.00 0 0.00 238 419 310 454 0.00 0.00 0.00 0.00 0.00 0.00 0.00
motor 0.00 0 0.00 258 417 299 434 0.00 0.00 0.00 0.00 0.00 0.00 0.00
tricycle 0.00 0 0.00 266 394 336 438 0.00 0.00 0.00 0.00 0.00 0.00 0.00
awning-tricycle 0.00 0 0.00 394 374 443 425 0.00 0.00 0.00 0.00 0.00 0.00 0.00
awning-tricycle 0.00 0 0.00 426 418 473 456 0.00 0.00 0.00 0.00 0.00 0.00 0.00
awning-tricycle 0.00 0 0.00 255 637 311 700 0.00 0.00 0.00 0.00 0.00 0.00 0.00
car 0.00 0 0.00 55 424 155 468 0.00 0.00 0.00 0.00 0.00 0.00 0.00
car 0.00 0 0.00 0 451 101 501 0.00 0.00 0.00 0.00 0.00 0.00 0.00
car 0.00 0 0.00 0 481 72 523 0.00 0.00 0.00 0.00 0.00 0.00 0.00
bus 0.00 0 0.00 0 351 119 442 0.00 0.00 0.00 0.00 0.00 0.00 0.00
truck 0.00 0 0.00 71 245 376 319 0.00 0.00 0.00 0.00 0.00 0.00 0.00
car 0.00 0 0.00 382 244 440 271 0.00 0.00 0.00 0.00 0.00 0.00 0.00
motor 0.00 0 0.00 27 212 47 229 0.00 0.00 0.00 0.00 0.00 0.00 0.00
motor 0.00 0 0.00 64 230 78 250 0.00 0.00 0.00 0.00 0.00 0.00 0.00
motor 0.00 0 0.00 74 233 86 250 0.00 0.00 0.00 0.00 0.00 0.00 0.00
motor 0.00 0 0.00 82 232 96 249 0.00 0.00 0.00 0.00 0.00 0.00 0.00
motor 0.00 0 0.00 86 233 99 250 0.00 0.00 0.00 0.00 0.00 0.00 0.00
motor 0.00 0 0.00 92 230 105 250 0.00 0.00 0.00 0.00 0.00 0.00 0.00
motor 0.00 0 0.00 95 232 111 249 0.00 0.00 0.00 0.00 0.00 0.00 0.00
motor 0.00 0 0.00 100 231 114 250 0.00 0.00 0.00 0.00 0.00 0.00 0.00
motor 0.00 0 0.00 104 232 118 249 0.00 0.00 0.00 0.00 0.00 0.00 0.00
motor 0.00 0 0.00 112 232 127 249 0.00 0.00 0.00 0.00 0.00 0.00 0.00
motor 0.00 0 0.00 122 232 137 248 0.00 0.00 0.00 0.00 0.00 0.00 0.00
motor 0.00 0 0.00 133 233 156 252 0.00 0.00 0.00 0.00 0.00 0.00 0.00
motor 0.00 0 0.00 195 215 206 232 0.00 0.00 0.00 0.00 0.00 0.00 0.00
motor 0.00 0 0.00 239 208 252 220 0.00 0.00 0.00 0.00 0.00 0.00 0.00
motor 0.00 0 0.00 169 213 184 228 0.00 0.00 0.00 0.00 0.00 0.00 0.00
awning-tricycle 0.00 0 0.00 251 216 288 241 0.00 0.00 0.00 0.00 0.00 0.00 0.00
motor 0.00 0 0.00 283 224 310 240 0.00 0.00 0.00 0.00 0.00 0.00 0.00
awning-tricycle 0.00 0 0.00 274 208 310 232 0.00 0.00 0.00 0.00 0.00 0.00 0.00
motor 0.00 0 0.00 321 213 339 234 0.00 0.00 0.00 0.00 0.00 0.00 0.00
bicycle 0.00 0 0.00 332 209 343 225 0.00 0.00 0.00 0.00 0.00 0.00 0.00
motor 0.00 0 0.00 351 209 365 228 0.00 0.00 0.00 0.00 0.00 0.00 0.00
pedestrian 0.00 0 0.00 298 202 308 224 0.00 0.00 0.00 0.00 0.00 0.00 0.00
pedestrian 0.00 0 0.00 284 205 296 229 0.00 0.00 0.00 0.00 0.00 0.00 0.00
awning-tricycle 0.00 0 0.00 474 240 514 269 0.00 0.00 0.00 0.00 0.00 0.00 0.00
awning-tricycle 0.00 0 0.00 472 217 496 246 0.00 0.00 0.00 0.00 0.00 0.00 0.00
awning-tricycle 0.00 0 0.00 493 215 517 249 0.00 0.00 0.00 0.00 0.00 0.00 0.00
tricycle 0.00 0 0.00 514 220 535 245 0.00 0.00 0.00 0.00 0.00 0.00 0.00
bicycle 0.00 0 0.00 584 228 599 248 0.00 0.00 0.00 0.00 0.00 0.00 0.00
tricycle 0.00 0 0.00 574 220 594 250 0.00 0.00 0.00 0.00 0.00 0.00 0.00
pedestrian 0.00 0 0.00 547 198 558 219 0.00 0.00 0.00 0.00 0.00 0.00 0.00
pedestrian 0.00 0 0.00 557 198 567 220 0.00 0.00 0.00 0.00 0.00 0.00 0.00
pedestrian 0.00 0 0.00 596 200 611 224 0.00 0.00 0.00 0.00 0.00 0.00 0.00
pedestrian 0.00 0 0.00 629 197 641 221 0.00 0.00 0.00 0.00 0.00 0.00 0.00
awning-tricycle 0.00 0 0.00 641 187 661 215 0.00 0.00 0.00 0.00 0.00 0.00 0.00
awning-tricycle 0.00 0 0.00 694 207 717 243 0.00 0.00 0.00 0.00 0.00 0.00 0.00
car 0.00 0 0.00 685 189 741 214 0.00 0.00 0.00 0.00 0.00 0.00 0.00
motor 0.00 0 0.00 735 146 752 158 0.00 0.00 0.00 0.00 0.00 0.00 0.00
tricycle 0.00 0 0.00 799 147 813 166 0.00 0.00 0.00 0.00 0.00 0.00 0.00
people 0.00 0 0.00 832 174 839 190 0.00 0.00 0.00 0.00 0.00 0.00 0.00
motor 0.00 0 0.00 830 176 839 195 0.00 0.00 0.00 0.00 0.00 0.00 0.00
truck 0.00 0 0.00 754 105 822 137 0.00 0.00 0.00 0.00 0.00 0.00 0.00
van 0.00 0 0.00 772 95 815 118 0.00 0.00 0.00 0.00 0.00 0.00 0.00
van 0.00 0 0.00 782 92 819 112 0.00 0.00 0.00 0.00 0.00 0.00 0.00
van 0.00 0 0.00 795 87 827 108 0.00 0.00 0.00 0.00 0.00 0.00 0.00
awning-tricycle 0.00 0 0.00 848 105 865 130 0.00 0.00 0.00 0.00 0.00 0.00 0.00
car 0.00 0 0.00 903 148 927 169 0.00 0.00 0.00 0.00 0.00 0.00 0.00
motor 0.00 0 0.00 928 143 936 158 0.00 0.00 0.00 0.00 0.00 0.00 0.00
van 0.00 0 0.00 896 198 938 232 0.00 0.00 0.00 0.00 0.00 0.00 0.00
van 0.00 0 0.00 944 192 986 232 0.00 0.00 0.00 0.00 0.00 0.00 0.00
tricycle 0.00 0 0.00 1010 200 1037 224 0.00 0.00 0.00 0.00 0.00 0.00 0.00
car 0.00 0 0.00 914 283 991 312 0.00 0.00 0.00 0.00 0.00 0.00 0.00
awning-tricycle 0.00 0 0.00 1049 181 1069 211 0.00 0.00 0.00 0.00 0.00 0.00 0.00
motor 0.00 0 0.00 1084 183 1096 204 0.00 0.00 0.00 0.00 0.00 0.00 0.00
tricycle 0.00 0 0.00 1108 186 1141 204 0.00 0.00 0.00 0.00 0.00 0.00 0.00
pedestrian 0.00 0 0.00 1051 230 1061 258 0.00 0.00 0.00 0.00 0.00 0.00 0.00
awning-tricycle 0.00 0 0.00 1283 227 1372 263 0.00 0.00 0.00 0.00 0.00 0.00 0.00
truck 0.00 0 0.00 1173 262 1290 308 0.00 0.00 0.00 0.00 0.00 0.00 0.00
people 0.00 0 0.00 1204 303 1217 326 0.00 0.00 0.00 0.00 0.00 0.00 0.00
motor 0.00 0 0.00 1191 309 1224 331 0.00 0.00 0.00 0.00 0.00 0.00 0.00
motor 0.00 0 0.00 1259 204 1284 221 0.00 0.00 0.00 0.00 0.00 0.00 0.00
motor 0.00 0 0.00 1264 200 1277 214 0.00 0.00 0.00 0.00 0.00 0.00 0.00
motor 0.00 0 0.00 1293 199 1309 218 0.00 0.00 0.00 0.00 0.00 0.00 0.00
people 0.00 0 0.00 1289 214 1298 227 0.00 0.00 0.00 0.00 0.00 0.00 0.00
pedestrian 0.00 0 0.00 1267 182 1277 204 0.00 0.00 0.00 0.00 0.00 0.00 0.00
pedestrian 0.00 0 0.00 1286 185 1294 208 0.00 0.00 0.00 0.00 0.00 0.00 0.00
pedestrian 0.00 0 0.00 1314 190 1324 211 0.00 0.00 0.00 0.00 0.00 0.00 0.00
people 0.00 0 0.00 1323 200 1335 217 0.00 0.00 0.00 0.00 0.00 0.00 0.00
pedestrian 0.00 0 0.00 1365 197 1374 223 0.00 0.00 0.00 0.00 0.00 0.00 0.00
tricycle 0.00 0 0.00 1368 208 1394 232 0.00 0.00 0.00 0.00 0.00 0.00 0.00
motor 0.00 0 0.00 1391 214 1406 231 0.00 0.00 0.00 0.00 0.00 0.00 0.00
motor 0.00 0 0.00 1436 216 1458 236 0.00 0.00 0.00 0.00 0.00 0.00 0.00
motor 0.00 0 0.00 1344 197 1362 214 0.00 0.00 0.00 0.00 0.00 0.00 0.00
motor 0.00 0 0.00 1353 192 1371 211 0.00 0.00 0.00 0.00 0.00 0.00 0.00
motor 0.00 0 0.00 1380 191 1393 212 0.00 0.00 0.00 0.00 0.00 0.00 0.00
motor 0.00 0 0.00 1414 195 1429 211 0.00 0.00 0.00 0.00 0.00 0.00 0.00
bicycle 0.00 0 0.00 1418 192 1444 208 0.00 0.00 0.00 0.00 0.00 0.00 0.00
car 0.00 0 0.00 1403 230 1472 260 0.00 0.00 0.00 0.00 0.00 0.00 0.00
motor 0.00 0 0.00 1469 210 1485 226 0.00 0.00 0.00 0.00 0.00 0.00 0.00
motor 0.00 0 0.00 1423 291 1448 309 0.00 0.00 0.00 0.00 0.00 0.00 0.00
people 0.00 0 0.00 1425 283 1443 304 0.00 0.00 0.00 0.00 0.00 0.00 0.00
tricycle 0.00 0 0.00 1478 204 1501 226 0.00 0.00 0.00 0.00 0.00 0.00 0.00
tricycle 0.00 0 0.00 1504 208 1525 228 0.00 0.00 0.00 0.00 0.00 0.00 0.00
car 0.00 0 0.00 1417 295 1506 327 0.00 0.00 0.00 0.00 0.00 0.00 0.00
car 0.00 0 0.00 1501 229 1571 258 0.00 0.00 0.00 0.00 0.00 0.00 0.00
van 0.00 0 0.00 1528 291 1598 325 0.00 0.00 0.00 0.00 0.00 0.00 0.00
awning-tricycle 0.00 0 0.00 1585 230 1624 257 0.00 0.00 0.00 0.00 0.00 0.00 0.00
awning-tricycle 0.00 0 0.00 1530 204 1557 232 0.00 0.00 0.00 0.00 0.00 0.00 0.00
awning-tricycle 0.00 0 0.00 1550 204 1579 235 0.00 0.00 0.00 0.00 0.00 0.00 0.00
awning-tricycle 0.00 0 0.00 1574 205 1601 236 0.00 0.00 0.00 0.00 0.00 0.00 0.00
tricycle 0.00 0 0.00 1603 216 1626 234 0.00 0.00 0.00 0.00 0.00 0.00 0.00
awning-tricycle 0.00 0 0.00 1612 207 1649 235 0.00 0.00 0.00 0.00 0.00 0.00 0.00
car 0.00 0 0.00 1649 216 1707 250 0.00 0.00 0.00 0.00 0.00 0.00 0.00
pedestrian 0.00 0 0.00 1488 183 1497 203 0.00 0.00 0.00 0.00 0.00 0.00 0.00
car 0.00 0 0.00 1755 204 1803 232 0.00 0.00 0.00 0.00 0.00 0.00 0.00
motor 0.00 0 0.00 1760 195 1778 207 0.00 0.00 0.00 0.00 0.00 0.00 0.00
motor 0.00 0 0.00 1767 298 1782 324 0.00 0.00 0.00 0.00 0.00 0.00 0.00
van 0.00 0 0.00 1779 283 1848 320 0.00 0.00 0.00 0.00 0.00 0.00 0.00
people 0.00 0 0.00 1728 279 1740 301 0.00 0.00 0.00 0.00 0.00 0.00 0.00
tricycle 0.00 0 0.00 1703 284 1745 305 0.00 0.00 0.00 0.00 0.00 0.00 0.00
motor 0.00 0 0.00 1843 186 1855 202 0.00 0.00 0.00 0.00 0.00 0.00 0.00
truck 0.00 0 0.00 1049 316 1162 363 0.00 0.00 0.00 0.00 0.00 0.00 0.00
awning-tricycle 0.00 0 0.00 955 335 984 382 0.00 0.00 0.00 0.00 0.00 0.00 0.00
van 0.00 0 0.00 1112 356 1174 394 0.00 0.00 0.00 0.00 0.00 0.00 0.00
pedestrian 0.00 0 0.00 1236 384 1254 415 0.00 0.00 0.00 0.00 0.00 0.00 0.00
pedestrian 0.00 0 0.00 1183 394 1199 424 0.00 0.00 0.00 0.00 0.00 0.00 0.00
car 0.00 0 0.00 1117 412 1200 454 0.00 0.00 0.00 0.00 0.00 0.00 0.00
tricycle 0.00 0 0.00 1178 429 1238 472 0.00 0.00 0.00 0.00 0.00 0.00 0.00
tricycle 0.00 0 0.00 1196 491 1253 526 0.00 0.00 0.00 0.00 0.00 0.00 0.00
motor 0.00 0 0.00 1222 492 1262 516 0.00 0.00 0.00 0.00 0.00 0.00 0.00
tricycle 0.00 0 0.00 1210 515 1264 550 0.00 0.00 0.00 0.00 0.00 0.00 0.00
motor 0.00 0 0.00 1069 468 1105 492 0.00 0.00 0.00 0.00 0.00 0.00 0.00
pedestrian 0.00 0 0.00 1098 465 1112 496 0.00 0.00 0.00 0.00 0.00 0.00 0.00
awning-tricycle 0.00 0 0.00 993 407 1038 468 0.00 0.00 0.00 0.00 0.00 0.00 0.00
awning-tricycle 0.00 0 0.00 1007 475 1044 536 0.00 0.00 0.00 0.00 0.00 0.00 0.00
tricycle 0.00 0 0.00 1015 528 1041 589 0.00 0.00 0.00 0.00 0.00 0.00 0.00
pedestrian 0.00 0 0.00 1039 539 1053 578 0.00 0.00 0.00 0.00 0.00 0.00 0.00
motor 0.00 0 0.00 1061 508 1081 542 0.00 0.00 0.00 0.00 0.00 0.00 0.00
tricycle 0.00 0 0.00 1038 529 1107 570 0.00 0.00 0.00 0.00 0.00 0.00 0.00
people 0.00 0 0.00 986 561 1002 600 0.00 0.00 0.00 0.00 0.00 0.00 0.00
motor 0.00 0 0.00 974 571 1017 603 0.00 0.00 0.00 0.00 0.00 0.00 0.00
awning-tricycle 0.00 0 0.00 989 591 1036 671 0.00 0.00 0.00 0.00 0.00 0.00 0.00
awning-tricycle 0.00 0 0.00 1078 645 1124 725 0.00 0.00 0.00 0.00 0.00 0.00 0.00
tricycle 0.00 0 0.00 1157 619 1195 676 0.00 0.00 0.00 0.00 0.00 0.00 0.00
tricycle 0.00 0 0.00 1266 577 1339 614 0.00 0.00 0.00 0.00 0.00 0.00 0.00
people 0.00 0 0.00 1305 579 1324 606 0.00 0.00 0.00 0.00 0.00 0.00 0.00
pedestrian 0.00 0 0.00 1291 615 1308 649 0.00 0.00 0.00 0.00 0.00 0.00 0.00
pedestrian 0.00 0 0.00 1314 611 1329 653 0.00 0.00 0.00 0.00 0.00 0.00 0.00
pedestrian 0.00 0 0.00 1344 607 1365 660 0.00 0.00 0.00 0.00 0.00 0.00 0.00
people 0.00 0 0.00 1174 683 1207 719 0.00 0.00 0.00 0.00 0.00 0.00 0.00
pedestrian 0.00 0 0.00 1107 615 1123 653 0.00 0.00 0.00 0.00 0.00 0.00 0.00
pedestrian 0.00 0 0.00 1204 720 1220 771 0.00 0.00 0.00 0.00 0.00 0.00 0.00
pedestrian 0.00 0 0.00 1216 715 1234 759 0.00 0.00 0.00 0.00 0.00 0.00 0.00
pedestrian 0.00 0 0.00 1083 754 1105 798 0.00 0.00 0.00 0.00 0.00 0.00 0.00
pedestrian 0.00 0 0.00 1195 803 1219 847 0.00 0.00 0.00 0.00 0.00 0.00 0.00
people 0.00 0 0.00 1346 808 1372 838 0.00 0.00 0.00 0.00 0.00 0.00 0.00
motor 0.00 0 0.00 1329 622 1370 648 0.00 0.00 0.00 0.00 0.00 0.00 0.00
tricycle 0.00 0 0.00 1288 601 1325 658 0.00 0.00 0.00 0.00 0.00 0.00 0.00
motor 0.00 0 0.00 1269 627 1297 666 0.00 0.00 0.00 0.00 0.00 0.00 0.00
motor 0.00 0 0.00 1237 619 1260 660 0.00 0.00 0.00 0.00 0.00 0.00 0.00
motor 0.00 0 0.00 1209 621 1230 656 0.00 0.00 0.00 0.00 0.00 0.00 0.00
motor 0.00 0 0.00 1222 618 1244 657 0.00 0.00 0.00 0.00 0.00 0.00 0.00
motor 0.00 0 0.00 1186 611 1211 653 0.00 0.00 0.00 0.00 0.00 0.00 0.00
motor 0.00 0 0.00 1218 639 1234 677 0.00 0.00 0.00 0.00 0.00 0.00 0.00
motor 0.00 0 0.00 1227 636 1254 673 0.00 0.00 0.00 0.00 0.00 0.00 0.00
motor 0.00 0 0.00 1250 633 1274 670 0.00 0.00 0.00 0.00 0.00 0.00 0.00
motor 0.00 0 0.00 1257 647 1278 686 0.00 0.00 0.00 0.00 0.00 0.00 0.00
motor 0.00 0 0.00 1250 646 1270 696 0.00 0.00 0.00 0.00 0.00 0.00 0.00
motor 0.00 0 0.00 1227 648 1255 697 0.00 0.00 0.00 0.00 0.00 0.00 0.00
motor 0.00 0 0.00 1191 653 1223 700 0.00 0.00 0.00 0.00 0.00 0.00 0.00
motor 0.00 0 0.00 1141 648 1166 690 0.00 0.00 0.00 0.00 0.00 0.00 0.00
bicycle 0.00 0 0.00 1185 671 1208 717 0.00 0.00 0.00 0.00 0.00 0.00 0.00
bicycle 0.00 0 0.00 1260 670 1285 716 0.00 0.00 0.00 0.00 0.00 0.00 0.00
motor 0.00 0 0.00 1282 657 1313 699 0.00 0.00 0.00 0.00 0.00 0.00 0.00
bicycle 0.00 0 0.00 1292 633 1318 680 0.00 0.00 0.00 0.00 0.00 0.00 0.00
motor 0.00 0 0.00 1281 720 1329 753 0.00 0.00 0.00 0.00 0.00 0.00 0.00
motor 0.00 0 0.00 1262 740 1314 771 0.00 0.00 0.00 0.00 0.00 0.00 0.00
motor 0.00 0 0.00 1261 748 1316 787 0.00 0.00 0.00 0.00 0.00 0.00 0.00
tricycle 0.00 0 0.00 1133 739 1222 806 0.00 0.00 0.00 0.00 0.00 0.00 0.00
tricycle 0.00 0 0.00 1141 785 1226 830 0.00 0.00 0.00 0.00 0.00 0.00 0.00
motor 0.00 0 0.00 1239 802 1287 835 0.00 0.00 0.00 0.00 0.00 0.00 0.00
motor 0.00 0 0.00 1244 815 1292 847 0.00 0.00 0.00 0.00 0.00 0.00 0.00
motor 0.00 0 0.00 1241 833 1303 868 0.00 0.00 0.00 0.00 0.00 0.00 0.00
motor 0.00 0 0.00 1355 830 1406 870 0.00 0.00 0.00 0.00 0.00 0.00 0.00
motor 0.00 0 0.00 1369 844 1421 883 0.00 0.00 0.00 0.00 0.00 0.00 0.00
motor 0.00 0 0.00 1368 870 1430 911 0.00 0.00 0.00 0.00 0.00 0.00 0.00
motor 0.00 0 0.00 1371 894 1430 930 0.00 0.00 0.00 0.00 0.00 0.00 0.00
motor 0.00 0 0.00 1399 974 1453 1011 0.00 0.00 0.00 0.00 0.00 0.00 0.00
motor 0.00 0 0.00 1394 949 1451 989 0.00 0.00 0.00 0.00 0.00 0.00 0.00
motor 0.00 0 0.00 1417 1027 1484 1066 0.00 0.00 0.00 0.00 0.00 0.00 0.00
motor 0.00 0 0.00 1421 1047 1491 1077 0.00 0.00 0.00 0.00 0.00 0.00 0.00
tricycle 0.00 0 0.00 1167 1008 1280 1077 0.00 0.00 0.00 0.00 0.00 0.00 0.00
tricycle 0.00 0 0.00 1134 953 1273 1041 0.00 0.00 0.00 0.00 0.00 0.00 0.00
tricycle 0.00 0 0.00 1158 911 1286 985 0.00 0.00 0.00 0.00 0.00 0.00 0.00
awning-tricycle 0.00 0 0.00 1158 873 1252 932 0.00 0.00 0.00 0.00 0.00 0.00 0.00
tricycle 0.00 0 0.00 1143 836 1245 898 0.00 0.00 0.00 0.00 0.00 0.00 0.00
motor 0.00 0 0.00 1172 820 1232 852 0.00 0.00 0.00 0.00 0.00 0.00 0.00
car 0.00 0 0.00 1024 727 1100 833 0.00 0.00 0.00 0.00 0.00 0.00 0.00
pedestrian 0.00 0 0.00 1000 757 1024 804 0.00 0.00 0.00 0.00 0.00 0.00 0.00
pedestrian 0.00 0 0.00 979 758 1003 799 0.00 0.00 0.00 0.00 0.00 0.00 0.00
people 0.00 0 0.00 944 754 966 790 0.00 0.00 0.00 0.00 0.00 0.00 0.00
motor 0.00 0 0.00 944 751 968 802 0.00 0.00 0.00 0.00 0.00 0.00 0.00
people 0.00 0 0.00 883 736 908 775 0.00 0.00 0.00 0.00 0.00 0.00 0.00
motor 0.00 0 0.00 869 743 921 778 0.00 0.00 0.00 0.00 0.00 0.00 0.00
people 0.00 0 0.00 784 704 805 736 0.00 0.00 0.00 0.00 0.00 0.00 0.00
people 0.00 0 0.00 776 701 795 738 0.00 0.00 0.00 0.00 0.00 0.00 0.00
people 0.00 0 0.00 771 704 787 738 0.00 0.00 0.00 0.00 0.00 0.00 0.00
motor 0.00 0 0.00 757 708 808 741 0.00 0.00 0.00 0.00 0.00 0.00 0.00
awning-tricycle 0.00 0 0.00 566 656 658 720 0.00 0.00 0.00 0.00 0.00 0.00 0.00
pedestrian 0.00 0 0.00 800 615 817 661 0.00 0.00 0.00 0.00 0.00 0.00 0.00
pedestrian 0.00 0 0.00 794 596 816 638 0.00 0.00 0.00 0.00 0.00 0.00 0.00
car 0.00 0 0.00 848 453 895 523 0.00 0.00 0.00 0.00 0.00 0.00 0.00
awning-tricycle 0.00 0 0.00 804 439 838 500 0.00 0.00 0.00 0.00 0.00 0.00 0.00
motor 0.00 0 0.00 797 436 834 464 0.00 0.00 0.00 0.00 0.00 0.00 0.00
awning-tricycle 0.00 0 0.00 794 376 833 426 0.00 0.00 0.00 0.00 0.00 0.00 0.00
people 0.00 0 0.00 879 330 891 354 0.00 0.00 0.00 0.00 0.00 0.00 0.00
motor 0.00 0 0.00 878 335 891 358 0.00 0.00 0.00 0.00 0.00 0.00 0.00
pedestrian 0.00 0 0.00 846 321 855 342 0.00 0.00 0.00 0.00 0.00 0.00 0.00
pedestrian 0.00 0 0.00 848 316 859 341 0.00 0.00 0.00 0.00 0.00 0.00 0.00
bicycle 0.00 0 0.00 604 1030 669 1056 0.00 0.00 0.00 0.00 0.00 0.00 0.00
