van 0.00 0 0.00 1848 1146 2000 1247 0.00 0.00 0.00 0.00 0.00 0.00 0.00
pedestrian 0.00 0 0.00 1835 1346 1876 1415 0.00 0.00 0.00 0.00 0.00 0.00 0.00
bicycle 0.00 0 0.00 1860 1359 1908 1428 0.00 0.00 0.00 0.00 0.00 0.00 0.00
pedestrian 0.00 0 0.00 1689 1380 1735 1464 0.00 0.00 0.00 0.00 0.00 0.00 0.00
motor 0.00 0 0.00 1696 1183 1750 1233 0.00 0.00 0.00 0.00 0.00 0.00 0.00
pedestrian 0.00 0 0.00 1629 1250 1659 1323 0.00 0.00 0.00 0.00 0.00 0.00 0.00
pedestrian 0.00 0 0.00 1639 1239 1663 1299 0.00 0.00 0.00 0.00 0.00 0.00 0.00
pedestrian 0.00 0 0.00 1402 1167 1435 1238 0.00 0.00 0.00 0.00 0.00 0.00 0.00
pedestrian 0.00 0 0.00 1354 1212 1377 1269 0.00 0.00 0.00 0.00 0.00 0.00 0.00
people 0.00 0 0.00 1430 1230 1468 1293 0.00 0.00 0.00 0.00 0.00 0.00 0.00
motor 0.00 0 0.00 1416 1242 1477 1310 0.00 0.00 0.00 0.00 0.00 0.00 0.00
tricycle 0.00 0 0.00 1508 1177 1601 1224 0.00 0.00 0.00 0.00 0.00 0.00 0.00
pedestrian 0.00 0 0.00 1252 961 1271 1012 0.00 0.00 0.00 0.00 0.00 0.00 0.00
people 0.00 0 0.00 1154 1058 1178 1098 0.00 0.00 0.00 0.00 0.00 0.00 0.00
pedestrian 0.00 0 0.00 1121 1063 1145 1116 0.00 0.00 0.00 0.00 0.00 0.00 0.00
motor 0.00 0 0.00 1146 1071 1187 1116 0.00 0.00 0.00 0.00 0.00 0.00 0.00
motor 0.00 0 0.00 1186 977 1230 1009 0.00 0.00 0.00 0.00 0.00 0.00 0.00
motor 0.00 0 0.00 1191 970 1228 1000 0.00 0.00 0.00 0.00 0.00 0.00 0.00
car 0.00 0 0.00 1111 969 1204 1059 0.00 0.00 0.00 0.00 0.00 0.00 0.00
pedestrian 0.00 0 0.00 1132 1019 1157 1069 0.00 0.00 0.00 0.00 0.00 0.00 0.00
people 0.00 0 0.00 1086 1023 1105 1058 0.00 0.00 0.00 0.00 0.00 0.00 0.00
motor 0.00 0 0.00 1079 1037 1114 1078 0.00 0.00 0.00 0.00 0.00 0.00 0.00
pedestrian 0.00 0 0.00 1009 1007 1031 1057 0.00 0.00 0.00 0.00 0.00 0.00 0.00
pedestrian 0.00 0 0.00 958 951 976 994 0.00 0.00 0.00 0.00 0.00 0.00 0.00
pedestrian 0.00 0 0.00 950 965 960 996 0.00 0.00 0.00 0.00 0.00 0.00 0.00
pedestrian 0.00 0 0.00 1058 923 1076 971 0.00 0.00 0.00 0.00 0.00 0.00 0.00
pedestrian 0.00 0 0.00 958 889 973 933 0.00 0.00 0.00 0.00 0.00 0.00 0.00
pedestrian 0.00 0 0.00 1001 905 1016 947 0.00 0.00 0.00 0.00 0.00 0.00 0.00
pedestrian 0.00 0 0.00 1016 906 1031 952 0.00 0.00 0.00 0.00 0.00 0.00 0.00
bicycle 0.00 0 0.00 1158 922 1199 949 0.00 0.00 0.00 0.00 0.00 0.00 0.00
van 0.00 0 0.00 1055 889 1145 977 0.00 0.00 0.00 0.00 0.00 0.00 0.00
pedestrian 0.00 0 0.00 1045 863 1060 900 0.00 0.00 0.00 0.00 0.00 0.00 0.00
pedestrian 0.00 0 0.00 1036 856 1049 894 0.00 0.00 0.00 0.00 0.00 0.00 0.00
pedestrian 0.00 0 0.00 1063 860 1074 894 0.00 0.00 0.00 0.00 0.00 0.00 0.00
pedestrian 0.00 0 0.00 1063 851 1076 879 0.00 0.00 0.00 0.00 0.00 0.00 0.00
pedestrian 0.00 0 0.00 1038 822 1048 860 0.00 0.00 0.00 0.00 0.00 0.00 0.00
pedestrian 0.00 0 0.00 1006 804 1020 838 0.00 0.00 0.00 0.00 0.00 0.00 0.00
people 0.00 0 0.00 973 817 989 848 0.00 0.00 0.00 0.00 0.00 0.00 0.00
motor 0.00 0 0.00 974 824 990 851 0.00 0.00 0.00 0.00 0.00 0.00 0.00
pedestrian 0.00 0 0.00 1050 817 1064 851 0.00 0.00 0.00 0.00 0.00 0.00 0.00
pedestrian 0.00 0 0.00 1060 813 1072 847 0.00 0.00 0.00 0.00 0.00 0.00 0.00
people 0.00 0 0.00 1011 832 1028 865 0.00 0.00 0.00 0.00 0.00 0.00 0.00
motor 0.00 0 0.00 1013 842 1026 868 0.00 0.00 0.00 0.00 0.00 0.00 0.00
pedestrian 0.00 0 0.00 1026 785 1041 814 0.00 0.00 0.00 0.00 0.00 0.00 0.00
pedestrian 0.00 0 0.00 1046 782 1055 811 0.00 0.00 0.00 0.00 0.00 0.00 0.00
people 0.00 0 0.00 972 778 987 810 0.00 0.00 0.00 0.00 0.00 0.00 0.00
bicycle 0.00 0 0.00 971 789 985 811 0.00 0.00 0.00 0.00 0.00 0.00 0.00
pedestrian 0.00 0 0.00 1006 752 1017 783 0.00 0.00 0.00 0.00 0.00 0.00 0.00
pedestrian 0.00 0 0.00 992 758 1003 789 0.00 0.00 0.00 0.00 0.00 0.00 0.00
pedestrian 0.00 0 0.00 1000 726 1012 750 0.00 0.00 0.00 0.00 0.00 0.00 0.00
pedestrian 0.00 0 0.00 983 712 993 740 0.00 0.00 0.00 0.00 0.00 0.00 0.00
pedestrian 0.00 0 0.00 992 717 999 739 0.00 0.00 0.00 0.00 0.00 0.00 0.00
pedestrian 0.00 0 0.00 1000 684 1011 708 0.00 0.00 0.00 0.00 0.00 0.00 0.00
pedestrian 0.00 0 0.00 975 683 983 707 0.00 0.00 0.00 0.00 0.00 0.00 0.00
motor 0.00 0 0.00 963 697 988 713 0.00 0.00 0.00 0.00 0.00 0.00 0.00
pedestrian 0.00 0 0.00 1039 688 1049 714 0.00 0.00 0.00 0.00 0.00 0.00 0.00
car 0.00 0 0.00 1067 692 1077 713 0.00 0.00 0.00 0.00 0.00 0.00 0.00
motor 0.00 0 0.00 1014 703 1039 721 0.00 0.00 0.00 0.00 0.00 0.00 0.00
people 0.00 0 0.00 1023 697 1034 718 0.00 0.00 0.00 0.00 0.00 0.00 0.00
van 0.00 0 0.00 840 626 879 645 0.00 0.00 0.00 0.00 0.00 0.00 0.00
van 0.00 0 0.00 781 633 829 657 0.00 0.00 0.00 0.00 0.00 0.00 0.00
van 0.00 0 0.00 762 629 804 653 0.00 0.00 0.00 0.00 0.00 0.00 0.00
van 0.00 0 0.00 722 613 757 635 0.00 0.00 0.00 0.00 0.00 0.00 0.00
van 0.00 0 0.00 704 613 734 635 0.00 0.00 0.00 0.00 0.00 0.00 0.00
van 0.00 0 0.00 727 626 764 645 0.00 0.00 0.00 0.00 0.00 0.00 0.00
truck 0.00 0 0.00 712 540 846 576 0.00 0.00 0.00 0.00 0.00 0.00 0.00
car 0.00 0 0.00 804 568 836 586 0.00 0.00 0.00 0.00 0.00 0.00 0.00
car 0.00 0 0.00 761 571 797 586 0.00 0.00 0.00 0.00 0.00 0.00 0.00
car 0.00 0 0.00 746 575 768 593 0.00 0.00 0.00 0.00 0.00 0.00 0.00
car 0.00 0 0.00 739 581 766 599 0.00 0.00 0.00 0.00 0.00 0.00 0.00
van 0.00 0 0.00 732 593 760 615 0.00 0.00 0.00 0.00 0.00 0.00 0.00
car 0.00 0 0.00 689 589 710 606 0.00 0.00 0.00 0.00 0.00 0.00 0.00
car 0.00 0 0.00 667 555 700 568 0.00 0.00 0.00 0.00 0.00 0.00 0.00
car 0.00 0 0.00 676 571 711 584 0.00 0.00 0.00 0.00 0.00 0.00 0.00
car 0.00 0 0.00 663 577 701 591 0.00 0.00 0.00 0.00 0.00 0.00 0.00
van 0.00 0 0.00 642 595 677 613 0.00 0.00 0.00 0.00 0.00 0.00 0.00
car 0.00 0 0.00 593 579 634 594 0.00 0.00 0.00 0.00 0.00 0.00 0.00
truck 0.00 0 0.00 573 556 658 582 0.00 0.00 0.00 0.00 0.00 0.00 0.00
van 0.00 0 0.00 604 618 649 641 0.00 0.00 0.00 0.00 0.00 0.00 0.00
car 0.00 0 0.00 428 1263 544 1407 0.00 0.00 0.00 0.00 0.00 0.00 0.00
pedestrian 0.00 0 0.00 577 1295 608 1370 0.00 0.00 0.00 0.00 0.00 0.00 0.00
people 0.00 0 0.00 581 1302 600 1339 0.00 0.00 0.00 0.00 0.00 0.00 0.00
pedestrian 0.00 0 0.00 607 1285 648 1344 0.00 0.00 0.00 0.00 0.00 0.00 0.00
van 0.00 0 0.00 371 1139 487 1268 0.00 0.00 0.00 0.00 0.00 0.00 0.00
car 0.00 0 0.00 329 1071 431 1182 0.00 0.00 0.00 0.00 0.00 0.00 0.00
van 0.00 0 0.00 68 1364 190 1500 0.00 0.00 0.00 0.00 0.00 0.00 0.00
van 0.00 0 0.00 64 1225 168 1355 0.00 0.00 0.00 0.00 0.00 0.00 0.00
car 0.00 0 0.00 62 1132 160 1250 0.00 0.00 0.00 0.00 0.00 0.00 0.00
pedestrian 0.00 0 0.00 310 1035 330 1085 0.00 0.00 0.00 0.00 0.00 0.00 0.00
car 0.00 0 0.00 47 1055 129 1138 0.00 0.00 0.00 0.00 0.00 0.00 0.00
car 0.00 0 0.00 39 980 116 1061 0.00 0.00 0.00 0.00 0.00 0.00 0.00
car 0.00 0 0.00 149 935 221 998 0.00 0.00 0.00 0.00 0.00 0.00 0.00
pedestrian 0.00 0 0.00 426 983 448 1033 0.00 0.00 0.00 0.00 0.00 0.00 0.00
car 0.00 0 0.00 262 951 336 1025 0.00 0.00 0.00 0.00 0.00 0.00 0.00
car 0.00 0 0.00 45 934 107 993 0.00 0.00 0.00 0.00 0.00 0.00 0.00
car 0.00 0 0.00 80 870 158 921 0.00 0.00 0.00 0.00 0.00 0.00 0.00
car 0.00 0 0.00 204 852 265 904 0.00 0.00 0.00 0.00 0.00 0.00 0.00
van 0.00 0 0.00 266 828 328 881 0.00 0.00 0.00 0.00 0.00 0.00 0.00
van 0.00 0 0.00 118 822 211 879 0.00 0.00 0.00 0.00 0.00 0.00 0.00
car 0.00 0 0.00 149 808 246 839 0.00 0.00 0.00 0.00 0.00 0.00 0.00
van 0.00 0 0.00 221 774 273 819 0.00 0.00 0.00 0.00 0.00 0.00 0.00
pedestrian 0.00 0 0.00 251 798 267 831 0.00 0.00 0.00 0.00 0.00 0.00 0.00
pedestrian 0.00 0 0.00 250 816 261 845 0.00 0.00 0.00 0.00 0.00 0.00 0.00
van 0.00 0 0.00 13 838 87 886 0.00 0.00 0.00 0.00 0.00 0.00 0.00
car 0.00 0 0.00 80 805 135 840 0.00 0.00 0.00 0.00 0.00 0.00 0.00
car 0.00 0 0.00 49 778 110 812 0.00 0.00 0.00 0.00 0.00 0.00 0.00
car 0.00 0 0.00 0 802 42 837 0.00 0.00 0.00 0.00 0.00 0.00 0.00
car 0.00 0 0.00 2 771 46 803 0.00 0.00 0.00 0.00 0.00 0.00 0.00
van 0.00 0 0.00 3 739 43 772 0.00 0.00 0.00 0.00 0.00 0.00 0.00
car 0.00 0 0.00 411 531 438 540 0.00 0.00 0.00 0.00 0.00 0.00 0.00
van 0.00 0 0.00 703 778 774 823 0.00 0.00 0.00 0.00 0.00 0.00 0.00
van 0.00 0 0.00 781 779 817 827 0.00 0.00 0.00 0.00 0.00 0.00 0.00
motor 0.00 0 0.00 658 780 692 801 0.00 0.00 0.00 0.00 0.00 0.00 0.00
people 0.00 0 0.00 724 832 737 854 0.00 0.00 0.00 0.00 0.00 0.00 0.00
people 0.00 0 0.00 730 834 745 860 0.00 0.00 0.00 0.00 0.00 0.00 0.00
people 0.00 0 0.00 742 829 756 849 0.00 0.00 0.00 0.00 0.00 0.00 0.00
people 0.00 0 0.00 746 832 758 854 0.00 0.00 0.00 0.00 0.00 0.00 0.00
people 0.00 0 0.00 654 812 668 833 0.00 0.00 0.00 0.00 0.00 0.00 0.00
pedestrian 0.00 0 0.00 647 665 658 688 0.00 0.00 0.00 0.00 0.00 0.00 0.00
pedestrian 0.00 0 0.00 621 672 631 693 0.00 0.00 0.00 0.00 0.00 0.00 0.00
pedestrian 0.00 0 0.00 606 686 617 710 0.00 0.00 0.00 0.00 0.00 0.00 0.00
pedestrian 0.00 0 0.00 610 683 619 708 0.00 0.00 0.00 0.00 0.00 0.00 0.00
people 0.00 0 0.00 575 712 586 732 0.00 0.00 0.00 0.00 0.00 0.00 0.00
motor 0.00 0 0.00 571 721 591 739 0.00 0.00 0.00 0.00 0.00 0.00 0.00
pedestrian 0.00 0 0.00 689 619 696 638 0.00 0.00 0.00 0.00 0.00 0.00 0.00
pedestrian 0.00 0 0.00 680 622 688 640 0.00 0.00 0.00 0.00 0.00 0.00 0.00
pedestrian 0.00 0 0.00 671 628 679 647 0.00 0.00 0.00 0.00 0.00 0.00 0.00
pedestrian 0.00 0 0.00 559 702 568 722 0.00 0.00 0.00 0.00 0.00 0.00 0.00
people 0.00 0 0.00 545 717 559 732 0.00 0.00 0.00 0.00 0.00 0.00 0.00
people 0.00 0 0.00 530 723 543 740 0.00 0.00 0.00 0.00 0.00 0.00 0.00
car 0.00 0 0.00 596 596 621 613 0.00 0.00 0.00 0.00 0.00 0.00 0.00
