truck 0.00 0 0.00 554 119 611 302 0.00 0.00 0.00 0.00 0.00 0.00 0.00
truck 0.00 0 0.00 667 73 736 428 0.00 0.00 0.00 0.00 0.00 0.00 0.00
pedestrian 0.00 0 0.00 875 115 886 134 0.00 0.00 0.00 0.00 0.00 0.00 0.00
car 0.00 0 0.00 876 359 922 450 0.00 0.00 0.00 0.00 0.00 0.00 0.00
car 0.00 0 0.00 803 396 841 509 0.00 0.00 0.00 0.00 0.00 0.00 0.00
pedestrian 0.00 0 0.00 886 498 905 511 0.00 0.00 0.00 0.00 0.00 0.00 0.00
van 0.00 0 0.00 907 556 941 627 0.00 0.00 0.00 0.00 0.00 0.00 0.00
van 0.00 0 0.00 579 659 615 740 0.00 0.00 0.00 0.00 0.00 0.00 0.00
van 0.00 0 0.00 914 883 963 984 0.00 0.00 0.00 0.00 0.00 0.00 0.00
car 0.00 0 0.00 917 1006 965 1050 0.00 0.00 0.00 0.00 0.00 0.00 0.00
car 0.00 0 0.00 715 909 753 1012 0.00 0.00 0.00 0.00 0.00 0.00 0.00
van 0.00 0 0.00 592 846 630 944 0.00 0.00 0.00 0.00 0.00 0.00 0.00
