truck 0.00 0 0.00 0 634 121 786 0.00 0.00 0.00 0.00 0.00 0.00 0.00
car 0.00 0 0.00 107 571 169 628 0.00 0.00 0.00 0.00 0.00 0.00 0.00
car 0.00 0 0.00 290 615 352 709 0.00 0.00 0.00 0.00 0.00 0.00 0.00
car 0.00 0 0.00 331 540 375 613 0.00 0.00 0.00 0.00 0.00 0.00 0.00
car 0.00 0 0.00 224 406 276 456 0.00 0.00 0.00 0.00 0.00 0.00 0.00
pedestrian 0.00 0 0.00 259 324 266 339 0.00 0.00 0.00 0.00 0.00 0.00 0.00
pedestrian 0.00 0 0.00 262 319 271 337 0.00 0.00 0.00 0.00 0.00 0.00 0.00
pedestrian 0.00 0 0.00 271 324 279 338 0.00 0.00 0.00 0.00 0.00 0.00 0.00
truck 0.00 0 0.00 340 208 392 264 0.00 0.00 0.00 0.00 0.00 0.00 0.00
car 0.00 0 0.00 394 178 421 204 0.00 0.00 0.00 0.00 0.00 0.00 0.00
car 0.00 0 0.00 407 156 434 180 0.00 0.00 0.00 0.00 0.00 0.00 0.00
car 0.00 0 0.00 420 139 446 158 0.00 0.00 0.00 0.00 0.00 0.00 0.00
van 0.00 0 0.00 471 1 503 21 0.00 0.00 0.00 0.00 0.00 0.00 0.00
car 0.00 0 0.00 443 5 473 21 0.00 0.00 0.00 0.00 0.00 0.00 0.00
car 0.00 0 0.00 635 516 693 610 0.00 0.00 0.00 0.00 0.00 0.00 0.00
car 0.00 0 0.00 753 70 777 98 0.00 0.00 0.00 0.00 0.00 0.00 0.00
car 0.00 0 0.00 926 39 954 73 0.00 0.00 0.00 0.00 0.00 0.00 0.00
truck 0.00 0 0.00 1025 243 1124 384 0.00 0.00 0.00 0.00 0.00 0.00 0.00
pedestrian 0.00 0 0.00 1347 581 1365 606 0.00 0.00 0.00 0.00 0.00 0.00 0.00
people 0.00 0 0.00 1366 586 1381 611 0.00 0.00 0.00 0.00 0.00 0.00 0.00
pedestrian 0.00 0 0.00 1386 600 1398 620 0.00 0.00 0.00 0.00 0.00 0.00 0.00
pedestrian 0.00 0 0.00 1331 535 1349 550 0.00 0.00 0.00 0.00 0.00 0.00 0.00
pedestrian 0.00 0 0.00 1223 369 1235 392 0.00 0.00 0.00 0.00 0.00 0.00 0.00
pedestrian 0.00 0 0.00 1242 345 1254 368 0.00 0.00 0.00 0.00 0.00 0.00 0.00
pedestrian 0.00 0 0.00 1333 359 1347 372 0.00 0.00 0.00 0.00 0.00 0.00 0.00
pedestrian 0.00 0 0.00 1337 364 1349 377 0.00 0.00 0.00 0.00 0.00 0.00 0.00
people 0.00 0 0.00 1226 312 1233 328 0.00 0.00 0.00 0.00 0.00 0.00 0.00
people 0.00 0 0.00 1218 307 1228 331 0.00 0.00 0.00 0.00 0.00 0.00 0.00
pedestrian 0.00 0 0.00 1248 298 1255 314 0.00 0.00 0.00 0.00 0.00 0.00 0.00
pedestrian 0.00 0 0.00 1236 303 1249 320 0.00 0.00 0.00 0.00 0.00 0.00 0.00
pedestrian 0.00 0 0.00 1240 296 1247 312 0.00 0.00 0.00 0.00 0.00 0.00 0.00
pedestrian 0.00 0 0.00 1201 241 1211 257 0.00 0.00 0.00 0.00 0.00 0.00 0.00
people 0.00 0 0.00 1126 292 1138 306 0.00 0.00 0.00 0.00 0.00 0.00 0.00
pedestrian 0.00 0 0.00 1096 178 1109 192 0.00 0.00 0.00 0.00 0.00 0.00 0.00
pedestrian 0.00 0 0.00 1080 229 1093 241 0.00 0.00 0.00 0.00 0.00 0.00 0.00
pedestrian 0.00 0 0.00 1051 43 1057 58 0.00 0.00 0.00 0.00 0.00 0.00 0.00
pedestrian 0.00 0 0.00 1056 43 1061 57 0.00 0.00 0.00 0.00 0.00 0.00 0.00
pedestrian 0.00 0 0.00 1090 42 1095 56 0.00 0.00 0.00 0.00 0.00 0.00 0.00
people 0.00 0 0.00 1149 287 1161 299 0.00 0.00 0.00 0.00 0.00 0.00 0.00
