car 0.00 0 0.00 1118 552 1179 608 0.00 0.00 0.00 0.00 0.00 0.00 0.00
car 0.00 0 0.00 1644 684 1747 730 0.00 0.00 0.00 0.00 0.00 0.00 0.00
van 0.00 0 0.00 1618 635 1709 674 0.00 0.00 0.00 0.00 0.00 0.00 0.00
van 0.00 0 0.00 1559 564 1650 606 0.00 0.00 0.00 0.00 0.00 0.00 0.00
van 0.00 0 0.00 1512 480 1576 517 0.00 0.00 0.00 0.00 0.00 0.00 0.00
car 0.00 0 0.00 1498 458 1569 483 0.00 0.00 0.00 0.00 0.00 0.00 0.00
van 0.00 0 0.00 1359 326 1411 356 0.00 0.00 0.00 0.00 0.00 0.00 0.00
car 0.00 0 0.00 1416 218 1456 235 0.00 0.00 0.00 0.00 0.00 0.00 0.00
car 0.00 0 0.00 1661 228 1708 248 0.00 0.00 0.00 0.00 0.00 0.00 0.00
car 0.00 0 0.00 1676 330 1718 363 0.00 0.00 0.00 0.00 0.00 0.00 0.00
car 0.00 0 0.00 1712 362 1752 389 0.00 0.00 0.00 0.00 0.00 0.00 0.00
car 0.00 0 0.00 1750 389 1795 424 0.00 0.00 0.00 0.00 0.00 0.00 0.00
car 0.00 0 0.00 1798 437 1854 474 0.00 0.00 0.00 0.00 0.00 0.00 0.00
car 0.00 0 0.00 1852 471 1908 516 0.00 0.00 0.00 0.00 0.00 0.00 0.00
car 0.00 0 0.00 1875 796 1915 869 0.00 0.00 0.00 0.00 0.00 0.00 0.00
car 0.00 0 0.00 1873 233 1915 252 0.00 0.00 0.00 0.00 0.00 0.00 0.00
bus 0.00 0 0.00 1731 208 1850 248 0.00 0.00 0.00 0.00 0.00 0.00 0.00
bus 0.00 0 0.00 1773 339 1879 421 0.00 0.00 0.00 0.00 0.00 0.00 0.00
bus 0.00 0 0.00 1701 287 1798 369 0.00 0.00 0.00 0.00 0.00 0.00 0.00
car 0.00 0 0.00 1418 162 1437 180 0.00 0.00 0.00 0.00 0.00 0.00 0.00
car 0.00 0 0.00 1440 162 1462 180 0.00 0.00 0.00 0.00 0.00 0.00 0.00
car 0.00 0 0.00 1403 148 1422 164 0.00 0.00 0.00 0.00 0.00 0.00 0.00
car 0.00 0 0.00 1444 146 1464 163 0.00 0.00 0.00 0.00 0.00 0.00 0.00
car 0.00 0 0.00 1421 145 1443 163 0.00 0.00 0.00 0.00 0.00 0.00 0.00
car 0.00 0 0.00 1405 132 1426 147 0.00 0.00 0.00 0.00 0.00 0.00 0.00
car 0.00 0 0.00 1362 92 1377 106 0.00 0.00 0.00 0.00 0.00 0.00 0.00
car 0.00 0 0.00 1350 83 1364 93 0.00 0.00 0.00 0.00 0.00 0.00 0.00
car 0.00 0 0.00 1328 75 1341 87 0.00 0.00 0.00 0.00 0.00 0.00 0.00
car 0.00 0 0.00 1333 64 1346 74 0.00 0.00 0.00 0.00 0.00 0.00 0.00
people 0.00 0 0.00 1863 339 1875 347 0.00 0.00 0.00 0.00 0.00 0.00 0.00
people 0.00 0 0.00 1886 338 1893 346 0.00 0.00 0.00 0.00 0.00 0.00 0.00
people 0.00 0 0.00 1897 349 1909 359 0.00 0.00 0.00 0.00 0.00 0.00 0.00
people 0.00 0 0.00 1832 332 1840 339 0.00 0.00 0.00 0.00 0.00 0.00 0.00
people 0.00 0 0.00 1818 316 1829 322 0.00 0.00 0.00 0.00 0.00 0.00 0.00
people 0.00 0 0.00 1851 317 1858 326 0.00 0.00 0.00 0.00 0.00 0.00 0.00
people 0.00 0 0.00 1835 317 1844 326 0.00 0.00 0.00 0.00 0.00 0.00 0.00
motor 0.00 0 0.00 1897 356 1910 370 0.00 0.00 0.00 0.00 0.00 0.00 0.00
motor 0.00 0 0.00 1861 350 1876 360 0.00 0.00 0.00 0.00 0.00 0.00 0.00
motor 0.00 0 0.00 1878 343 1893 354 0.00 0.00 0.00 0.00 0.00 0.00 0.00
motor 0.00 0 0.00 1823 337 1841 350 0.00 0.00 0.00 0.00 0.00 0.00 0.00
motor 0.00 0 0.00 1816 325 1829 334 0.00 0.00 0.00 0.00 0.00 0.00 0.00
motor 0.00 0 0.00 1847 326 1855 337 0.00 0.00 0.00 0.00 0.00 0.00 0.00
motor 0.00 0 0.00 1835 326 1847 335 0.00 0.00 0.00 0.00 0.00 0.00 0.00
people 0.00 0 0.00 1333 157 1339 162 0.00 0.00 0.00 0.00 0.00 0.00 0.00
motor 0.00 0 0.00 1333 164 1341 169 0.00 0.00 0.00 0.00 0.00 0.00 0.00
pedestrian 0.00 0 0.00 1576 174 1584 187 0.00 0.00 0.00 0.00 0.00 0.00 0.00
pedestrian 0.00 0 0.00 1813 700 1828 730 0.00 0.00 0.00 0.00 0.00 0.00 0.00
