car 0.00 0 0.00 745 466 770 511 0.00 0.00 0.00 0.00 0.00 0.00 0.00
car 0.00 0 0.00 705 430 730 469 0.00 0.00 0.00 0.00 0.00 0.00 0.00
car 0.00 0 0.00 624 340 641 367 0.00 0.00 0.00 0.00 0.00 0.00 0.00
car 0.00 0 0.00 637 217 652 237 0.00 0.00 0.00 0.00 0.00 0.00 0.00
car 0.00 0 0.00 730 180 746 205 0.00 0.00 0.00 0.00 0.00 0.00 0.00
car 0.00 0 0.00 755 168 769 193 0.00 0.00 0.00 0.00 0.00 0.00 0.00
car 0.00 0 0.00 732 108 746 127 0.00 0.00 0.00 0.00 0.00 0.00 0.00
car 0.00 0 0.00 666 16 673 25 0.00 0.00 0.00 0.00 0.00 0.00 0.00
car 0.00 0 0.00 771 343 789 370 0.00 0.00 0.00 0.00 0.00 0.00 0.00
car 0.00 0 0.00 794 555 821 612 0.00 0.00 0.00 0.00 0.00 0.00 0.00
car 0.00 0 0.00 601 572 625 614 0.00 0.00 0.00 0.00 0.00 0.00 0.00
van 0.00 0 0.00 652 392 674 428 0.00 0.00 0.00 0.00 0.00 0.00 0.00
van 0.00 0 0.00 756 565 784 626 0.00 0.00 0.00 0.00 0.00 0.00 0.00
van 0.00 0 0.00 743 340 762 379 0.00 0.00 0.00 0.00 0.00 0.00 0.00
van 0.00 0 0.00 733 254 753 283 0.00 0.00 0.00 0.00 0.00 0.00 0.00
van 0.00 0 0.00 658 252 678 280 0.00 0.00 0.00 0.00 0.00 0.00 0.00
van 0.00 0 0.00 730 135 744 160 0.00 0.00 0.00 0.00 0.00 0.00 0.00
car 0.00 0 0.00 693 113 707 130 0.00 0.00 0.00 0.00 0.00 0.00 0.00
car 0.00 0 0.00 725 21 734 30 0.00 0.00 0.00 0.00 0.00 0.00 0.00
car 0.00 0 0.00 703 9 712 24 0.00 0.00 0.00 0.00 0.00 0.00 0.00
car 0.00 0 0.00 643 59 652 73 0.00 0.00 0.00 0.00 0.00 0.00 0.00
van 0.00 0 0.00 721 51 734 69 0.00 0.00 0.00 0.00 0.00 0.00 0.00
van 0.00 0 0.00 698 66 712 88 0.00 0.00 0.00 0.00 0.00 0.00 0.00
van 0.00 0 0.00 696 92 710 118 0.00 0.00 0.00 0.00 0.00 0.00 0.00
van 0.00 0 0.00 714 92 725 117 0.00 0.00 0.00 0.00 0.00 0.00 0.00
car 0.00 0 0.00 710 0 723 12 0.00 0.00 0.00 0.00 0.00 0.00 0.00
car 0.00 0 0.00 677 0 691 9 0.00 0.00 0.00 0.00 0.00 0.00 0.00
truck 0.00 0 0.00 644 92 663 125 0.00 0.00 0.00 0.00 0.00 0.00 0.00
car 0.00 0 0.00 944 185 982 199 0.00 0.00 0.00 0.00 0.00 0.00 0.00
