pedestrian 0.00 0 0.00 1244 741 1262 775 0.00 0.00 0.00 0.00 0.00 0.00 0.00
awning-tricycle 0.00 0 0.00 1200 702 1270 754 0.00 0.00 0.00 0.00 0.00 0.00 0.00
tricycle 0.00 0 0.00 1246 741 1318 786 0.00 0.00 0.00 0.00 0.00 0.00 0.00
tricycle 0.00 0 0.00 1228 577 1253 605 0.00 0.00 0.00 0.00 0.00 0.00 0.00
awning-tricycle 0.00 0 0.00 1164 561 1222 601 0.00 0.00 0.00 0.00 0.00 0.00 0.00
awning-tricycle 0.00 0 0.00 1141 536 1200 580 0.00 0.00 0.00 0.00 0.00 0.00 0.00
tricycle 0.00 0 0.00 1211 553 1236 579 0.00 0.00 0.00 0.00 0.00 0.00 0.00
tricycle 0.00 0 0.00 1226 534 1252 571 0.00 0.00 0.00 0.00 0.00 0.00 0.00
tricycle 0.00 0 0.00 1204 539 1224 565 0.00 0.00 0.00 0.00 0.00 0.00 0.00
people 0.00 0 0.00 1192 507 1202 522 0.00 0.00 0.00 0.00 0.00 0.00 0.00
people 0.00 0 0.00 1194 515 1207 531 0.00 0.00 0.00 0.00 0.00 0.00 0.00
pedestrian 0.00 0 0.00 1246 508 1252 526 0.00 0.00 0.00 0.00 0.00 0.00 0.00
pedestrian 0.00 0 0.00 1249 512 1266 538 0.00 0.00 0.00 0.00 0.00 0.00 0.00
motor 0.00 0 0.00 1239 516 1250 539 0.00 0.00 0.00 0.00 0.00 0.00 0.00
motor 0.00 0 0.00 1257 508 1273 539 0.00 0.00 0.00 0.00 0.00 0.00 0.00
motor 0.00 0 0.00 1247 495 1262 513 0.00 0.00 0.00 0.00 0.00 0.00 0.00
tricycle 0.00 0 0.00 1207 499 1231 542 0.00 0.00 0.00 0.00 0.00 0.00 0.00
tricycle 0.00 0 0.00 1252 468 1280 506 0.00 0.00 0.00 0.00 0.00 0.00 0.00
tricycle 0.00 0 0.00 1243 450 1266 487 0.00 0.00 0.00 0.00 0.00 0.00 0.00
awning-tricycle 0.00 0 0.00 1158 453 1203 488 0.00 0.00 0.00 0.00 0.00 0.00 0.00
motor 0.00 0 0.00 1127 490 1151 511 0.00 0.00 0.00 0.00 0.00 0.00 0.00
motor 0.00 0 0.00 1128 337 1149 352 0.00 0.00 0.00 0.00 0.00 0.00 0.00
people 0.00 0 0.00 1230 327 1241 342 0.00 0.00 0.00 0.00 0.00 0.00 0.00
tricycle 0.00 0 0.00 1135 292 1154 316 0.00 0.00 0.00 0.00 0.00 0.00 0.00
car 0.00 0 0.00 1193 262 1212 289 0.00 0.00 0.00 0.00 0.00 0.00 0.00
van 0.00 0 0.00 1149 265 1169 285 0.00 0.00 0.00 0.00 0.00 0.00 0.00
truck 0.00 0 0.00 1166 249 1203 271 0.00 0.00 0.00 0.00 0.00 0.00 0.00
people 0.00 0 0.00 1108 289 1119 303 0.00 0.00 0.00 0.00 0.00 0.00 0.00
pedestrian 0.00 0 0.00 1125 225 1132 240 0.00 0.00 0.00 0.00 0.00 0.00 0.00
tricycle 0.00 0 0.00 976 434 993 472 0.00 0.00 0.00 0.00 0.00 0.00 0.00
people 0.00 0 0.00 1014 362 1023 377 0.00 0.00 0.00 0.00 0.00 0.00 0.00
tricycle 0.00 0 0.00 1012 365 1027 384 0.00 0.00 0.00 0.00 0.00 0.00 0.00
tricycle 0.00 0 0.00 1058 299 1072 323 0.00 0.00 0.00 0.00 0.00 0.00 0.00
awning-tricycle 0.00 0 0.00 1078 296 1093 321 0.00 0.00 0.00 0.00 0.00 0.00 0.00
motor 0.00 0 0.00 1020 295 1029 308 0.00 0.00 0.00 0.00 0.00 0.00 0.00
pedestrian 0.00 0 0.00 1011 280 1019 299 0.00 0.00 0.00 0.00 0.00 0.00 0.00
tricycle 0.00 0 0.00 981 266 993 282 0.00 0.00 0.00 0.00 0.00 0.00 0.00
tricycle 0.00 0 0.00 967 252 991 266 0.00 0.00 0.00 0.00 0.00 0.00 0.00
motor 0.00 0 0.00 1017 243 1034 255 0.00 0.00 0.00 0.00 0.00 0.00 0.00
pedestrian 0.00 0 0.00 993 237 1001 252 0.00 0.00 0.00 0.00 0.00 0.00 0.00
pedestrian 0.00 0 0.00 1003 238 1011 249 0.00 0.00 0.00 0.00 0.00 0.00 0.00
motor 0.00 0 0.00 1012 226 1018 239 0.00 0.00 0.00 0.00 0.00 0.00 0.00
motor 0.00 0 0.00 1022 230 1027 238 0.00 0.00 0.00 0.00 0.00 0.00 0.00
tricycle 0.00 0 0.00 1029 228 1044 246 0.00 0.00 0.00 0.00 0.00 0.00 0.00
people 0.00 0 0.00 1083 221 1089 232 0.00 0.00 0.00 0.00 0.00 0.00 0.00
tricycle 0.00 0 0.00 1084 224 1092 235 0.00 0.00 0.00 0.00 0.00 0.00 0.00
tricycle 0.00 0 0.00 1178 208 1208 227 0.00 0.00 0.00 0.00 0.00 0.00 0.00
truck 0.00 0 0.00 1126 132 1145 153 0.00 0.00 0.00 0.00 0.00 0.00 0.00
motor 0.00 0 0.00 1114 140 1120 147 0.00 0.00 0.00 0.00 0.00 0.00 0.00
