pedestrian 0.00 0 0.00 797 651 815 677 0.00 0.00 0.00 0.00 0.00 0.00 0.00
pedestrian 0.00 0 0.00 802 563 820 577 0.00 0.00 0.00 0.00 0.00 0.00 0.00
pedestrian 0.00 0 0.00 821 32 838 69 0.00 0.00 0.00 0.00 0.00 0.00 0.00
pedestrian 0.00 0 0.00 838 31 852 64 0.00 0.00 0.00 0.00 0.00 0.00 0.00
pedestrian 0.00 0 0.00 822 0 843 33 0.00 0.00 0.00 0.00 0.00 0.00 0.00
motor 0.00 0 0.00 817 516 843 552 0.00 0.00 0.00 0.00 0.00 0.00 0.00
pedestrian 0.00 0 0.00 791 808 806 832 0.00 0.00 0.00 0.00 0.00 0.00 0.00
motor 0.00 0 0.00 814 865 859 905 0.00 0.00 0.00 0.00 0.00 0.00 0.00
people 0.00 0 0.00 825 873 849 894 0.00 0.00 0.00 0.00 0.00 0.00 0.00
pedestrian 0.00 0 0.00 731 960 749 996 0.00 0.00 0.00 0.00 0.00 0.00 0.00
pedestrian 0.00 0 0.00 336 1019 366 1046 0.00 0.00 0.00 0.00 0.00 0.00 0.00
