car 0.00 0 0.00 906 333 960 363 0.00 0.00 0.00 0.00 0.00 0.00 0.00
car 0.00 0 0.00 971 338 1019 359 0.00 0.00 0.00 0.00 0.00 0.00 0.00
car 0.00 0 0.00 1039 334 1092 359 0.00 0.00 0.00 0.00 0.00 0.00 0.00
truck 0.00 0 0.00 1041 265 1160 312 0.00 0.00 0.00 0.00 0.00 0.00 0.00
bus 0.00 0 0.00 887 266 1014 317 0.00 0.00 0.00 0.00 0.00 0.00 0.00
car 0.00 0 0.00 881 318 930 342 0.00 0.00 0.00 0.00 0.00 0.00 0.00
car 0.00 0 0.00 766 242 816 265 0.00 0.00 0.00 0.00 0.00 0.00 0.00
car 0.00 0 0.00 1166 223 1219 248 0.00 0.00 0.00 0.00 0.00 0.00 0.00
truck 0.00 0 0.00 384 202 464 235 0.00 0.00 0.00 0.00 0.00 0.00 0.00
bus 0.00 0 0.00 701 33 723 77 0.00 0.00 0.00 0.00 0.00 0.00 0.00
bus 0.00 0 0.00 731 68 755 112 0.00 0.00 0.00 0.00 0.00 0.00 0.00
car 0.00 0 0.00 759 104 782 132 0.00 0.00 0.00 0.00 0.00 0.00 0.00
car 0.00 0 0.00 753 76 774 99 0.00 0.00 0.00 0.00 0.00 0.00 0.00
car 0.00 0 0.00 748 40 769 69 0.00 0.00 0.00 0.00 0.00 0.00 0.00
car 0.00 0 0.00 746 4 763 30 0.00 0.00 0.00 0.00 0.00 0.00 0.00
car 0.00 0 0.00 722 0 741 27 0.00 0.00 0.00 0.00 0.00 0.00 0.00
truck 0.00 0 0.00 676 5 699 51 0.00 0.00 0.00 0.00 0.00 0.00 0.00
