car 0.00 0 0.00 499 761 539 836 0.00 0.00 0.00 0.00 0.00 0.00 0.00
car 0.00 0 0.00 564 340 583 369 0.00 0.00 0.00 0.00 0.00 0.00 0.00
car 0.00 0 0.00 317 204 341 218 0.00 0.00 0.00 0.00 0.00 0.00 0.00
car 0.00 0 0.00 377 187 393 200 0.00 0.00 0.00 0.00 0.00 0.00 0.00
car 0.00 0 0.00 611 82 619 91 0.00 0.00 0.00 0.00 0.00 0.00 0.00
car 0.00 0 0.00 605 54 613 64 0.00 0.00 0.00 0.00 0.00 0.00 0.00
car 0.00 0 0.00 953 99 964 109 0.00 0.00 0.00 0.00 0.00 0.00 0.00
car 0.00 0 0.00 944 86 956 96 0.00 0.00 0.00 0.00 0.00 0.00 0.00
car 0.00 0 0.00 598 77 607 89 0.00 0.00 0.00 0.00 0.00 0.00 0.00
car 0.00 0 0.00 601 47 608 56 0.00 0.00 0.00 0.00 0.00 0.00 0.00
car 0.00 0 0.00 655 28 669 35 0.00 0.00 0.00 0.00 0.00 0.00 0.00
car 0.00 0 0.00 637 14 644 21 0.00 0.00 0.00 0.00 0.00 0.00 0.00
car 0.00 0 0.00 742 20 749 29 0.00 0.00 0.00 0.00 0.00 0.00 0.00
car 0.00 0 0.00 735 68 751 79 0.00 0.00 0.00 0.00 0.00 0.00 0.00
car 0.00 0 0.00 784 22 792 30 0.00 0.00 0.00 0.00 0.00 0.00 0.00
car 0.00 0 0.00 791 19 800 30 0.00 0.00 0.00 0.00 0.00 0.00 0.00
car 0.00 0 0.00 802 19 808 29 0.00 0.00 0.00 0.00 0.00 0.00 0.00
car 0.00 0 0.00 810 19 818 28 0.00 0.00 0.00 0.00 0.00 0.00 0.00
car 0.00 0 0.00 935 79 947 89 0.00 0.00 0.00 0.00 0.00 0.00 0.00
car 0.00 0 0.00 755 12 766 21 0.00 0.00 0.00 0.00 0.00 0.00 0.00
car 0.00 0 0.00 539 296 554 323 0.00 0.00 0.00 0.00 0.00 0.00 0.00
bus 0.00 0 0.00 583 175 601 207 0.00 0.00 0.00 0.00 0.00 0.00 0.00
van 0.00 0 0.00 409 161 422 180 0.00 0.00 0.00 0.00 0.00 0.00 0.00
truck 0.00 0 0.00 191 214 270 246 0.00 0.00 0.00 0.00 0.00 0.00 0.00
truck 0.00 0 0.00 227 185 310 217 0.00 0.00 0.00 0.00 0.00 0.00 0.00
pedestrian 0.00 0 0.00 543 279 550 290 0.00 0.00 0.00 0.00 0.00 0.00 0.00
pedestrian 0.00 0 0.00 603 293 610 306 0.00 0.00 0.00 0.00 0.00 0.00 0.00
motor 0.00 0 0.00 612 122 618 132 0.00 0.00 0.00 0.00 0.00 0.00 0.00
motor 0.00 0 0.00 537 222 546 236 0.00 0.00 0.00 0.00 0.00 0.00 0.00
