car 0.00 0 0.00 462 277 486 333 0.00 0.00 0.00 0.00 0.00 0.00 0.00
car 0.00 0 0.00 369 687 400 764 0.00 0.00 0.00 0.00 0.00 0.00 0.00
car 0.00 0 0.00 405 558 437 621 0.00 0.00 0.00 0.00 0.00 0.00 0.00
car 0.00 0 0.00 391 280 418 326 0.00 0.00 0.00 0.00 0.00 0.00 0.00
car 0.00 0 0.00 407 69 430 105 0.00 0.00 0.00 0.00 0.00 0.00 0.00
van 0.00 0 0.00 385 155 414 200 0.00 0.00 0.00 0.00 0.00 0.00 0.00
van 0.00 0 0.00 502 257 530 314 0.00 0.00 0.00 0.00 0.00 0.00 0.00
van 0.00 0 0.00 476 411 507 473 0.00 0.00 0.00 0.00 0.00 0.00 0.00
van 0.00 0 0.00 364 412 393 469 0.00 0.00 0.00 0.00 0.00 0.00 0.00
van 0.00 0 0.00 496 582 532 653 0.00 0.00 0.00 0.00 0.00 0.00 0.00
van 0.00 0 0.00 533 500 567 574 0.00 0.00 0.00 0.00 0.00 0.00 0.00
bus 0.00 0 0.00 523 369 558 454 0.00 0.00 0.00 0.00 0.00 0.00 0.00
bus 0.00 0 0.00 349 0 391 97 0.00 0.00 0.00 0.00 0.00 0.00 0.00
pedestrian 0.00 0 0.00 570 189 577 203 0.00 0.00 0.00 0.00 0.00 0.00 0.00
pedestrian 0.00 0 0.00 560 196 568 211 0.00 0.00 0.00 0.00 0.00 0.00 0.00
pedestrian 0.00 0 0.00 560 187 569 199 0.00 0.00 0.00 0.00 0.00 0.00 0.00
pedestrian 0.00 0 0.00 900 740 911 760 0.00 0.00 0.00 0.00 0.00 0.00 0.00
car 0.00 0 0.00 1242 637 1322 678 0.00 0.00 0.00 0.00 0.00 0.00 0.00
car 0.00 0 0.00 1319 629 1394 666 0.00 0.00 0.00 0.00 0.00 0.00 0.00
car 0.00 0 0.00 1259 246 1296 294 0.00 0.00 0.00 0.00 0.00 0.00 0.00
