car 0.00 0 0.00 392 293 517 357 0.00 0.00 0.00 0.00 0.00 0.00 0.00
car 0.00 0 0.00 145 652 284 712 0.00 0.00 0.00 0.00 0.00 0.00 0.00
car 0.00 0 0.00 42 839 187 905 0.00 0.00 0.00 0.00 0.00 0.00 0.00
car 0.00 0 0.00 734 793 894 868 0.00 0.00 0.00 0.00 0.00 0.00 0.00
car 0.00 0 0.00 1106 932 1263 1011 0.00 0.00 0.00 0.00 0.00 0.00 0.00
car 0.00 0 0.00 803 708 936 770 0.00 0.00 0.00 0.00 0.00 0.00 0.00
car 0.00 0 0.00 694 349 823 404 0.00 0.00 0.00 0.00 0.00 0.00 0.00
car 0.00 0 0.00 626 432 769 494 0.00 0.00 0.00 0.00 0.00 0.00 0.00
car 0.00 0 0.00 103 350 230 403 0.00 0.00 0.00 0.00 0.00 0.00 0.00
car 0.00 0 0.00 378 505 511 559 0.00 0.00 0.00 0.00 0.00 0.00 0.00
car 0.00 0 0.00 1335 413 1400 470 0.00 0.00 0.00 0.00 0.00 0.00 0.00
car 0.00 0 0.00 0 267 85 325 0.00 0.00 0.00 0.00 0.00 0.00 0.00
car 0.00 0 0.00 0 485 52 537 0.00 0.00 0.00 0.00 0.00 0.00 0.00
van 0.00 0 0.00 1294 838 1398 897 0.00 0.00 0.00 0.00 0.00 0.00 0.00
people 0.00 0 0.00 95 197 111 218 0.00 0.00 0.00 0.00 0.00 0.00 0.00
people 0.00 0 0.00 545 203 562 238 0.00 0.00 0.00 0.00 0.00 0.00 0.00
people 0.00 0 0.00 840 268 856 294 0.00 0.00 0.00 0.00 0.00 0.00 0.00
people 0.00 0 0.00 543 142 563 171 0.00 0.00 0.00 0.00 0.00 0.00 0.00
motor 0.00 0 0.00 530 154 573 183 0.00 0.00 0.00 0.00 0.00 0.00 0.00
motor 0.00 0 0.00 827 274 870 293 0.00 0.00 0.00 0.00 0.00 0.00 0.00
motor 0.00 0 0.00 88 197 134 228 0.00 0.00 0.00 0.00 0.00 0.00 0.00
bicycle 0.00 0 0.00 534 214 569 235 0.00 0.00 0.00 0.00 0.00 0.00 0.00
pedestrian 0.00 0 0.00 454 85 476 124 0.00 0.00 0.00 0.00 0.00 0.00 0.00
pedestrian 0.00 0 0.00 423 66 447 102 0.00 0.00 0.00 0.00 0.00 0.00 0.00
pedestrian 0.00 0 0.00 645 69 660 105 0.00 0.00 0.00 0.00 0.00 0.00 0.00
pedestrian 0.00 0 0.00 882 109 893 128 0.00 0.00 0.00 0.00 0.00 0.00 0.00
pedestrian 0.00 0 0.00 881 53 902 86 0.00 0.00 0.00 0.00 0.00 0.00 0.00
pedestrian 0.00 0 0.00 936 44 946 65 0.00 0.00 0.00 0.00 0.00 0.00 0.00
people 0.00 0 0.00 864 66 877 84 0.00 0.00 0.00 0.00 0.00 0.00 0.00
pedestrian 0.00 0 0.00 886 94 901 126 0.00 0.00 0.00 0.00 0.00 0.00 0.00
pedestrian 0.00 0 0.00 943 24 954 53 0.00 0.00 0.00 0.00 0.00 0.00 0.00
