truck 0.00 0 0.00 897 851 1088 1050 0.00 0.00 0.00 0.00 0.00 0.00 0.00
car 0.00 0 0.00 422 872 522 1031 0.00 0.00 0.00 0.00 0.00 0.00 0.00
car 0.00 0 0.00 465 745 551 876 0.00 0.00 0.00 0.00 0.00 0.00 0.00
car 0.00 0 0.00 801 620 862 682 0.00 0.00 0.00 0.00 0.00 0.00 0.00
van 0.00 0 0.00 535 562 579 629 0.00 0.00 0.00 0.00 0.00 0.00 0.00
car 0.00 0 0.00 739 496 784 541 0.00 0.00 0.00 0.00 0.00 0.00 0.00
car 0.00 0 0.00 545 497 588 537 0.00 0.00 0.00 0.00 0.00 0.00 0.00
car 0.00 0 0.00 543 472 577 508 0.00 0.00 0.00 0.00 0.00 0.00 0.00
car 0.00 0 0.00 531 466 569 491 0.00 0.00 0.00 0.00 0.00 0.00 0.00
car 0.00 0 0.00 638 382 667 404 0.00 0.00 0.00 0.00 0.00 0.00 0.00
van 0.00 0 0.00 655 386 681 411 0.00 0.00 0.00 0.00 0.00 0.00 0.00
car 0.00 0 0.00 529 376 549 392 0.00 0.00 0.00 0.00 0.00 0.00 0.00
car 0.00 0 0.00 525 366 543 382 0.00 0.00 0.00 0.00 0.00 0.00 0.00
car 0.00 0 0.00 522 359 537 373 0.00 0.00 0.00 0.00 0.00 0.00 0.00
car 0.00 0 0.00 496 380 516 402 0.00 0.00 0.00 0.00 0.00 0.00 0.00
car 0.00 0 0.00 445 420 499 443 0.00 0.00 0.00 0.00 0.00 0.00 0.00
car 0.00 0 0.00 555 352 585 377 0.00 0.00 0.00 0.00 0.00 0.00 0.00
car 0.00 0 0.00 666 403 693 428 0.00 0.00 0.00 0.00 0.00 0.00 0.00
car 0.00 0 0.00 700 448 735 476 0.00 0.00 0.00 0.00 0.00 0.00 0.00
