van 0.00 0 0.00 804 747 853 833 0.00 0.00 0.00 0.00 0.00 0.00 0.00
van 0.00 0 0.00 1514 927 1621 986 0.00 0.00 0.00 0.00 0.00 0.00 0.00
van 0.00 0 0.00 1173 378 1199 410 0.00 0.00 0.00 0.00 0.00 0.00 0.00
van 0.00 0 0.00 1203 353 1251 387 0.00 0.00 0.00 0.00 0.00 0.00 0.00
car 0.00 0 0.00 897 334 923 363 0.00 0.00 0.00 0.00 0.00 0.00 0.00
car 0.00 0 0.00 887 274 911 307 0.00 0.00 0.00 0.00 0.00 0.00 0.00
car 0.00 0 0.00 951 231 974 260 0.00 0.00 0.00 0.00 0.00 0.00 0.00
car 0.00 0 0.00 979 227 999 247 0.00 0.00 0.00 0.00 0.00 0.00 0.00
car 0.00 0 0.00 974 143 991 164 0.00 0.00 0.00 0.00 0.00 0.00 0.00
car 0.00 0 0.00 973 100 986 114 0.00 0.00 0.00 0.00 0.00 0.00 0.00
car 0.00 0 0.00 959 58 974 76 0.00 0.00 0.00 0.00 0.00 0.00 0.00
car 0.00 0 0.00 974 50 987 63 0.00 0.00 0.00 0.00 0.00 0.00 0.00
car 0.00 0 0.00 1470 878 1586 937 0.00 0.00 0.00 0.00 0.00 0.00 0.00
car 0.00 0 0.00 1324 766 1381 837 0.00 0.00 0.00 0.00 0.00 0.00 0.00
car 0.00 0 0.00 1217 627 1263 684 0.00 0.00 0.00 0.00 0.00 0.00 0.00
car 0.00 0 0.00 1347 648 1440 691 0.00 0.00 0.00 0.00 0.00 0.00 0.00
car 0.00 0 0.00 1337 628 1430 663 0.00 0.00 0.00 0.00 0.00 0.00 0.00
car 0.00 0 0.00 1296 546 1373 590 0.00 0.00 0.00 0.00 0.00 0.00 0.00
car 0.00 0 0.00 1379 548 1466 587 0.00 0.00 0.00 0.00 0.00 0.00 0.00
car 0.00 0 0.00 1500 1043 1643 1077 0.00 0.00 0.00 0.00 0.00 0.00 0.00
bus 0.00 0 0.00 1070 376 1120 471 0.00 0.00 0.00 0.00 0.00 0.00 0.00
bus 0.00 0 0.00 814 308 851 390 0.00 0.00 0.00 0.00 0.00 0.00 0.00
motor 0.00 0 0.00 1284 443 1310 458 0.00 0.00 0.00 0.00 0.00 0.00 0.00
motor 0.00 0 0.00 1220 394 1240 416 0.00 0.00 0.00 0.00 0.00 0.00 0.00
car 0.00 0 0.00 1100 176 1119 194 0.00 0.00 0.00 0.00 0.00 0.00 0.00
van 0.00 0 0.00 1093 156 1110 174 0.00 0.00 0.00 0.00 0.00 0.00 0.00
car 0.00 0 0.00 1087 150 1105 165 0.00 0.00 0.00 0.00 0.00 0.00 0.00
car 0.00 0 0.00 1076 119 1092 134 0.00 0.00 0.00 0.00 0.00 0.00 0.00
car 0.00 0 0.00 1070 111 1092 122 0.00 0.00 0.00 0.00 0.00 0.00 0.00
van 0.00 0 0.00 1070 101 1084 113 0.00 0.00 0.00 0.00 0.00 0.00 0.00
people 0.00 0 0.00 1021 161 1027 170 0.00 0.00 0.00 0.00 0.00 0.00 0.00
car 0.00 0 0.00 966 24 976 33 0.00 0.00 0.00 0.00 0.00 0.00 0.00
pedestrian 0.00 0 0.00 754 272 761 288 0.00 0.00 0.00 0.00 0.00 0.00 0.00
pedestrian 0.00 0 0.00 788 202 793 211 0.00 0.00 0.00 0.00 0.00 0.00 0.00
pedestrian 0.00 0 0.00 794 183 799 190 0.00 0.00 0.00 0.00 0.00 0.00 0.00
motor 0.00 0 0.00 794 190 800 198 0.00 0.00 0.00 0.00 0.00 0.00 0.00
motor 0.00 0 0.00 788 207 794 219 0.00 0.00 0.00 0.00 0.00 0.00 0.00
motor 0.00 0 0.00 753 280 761 288 0.00 0.00 0.00 0.00 0.00 0.00 0.00
people 0.00 0 0.00 1127 308 1134 318 0.00 0.00 0.00 0.00 0.00 0.00 0.00
motor 0.00 0 0.00 1126 315 1133 326 0.00 0.00 0.00 0.00 0.00 0.00 0.00
motor 0.00 0 0.00 1509 614 1544 639 0.00 0.00 0.00 0.00 0.00 0.00 0.00
motor 0.00 0 0.00 1512 692 1534 729 0.00 0.00 0.00 0.00 0.00 0.00 0.00
motor 0.00 0 0.00 1624 819 1660 848 0.00 0.00 0.00 0.00 0.00 0.00 0.00
motor 0.00 0 0.00 1673 914 1717 942 0.00 0.00 0.00 0.00 0.00 0.00 0.00
pedestrian 0.00 0 0.00 1394 819 1404 847 0.00 0.00 0.00 0.00 0.00 0.00 0.00
pedestrian 0.00 0 0.00 1408 818 1420 850 0.00 0.00 0.00 0.00 0.00 0.00 0.00
motor 0.00 0 0.00 1182 230 1195 239 0.00 0.00 0.00 0.00 0.00 0.00 0.00
motor 0.00 0 0.00 1121 161 1134 170 0.00 0.00 0.00 0.00 0.00 0.00 0.00
people 0.00 0 0.00 849 73 852 79 0.00 0.00 0.00 0.00 0.00 0.00 0.00
motor 0.00 0 0.00 849 78 853 83 0.00 0.00 0.00 0.00 0.00 0.00 0.00
