bicycle 0.00 0 0.00 696 784 716 835 0.00 0.00 0.00 0.00 0.00 0.00 0.00
people 0.00 0 0.00 696 797 715 824 0.00 0.00 0.00 0.00 0.00 0.00 0.00
motor 0.00 0 0.00 756 834 783 899 0.00 0.00 0.00 0.00 0.00 0.00 0.00
motor 0.00 0 0.00 756 762 783 826 0.00 0.00 0.00 0.00 0.00 0.00 0.00
car 0.00 0 0.00 747 598 810 748 0.00 0.00 0.00 0.00 0.00 0.00 0.00
tricycle 0.00 0 0.00 711 550 743 615 0.00 0.00 0.00 0.00 0.00 0.00 0.00
people 0.00 0 0.00 719 558 740 582 0.00 0.00 0.00 0.00 0.00 0.00 0.00
truck 0.00 0 0.00 760 429 817 581 0.00 0.00 0.00 0.00 0.00 0.00 0.00
pedestrian 0.00 0 0.00 755 355 773 389 0.00 0.00 0.00 0.00 0.00 0.00 0.00
bicycle 0.00 0 0.00 776 275 806 315 0.00 0.00 0.00 0.00 0.00 0.00 0.00
truck 0.00 0 0.00 788 168 835 255 0.00 0.00 0.00 0.00 0.00 0.00 0.00
car 0.00 0 0.00 796 75 843 168 0.00 0.00 0.00 0.00 0.00 0.00 0.00
bicycle 0.00 0 0.00 742 100 758 150 0.00 0.00 0.00 0.00 0.00 0.00 0.00
people 0.00 0 0.00 743 99 757 136 0.00 0.00 0.00 0.00 0.00 0.00 0.00
car 0.00 0 0.00 805 5 880 55 0.00 0.00 0.00 0.00 0.00 0.00 0.00
