car 0.00 0 0.00 216 0 265 25 0.00 0.00 0.00 0.00 0.00 0.00 0.00
car 0.00 0 0.00 219 23 261 66 0.00 0.00 0.00 0.00 0.00 0.00 0.00
car 0.00 0 0.00 204 61 263 136 0.00 0.00 0.00 0.00 0.00 0.00 0.00
car 0.00 0 0.00 200 137 259 210 0.00 0.00 0.00 0.00 0.00 0.00 0.00
car 0.00 0 0.00 277 76 338 152 0.00 0.00 0.00 0.00 0.00 0.00 0.00
pedestrian 0.00 0 0.00 247 148 273 190 0.00 0.00 0.00 0.00 0.00 0.00 0.00
car 0.00 0 0.00 204 211 268 282 0.00 0.00 0.00 0.00 0.00 0.00 0.00
car 0.00 0 0.00 189 265 266 378 0.00 0.00 0.00 0.00 0.00 0.00 0.00
car 0.00 0 0.00 182 368 294 494 0.00 0.00 0.00 0.00 0.00 0.00 0.00
pedestrian 0.00 0 0.00 68 370 112 420 0.00 0.00 0.00 0.00 0.00 0.00 0.00
pedestrian 0.00 0 0.00 261 529 297 586 0.00 0.00 0.00 0.00 0.00 0.00 0.00
pedestrian 0.00 0 0.00 313 523 351 585 0.00 0.00 0.00 0.00 0.00 0.00 0.00
pedestrian 0.00 0 0.00 29 702 74 759 0.00 0.00 0.00 0.00 0.00 0.00 0.00
truck 0.00 0 0.00 107 837 286 1049 0.00 0.00 0.00 0.00 0.00 0.00 0.00
car 0.00 0 0.00 507 90 562 159 0.00 0.00 0.00 0.00 0.00 0.00 0.00
car 0.00 0 0.00 667 145 726 215 0.00 0.00 0.00 0.00 0.00 0.00 0.00
pedestrian 0.00 0 0.00 712 155 721 178 0.00 0.00 0.00 0.00 0.00 0.00 0.00
motor 0.00 0 0.00 631 162 652 194 0.00 0.00 0.00 0.00 0.00 0.00 0.00
people 0.00 0 0.00 637 150 651 182 0.00 0.00 0.00 0.00 0.00 0.00 0.00
pedestrian 0.00 0 0.00 562 61 584 106 0.00 0.00 0.00 0.00 0.00 0.00 0.00
pedestrian 0.00 0 0.00 616 0 634 28 0.00 0.00 0.00 0.00 0.00 0.00 0.00
car 0.00 0 0.00 846 0 913 31 0.00 0.00 0.00 0.00 0.00 0.00 0.00
car 0.00 0 0.00 864 20 955 68 0.00 0.00 0.00 0.00 0.00 0.00 0.00
car 0.00 0 0.00 715 84 783 140 0.00 0.00 0.00 0.00 0.00 0.00 0.00
car 0.00 0 0.00 810 118 874 185 0.00 0.00 0.00 0.00 0.00 0.00 0.00
car 0.00 0 0.00 845 76 920 149 0.00 0.00 0.00 0.00 0.00 0.00 0.00
pedestrian 0.00 0 0.00 710 104 731 146 0.00 0.00 0.00 0.00 0.00 0.00 0.00
truck 0.00 0 0.00 789 185 895 292 0.00 0.00 0.00 0.00 0.00 0.00 0.00
car 0.00 0 0.00 751 254 825 337 0.00 0.00 0.00 0.00 0.00 0.00 0.00
car 0.00 0 0.00 855 299 963 396 0.00 0.00 0.00 0.00 0.00 0.00 0.00
car 0.00 0 0.00 838 394 949 521 0.00 0.00 0.00 0.00 0.00 0.00 0.00
van 0.00 0 0.00 940 420 1069 541 0.00 0.00 0.00 0.00 0.00 0.00 0.00
van 0.00 0 0.00 948 285 1084 405 0.00 0.00 0.00 0.00 0.00 0.00 0.00
tricycle 0.00 0 0.00 993 94 1038 123 0.00 0.00 0.00 0.00 0.00 0.00 0.00
car 0.00 0 0.00 1013 161 1113 260 0.00 0.00 0.00 0.00 0.00 0.00 0.00
motor 0.00 0 0.00 1057 297 1099 328 0.00 0.00 0.00 0.00 0.00 0.00 0.00
people 0.00 0 0.00 1070 277 1090 311 0.00 0.00 0.00 0.00 0.00 0.00 0.00
car 0.00 0 0.00 1210 349 1372 448 0.00 0.00 0.00 0.00 0.00 0.00 0.00
car 0.00 0 0.00 1179 453 1361 566 0.00 0.00 0.00 0.00 0.00 0.00 0.00
car 0.00 0 0.00 1042 538 1195 670 0.00 0.00 0.00 0.00 0.00 0.00 0.00
car 0.00 0 0.00 1130 698 1324 905 0.00 0.00 0.00 0.00 0.00 0.00 0.00
car 0.00 0 0.00 1228 643 1399 852 0.00 0.00 0.00 0.00 0.00 0.00 0.00
car 0.00 0 0.00 1284 522 1396 629 0.00 0.00 0.00 0.00 0.00 0.00 0.00
