car 0.00 0 0.00 673 669 690 710 0.00 0.00 0.00 0.00 0.00 0.00 0.00
bus 0.00 0 0.00 651 390 675 484 0.00 0.00 0.00 0.00 0.00 0.00 0.00
bus 0.00 0 0.00 572 280 591 329 0.00 0.00 0.00 0.00 0.00 0.00 0.00
van 0.00 0 0.00 598 249 614 283 0.00 0.00 0.00 0.00 0.00 0.00 0.00
van 0.00 0 0.00 639 133 655 171 0.00 0.00 0.00 0.00 0.00 0.00 0.00
car 0.00 0 0.00 528 140 559 157 0.00 0.00 0.00 0.00 0.00 0.00 0.00
pedestrian 0.00 0 0.00 540 311 547 318 0.00 0.00 0.00 0.00 0.00 0.00 0.00
pedestrian 0.00 0 0.00 687 345 694 353 0.00 0.00 0.00 0.00 0.00 0.00 0.00
pedestrian 0.00 0 0.00 710 231 717 241 0.00 0.00 0.00 0.00 0.00 0.00 0.00
pedestrian 0.00 0 0.00 714 214 720 221 0.00 0.00 0.00 0.00 0.00 0.00 0.00
pedestrian 0.00 0 0.00 719 199 724 206 0.00 0.00 0.00 0.00 0.00 0.00 0.00
pedestrian 0.00 0 0.00 735 149 740 157 0.00 0.00 0.00 0.00 0.00 0.00 0.00
pedestrian 0.00 0 0.00 739 169 746 176 0.00 0.00 0.00 0.00 0.00 0.00 0.00
motor 0.00 0 0.00 808 68 818 90 0.00 0.00 0.00 0.00 0.00 0.00 0.00
van 0.00 0 0.00 1040 71 1079 93 0.00 0.00 0.00 0.00 0.00 0.00 0.00
truck 0.00 0 0.00 1168 81 1203 126 0.00 0.00 0.00 0.00 0.00 0.00 0.00
van 0.00 0 0.00 1200 87 1223 122 0.00 0.00 0.00 0.00 0.00 0.00 0.00
