car 0.00 0 0.00 530 835 680 1050 0.00 0.00 0.00 0.00 0.00 0.00 0.00
car 0.00 0 0.00 1062 620 1164 720 0.00 0.00 0.00 0.00 0.00 0.00 0.00
van 0.00 0 0.00 681 507 736 589 0.00 0.00 0.00 0.00 0.00 0.00 0.00
car 0.00 0 0.00 950 422 1011 475 0.00 0.00 0.00 0.00 0.00 0.00 0.00
car 0.00 0 0.00 894 349 942 386 0.00 0.00 0.00 0.00 0.00 0.00 0.00
car 0.00 0 0.00 796 348 840 378 0.00 0.00 0.00 0.00 0.00 0.00 0.00
car 0.00 0 0.00 701 405 756 461 0.00 0.00 0.00 0.00 0.00 0.00 0.00
car 0.00 0 0.00 700 379 739 417 0.00 0.00 0.00 0.00 0.00 0.00 0.00
car 0.00 0 0.00 691 364 733 396 0.00 0.00 0.00 0.00 0.00 0.00 0.00
car 0.00 0 0.00 591 313 655 336 0.00 0.00 0.00 0.00 0.00 0.00 0.00
car 0.00 0 0.00 852 291 883 327 0.00 0.00 0.00 0.00 0.00 0.00 0.00
car 0.00 0 0.00 654 265 675 289 0.00 0.00 0.00 0.00 0.00 0.00 0.00
car 0.00 0 0.00 697 270 721 297 0.00 0.00 0.00 0.00 0.00 0.00 0.00
van 0.00 0 0.00 842 277 867 304 0.00 0.00 0.00 0.00 0.00 0.00 0.00
car 0.00 0 0.00 821 270 851 296 0.00 0.00 0.00 0.00 0.00 0.00 0.00
car 0.00 0 0.00 693 262 714 279 0.00 0.00 0.00 0.00 0.00 0.00 0.00
car 0.00 0 0.00 685 251 707 269 0.00 0.00 0.00 0.00 0.00 0.00 0.00
car 0.00 0 0.00 684 242 705 263 0.00 0.00 0.00 0.00 0.00 0.00 0.00
