car 0.00 0 0.00 130 768 220 860 0.00 0.00 0.00 0.00 0.00 0.00 0.00
car 0.00 0 0.00 1350 934 1431 1040 0.00 0.00 0.00 0.00 0.00 0.00 0.00
bus 0.00 0 0.00 1027 334 1069 414 0.00 0.00 0.00 0.00 0.00 0.00 0.00
bus 0.00 0 0.00 814 198 841 251 0.00 0.00 0.00 0.00 0.00 0.00 0.00
van 0.00 0 0.00 841 380 866 423 0.00 0.00 0.00 0.00 0.00 0.00 0.00
car 0.00 0 0.00 933 271 956 298 0.00 0.00 0.00 0.00 0.00 0.00 0.00
car 0.00 0 0.00 959 246 974 264 0.00 0.00 0.00 0.00 0.00 0.00 0.00
car 0.00 0 0.00 879 170 898 190 0.00 0.00 0.00 0.00 0.00 0.00 0.00
car 0.00 0 0.00 868 144 884 165 0.00 0.00 0.00 0.00 0.00 0.00 0.00
car 0.00 0 0.00 946 158 964 174 0.00 0.00 0.00 0.00 0.00 0.00 0.00
car 0.00 0 0.00 941 105 955 117 0.00 0.00 0.00 0.00 0.00 0.00 0.00
car 0.00 0 0.00 928 67 941 79 0.00 0.00 0.00 0.00 0.00 0.00 0.00
car 0.00 0 0.00 942 59 954 71 0.00 0.00 0.00 0.00 0.00 0.00 0.00
car 0.00 0 0.00 935 32 945 42 0.00 0.00 0.00 0.00 0.00 0.00 0.00
car 0.00 0 0.00 941 6 950 14 0.00 0.00 0.00 0.00 0.00 0.00 0.00
car 0.00 0 0.00 926 2 936 11 0.00 0.00 0.00 0.00 0.00 0.00 0.00
car 0.00 0 0.00 1370 762 1469 806 0.00 0.00 0.00 0.00 0.00 0.00 0.00
car 0.00 0 0.00 1355 709 1450 752 0.00 0.00 0.00 0.00 0.00 0.00 0.00
van 0.00 0 0.00 1338 677 1412 714 0.00 0.00 0.00 0.00 0.00 0.00 0.00
van 0.00 0 0.00 1328 594 1398 633 0.00 0.00 0.00 0.00 0.00 0.00 0.00
car 0.00 0 0.00 1298 573 1380 608 0.00 0.00 0.00 0.00 0.00 0.00 0.00
car 0.00 0 0.00 1308 650 1398 690 0.00 0.00 0.00 0.00 0.00 0.00 0.00
car 0.00 0 0.00 1156 522 1194 569 0.00 0.00 0.00 0.00 0.00 0.00 0.00
car 0.00 0 0.00 1203 518 1241 555 0.00 0.00 0.00 0.00 0.00 0.00 0.00
pedestrian 0.00 0 0.00 1249 541 1256 567 0.00 0.00 0.00 0.00 0.00 0.00 0.00
pedestrian 0.00 0 0.00 1258 541 1267 568 0.00 0.00 0.00 0.00 0.00 0.00 0.00
motor 0.00 0 0.00 1348 473 1362 501 0.00 0.00 0.00 0.00 0.00 0.00 0.00
motor 0.00 0 0.00 1436 584 1466 610 0.00 0.00 0.00 0.00 0.00 0.00 0.00
motor 0.00 0 0.00 1410 539 1438 561 0.00 0.00 0.00 0.00 0.00 0.00 0.00
motor 0.00 0 0.00 1491 668 1522 684 0.00 0.00 0.00 0.00 0.00 0.00 0.00
motor 0.00 0 0.00 1556 758 1594 786 0.00 0.00 0.00 0.00 0.00 0.00 0.00
bicycle 0.00 0 0.00 1630 890 1670 918 0.00 0.00 0.00 0.00 0.00 0.00 0.00
car 0.00 0 0.00 1234 454 1296 482 0.00 0.00 0.00 0.00 0.00 0.00 0.00
car 0.00 0 0.00 1232 439 1290 464 0.00 0.00 0.00 0.00 0.00 0.00 0.00
car 0.00 0 0.00 1262 392 1324 421 0.00 0.00 0.00 0.00 0.00 0.00 0.00
car 0.00 0 0.00 1198 390 1253 418 0.00 0.00 0.00 0.00 0.00 0.00 0.00
motor 0.00 0 0.00 1194 326 1214 338 0.00 0.00 0.00 0.00 0.00 0.00 0.00
motor 0.00 0 0.00 1147 294 1164 308 0.00 0.00 0.00 0.00 0.00 0.00 0.00
van 0.00 0 0.00 1108 283 1128 310 0.00 0.00 0.00 0.00 0.00 0.00 0.00
van 0.00 0 0.00 1131 265 1173 290 0.00 0.00 0.00 0.00 0.00 0.00 0.00
car 0.00 0 0.00 1052 134 1069 150 0.00 0.00 0.00 0.00 0.00 0.00 0.00
van 0.00 0 0.00 1047 120 1061 136 0.00 0.00 0.00 0.00 0.00 0.00 0.00
car 0.00 0 0.00 1041 115 1057 127 0.00 0.00 0.00 0.00 0.00 0.00 0.00
car 0.00 0 0.00 1031 90 1047 102 0.00 0.00 0.00 0.00 0.00 0.00 0.00
car 0.00 0 0.00 1025 85 1046 94 0.00 0.00 0.00 0.00 0.00 0.00 0.00
van 0.00 0 0.00 1026 75 1039 88 0.00 0.00 0.00 0.00 0.00 0.00 0.00
people 0.00 0 0.00 1034 168 1039 177 0.00 0.00 0.00 0.00 0.00 0.00 0.00
bicycle 0.00 0 0.00 1034 172 1038 180 0.00 0.00 0.00 0.00 0.00 0.00 0.00
people 0.00 0 0.00 1284 810 1293 832 0.00 0.00 0.00 0.00 0.00 0.00 0.00
people 0.00 0 0.00 1328 965 1340 988 0.00 0.00 0.00 0.00 0.00 0.00 0.00
motor 0.00 0 0.00 1278 817 1292 840 0.00 0.00 0.00 0.00 0.00 0.00 0.00
motor 0.00 0 0.00 1318 974 1338 1004 0.00 0.00 0.00 0.00 0.00 0.00 0.00
pedestrian 0.00 0 0.00 1129 180 1134 193 0.00 0.00 0.00 0.00 0.00 0.00 0.00
people 0.00 0 0.00 1087 278 1094 289 0.00 0.00 0.00 0.00 0.00 0.00 0.00
motor 0.00 0 0.00 1086 285 1092 295 0.00 0.00 0.00 0.00 0.00 0.00 0.00
people 0.00 0 0.00 656 541 665 556 0.00 0.00 0.00 0.00 0.00 0.00 0.00
motor 0.00 0 0.00 653 542 665 570 0.00 0.00 0.00 0.00 0.00 0.00 0.00
people 0.00 0 0.00 765 177 769 184 0.00 0.00 0.00 0.00 0.00 0.00 0.00
people 0.00 0 0.00 792 139 796 146 0.00 0.00 0.00 0.00 0.00 0.00 0.00
people 0.00 0 0.00 791 130 795 137 0.00 0.00 0.00 0.00 0.00 0.00 0.00
motor 0.00 0 0.00 764 183 771 190 0.00 0.00 0.00 0.00 0.00 0.00 0.00
motor 0.00 0 0.00 790 136 796 142 0.00 0.00 0.00 0.00 0.00 0.00 0.00
motor 0.00 0 0.00 792 145 795 151 0.00 0.00 0.00 0.00 0.00 0.00 0.00
pedestrian 0.00 0 0.00 984 18 988 27 0.00 0.00 0.00 0.00 0.00 0.00 0.00
pedestrian 0.00 0 0.00 997 46 1000 57 0.00 0.00 0.00 0.00 0.00 0.00 0.00
