car 0.00 0 0.00 724 781 782 889 0.00 0.00 0.00 0.00 0.00 0.00 0.00
car 0.00 0 0.00 368 725 464 827 0.00 0.00 0.00 0.00 0.00 0.00 0.00
car 0.00 0 0.00 539 593 607 655 0.00 0.00 0.00 0.00 0.00 0.00 0.00
car 0.00 0 0.00 805 546 853 600 0.00 0.00 0.00 0.00 0.00 0.00 0.00
car 0.00 0 0.00 862 447 907 488 0.00 0.00 0.00 0.00 0.00 0.00 0.00
car 0.00 0 0.00 925 413 958 445 0.00 0.00 0.00 0.00 0.00 0.00 0.00
car 0.00 0 0.00 991 341 1015 366 0.00 0.00 0.00 0.00 0.00 0.00 0.00
car 0.00 0 0.00 842 391 875 420 0.00 0.00 0.00 0.00 0.00 0.00 0.00
car 0.00 0 0.00 723 490 758 527 0.00 0.00 0.00 0.00 0.00 0.00 0.00
car 0.00 0 0.00 727 443 774 480 0.00 0.00 0.00 0.00 0.00 0.00 0.00
van 0.00 0 0.00 764 446 800 490 0.00 0.00 0.00 0.00 0.00 0.00 0.00
van 0.00 0 0.00 796 426 830 465 0.00 0.00 0.00 0.00 0.00 0.00 0.00
car 0.00 0 0.00 866 369 892 394 0.00 0.00 0.00 0.00 0.00 0.00 0.00
pedestrian 0.00 0 0.00 1076 392 1085 409 0.00 0.00 0.00 0.00 0.00 0.00 0.00
pedestrian 0.00 0 0.00 1028 391 1039 410 0.00 0.00 0.00 0.00 0.00 0.00 0.00
pedestrian 0.00 0 0.00 662 397 672 416 0.00 0.00 0.00 0.00 0.00 0.00 0.00
pedestrian 0.00 0 0.00 698 392 707 414 0.00 0.00 0.00 0.00 0.00 0.00 0.00
motor 0.00 0 0.00 1340 808 1385 845 0.00 0.00 0.00 0.00 0.00 0.00 0.00
people 0.00 0 0.00 1359 797 1378 832 0.00 0.00 0.00 0.00 0.00 0.00 0.00
people 0.00 0 0.00 434 654 450 675 0.00 0.00 0.00 0.00 0.00 0.00 0.00
people 0.00 0 0.00 413 652 425 674 0.00 0.00 0.00 0.00 0.00 0.00 0.00
motor 0.00 0 0.00 432 659 452 689 0.00 0.00 0.00 0.00 0.00 0.00 0.00
motor 0.00 0 0.00 407 657 429 685 0.00 0.00 0.00 0.00 0.00 0.00 0.00
car 0.00 0 0.00 312 956 411 1044 0.00 0.00 0.00 0.00 0.00 0.00 0.00
car 0.00 0 0.00 187 988 282 1050 0.00 0.00 0.00 0.00 0.00 0.00 0.00
