people 0.00 0 0.00 680 553 690 575 0.00 0.00 0.00 0.00 0.00 0.00 0.00
people 0.00 0 0.00 690 551 696 572 0.00 0.00 0.00 0.00 0.00 0.00 0.00
people 0.00 0 0.00 701 529 711 546 0.00 0.00 0.00 0.00 0.00 0.00 0.00
people 0.00 0 0.00 771 552 780 565 0.00 0.00 0.00 0.00 0.00 0.00 0.00
people 0.00 0 0.00 971 438 982 458 0.00 0.00 0.00 0.00 0.00 0.00 0.00
people 0.00 0 0.00 1095 582 1109 601 0.00 0.00 0.00 0.00 0.00 0.00 0.00
people 0.00 0 0.00 1043 476 1057 489 0.00 0.00 0.00 0.00 0.00 0.00 0.00
people 0.00 0 0.00 1131 427 1144 449 0.00 0.00 0.00 0.00 0.00 0.00 0.00
people 0.00 0 0.00 1049 474 1063 488 0.00 0.00 0.00 0.00 0.00 0.00 0.00
people 0.00 0 0.00 1241 267 1250 284 0.00 0.00 0.00 0.00 0.00 0.00 0.00
people 0.00 0 0.00 1207 232 1215 248 0.00 0.00 0.00 0.00 0.00 0.00 0.00
motor 0.00 0 0.00 1203 236 1217 256 0.00 0.00 0.00 0.00 0.00 0.00 0.00
motor 0.00 0 0.00 1236 267 1250 288 0.00 0.00 0.00 0.00 0.00 0.00 0.00
awning-tricycle 0.00 0 0.00 962 248 979 277 0.00 0.00 0.00 0.00 0.00 0.00 0.00
motor 0.00 0 0.00 1119 432 1142 451 0.00 0.00 0.00 0.00 0.00 0.00 0.00
motor 0.00 0 0.00 1036 478 1067 491 0.00 0.00 0.00 0.00 0.00 0.00 0.00
bicycle 0.00 0 0.00 960 447 985 460 0.00 0.00 0.00 0.00 0.00 0.00 0.00
bicycle 0.00 0 0.00 1089 586 1108 613 0.00 0.00 0.00 0.00 0.00 0.00 0.00
pedestrian 0.00 0 0.00 884 535 897 553 0.00 0.00 0.00 0.00 0.00 0.00 0.00
pedestrian 0.00 0 0.00 852 550 864 566 0.00 0.00 0.00 0.00 0.00 0.00 0.00
truck 0.00 0 0.00 1047 118 1140 195 0.00 0.00 0.00 0.00 0.00 0.00 0.00
truck 0.00 0 0.00 1160 31 1206 65 0.00 0.00 0.00 0.00 0.00 0.00 0.00
pedestrian 0.00 0 0.00 1150 29 1157 47 0.00 0.00 0.00 0.00 0.00 0.00 0.00
van 0.00 0 0.00 1261 171 1311 196 0.00 0.00 0.00 0.00 0.00 0.00 0.00
car 0.00 0 0.00 1143 219 1176 249 0.00 0.00 0.00 0.00 0.00 0.00 0.00
car 0.00 0 0.00 481 124 527 143 0.00 0.00 0.00 0.00 0.00 0.00 0.00
car 0.00 0 0.00 481 138 526 156 0.00 0.00 0.00 0.00 0.00 0.00 0.00
car 0.00 0 0.00 576 67 590 87 0.00 0.00 0.00 0.00 0.00 0.00 0.00
car 0.00 0 0.00 581 83 597 103 0.00 0.00 0.00 0.00 0.00 0.00 0.00
car 0.00 0 0.00 562 35 580 54 0.00 0.00 0.00 0.00 0.00 0.00 0.00
car 0.00 0 0.00 391 219 411 251 0.00 0.00 0.00 0.00 0.00 0.00 0.00
truck 0.00 0 0.00 538 58 559 93 0.00 0.00 0.00 0.00 0.00 0.00 0.00
truck 0.00 0 0.00 532 24 547 62 0.00 0.00 0.00 0.00 0.00 0.00 0.00
pedestrian 0.00 0 0.00 434 635 445 658 0.00 0.00 0.00 0.00 0.00 0.00 0.00
pedestrian 0.00 0 0.00 514 620 527 642 0.00 0.00 0.00 0.00 0.00 0.00 0.00
pedestrian 0.00 0 0.00 750 603 762 623 0.00 0.00 0.00 0.00 0.00 0.00 0.00
awning-tricycle 0.00 0 0.00 763 571 783 616 0.00 0.00 0.00 0.00 0.00 0.00 0.00
car 0.00 0 0.00 985 507 1041 579 0.00 0.00 0.00 0.00 0.00 0.00 0.00
pedestrian 0.00 0 0.00 77 727 102 746 0.00 0.00 0.00 0.00 0.00 0.00 0.00
