van 0.00 0 0.00 707 595 776 679 0.00 0.00 0.00 0.00 0.00 0.00 0.00
car 0.00 0 0.00 753 629 804 692 0.00 0.00 0.00 0.00 0.00 0.00 0.00
car 0.00 0 0.00 780 650 839 720 0.00 0.00 0.00 0.00 0.00 0.00 0.00
truck 0.00 0 0.00 792 659 890 781 0.00 0.00 0.00 0.00 0.00 0.00 0.00
car 0.00 0 0.00 843 702 908 774 0.00 0.00 0.00 0.00 0.00 0.00 0.00
car 0.00 0 0.00 888 718 946 787 0.00 0.00 0.00 0.00 0.00 0.00 0.00
car 0.00 0 0.00 929 751 974 787 0.00 0.00 0.00 0.00 0.00 0.00 0.00
car 0.00 0 0.00 1036 759 1076 787 0.00 0.00 0.00 0.00 0.00 0.00 0.00
car 0.00 0 0.00 1022 569 1057 656 0.00 0.00 0.00 0.00 0.00 0.00 0.00
pedestrian 0.00 0 0.00 1034 536 1048 547 0.00 0.00 0.00 0.00 0.00 0.00 0.00
car 0.00 0 0.00 876 489 957 529 0.00 0.00 0.00 0.00 0.00 0.00 0.00
car 0.00 0 0.00 875 455 940 486 0.00 0.00 0.00 0.00 0.00 0.00 0.00
car 0.00 0 0.00 866 416 940 450 0.00 0.00 0.00 0.00 0.00 0.00 0.00
van 0.00 0 0.00 864 378 938 410 0.00 0.00 0.00 0.00 0.00 0.00 0.00
bus 0.00 0 0.00 1011 381 1047 458 0.00 0.00 0.00 0.00 0.00 0.00 0.00
car 0.00 0 0.00 987 239 1026 313 0.00 0.00 0.00 0.00 0.00 0.00 0.00
car 0.00 0 0.00 915 162 986 232 0.00 0.00 0.00 0.00 0.00 0.00 0.00
car 0.00 0 0.00 976 32 1009 103 0.00 0.00 0.00 0.00 0.00 0.00 0.00
car 0.00 0 0.00 935 37 970 111 0.00 0.00 0.00 0.00 0.00 0.00 0.00
car 0.00 0 0.00 901 36 932 105 0.00 0.00 0.00 0.00 0.00 0.00 0.00
car 0.00 0 0.00 862 37 898 107 0.00 0.00 0.00 0.00 0.00 0.00 0.00
car 0.00 0 0.00 822 37 856 110 0.00 0.00 0.00 0.00 0.00 0.00 0.00
car 0.00 0 0.00 786 39 818 107 0.00 0.00 0.00 0.00 0.00 0.00 0.00
car 0.00 0 0.00 747 36 780 115 0.00 0.00 0.00 0.00 0.00 0.00 0.00
car 0.00 0 0.00 705 12 743 99 0.00 0.00 0.00 0.00 0.00 0.00 0.00
car 0.00 0 0.00 674 47 706 112 0.00 0.00 0.00 0.00 0.00 0.00 0.00
truck 0.00 0 0.00 489 141 572 245 0.00 0.00 0.00 0.00 0.00 0.00 0.00
car 0.00 0 0.00 641 509 714 555 0.00 0.00 0.00 0.00 0.00 0.00 0.00
car 0.00 0 0.00 653 548 723 596 0.00 0.00 0.00 0.00 0.00 0.00 0.00
car 0.00 0 0.00 314 217 362 298 0.00 0.00 0.00 0.00 0.00 0.00 0.00
car 0.00 0 0.00 376 44 427 124 0.00 0.00 0.00 0.00 0.00 0.00 0.00
