car 0.00 0 0.00 1307 1264 1462 1500 0.00 0.00 0.00 0.00 0.00 0.00 0.00
car 0.00 0 0.00 1300 1095 1405 1239 0.00 0.00 0.00 0.00 0.00 0.00 0.00
car 0.00 0 0.00 1282 907 1383 1082 0.00 0.00 0.00 0.00 0.00 0.00 0.00
car 0.00 0 0.00 1263 834 1344 925 0.00 0.00 0.00 0.00 0.00 0.00 0.00
car 0.00 0 0.00 1269 761 1322 829 0.00 0.00 0.00 0.00 0.00 0.00 0.00
car 0.00 0 0.00 913 1034 1022 1198 0.00 0.00 0.00 0.00 0.00 0.00 0.00
car 0.00 0 0.00 1041 798 1107 893 0.00 0.00 0.00 0.00 0.00 0.00 0.00
car 0.00 0 0.00 1058 728 1117 801 0.00 0.00 0.00 0.00 0.00 0.00 0.00
car 0.00 0 0.00 1075 671 1132 736 0.00 0.00 0.00 0.00 0.00 0.00 0.00
car 0.00 0 0.00 1160 648 1200 706 0.00 0.00 0.00 0.00 0.00 0.00 0.00
car 0.00 0 0.00 1258 700 1310 753 0.00 0.00 0.00 0.00 0.00 0.00 0.00
car 0.00 0 0.00 1252 648 1294 700 0.00 0.00 0.00 0.00 0.00 0.00 0.00
car 0.00 0 0.00 1250 611 1288 653 0.00 0.00 0.00 0.00 0.00 0.00 0.00
car 0.00 0 0.00 1250 586 1285 618 0.00 0.00 0.00 0.00 0.00 0.00 0.00
car 0.00 0 0.00 1242 539 1272 571 0.00 0.00 0.00 0.00 0.00 0.00 0.00
car 0.00 0 0.00 1238 501 1261 526 0.00 0.00 0.00 0.00 0.00 0.00 0.00
car 0.00 0 0.00 1094 617 1133 678 0.00 0.00 0.00 0.00 0.00 0.00 0.00
car 0.00 0 0.00 1100 596 1138 631 0.00 0.00 0.00 0.00 0.00 0.00 0.00
car 0.00 0 0.00 1116 562 1153 606 0.00 0.00 0.00 0.00 0.00 0.00 0.00
car 0.00 0 0.00 1127 526 1150 561 0.00 0.00 0.00 0.00 0.00 0.00 0.00
car 0.00 0 0.00 799 629 913 671 0.00 0.00 0.00 0.00 0.00 0.00 0.00
car 0.00 0 0.00 374 771 466 856 0.00 0.00 0.00 0.00 0.00 0.00 0.00
car 0.00 0 0.00 928 515 1003 545 0.00 0.00 0.00 0.00 0.00 0.00 0.00
pedestrian 0.00 0 0.00 257 1262 307 1343 0.00 0.00 0.00 0.00 0.00 0.00 0.00
pedestrian 0.00 0 0.00 214 1298 260 1384 0.00 0.00 0.00 0.00 0.00 0.00 0.00
pedestrian 0.00 0 0.00 127 1273 177 1359 0.00 0.00 0.00 0.00 0.00 0.00 0.00
pedestrian 0.00 0 0.00 44 1228 103 1309 0.00 0.00 0.00 0.00 0.00 0.00 0.00
pedestrian 0.00 0 0.00 564 942 589 1001 0.00 0.00 0.00 0.00 0.00 0.00 0.00
pedestrian 0.00 0 0.00 378 840 413 900 0.00 0.00 0.00 0.00 0.00 0.00 0.00
pedestrian 0.00 0 0.00 749 857 766 907 0.00 0.00 0.00 0.00 0.00 0.00 0.00
pedestrian 0.00 0 0.00 772 846 797 901 0.00 0.00 0.00 0.00 0.00 0.00 0.00
pedestrian 0.00 0 0.00 778 911 796 976 0.00 0.00 0.00 0.00 0.00 0.00 0.00
pedestrian 0.00 0 0.00 955 782 969 836 0.00 0.00 0.00 0.00 0.00 0.00 0.00
pedestrian 0.00 0 0.00 966 815 983 870 0.00 0.00 0.00 0.00 0.00 0.00 0.00
pedestrian 0.00 0 0.00 986 842 997 873 0.00 0.00 0.00 0.00 0.00 0.00 0.00
pedestrian 0.00 0 0.00 535 659 558 701 0.00 0.00 0.00 0.00 0.00 0.00 0.00
pedestrian 0.00 0 0.00 1277 454 1331 478 0.00 0.00 0.00 0.00 0.00 0.00 0.00
pedestrian 0.00 0 0.00 1508 466 1568 489 0.00 0.00 0.00 0.00 0.00 0.00 0.00
pedestrian 0.00 0 0.00 1424 421 1461 438 0.00 0.00 0.00 0.00 0.00 0.00 0.00
pedestrian 0.00 0 0.00 1443 428 1479 441 0.00 0.00 0.00 0.00 0.00 0.00 0.00
pedestrian 0.00 0 0.00 1405 444 1455 462 0.00 0.00 0.00 0.00 0.00 0.00 0.00
pedestrian 0.00 0 0.00 1391 409 1423 426 0.00 0.00 0.00 0.00 0.00 0.00 0.00
pedestrian 0.00 0 0.00 1077 487 1146 517 0.00 0.00 0.00 0.00 0.00 0.00 0.00
truck 0.00 0 0.00 1566 380 1605 398 0.00 0.00 0.00 0.00 0.00 0.00 0.00
pedestrian 0.00 0 0.00 1286 550 1302 587 0.00 0.00 0.00 0.00 0.00 0.00 0.00
