car 0.00 0 0.00 328 372 375 444 0.00 0.00 0.00 0.00 0.00 0.00 0.00
car 0.00 0 0.00 386 218 444 251 0.00 0.00 0.00 0.00 0.00 0.00 0.00
car 0.00 0 0.00 372 267 411 327 0.00 0.00 0.00 0.00 0.00 0.00 0.00
car 0.00 0 0.00 462 57 492 74 0.00 0.00 0.00 0.00 0.00 0.00 0.00
car 0.00 0 0.00 458 76 491 97 0.00 0.00 0.00 0.00 0.00 0.00 0.00
car 0.00 0 0.00 451 88 485 106 0.00 0.00 0.00 0.00 0.00 0.00 0.00
car 0.00 0 0.00 446 104 483 124 0.00 0.00 0.00 0.00 0.00 0.00 0.00
car 0.00 0 0.00 429 120 469 135 0.00 0.00 0.00 0.00 0.00 0.00 0.00
car 0.00 0 0.00 429 132 468 155 0.00 0.00 0.00 0.00 0.00 0.00 0.00
car 0.00 0 0.00 407 162 470 192 0.00 0.00 0.00 0.00 0.00 0.00 0.00
car 0.00 0 0.00 470 278 531 316 0.00 0.00 0.00 0.00 0.00 0.00 0.00
car 0.00 0 0.00 540 602 586 709 0.00 0.00 0.00 0.00 0.00 0.00 0.00
car 0.00 0 0.00 556 506 597 585 0.00 0.00 0.00 0.00 0.00 0.00 0.00
car 0.00 0 0.00 558 407 601 498 0.00 0.00 0.00 0.00 0.00 0.00 0.00
car 0.00 0 0.00 553 248 595 342 0.00 0.00 0.00 0.00 0.00 0.00 0.00
van 0.00 0 0.00 658 221 691 283 0.00 0.00 0.00 0.00 0.00 0.00 0.00
car 0.00 0 0.00 611 175 637 215 0.00 0.00 0.00 0.00 0.00 0.00 0.00
car 0.00 0 0.00 634 131 666 173 0.00 0.00 0.00 0.00 0.00 0.00 0.00
car 0.00 0 0.00 581 2 602 29 0.00 0.00 0.00 0.00 0.00 0.00 0.00
car 0.00 0 0.00 582 27 601 50 0.00 0.00 0.00 0.00 0.00 0.00 0.00
car 0.00 0 0.00 579 44 600 72 0.00 0.00 0.00 0.00 0.00 0.00 0.00
car 0.00 0 0.00 579 69 598 93 0.00 0.00 0.00 0.00 0.00 0.00 0.00
car 0.00 0 0.00 576 89 602 121 0.00 0.00 0.00 0.00 0.00 0.00 0.00
car 0.00 0 0.00 578 120 598 148 0.00 0.00 0.00 0.00 0.00 0.00 0.00
car 0.00 0 0.00 572 154 598 191 0.00 0.00 0.00 0.00 0.00 0.00 0.00
pedestrian 0.00 0 0.00 657 201 667 225 0.00 0.00 0.00 0.00 0.00 0.00 0.00
car 0.00 0 0.00 801 557 843 638 0.00 0.00 0.00 0.00 0.00 0.00 0.00
car 0.00 0 0.00 797 454 840 529 0.00 0.00 0.00 0.00 0.00 0.00 0.00
car 0.00 0 0.00 775 404 817 455 0.00 0.00 0.00 0.00 0.00 0.00 0.00
car 0.00 0 0.00 759 295 792 349 0.00 0.00 0.00 0.00 0.00 0.00 0.00
car 0.00 0 0.00 768 354 810 404 0.00 0.00 0.00 0.00 0.00 0.00 0.00
pedestrian 0.00 0 0.00 729 311 744 338 0.00 0.00 0.00 0.00 0.00 0.00 0.00
car 0.00 0 0.00 736 210 762 252 0.00 0.00 0.00 0.00 0.00 0.00 0.00
car 0.00 0 0.00 700 29 754 56 0.00 0.00 0.00 0.00 0.00 0.00 0.00
car 0.00 0 0.00 693 4 750 38 0.00 0.00 0.00 0.00 0.00 0.00 0.00
car 0.00 0 0.00 716 139 781 178 0.00 0.00 0.00 0.00 0.00 0.00 0.00
