car 0.00 0 0.00 102 426 158 533 0.00 0.00 0.00 0.00 0.00 0.00 0.00
car 0.00 0 0.00 129 592 205 696 0.00 0.00 0.00 0.00 0.00 0.00 0.00
car 0.00 0 0.00 183 770 260 903 0.00 0.00 0.00 0.00 0.00 0.00 0.00
car 0.00 0 0.00 7 788 102 947 0.00 0.00 0.00 0.00 0.00 0.00 0.00
car 0.00 0 0.00 0 638 75 778 0.00 0.00 0.00 0.00 0.00 0.00 0.00
motor 0.00 0 0.00 295 151 337 220 0.00 0.00 0.00 0.00 0.00 0.00 0.00
car 0.00 0 0.00 637 0 739 55 0.00 0.00 0.00 0.00 0.00 0.00 0.00
car 0.00 0 0.00 647 33 748 93 0.00 0.00 0.00 0.00 0.00 0.00 0.00
car 0.00 0 0.00 671 87 773 141 0.00 0.00 0.00 0.00 0.00 0.00 0.00
car 0.00 0 0.00 565 139 672 212 0.00 0.00 0.00 0.00 0.00 0.00 0.00
van 0.00 0 0.00 709 128 790 182 0.00 0.00 0.00 0.00 0.00 0.00 0.00
car 0.00 0 0.00 723 169 831 234 0.00 0.00 0.00 0.00 0.00 0.00 0.00
car 0.00 0 0.00 747 216 853 288 0.00 0.00 0.00 0.00 0.00 0.00 0.00
car 0.00 0 0.00 787 320 904 395 0.00 0.00 0.00 0.00 0.00 0.00 0.00
car 0.00 0 0.00 818 369 930 444 0.00 0.00 0.00 0.00 0.00 0.00 0.00
van 0.00 0 0.00 842 427 948 494 0.00 0.00 0.00 0.00 0.00 0.00 0.00
car 0.00 0 0.00 870 478 986 549 0.00 0.00 0.00 0.00 0.00 0.00 0.00
truck 0.00 0 0.00 872 541 1047 644 0.00 0.00 0.00 0.00 0.00 0.00 0.00
van 0.00 0 0.00 1098 879 1214 1027 0.00 0.00 0.00 0.00 0.00 0.00 0.00
motor 0.00 0 0.00 1165 961 1243 1016 0.00 0.00 0.00 0.00 0.00 0.00 0.00
car 0.00 0 0.00 1154 1005 1281 1050 0.00 0.00 0.00 0.00 0.00 0.00 0.00
car 0.00 0 0.00 886 15 980 89 0.00 0.00 0.00 0.00 0.00 0.00 0.00
pedestrian 0.00 0 0.00 840 27 859 68 0.00 0.00 0.00 0.00 0.00 0.00 0.00
pedestrian 0.00 0 0.00 915 148 932 182 0.00 0.00 0.00 0.00 0.00 0.00 0.00
pedestrian 0.00 0 0.00 868 275 882 311 0.00 0.00 0.00 0.00 0.00 0.00 0.00
pedestrian 0.00 0 0.00 1015 121 1037 154 0.00 0.00 0.00 0.00 0.00 0.00 0.00
pedestrian 0.00 0 0.00 953 334 973 370 0.00 0.00 0.00 0.00 0.00 0.00 0.00
pedestrian 0.00 0 0.00 974 327 1003 360 0.00 0.00 0.00 0.00 0.00 0.00 0.00
car 0.00 0 0.00 1066 340 1171 421 0.00 0.00 0.00 0.00 0.00 0.00 0.00
motor 0.00 0 0.00 1080 440 1112 469 0.00 0.00 0.00 0.00 0.00 0.00 0.00
people 0.00 0 0.00 1105 500 1122 518 0.00 0.00 0.00 0.00 0.00 0.00 0.00
pedestrian 0.00 0 0.00 1051 598 1074 621 0.00 0.00 0.00 0.00 0.00 0.00 0.00
pedestrian 0.00 0 0.00 1070 594 1089 612 0.00 0.00 0.00 0.00 0.00 0.00 0.00
pedestrian 0.00 0 0.00 1092 727 1111 746 0.00 0.00 0.00 0.00 0.00 0.00 0.00
pedestrian 0.00 0 0.00 1133 686 1162 705 0.00 0.00 0.00 0.00 0.00 0.00 0.00
pedestrian 0.00 0 0.00 1193 787 1226 807 0.00 0.00 0.00 0.00 0.00 0.00 0.00
people 0.00 0 0.00 1187 609 1200 628 0.00 0.00 0.00 0.00 0.00 0.00 0.00
people 0.00 0 0.00 1193 622 1214 639 0.00 0.00 0.00 0.00 0.00 0.00 0.00
people 0.00 0 0.00 1217 616 1242 632 0.00 0.00 0.00 0.00 0.00 0.00 0.00
people 0.00 0 0.00 1231 590 1253 608 0.00 0.00 0.00 0.00 0.00 0.00 0.00
people 0.00 0 0.00 1247 598 1269 610 0.00 0.00 0.00 0.00 0.00 0.00 0.00
people 0.00 0 0.00 1262 587 1282 607 0.00 0.00 0.00 0.00 0.00 0.00 0.00
people 0.00 0 0.00 1292 577 1316 599 0.00 0.00 0.00 0.00 0.00 0.00 0.00
people 0.00 0 0.00 1264 643 1283 656 0.00 0.00 0.00 0.00 0.00 0.00 0.00
people 0.00 0 0.00 1244 651 1263 669 0.00 0.00 0.00 0.00 0.00 0.00 0.00
people 0.00 0 0.00 1191 686 1213 709 0.00 0.00 0.00 0.00 0.00 0.00 0.00
people 0.00 0 0.00 1217 676 1238 692 0.00 0.00 0.00 0.00 0.00 0.00 0.00
people 0.00 0 0.00 1213 725 1232 742 0.00 0.00 0.00 0.00 0.00 0.00 0.00
people 0.00 0 0.00 1245 711 1262 725 0.00 0.00 0.00 0.00 0.00 0.00 0.00
people 0.00 0 0.00 1254 723 1275 746 0.00 0.00 0.00 0.00 0.00 0.00 0.00
people 0.00 0 0.00 1292 687 1313 705 0.00 0.00 0.00 0.00 0.00 0.00 0.00
people 0.00 0 0.00 1303 708 1322 726 0.00 0.00 0.00 0.00 0.00 0.00 0.00
people 0.00 0 0.00 1274 714 1294 735 0.00 0.00 0.00 0.00 0.00 0.00 0.00
people 0.00 0 0.00 1260 768 1288 787 0.00 0.00 0.00 0.00 0.00 0.00 0.00
people 0.00 0 0.00 1261 794 1281 815 0.00 0.00 0.00 0.00 0.00 0.00 0.00
people 0.00 0 0.00 1287 798 1317 824 0.00 0.00 0.00 0.00 0.00 0.00 0.00
people 0.00 0 0.00 1293 776 1310 793 0.00 0.00 0.00 0.00 0.00 0.00 0.00
people 0.00 0 0.00 1313 760 1337 778 0.00 0.00 0.00 0.00 0.00 0.00 0.00
people 0.00 0 0.00 1338 778 1363 794 0.00 0.00 0.00 0.00 0.00 0.00 0.00
pedestrian 0.00 0 0.00 1358 771 1391 789 0.00 0.00 0.00 0.00 0.00 0.00 0.00
people 0.00 0 0.00 1349 809 1376 828 0.00 0.00 0.00 0.00 0.00 0.00 0.00
people 0.00 0 0.00 1341 832 1368 849 0.00 0.00 0.00 0.00 0.00 0.00 0.00
people 0.00 0 0.00 1329 849 1343 865 0.00 0.00 0.00 0.00 0.00 0.00 0.00
people 0.00 0 0.00 1320 875 1338 896 0.00 0.00 0.00 0.00 0.00 0.00 0.00
people 0.00 0 0.00 1354 931 1375 954 0.00 0.00 0.00 0.00 0.00 0.00 0.00
people 0.00 0 0.00 1347 907 1367 926 0.00 0.00 0.00 0.00 0.00 0.00 0.00
people 0.00 0 0.00 1370 1011 1397 1031 0.00 0.00 0.00 0.00 0.00 0.00 0.00
people 0.00 0 0.00 1355 848 1375 865 0.00 0.00 0.00 0.00 0.00 0.00 0.00
people 0.00 0 0.00 1381 841 1398 863 0.00 0.00 0.00 0.00 0.00 0.00 0.00
people 0.00 0 0.00 1383 815 1400 834 0.00 0.00 0.00 0.00 0.00 0.00 0.00
