car 0.00 0 0.00 1067 694 1152 813 0.00 0.00 0.00 0.00 0.00 0.00 0.00
car 0.00 0 0.00 867 564 930 680 0.00 0.00 0.00 0.00 0.00 0.00 0.00
van 0.00 0 0.00 1238 648 1319 770 0.00 0.00 0.00 0.00 0.00 0.00 0.00
tricycle 0.00 0 0.00 137 972 196 1046 0.00 0.00 0.00 0.00 0.00 0.00 0.00
motor 0.00 0 0.00 198 974 234 1039 0.00 0.00 0.00 0.00 0.00 0.00 0.00
motor 0.00 0 0.00 231 972 248 1049 0.00 0.00 0.00 0.00 0.00 0.00 0.00
motor 0.00 0 0.00 246 976 271 1058 0.00 0.00 0.00 0.00 0.00 0.00 0.00
motor 0.00 0 0.00 251 973 293 1057 0.00 0.00 0.00 0.00 0.00 0.00 0.00
motor 0.00 0 0.00 228 950 305 991 0.00 0.00 0.00 0.00 0.00 0.00 0.00
motor 0.00 0 0.00 296 981 336 1060 0.00 0.00 0.00 0.00 0.00 0.00 0.00
motor 0.00 0 0.00 456 980 506 1058 0.00 0.00 0.00 0.00 0.00 0.00 0.00
pedestrian 0.00 0 0.00 473 1016 509 1065 0.00 0.00 0.00 0.00 0.00 0.00 0.00
pedestrian 0.00 0 0.00 510 936 542 982 0.00 0.00 0.00 0.00 0.00 0.00 0.00
people 0.00 0 0.00 554 986 580 1018 0.00 0.00 0.00 0.00 0.00 0.00 0.00
motor 0.00 0 0.00 554 1025 610 1064 0.00 0.00 0.00 0.00 0.00 0.00 0.00
tricycle 0.00 0 0.00 636 858 687 945 0.00 0.00 0.00 0.00 0.00 0.00 0.00
tricycle 0.00 0 0.00 616 800 712 847 0.00 0.00 0.00 0.00 0.00 0.00 0.00
tricycle 0.00 0 0.00 630 755 717 805 0.00 0.00 0.00 0.00 0.00 0.00 0.00
tricycle 0.00 0 0.00 713 703 749 783 0.00 0.00 0.00 0.00 0.00 0.00 0.00
tricycle 0.00 0 0.00 663 701 711 767 0.00 0.00 0.00 0.00 0.00 0.00 0.00
tricycle 0.00 0 0.00 690 631 727 700 0.00 0.00 0.00 0.00 0.00 0.00 0.00
motor 0.00 0 0.00 747 629 798 663 0.00 0.00 0.00 0.00 0.00 0.00 0.00
motor 0.00 0 0.00 752 547 788 578 0.00 0.00 0.00 0.00 0.00 0.00 0.00
motor 0.00 0 0.00 821 564 860 592 0.00 0.00 0.00 0.00 0.00 0.00 0.00
awning-tricycle 0.00 0 0.00 769 451 833 502 0.00 0.00 0.00 0.00 0.00 0.00 0.00
pedestrian 0.00 0 0.00 785 376 800 418 0.00 0.00 0.00 0.00 0.00 0.00 0.00
pedestrian 0.00 0 0.00 802 388 819 426 0.00 0.00 0.00 0.00 0.00 0.00 0.00
people 0.00 0 0.00 815 434 831 458 0.00 0.00 0.00 0.00 0.00 0.00 0.00
people 0.00 0 0.00 826 432 844 457 0.00 0.00 0.00 0.00 0.00 0.00 0.00
motor 0.00 0 0.00 807 421 847 452 0.00 0.00 0.00 0.00 0.00 0.00 0.00
pedestrian 0.00 0 0.00 918 384 939 428 0.00 0.00 0.00 0.00 0.00 0.00 0.00
tricycle 0.00 0 0.00 892 373 926 428 0.00 0.00 0.00 0.00 0.00 0.00 0.00
awning-tricycle 0.00 0 0.00 1129 608 1176 676 0.00 0.00 0.00 0.00 0.00 0.00 0.00
awning-tricycle 0.00 0 0.00 1225 555 1267 615 0.00 0.00 0.00 0.00 0.00 0.00 0.00
tricycle 0.00 0 0.00 1349 587 1409 623 0.00 0.00 0.00 0.00 0.00 0.00 0.00
tricycle 0.00 0 0.00 1338 565 1404 597 0.00 0.00 0.00 0.00 0.00 0.00 0.00
motor 0.00 0 0.00 1453 653 1491 686 0.00 0.00 0.00 0.00 0.00 0.00 0.00
motor 0.00 0 0.00 1437 722 1497 763 0.00 0.00 0.00 0.00 0.00 0.00 0.00
motor 0.00 0 0.00 1731 928 1764 994 0.00 0.00 0.00 0.00 0.00 0.00 0.00
awning-tricycle 0.00 0 0.00 1441 390 1506 437 0.00 0.00 0.00 0.00 0.00 0.00 0.00
car 0.00 0 0.00 1537 408 1644 472 0.00 0.00 0.00 0.00 0.00 0.00 0.00
car 0.00 0 0.00 1373 365 1442 416 0.00 0.00 0.00 0.00 0.00 0.00 0.00
motor 0.00 0 0.00 1294 190 1311 206 0.00 0.00 0.00 0.00 0.00 0.00 0.00
pedestrian 0.00 0 0.00 1300 144 1316 168 0.00 0.00 0.00 0.00 0.00 0.00 0.00
car 0.00 0 0.00 1194 102 1256 133 0.00 0.00 0.00 0.00 0.00 0.00 0.00
car 0.00 0 0.00 1177 83 1239 112 0.00 0.00 0.00 0.00 0.00 0.00 0.00
truck 0.00 0 0.00 1094 89 1149 176 0.00 0.00 0.00 0.00 0.00 0.00 0.00
tricycle 0.00 0 0.00 1105 183 1158 241 0.00 0.00 0.00 0.00 0.00 0.00 0.00
tricycle 0.00 0 0.00 1203 75 1245 95 0.00 0.00 0.00 0.00 0.00 0.00 0.00
tricycle 0.00 0 0.00 1011 23 1036 61 0.00 0.00 0.00 0.00 0.00 0.00 0.00
people 0.00 0 0.00 974 59 986 80 0.00 0.00 0.00 0.00 0.00 0.00 0.00
motor 0.00 0 0.00 973 66 985 87 0.00 0.00 0.00 0.00 0.00 0.00 0.00
people 0.00 0 0.00 966 97 977 113 0.00 0.00 0.00 0.00 0.00 0.00 0.00
tricycle 0.00 0 0.00 964 100 981 122 0.00 0.00 0.00 0.00 0.00 0.00 0.00
awning-tricycle 0.00 0 0.00 1688 2 1729 33 0.00 0.00 0.00 0.00 0.00 0.00 0.00
motor 0.00 0 0.00 437 249 474 271 0.00 0.00 0.00 0.00 0.00 0.00 0.00
tricycle 0.00 0 0.00 479 209 522 252 0.00 0.00 0.00 0.00 0.00 0.00 0.00
