van 0.00 0 0.00 0 458 60 560 0.00 0.00 0.00 0.00 0.00 0.00 0.00
bus 0.00 0 0.00 3 183 152 279 0.00 0.00 0.00 0.00 0.00 0.00 0.00
car 0.00 0 0.00 169 143 233 210 0.00 0.00 0.00 0.00 0.00 0.00 0.00
car 0.00 0 0.00 156 79 206 147 0.00 0.00 0.00 0.00 0.00 0.00 0.00
car 0.00 0 0.00 357 216 455 265 0.00 0.00 0.00 0.00 0.00 0.00 0.00
van 0.00 0 0.00 461 219 557 270 0.00 0.00 0.00 0.00 0.00 0.00 0.00
car 0.00 0 0.00 569 222 672 274 0.00 0.00 0.00 0.00 0.00 0.00 0.00
car 0.00 0 0.00 678 227 775 271 0.00 0.00 0.00 0.00 0.00 0.00 0.00
truck 0.00 0 0.00 812 200 939 276 0.00 0.00 0.00 0.00 0.00 0.00 0.00
people 0.00 0 0.00 792 359 805 379 0.00 0.00 0.00 0.00 0.00 0.00 0.00
car 0.00 0 0.00 959 237 1036 280 0.00 0.00 0.00 0.00 0.00 0.00 0.00
truck 0.00 0 0.00 1045 218 1153 278 0.00 0.00 0.00 0.00 0.00 0.00 0.00
car 0.00 0 0.00 1343 161 1400 230 0.00 0.00 0.00 0.00 0.00 0.00 0.00
car 0.00 0 0.00 1188 197 1247 255 0.00 0.00 0.00 0.00 0.00 0.00 0.00
van 0.00 0 0.00 1172 89 1227 167 0.00 0.00 0.00 0.00 0.00 0.00 0.00
car 0.00 0 0.00 1135 0 1192 71 0.00 0.00 0.00 0.00 0.00 0.00 0.00
