car 0.00 0 0.00 588 630 624 686 0.00 0.00 0.00 0.00 0.00 0.00 0.00
car 0.00 0 0.00 628 467 652 503 0.00 0.00 0.00 0.00 0.00 0.00 0.00
car 0.00 0 0.00 381 347 422 384 0.00 0.00 0.00 0.00 0.00 0.00 0.00
car 0.00 0 0.00 533 377 585 410 0.00 0.00 0.00 0.00 0.00 0.00 0.00
car 0.00 0 0.00 529 369 579 396 0.00 0.00 0.00 0.00 0.00 0.00 0.00
car 0.00 0 0.00 518 358 566 382 0.00 0.00 0.00 0.00 0.00 0.00 0.00
car 0.00 0 0.00 547 415 595 434 0.00 0.00 0.00 0.00 0.00 0.00 0.00
van 0.00 0 0.00 541 428 593 456 0.00 0.00 0.00 0.00 0.00 0.00 0.00
truck 0.00 0 0.00 496 324 566 373 0.00 0.00 0.00 0.00 0.00 0.00 0.00
car 0.00 0 0.00 487 316 532 348 0.00 0.00 0.00 0.00 0.00 0.00 0.00
car 0.00 0 0.00 483 313 518 333 0.00 0.00 0.00 0.00 0.00 0.00 0.00
car 0.00 0 0.00 248 477 299 520 0.00 0.00 0.00 0.00 0.00 0.00 0.00
car 0.00 0 0.00 402 401 451 426 0.00 0.00 0.00 0.00 0.00 0.00 0.00
car 0.00 0 0.00 348 535 407 569 0.00 0.00 0.00 0.00 0.00 0.00 0.00
car 0.00 0 0.00 367 518 419 547 0.00 0.00 0.00 0.00 0.00 0.00 0.00
car 0.00 0 0.00 664 147 682 165 0.00 0.00 0.00 0.00 0.00 0.00 0.00
car 0.00 0 0.00 671 98 686 112 0.00 0.00 0.00 0.00 0.00 0.00 0.00
car 0.00 0 0.00 671 33 685 45 0.00 0.00 0.00 0.00 0.00 0.00 0.00
