car 0.00 0 0.00 199 44 232 80 0.00 0.00 0.00 0.00 0.00 0.00 0.00
car 0.00 0 0.00 106 92 144 135 0.00 0.00 0.00 0.00 0.00 0.00 0.00
car 0.00 0 0.00 191 152 227 194 0.00 0.00 0.00 0.00 0.00 0.00 0.00
car 0.00 0 0.00 164 205 211 254 0.00 0.00 0.00 0.00 0.00 0.00 0.00
car 0.00 0 0.00 414 505 502 605 0.00 0.00 0.00 0.00 0.00 0.00 0.00
car 0.00 0 0.00 607 507 701 595 0.00 0.00 0.00 0.00 0.00 0.00 0.00
car 0.00 0 0.00 662 659 782 765 0.00 0.00 0.00 0.00 0.00 0.00 0.00
van 0.00 0 0.00 717 340 786 400 0.00 0.00 0.00 0.00 0.00 0.00 0.00
van 0.00 0 0.00 916 505 992 572 0.00 0.00 0.00 0.00 0.00 0.00 0.00
van 0.00 0 0.00 587 924 707 1050 0.00 0.00 0.00 0.00 0.00 0.00 0.00
truck 0.00 0 0.00 709 945 847 1050 0.00 0.00 0.00 0.00 0.00 0.00 0.00
motor 0.00 0 0.00 74 10 92 31 0.00 0.00 0.00 0.00 0.00 0.00 0.00
people 0.00 0 0.00 75 13 85 24 0.00 0.00 0.00 0.00 0.00 0.00 0.00
car 0.00 0 0.00 306 0 361 34 0.00 0.00 0.00 0.00 0.00 0.00 0.00
car 0.00 0 0.00 1013 353 1077 403 0.00 0.00 0.00 0.00 0.00 0.00 0.00
motor 0.00 0 0.00 1007 626 1049 661 0.00 0.00 0.00 0.00 0.00 0.00 0.00
motor 0.00 0 0.00 968 632 1008 671 0.00 0.00 0.00 0.00 0.00 0.00 0.00
people 0.00 0 0.00 1013 630 1032 645 0.00 0.00 0.00 0.00 0.00 0.00 0.00
people 0.00 0 0.00 974 637 989 652 0.00 0.00 0.00 0.00 0.00 0.00 0.00
