car 0.00 0 0.00 0 320 39 348 0.00 0.00 0.00 0.00 0.00 0.00 0.00
van 0.00 0 0.00 2 327 62 360 0.00 0.00 0.00 0.00 0.00 0.00 0.00
van 0.00 0 0.00 26 341 88 374 0.00 0.00 0.00 0.00 0.00 0.00 0.00
van 0.00 0 0.00 175 421 238 463 0.00 0.00 0.00 0.00 0.00 0.00 0.00
van 0.00 0 0.00 228 447 291 489 0.00 0.00 0.00 0.00 0.00 0.00 0.00
van 0.00 0 0.00 244 463 307 508 0.00 0.00 0.00 0.00 0.00 0.00 0.00
van 0.00 0 0.00 268 474 333 519 0.00 0.00 0.00 0.00 0.00 0.00 0.00
car 0.00 0 0.00 48 530 95 565 0.00 0.00 0.00 0.00 0.00 0.00 0.00
truck 0.00 0 0.00 91 596 165 671 0.00 0.00 0.00 0.00 0.00 0.00 0.00
van 0.00 0 0.00 268 677 330 723 0.00 0.00 0.00 0.00 0.00 0.00 0.00
car 0.00 0 0.00 407 724 479 761 0.00 0.00 0.00 0.00 0.00 0.00 0.00
pedestrian 0.00 0 0.00 682 451 690 466 0.00 0.00 0.00 0.00 0.00 0.00 0.00
car 0.00 0 0.00 649 614 698 666 0.00 0.00 0.00 0.00 0.00 0.00 0.00
pedestrian 0.00 0 0.00 700 450 706 467 0.00 0.00 0.00 0.00 0.00 0.00 0.00
pedestrian 0.00 0 0.00 703 430 709 445 0.00 0.00 0.00 0.00 0.00 0.00 0.00
pedestrian 0.00 0 0.00 786 344 791 359 0.00 0.00 0.00 0.00 0.00 0.00 0.00
pedestrian 0.00 0 0.00 807 337 814 352 0.00 0.00 0.00 0.00 0.00 0.00 0.00
bus 0.00 0 0.00 892 498 987 623 0.00 0.00 0.00 0.00 0.00 0.00 0.00
bus 0.00 0 0.00 917 656 1035 704 0.00 0.00 0.00 0.00 0.00 0.00 0.00
bus 0.00 0 0.00 878 686 996 737 0.00 0.00 0.00 0.00 0.00 0.00 0.00
bus 0.00 0 0.00 833 753 970 787 0.00 0.00 0.00 0.00 0.00 0.00 0.00
bus 0.00 0 0.00 890 727 1016 780 0.00 0.00 0.00 0.00 0.00 0.00 0.00
bus 0.00 0 0.00 1146 559 1330 672 0.00 0.00 0.00 0.00 0.00 0.00 0.00
bus 0.00 0 0.00 1065 391 1138 492 0.00 0.00 0.00 0.00 0.00 0.00 0.00
car 0.00 0 0.00 837 355 870 387 0.00 0.00 0.00 0.00 0.00 0.00 0.00
pedestrian 0.00 0 0.00 892 260 897 276 0.00 0.00 0.00 0.00 0.00 0.00 0.00
pedestrian 0.00 0 0.00 904 236 909 250 0.00 0.00 0.00 0.00 0.00 0.00 0.00
pedestrian 0.00 0 0.00 911 196 917 210 0.00 0.00 0.00 0.00 0.00 0.00 0.00
pedestrian 0.00 0 0.00 916 218 921 232 0.00 0.00 0.00 0.00 0.00 0.00 0.00
pedestrian 0.00 0 0.00 945 180 949 192 0.00 0.00 0.00 0.00 0.00 0.00 0.00
pedestrian 0.00 0 0.00 958 191 965 203 0.00 0.00 0.00 0.00 0.00 0.00 0.00
pedestrian 0.00 0 0.00 1012 66 1016 79 0.00 0.00 0.00 0.00 0.00 0.00 0.00
pedestrian 0.00 0 0.00 1012 128 1018 140 0.00 0.00 0.00 0.00 0.00 0.00 0.00
car 0.00 0 0.00 948 249 974 275 0.00 0.00 0.00 0.00 0.00 0.00 0.00
car 0.00 0 0.00 1011 215 1036 238 0.00 0.00 0.00 0.00 0.00 0.00 0.00
car 0.00 0 0.00 1043 129 1062 147 0.00 0.00 0.00 0.00 0.00 0.00 0.00
car 0.00 0 0.00 1099 111 1123 128 0.00 0.00 0.00 0.00 0.00 0.00 0.00
car 0.00 0 0.00 1042 70 1069 88 0.00 0.00 0.00 0.00 0.00 0.00 0.00
car 0.00 0 0.00 1164 38 1179 53 0.00 0.00 0.00 0.00 0.00 0.00 0.00
van 0.00 0 0.00 1141 59 1159 80 0.00 0.00 0.00 0.00 0.00 0.00 0.00
