car 0.00 0 0.00 419 821 498 939 0.00 0.00 0.00 0.00 0.00 0.00 0.00
car 0.00 0 0.00 411 713 479 798 0.00 0.00 0.00 0.00 0.00 0.00 0.00
car 0.00 0 0.00 398 638 449 705 0.00 0.00 0.00 0.00 0.00 0.00 0.00
car 0.00 0 0.00 396 547 446 581 0.00 0.00 0.00 0.00 0.00 0.00 0.00
car 0.00 0 0.00 400 514 454 543 0.00 0.00 0.00 0.00 0.00 0.00 0.00
car 0.00 0 0.00 356 479 390 507 0.00 0.00 0.00 0.00 0.00 0.00 0.00
car 0.00 0 0.00 363 457 392 480 0.00 0.00 0.00 0.00 0.00 0.00 0.00
car 0.00 0 0.00 345 436 373 455 0.00 0.00 0.00 0.00 0.00 0.00 0.00
car 0.00 0 0.00 404 469 435 504 0.00 0.00 0.00 0.00 0.00 0.00 0.00
car 0.00 0 0.00 398 448 433 472 0.00 0.00 0.00 0.00 0.00 0.00 0.00
car 0.00 0 0.00 396 431 419 457 0.00 0.00 0.00 0.00 0.00 0.00 0.00
car 0.00 0 0.00 362 402 381 426 0.00 0.00 0.00 0.00 0.00 0.00 0.00
car 0.00 0 0.00 370 388 390 406 0.00 0.00 0.00 0.00 0.00 0.00 0.00
car 0.00 0 0.00 560 646 621 722 0.00 0.00 0.00 0.00 0.00 0.00 0.00
car 0.00 0 0.00 629 864 756 1030 0.00 0.00 0.00 0.00 0.00 0.00 0.00
car 0.00 0 0.00 960 890 1152 1001 0.00 0.00 0.00 0.00 0.00 0.00 0.00
car 0.00 0 0.00 908 823 1092 917 0.00 0.00 0.00 0.00 0.00 0.00 0.00
car 0.00 0 0.00 869 765 1032 842 0.00 0.00 0.00 0.00 0.00 0.00 0.00
car 0.00 0 0.00 841 719 988 786 0.00 0.00 0.00 0.00 0.00 0.00 0.00
car 0.00 0 0.00 779 642 863 719 0.00 0.00 0.00 0.00 0.00 0.00 0.00
car 0.00 0 0.00 885 640 981 721 0.00 0.00 0.00 0.00 0.00 0.00 0.00
pedestrian 0.00 0 0.00 769 688 790 735 0.00 0.00 0.00 0.00 0.00 0.00 0.00
pedestrian 0.00 0 0.00 995 676 1010 723 0.00 0.00 0.00 0.00 0.00 0.00 0.00
pedestrian 0.00 0 0.00 1257 890 1282 965 0.00 0.00 0.00 0.00 0.00 0.00 0.00
pedestrian 0.00 0 0.00 1098 664 1110 705 0.00 0.00 0.00 0.00 0.00 0.00 0.00
car 0.00 0 0.00 1229 680 1354 748 0.00 0.00 0.00 0.00 0.00 0.00 0.00
car 0.00 0 0.00 1270 744 1400 832 0.00 0.00 0.00 0.00 0.00 0.00 0.00
car 0.00 0 0.00 707 604 808 648 0.00 0.00 0.00 0.00 0.00 0.00 0.00
car 0.00 0 0.00 674 572 773 614 0.00 0.00 0.00 0.00 0.00 0.00 0.00
car 0.00 0 0.00 649 559 744 596 0.00 0.00 0.00 0.00 0.00 0.00 0.00
car 0.00 0 0.00 644 543 729 573 0.00 0.00 0.00 0.00 0.00 0.00 0.00
car 0.00 0 0.00 895 525 971 559 0.00 0.00 0.00 0.00 0.00 0.00 0.00
car 0.00 0 0.00 967 569 1060 611 0.00 0.00 0.00 0.00 0.00 0.00 0.00
car 0.00 0 0.00 1060 622 1131 688 0.00 0.00 0.00 0.00 0.00 0.00 0.00
pedestrian 0.00 0 0.00 794 548 810 580 0.00 0.00 0.00 0.00 0.00 0.00 0.00
pedestrian 0.00 0 0.00 796 534 812 555 0.00 0.00 0.00 0.00 0.00 0.00 0.00
pedestrian 0.00 0 0.00 802 481 816 510 0.00 0.00 0.00 0.00 0.00 0.00 0.00
pedestrian 0.00 0 0.00 815 479 828 509 0.00 0.00 0.00 0.00 0.00 0.00 0.00
car 0.00 0 0.00 882 507 957 535 0.00 0.00 0.00 0.00 0.00 0.00 0.00
car 0.00 0 0.00 829 486 886 514 0.00 0.00 0.00 0.00 0.00 0.00 0.00
car 0.00 0 0.00 763 465 823 496 0.00 0.00 0.00 0.00 0.00 0.00 0.00
car 0.00 0 0.00 760 457 815 477 0.00 0.00 0.00 0.00 0.00 0.00 0.00
car 0.00 0 0.00 524 467 592 492 0.00 0.00 0.00 0.00 0.00 0.00 0.00
car 0.00 0 0.00 521 455 588 480 0.00 0.00 0.00 0.00 0.00 0.00 0.00
car 0.00 0 0.00 488 427 563 450 0.00 0.00 0.00 0.00 0.00 0.00 0.00
car 0.00 0 0.00 467 389 512 405 0.00 0.00 0.00 0.00 0.00 0.00 0.00
car 0.00 0 0.00 619 389 654 407 0.00 0.00 0.00 0.00 0.00 0.00 0.00
car 0.00 0 0.00 503 376 540 392 0.00 0.00 0.00 0.00 0.00 0.00 0.00
car 0.00 0 0.00 594 388 631 406 0.00 0.00 0.00 0.00 0.00 0.00 0.00
car 0.00 0 0.00 585 379 632 392 0.00 0.00 0.00 0.00 0.00 0.00 0.00
car 0.00 0 0.00 558 365 596 386 0.00 0.00 0.00 0.00 0.00 0.00 0.00
car 0.00 0 0.00 541 350 566 367 0.00 0.00 0.00 0.00 0.00 0.00 0.00
car 0.00 0 0.00 181 336 195 348 0.00 0.00 0.00 0.00 0.00 0.00 0.00
car 0.00 0 0.00 341 306 352 314 0.00 0.00 0.00 0.00 0.00 0.00 0.00
car 0.00 0 0.00 338 321 348 330 0.00 0.00 0.00 0.00 0.00 0.00 0.00
car 0.00 0 0.00 282 275 296 292 0.00 0.00 0.00 0.00 0.00 0.00 0.00
car 0.00 0 0.00 303 268 316 281 0.00 0.00 0.00 0.00 0.00 0.00 0.00
pedestrian 0.00 0 0.00 560 742 574 796 0.00 0.00 0.00 0.00 0.00 0.00 0.00
pedestrian 0.00 0 0.00 573 736 592 790 0.00 0.00 0.00 0.00 0.00 0.00 0.00
pedestrian 0.00 0 0.00 516 672 536 727 0.00 0.00 0.00 0.00 0.00 0.00 0.00
pedestrian 0.00 0 0.00 717 492 729 513 0.00 0.00 0.00 0.00 0.00 0.00 0.00
van 0.00 0 0.00 991 949 1191 1050 0.00 0.00 0.00 0.00 0.00 0.00 0.00
truck 0.00 0 0.00 931 589 1067 698 0.00 0.00 0.00 0.00 0.00 0.00 0.00
bus 0.00 0 0.00 182 313 222 342 0.00 0.00 0.00 0.00 0.00 0.00 0.00
van 0.00 0 0.00 145 361 172 383 0.00 0.00 0.00 0.00 0.00 0.00 0.00
pedestrian 0.00 0 0.00 24 385 32 403 0.00 0.00 0.00 0.00 0.00 0.00 0.00
pedestrian 0.00 0 0.00 73 372 81 385 0.00 0.00 0.00 0.00 0.00 0.00 0.00
pedestrian 0.00 0 0.00 80 371 85 387 0.00 0.00 0.00 0.00 0.00 0.00 0.00
van 0.00 0 0.00 923 551 1022 596 0.00 0.00 0.00 0.00 0.00 0.00 0.00
van 0.00 0 0.00 843 494 927 534 0.00 0.00 0.00 0.00 0.00 0.00 0.00
van 0.00 0 0.00 518 552 570 612 0.00 0.00 0.00 0.00 0.00 0.00 0.00
car 0.00 0 0.00 514 530 552 564 0.00 0.00 0.00 0.00 0.00 0.00 0.00
car 0.00 0 0.00 399 580 442 629 0.00 0.00 0.00 0.00 0.00 0.00 0.00
van 0.00 0 0.00 466 460 498 496 0.00 0.00 0.00 0.00 0.00 0.00 0.00
van 0.00 0 0.00 393 414 418 440 0.00 0.00 0.00 0.00 0.00 0.00 0.00
pedestrian 0.00 0 0.00 464 440 473 461 0.00 0.00 0.00 0.00 0.00 0.00 0.00
van 0.00 0 0.00 497 406 546 430 0.00 0.00 0.00 0.00 0.00 0.00 0.00
car 0.00 0 0.00 198 397 224 419 0.00 0.00 0.00 0.00 0.00 0.00 0.00
car 0.00 0 0.00 342 265 351 270 0.00 0.00 0.00 0.00 0.00 0.00 0.00
car 0.00 0 0.00 348 297 357 304 0.00 0.00 0.00 0.00 0.00 0.00 0.00
car 0.00 0 0.00 361 310 369 320 0.00 0.00 0.00 0.00 0.00 0.00 0.00
car 0.00 0 0.00 468 286 483 293 0.00 0.00 0.00 0.00 0.00 0.00 0.00
pedestrian 0.00 0 0.00 133 351 141 365 0.00 0.00 0.00 0.00 0.00 0.00 0.00
pedestrian 0.00 0 0.00 662 367 669 382 0.00 0.00 0.00 0.00 0.00 0.00 0.00
pedestrian 0.00 0 0.00 669 368 675 385 0.00 0.00 0.00 0.00 0.00 0.00 0.00
