car 0.00 0 0.00 89 470 199 509 0.00 0.00 0.00 0.00 0.00 0.00 0.00
car 0.00 0 0.00 0 328 55 364 0.00 0.00 0.00 0.00 0.00 0.00 0.00
car 0.00 0 0.00 0 212 30 232 0.00 0.00 0.00 0.00 0.00 0.00 0.00
car 0.00 0 0.00 0 218 50 236 0.00 0.00 0.00 0.00 0.00 0.00 0.00
car 0.00 0 0.00 0 227 47 248 0.00 0.00 0.00 0.00 0.00 0.00 0.00
car 0.00 0 0.00 3 232 78 259 0.00 0.00 0.00 0.00 0.00 0.00 0.00
car 0.00 0 0.00 19 235 82 264 0.00 0.00 0.00 0.00 0.00 0.00 0.00
car 0.00 0 0.00 24 242 83 272 0.00 0.00 0.00 0.00 0.00 0.00 0.00
car 0.00 0 0.00 35 252 90 280 0.00 0.00 0.00 0.00 0.00 0.00 0.00
car 0.00 0 0.00 48 258 102 285 0.00 0.00 0.00 0.00 0.00 0.00 0.00
car 0.00 0 0.00 59 262 114 290 0.00 0.00 0.00 0.00 0.00 0.00 0.00
motor 0.00 0 0.00 434 467 445 496 0.00 0.00 0.00 0.00 0.00 0.00 0.00
car 0.00 0 0.00 470 508 518 557 0.00 0.00 0.00 0.00 0.00 0.00 0.00
car 0.00 0 0.00 520 523 588 572 0.00 0.00 0.00 0.00 0.00 0.00 0.00
car 0.00 0 0.00 563 539 635 601 0.00 0.00 0.00 0.00 0.00 0.00 0.00
car 0.00 0 0.00 606 565 679 623 0.00 0.00 0.00 0.00 0.00 0.00 0.00
car 0.00 0 0.00 650 581 729 646 0.00 0.00 0.00 0.00 0.00 0.00 0.00
car 0.00 0 0.00 700 606 779 660 0.00 0.00 0.00 0.00 0.00 0.00 0.00
car 0.00 0 0.00 745 624 830 691 0.00 0.00 0.00 0.00 0.00 0.00 0.00
car 0.00 0 0.00 808 651 879 709 0.00 0.00 0.00 0.00 0.00 0.00 0.00
car 0.00 0 0.00 856 678 943 740 0.00 0.00 0.00 0.00 0.00 0.00 0.00
car 0.00 0 0.00 804 780 933 870 0.00 0.00 0.00 0.00 0.00 0.00 0.00
car 0.00 0 0.00 1052 929 1202 1010 0.00 0.00 0.00 0.00 0.00 0.00 0.00
people 0.00 0 0.00 1439 1271 1478 1314 0.00 0.00 0.00 0.00 0.00 0.00 0.00
motor 0.00 0 0.00 1426 1275 1471 1334 0.00 0.00 0.00 0.00 0.00 0.00 0.00
car 0.00 0 0.00 1470 1095 1580 1201 0.00 0.00 0.00 0.00 0.00 0.00 0.00
car 0.00 0 0.00 1588 951 1706 1053 0.00 0.00 0.00 0.00 0.00 0.00 0.00
car 0.00 0 0.00 1751 734 1838 804 0.00 0.00 0.00 0.00 0.00 0.00 0.00
car 0.00 0 0.00 1623 833 1733 911 0.00 0.00 0.00 0.00 0.00 0.00 0.00
car 0.00 0 0.00 1963 514 2000 559 0.00 0.00 0.00 0.00 0.00 0.00 0.00
car 0.00 0 0.00 1930 226 1994 256 0.00 0.00 0.00 0.00 0.00 0.00 0.00
car 0.00 0 0.00 1955 226 2000 252 0.00 0.00 0.00 0.00 0.00 0.00 0.00
car 0.00 0 0.00 1965 134 1999 150 0.00 0.00 0.00 0.00 0.00 0.00 0.00
pedestrian 0.00 0 0.00 1927 124 1936 140 0.00 0.00 0.00 0.00 0.00 0.00 0.00
pedestrian 0.00 0 0.00 1981 330 1993 357 0.00 0.00 0.00 0.00 0.00 0.00 0.00
van 0.00 0 0.00 1453 84 1495 104 0.00 0.00 0.00 0.00 0.00 0.00 0.00
car 0.00 0 0.00 1508 79 1537 95 0.00 0.00 0.00 0.00 0.00 0.00 0.00
car 0.00 0 0.00 1555 87 1593 103 0.00 0.00 0.00 0.00 0.00 0.00 0.00
van 0.00 0 0.00 1599 91 1634 108 0.00 0.00 0.00 0.00 0.00 0.00 0.00
truck 0.00 0 0.00 1666 81 1720 107 0.00 0.00 0.00 0.00 0.00 0.00 0.00
car 0.00 0 0.00 1905 158 1955 180 0.00 0.00 0.00 0.00 0.00 0.00 0.00
