car 0.00 0 0.00 741 719 760 760 0.00 0.00 0.00 0.00 0.00 0.00 0.00
truck 0.00 0 0.00 771 714 793 757 0.00 0.00 0.00 0.00 0.00 0.00 0.00
car 0.00 0 0.00 737 661 757 699 0.00 0.00 0.00 0.00 0.00 0.00 0.00
car 0.00 0 0.00 728 596 747 634 0.00 0.00 0.00 0.00 0.00 0.00 0.00
car 0.00 0 0.00 753 604 772 642 0.00 0.00 0.00 0.00 0.00 0.00 0.00
car 0.00 0 0.00 745 544 760 577 0.00 0.00 0.00 0.00 0.00 0.00 0.00
car 0.00 0 0.00 717 531 735 564 0.00 0.00 0.00 0.00 0.00 0.00 0.00
car 0.00 0 0.00 709 464 726 496 0.00 0.00 0.00 0.00 0.00 0.00 0.00
bus 0.00 0 0.00 724 414 753 495 0.00 0.00 0.00 0.00 0.00 0.00 0.00
car 0.00 0 0.00 705 424 717 448 0.00 0.00 0.00 0.00 0.00 0.00 0.00
car 0.00 0 0.00 697 386 712 414 0.00 0.00 0.00 0.00 0.00 0.00 0.00
car 0.00 0 0.00 720 377 735 407 0.00 0.00 0.00 0.00 0.00 0.00 0.00
car 0.00 0 0.00 692 351 708 382 0.00 0.00 0.00 0.00 0.00 0.00 0.00
car 0.00 0 0.00 687 317 700 340 0.00 0.00 0.00 0.00 0.00 0.00 0.00
bus 0.00 0 0.00 705 286 730 356 0.00 0.00 0.00 0.00 0.00 0.00 0.00
car 0.00 0 0.00 683 268 697 298 0.00 0.00 0.00 0.00 0.00 0.00 0.00
car 0.00 0 0.00 680 239 693 262 0.00 0.00 0.00 0.00 0.00 0.00 0.00
bus 0.00 0 0.00 695 214 719 280 0.00 0.00 0.00 0.00 0.00 0.00 0.00
car 0.00 0 0.00 730 260 746 283 0.00 0.00 0.00 0.00 0.00 0.00 0.00
car 0.00 0 0.00 712 174 728 200 0.00 0.00 0.00 0.00 0.00 0.00 0.00
car 0.00 0 0.00 690 202 704 221 0.00 0.00 0.00 0.00 0.00 0.00 0.00
car 0.00 0 0.00 672 198 684 220 0.00 0.00 0.00 0.00 0.00 0.00 0.00
car 0.00 0 0.00 688 167 702 190 0.00 0.00 0.00 0.00 0.00 0.00 0.00
car 0.00 0 0.00 666 166 680 191 0.00 0.00 0.00 0.00 0.00 0.00 0.00
car 0.00 0 0.00 640 180 651 203 0.00 0.00 0.00 0.00 0.00 0.00 0.00
car 0.00 0 0.00 618 164 634 199 0.00 0.00 0.00 0.00 0.00 0.00 0.00
car 0.00 0 0.00 664 140 676 158 0.00 0.00 0.00 0.00 0.00 0.00 0.00
van 0.00 0 0.00 681 126 695 150 0.00 0.00 0.00 0.00 0.00 0.00 0.00
car 0.00 0 0.00 660 107 674 130 0.00 0.00 0.00 0.00 0.00 0.00 0.00
car 0.00 0 0.00 678 105 690 125 0.00 0.00 0.00 0.00 0.00 0.00 0.00
car 0.00 0 0.00 697 99 711 119 0.00 0.00 0.00 0.00 0.00 0.00 0.00
car 0.00 0 0.00 658 89 670 107 0.00 0.00 0.00 0.00 0.00 0.00 0.00
car 0.00 0 0.00 676 83 688 101 0.00 0.00 0.00 0.00 0.00 0.00 0.00
car 0.00 0 0.00 652 47 664 68 0.00 0.00 0.00 0.00 0.00 0.00 0.00
car 0.00 0 0.00 648 18 659 36 0.00 0.00 0.00 0.00 0.00 0.00 0.00
car 0.00 0 0.00 666 16 677 37 0.00 0.00 0.00 0.00 0.00 0.00 0.00
truck 0.00 0 0.00 668 36 683 72 0.00 0.00 0.00 0.00 0.00 0.00 0.00
car 0.00 0 0.00 664 397 678 427 0.00 0.00 0.00 0.00 0.00 0.00 0.00
bus 0.00 0 0.00 610 296 631 359 0.00 0.00 0.00 0.00 0.00 0.00 0.00
