car 0.00 0 0.00 520 920 737 1041 0.00 0.00 0.00 0.00 0.00 0.00 0.00
car 0.00 0 0.00 636 437 709 495 0.00 0.00 0.00 0.00 0.00 0.00 0.00
car 0.00 0 0.00 598 347 641 394 0.00 0.00 0.00 0.00 0.00 0.00 0.00
car 0.00 0 0.00 1023 445 1066 499 0.00 0.00 0.00 0.00 0.00 0.00 0.00
car 0.00 0 0.00 1137 520 1200 587 0.00 0.00 0.00 0.00 0.00 0.00 0.00
car 0.00 0 0.00 1272 510 1357 593 0.00 0.00 0.00 0.00 0.00 0.00 0.00
car 0.00 0 0.00 1187 396 1246 452 0.00 0.00 0.00 0.00 0.00 0.00 0.00
car 0.00 0 0.00 1125 395 1182 447 0.00 0.00 0.00 0.00 0.00 0.00 0.00
car 0.00 0 0.00 1063 364 1110 408 0.00 0.00 0.00 0.00 0.00 0.00 0.00
car 0.00 0 0.00 951 394 990 437 0.00 0.00 0.00 0.00 0.00 0.00 0.00
car 0.00 0 0.00 162 474 267 517 0.00 0.00 0.00 0.00 0.00 0.00 0.00
car 0.00 0 0.00 321 369 382 414 0.00 0.00 0.00 0.00 0.00 0.00 0.00
car 0.00 0 0.00 412 315 462 357 0.00 0.00 0.00 0.00 0.00 0.00 0.00
car 0.00 0 0.00 1302 401 1377 466 0.00 0.00 0.00 0.00 0.00 0.00 0.00
car 0.00 0 0.00 250 426 340 470 0.00 0.00 0.00 0.00 0.00 0.00 0.00
car 0.00 0 0.00 251 401 339 439 0.00 0.00 0.00 0.00 0.00 0.00 0.00
car 0.00 0 0.00 253 346 311 388 0.00 0.00 0.00 0.00 0.00 0.00 0.00
car 0.00 0 0.00 303 323 358 357 0.00 0.00 0.00 0.00 0.00 0.00 0.00
car 0.00 0 0.00 349 304 393 330 0.00 0.00 0.00 0.00 0.00 0.00 0.00
car 0.00 0 0.00 351 329 399 367 0.00 0.00 0.00 0.00 0.00 0.00 0.00
car 0.00 0 0.00 386 306 433 339 0.00 0.00 0.00 0.00 0.00 0.00 0.00
car 0.00 0 0.00 428 279 471 312 0.00 0.00 0.00 0.00 0.00 0.00 0.00
car 0.00 0 0.00 384 279 421 305 0.00 0.00 0.00 0.00 0.00 0.00 0.00
car 0.00 0 0.00 192 327 252 357 0.00 0.00 0.00 0.00 0.00 0.00 0.00
car 0.00 0 0.00 201 308 270 339 0.00 0.00 0.00 0.00 0.00 0.00 0.00
car 0.00 0 0.00 229 298 294 325 0.00 0.00 0.00 0.00 0.00 0.00 0.00
car 0.00 0 0.00 274 279 339 302 0.00 0.00 0.00 0.00 0.00 0.00 0.00
car 0.00 0 0.00 296 270 352 294 0.00 0.00 0.00 0.00 0.00 0.00 0.00
car 0.00 0 0.00 328 251 388 273 0.00 0.00 0.00 0.00 0.00 0.00 0.00
car 0.00 0 0.00 348 243 404 264 0.00 0.00 0.00 0.00 0.00 0.00 0.00
car 0.00 0 0.00 366 234 412 258 0.00 0.00 0.00 0.00 0.00 0.00 0.00
car 0.00 0 0.00 488 251 515 275 0.00 0.00 0.00 0.00 0.00 0.00 0.00
car 0.00 0 0.00 415 263 450 287 0.00 0.00 0.00 0.00 0.00 0.00 0.00
car 0.00 0 0.00 460 266 494 294 0.00 0.00 0.00 0.00 0.00 0.00 0.00
tricycle 0.00 0 0.00 375 381 411 410 0.00 0.00 0.00 0.00 0.00 0.00 0.00
tricycle 0.00 0 0.00 186 419 234 440 0.00 0.00 0.00 0.00 0.00 0.00 0.00
pedestrian 0.00 0 0.00 175 411 191 442 0.00 0.00 0.00 0.00 0.00 0.00 0.00
pedestrian 0.00 0 0.00 129 474 146 509 0.00 0.00 0.00 0.00 0.00 0.00 0.00
pedestrian 0.00 0 0.00 126 448 141 480 0.00 0.00 0.00 0.00 0.00 0.00 0.00
pedestrian 0.00 0 0.00 56 470 77 506 0.00 0.00 0.00 0.00 0.00 0.00 0.00
pedestrian 0.00 0 0.00 27 416 44 448 0.00 0.00 0.00 0.00 0.00 0.00 0.00
pedestrian 0.00 0 0.00 128 545 161 586 0.00 0.00 0.00 0.00 0.00 0.00 0.00
pedestrian 0.00 0 0.00 36 535 63 576 0.00 0.00 0.00 0.00 0.00 0.00 0.00
pedestrian 0.00 0 0.00 125 617 146 658 0.00 0.00 0.00 0.00 0.00 0.00 0.00
pedestrian 0.00 0 0.00 553 518 569 558 0.00 0.00 0.00 0.00 0.00 0.00 0.00
pedestrian 0.00 0 0.00 135 615 152 648 0.00 0.00 0.00 0.00 0.00 0.00 0.00
motor 0.00 0 0.00 120 509 164 537 0.00 0.00 0.00 0.00 0.00 0.00 0.00
bicycle 0.00 0 0.00 61 415 90 439 0.00 0.00 0.00 0.00 0.00 0.00 0.00
bicycle 0.00 0 0.00 280 323 302 339 0.00 0.00 0.00 0.00 0.00 0.00 0.00
pedestrian 0.00 0 0.00 123 390 140 422 0.00 0.00 0.00 0.00 0.00 0.00 0.00
people 0.00 0 0.00 58 405 80 437 0.00 0.00 0.00 0.00 0.00 0.00 0.00
people 0.00 0 0.00 282 312 298 336 0.00 0.00 0.00 0.00 0.00 0.00 0.00
pedestrian 0.00 0 0.00 3 401 17 431 0.00 0.00 0.00 0.00 0.00 0.00 0.00
pedestrian 0.00 0 0.00 731 519 752 555 0.00 0.00 0.00 0.00 0.00 0.00 0.00
pedestrian 0.00 0 0.00 1044 278 1054 304 0.00 0.00 0.00 0.00 0.00 0.00 0.00
pedestrian 0.00 0 0.00 1087 247 1097 271 0.00 0.00 0.00 0.00 0.00 0.00 0.00
pedestrian 0.00 0 0.00 1068 214 1077 238 0.00 0.00 0.00 0.00 0.00 0.00 0.00
pedestrian 0.00 0 0.00 957 575 973 617 0.00 0.00 0.00 0.00 0.00 0.00 0.00
pedestrian 0.00 0 0.00 1014 570 1031 612 0.00 0.00 0.00 0.00 0.00 0.00 0.00
pedestrian 0.00 0 0.00 1124 628 1145 668 0.00 0.00 0.00 0.00 0.00 0.00 0.00
pedestrian 0.00 0 0.00 1164 619 1186 664 0.00 0.00 0.00 0.00 0.00 0.00 0.00
pedestrian 0.00 0 0.00 1189 655 1205 690 0.00 0.00 0.00 0.00 0.00 0.00 0.00
pedestrian 0.00 0 0.00 1227 614 1253 661 0.00 0.00 0.00 0.00 0.00 0.00 0.00
pedestrian 0.00 0 0.00 1173 595 1196 637 0.00 0.00 0.00 0.00 0.00 0.00 0.00
pedestrian 0.00 0 0.00 1215 637 1238 684 0.00 0.00 0.00 0.00 0.00 0.00 0.00
people 0.00 0 0.00 1167 657 1189 684 0.00 0.00 0.00 0.00 0.00 0.00 0.00
motor 0.00 0 0.00 1161 665 1201 717 0.00 0.00 0.00 0.00 0.00 0.00 0.00
bicycle 0.00 0 0.00 1162 611 1210 639 0.00 0.00 0.00 0.00 0.00 0.00 0.00
bicycle 0.00 0 0.00 1209 627 1256 661 0.00 0.00 0.00 0.00 0.00 0.00 0.00
bicycle 0.00 0 0.00 917 388 931 411 0.00 0.00 0.00 0.00 0.00 0.00 0.00
people 0.00 0 0.00 919 378 931 399 0.00 0.00 0.00 0.00 0.00 0.00 0.00
people 0.00 0 0.00 814 186 821 195 0.00 0.00 0.00 0.00 0.00 0.00 0.00
motor 0.00 0 0.00 814 189 822 204 0.00 0.00 0.00 0.00 0.00 0.00 0.00
motor 0.00 0 0.00 1038 235 1048 252 0.00 0.00 0.00 0.00 0.00 0.00 0.00
motor 0.00 0 0.00 1019 208 1026 223 0.00 0.00 0.00 0.00 0.00 0.00 0.00
bicycle 0.00 0 0.00 1009 204 1018 217 0.00 0.00 0.00 0.00 0.00 0.00 0.00
car 0.00 0 0.00 990 179 1008 202 0.00 0.00 0.00 0.00 0.00 0.00 0.00
car 0.00 0 0.00 983 172 999 190 0.00 0.00 0.00 0.00 0.00 0.00 0.00
bicycle 0.00 0 0.00 1056 279 1079 296 0.00 0.00 0.00 0.00 0.00 0.00 0.00
car 0.00 0 0.00 1060 283 1127 308 0.00 0.00 0.00 0.00 0.00 0.00 0.00
car 0.00 0 0.00 1069 290 1137 313 0.00 0.00 0.00 0.00 0.00 0.00 0.00
car 0.00 0 0.00 1080 301 1144 331 0.00 0.00 0.00 0.00 0.00 0.00 0.00
car 0.00 0 0.00 1102 339 1188 371 0.00 0.00 0.00 0.00 0.00 0.00 0.00
car 0.00 0 0.00 1218 469 1339 523 0.00 0.00 0.00 0.00 0.00 0.00 0.00
car 0.00 0 0.00 1345 507 1400 588 0.00 0.00 0.00 0.00 0.00 0.00 0.00
car 0.00 0 0.00 942 356 981 393 0.00 0.00 0.00 0.00 0.00 0.00 0.00
car 0.00 0 0.00 937 326 970 361 0.00 0.00 0.00 0.00 0.00 0.00 0.00
car 0.00 0 0.00 934 304 960 331 0.00 0.00 0.00 0.00 0.00 0.00 0.00
car 0.00 0 0.00 919 232 949 264 0.00 0.00 0.00 0.00 0.00 0.00 0.00
car 0.00 0 0.00 947 200 969 222 0.00 0.00 0.00 0.00 0.00 0.00 0.00
car 0.00 0 0.00 643 196 665 215 0.00 0.00 0.00 0.00 0.00 0.00 0.00
car 0.00 0 0.00 662 184 679 200 0.00 0.00 0.00 0.00 0.00 0.00 0.00
car 0.00 0 0.00 682 162 700 180 0.00 0.00 0.00 0.00 0.00 0.00 0.00
car 0.00 0 0.00 689 155 706 173 0.00 0.00 0.00 0.00 0.00 0.00 0.00
car 0.00 0 0.00 700 148 716 161 0.00 0.00 0.00 0.00 0.00 0.00 0.00
car 0.00 0 0.00 724 125 737 138 0.00 0.00 0.00 0.00 0.00 0.00 0.00
car 0.00 0 0.00 763 108 774 118 0.00 0.00 0.00 0.00 0.00 0.00 0.00
car 0.00 0 0.00 813 101 823 111 0.00 0.00 0.00 0.00 0.00 0.00 0.00
car 0.00 0 0.00 824 90 833 98 0.00 0.00 0.00 0.00 0.00 0.00 0.00
car 0.00 0 0.00 831 73 840 80 0.00 0.00 0.00 0.00 0.00 0.00 0.00
car 0.00 0 0.00 775 95 784 104 0.00 0.00 0.00 0.00 0.00 0.00 0.00
truck 0.00 0 0.00 760 89 770 103 0.00 0.00 0.00 0.00 0.00 0.00 0.00
car 0.00 0 0.00 769 91 777 98 0.00 0.00 0.00 0.00 0.00 0.00 0.00
van 0.00 0 0.00 746 97 761 108 0.00 0.00 0.00 0.00 0.00 0.00 0.00
car 0.00 0 0.00 741 111 760 119 0.00 0.00 0.00 0.00 0.00 0.00 0.00
car 0.00 0 0.00 742 115 758 125 0.00 0.00 0.00 0.00 0.00 0.00 0.00
car 0.00 0 0.00 736 119 749 129 0.00 0.00 0.00 0.00 0.00 0.00 0.00
car 0.00 0 0.00 722 115 733 126 0.00 0.00 0.00 0.00 0.00 0.00 0.00
bicycle 0.00 0 0.00 688 185 695 195 0.00 0.00 0.00 0.00 0.00 0.00 0.00
people 0.00 0 0.00 687 181 694 190 0.00 0.00 0.00 0.00 0.00 0.00 0.00
van 0.00 0 0.00 1104 349 1207 393 0.00 0.00 0.00 0.00 0.00 0.00 0.00
car 0.00 0 0.00 1117 368 1197 404 0.00 0.00 0.00 0.00 0.00 0.00 0.00
car 0.00 0 0.00 1020 401 1065 447 0.00 0.00 0.00 0.00 0.00 0.00 0.00
car 0.00 0 0.00 1007 353 1057 403 0.00 0.00 0.00 0.00 0.00 0.00 0.00
