car 0.00 0 0.00 702 302 752 346 0.00 0.00 0.00 0.00 0.00 0.00 0.00
car 0.00 0 0.00 739 264 784 310 0.00 0.00 0.00 0.00 0.00 0.00 0.00
car 0.00 0 0.00 101 654 199 708 0.00 0.00 0.00 0.00 0.00 0.00 0.00
car 0.00 0 0.00 436 739 516 827 0.00 0.00 0.00 0.00 0.00 0.00 0.00
car 0.00 0 0.00 512 669 579 728 0.00 0.00 0.00 0.00 0.00 0.00 0.00
car 0.00 0 0.00 679 732 754 817 0.00 0.00 0.00 0.00 0.00 0.00 0.00
car 0.00 0 0.00 728 754 805 844 0.00 0.00 0.00 0.00 0.00 0.00 0.00
car 0.00 0 0.00 954 824 1022 923 0.00 0.00 0.00 0.00 0.00 0.00 0.00
car 0.00 0 0.00 1264 888 1327 1010 0.00 0.00 0.00 0.00 0.00 0.00 0.00
car 0.00 0 0.00 1333 915 1398 1033 0.00 0.00 0.00 0.00 0.00 0.00 0.00
car 0.00 0 0.00 1405 943 1467 1057 0.00 0.00 0.00 0.00 0.00 0.00 0.00
motor 0.00 0 0.00 1594 845 1639 871 0.00 0.00 0.00 0.00 0.00 0.00 0.00
people 0.00 0 0.00 1609 844 1629 870 0.00 0.00 0.00 0.00 0.00 0.00 0.00
car 0.00 0 0.00 1622 1015 1689 1077 0.00 0.00 0.00 0.00 0.00 0.00 0.00
car 0.00 0 0.00 1696 1048 1759 1077 0.00 0.00 0.00 0.00 0.00 0.00 0.00
tricycle 0.00 0 0.00 782 517 814 554 0.00 0.00 0.00 0.00 0.00 0.00 0.00
truck 0.00 0 0.00 793 524 845 590 0.00 0.00 0.00 0.00 0.00 0.00 0.00
car 0.00 0 0.00 857 525 914 597 0.00 0.00 0.00 0.00 0.00 0.00 0.00
tricycle 0.00 0 0.00 973 542 1017 614 0.00 0.00 0.00 0.00 0.00 0.00 0.00
truck 0.00 0 0.00 1008 547 1079 618 0.00 0.00 0.00 0.00 0.00 0.00 0.00
tricycle 0.00 0 0.00 1057 572 1102 642 0.00 0.00 0.00 0.00 0.00 0.00 0.00
car 0.00 0 0.00 1097 614 1151 689 0.00 0.00 0.00 0.00 0.00 0.00 0.00
car 0.00 0 0.00 1328 648 1378 732 0.00 0.00 0.00 0.00 0.00 0.00 0.00
car 0.00 0 0.00 1390 655 1439 740 0.00 0.00 0.00 0.00 0.00 0.00 0.00
car 0.00 0 0.00 1501 679 1552 766 0.00 0.00 0.00 0.00 0.00 0.00 0.00
car 0.00 0 0.00 1700 726 1759 820 0.00 0.00 0.00 0.00 0.00 0.00 0.00
