car 0.00 0 0.00 998 36 1003 42 0.00 0.00 0.00 0.00 0.00 0.00 0.00
car 0.00 0 0.00 982 41 987 47 0.00 0.00 0.00 0.00 0.00 0.00 0.00
car 0.00 0 0.00 992 28 998 31 0.00 0.00 0.00 0.00 0.00 0.00 0.00
car 0.00 0 0.00 1001 23 1004 26 0.00 0.00 0.00 0.00 0.00 0.00 0.00
car 0.00 0 0.00 983 55 990 62 0.00 0.00 0.00 0.00 0.00 0.00 0.00
car 0.00 0 0.00 1005 50 1010 57 0.00 0.00 0.00 0.00 0.00 0.00 0.00
car 0.00 0 0.00 1010 42 1014 47 0.00 0.00 0.00 0.00 0.00 0.00 0.00
car 0.00 0 0.00 994 60 1001 68 0.00 0.00 0.00 0.00 0.00 0.00 0.00
car 0.00 0 0.00 1000 63 1006 69 0.00 0.00 0.00 0.00 0.00 0.00 0.00
car 0.00 0 0.00 1011 56 1016 63 0.00 0.00 0.00 0.00 0.00 0.00 0.00
car 0.00 0 0.00 985 74 990 80 0.00 0.00 0.00 0.00 0.00 0.00 0.00
car 0.00 0 0.00 1028 16 1032 20 0.00 0.00 0.00 0.00 0.00 0.00 0.00
car 0.00 0 0.00 1029 23 1034 28 0.00 0.00 0.00 0.00 0.00 0.00 0.00
car 0.00 0 0.00 1033 37 1039 44 0.00 0.00 0.00 0.00 0.00 0.00 0.00
car 0.00 0 0.00 1047 87 1057 98 0.00 0.00 0.00 0.00 0.00 0.00 0.00
car 0.00 0 0.00 1061 64 1069 73 0.00 0.00 0.00 0.00 0.00 0.00 0.00
car 0.00 0 0.00 1062 73 1072 83 0.00 0.00 0.00 0.00 0.00 0.00 0.00
car 0.00 0 0.00 1064 96 1074 108 0.00 0.00 0.00 0.00 0.00 0.00 0.00
car 0.00 0 0.00 1084 111 1096 126 0.00 0.00 0.00 0.00 0.00 0.00 0.00
car 0.00 0 0.00 1088 138 1103 154 0.00 0.00 0.00 0.00 0.00 0.00 0.00
car 0.00 0 0.00 969 100 976 109 0.00 0.00 0.00 0.00 0.00 0.00 0.00
car 0.00 0 0.00 959 130 968 141 0.00 0.00 0.00 0.00 0.00 0.00 0.00
car 0.00 0 0.00 1009 164 1024 183 0.00 0.00 0.00 0.00 0.00 0.00 0.00
car 0.00 0 0.00 957 221 971 238 0.00 0.00 0.00 0.00 0.00 0.00 0.00
car 0.00 0 0.00 988 256 1005 279 0.00 0.00 0.00 0.00 0.00 0.00 0.00
bus 0.00 0 0.00 934 242 964 284 0.00 0.00 0.00 0.00 0.00 0.00 0.00
car 0.00 0 0.00 854 212 874 230 0.00 0.00 0.00 0.00 0.00 0.00 0.00
car 0.00 0 0.00 876 238 893 249 0.00 0.00 0.00 0.00 0.00 0.00 0.00
car 0.00 0 0.00 839 242 856 255 0.00 0.00 0.00 0.00 0.00 0.00 0.00
car 0.00 0 0.00 939 316 961 343 0.00 0.00 0.00 0.00 0.00 0.00 0.00
car 0.00 0 0.00 974 352 998 389 0.00 0.00 0.00 0.00 0.00 0.00 0.00
car 0.00 0 0.00 1011 332 1036 368 0.00 0.00 0.00 0.00 0.00 0.00 0.00
car 0.00 0 0.00 1010 378 1036 416 0.00 0.00 0.00 0.00 0.00 0.00 0.00
car 0.00 0 0.00 1011 412 1043 460 0.00 0.00 0.00 0.00 0.00 0.00 0.00
pedestrian 0.00 0 0.00 1056 407 1073 426 0.00 0.00 0.00 0.00 0.00 0.00 0.00
pedestrian 0.00 0 0.00 1041 396 1057 418 0.00 0.00 0.00 0.00 0.00 0.00 0.00
car 0.00 0 0.00 1015 464 1051 518 0.00 0.00 0.00 0.00 0.00 0.00 0.00
car 0.00 0 0.00 1010 520 1052 579 0.00 0.00 0.00 0.00 0.00 0.00 0.00
car 0.00 0 0.00 884 506 912 554 0.00 0.00 0.00 0.00 0.00 0.00 0.00
car 0.00 0 0.00 917 527 949 575 0.00 0.00 0.00 0.00 0.00 0.00 0.00
car 0.00 0 0.00 956 556 993 618 0.00 0.00 0.00 0.00 0.00 0.00 0.00
car 0.00 0 0.00 908 585 945 646 0.00 0.00 0.00 0.00 0.00 0.00 0.00
car 0.00 0 0.00 1112 328 1146 370 0.00 0.00 0.00 0.00 0.00 0.00 0.00
pedestrian 0.00 0 0.00 1061 356 1075 374 0.00 0.00 0.00 0.00 0.00 0.00 0.00
car 0.00 0 0.00 1182 404 1232 458 0.00 0.00 0.00 0.00 0.00 0.00 0.00
car 0.00 0 0.00 1109 532 1159 595 0.00 0.00 0.00 0.00 0.00 0.00 0.00
awning-tricycle 0.00 0 0.00 1360 573 1400 631 0.00 0.00 0.00 0.00 0.00 0.00 0.00
people 0.00 0 0.00 1364 575 1389 598 0.00 0.00 0.00 0.00 0.00 0.00 0.00
car 0.00 0 0.00 1215 654 1297 760 0.00 0.00 0.00 0.00 0.00 0.00 0.00
bus 0.00 0 0.00 742 308 758 325 0.00 0.00 0.00 0.00 0.00 0.00 0.00
car 0.00 0 0.00 754 308 764 319 0.00 0.00 0.00 0.00 0.00 0.00 0.00
car 0.00 0 0.00 737 320 747 329 0.00 0.00 0.00 0.00 0.00 0.00 0.00
car 0.00 0 0.00 732 321 742 331 0.00 0.00 0.00 0.00 0.00 0.00 0.00
car 0.00 0 0.00 630 597 663 622 0.00 0.00 0.00 0.00 0.00 0.00 0.00
car 0.00 0 0.00 615 623 657 649 0.00 0.00 0.00 0.00 0.00 0.00 0.00
van 0.00 0 0.00 690 642 731 675 0.00 0.00 0.00 0.00 0.00 0.00 0.00
pedestrian 0.00 0 0.00 652 694 667 709 0.00 0.00 0.00 0.00 0.00 0.00 0.00
pedestrian 0.00 0 0.00 789 753 816 778 0.00 0.00 0.00 0.00 0.00 0.00 0.00
pedestrian 0.00 0 0.00 551 805 571 821 0.00 0.00 0.00 0.00 0.00 0.00 0.00
car 0.00 0 0.00 541 785 581 813 0.00 0.00 0.00 0.00 0.00 0.00 0.00
car 0.00 0 0.00 521 750 537 766 0.00 0.00 0.00 0.00 0.00 0.00 0.00
pedestrian 0.00 0 0.00 464 766 476 777 0.00 0.00 0.00 0.00 0.00 0.00 0.00
car 0.00 0 0.00 435 793 474 846 0.00 0.00 0.00 0.00 0.00 0.00 0.00
car 0.00 0 0.00 417 815 443 851 0.00 0.00 0.00 0.00 0.00 0.00 0.00
car 0.00 0 0.00 379 863 412 906 0.00 0.00 0.00 0.00 0.00 0.00 0.00
car 0.00 0 0.00 364 855 405 893 0.00 0.00 0.00 0.00 0.00 0.00 0.00
car 0.00 0 0.00 365 830 394 869 0.00 0.00 0.00 0.00 0.00 0.00 0.00
car 0.00 0 0.00 358 823 390 858 0.00 0.00 0.00 0.00 0.00 0.00 0.00
car 0.00 0 0.00 343 832 374 870 0.00 0.00 0.00 0.00 0.00 0.00 0.00
car 0.00 0 0.00 320 847 353 888 0.00 0.00 0.00 0.00 0.00 0.00 0.00
car 0.00 0 0.00 306 855 335 889 0.00 0.00 0.00 0.00 0.00 0.00 0.00
pedestrian 0.00 0 0.00 319 813 331 825 0.00 0.00 0.00 0.00 0.00 0.00 0.00
car 0.00 0 0.00 295 826 321 852 0.00 0.00 0.00 0.00 0.00 0.00 0.00
car 0.00 0 0.00 271 835 297 867 0.00 0.00 0.00 0.00 0.00 0.00 0.00
car 0.00 0 0.00 253 849 279 880 0.00 0.00 0.00 0.00 0.00 0.00 0.00
car 0.00 0 0.00 234 853 265 884 0.00 0.00 0.00 0.00 0.00 0.00 0.00
car 0.00 0 0.00 214 869 243 899 0.00 0.00 0.00 0.00 0.00 0.00 0.00
van 0.00 0 0.00 232 902 264 937 0.00 0.00 0.00 0.00 0.00 0.00 0.00
van 0.00 0 0.00 220 910 251 944 0.00 0.00 0.00 0.00 0.00 0.00 0.00
car 0.00 0 0.00 212 917 236 952 0.00 0.00 0.00 0.00 0.00 0.00 0.00
car 0.00 0 0.00 200 917 228 953 0.00 0.00 0.00 0.00 0.00 0.00 0.00
car 0.00 0 0.00 183 926 212 964 0.00 0.00 0.00 0.00 0.00 0.00 0.00
car 0.00 0 0.00 169 887 195 912 0.00 0.00 0.00 0.00 0.00 0.00 0.00
van 0.00 0 0.00 161 885 188 908 0.00 0.00 0.00 0.00 0.00 0.00 0.00
pedestrian 0.00 0 0.00 146 920 157 929 0.00 0.00 0.00 0.00 0.00 0.00 0.00
car 0.00 0 0.00 134 944 160 972 0.00 0.00 0.00 0.00 0.00 0.00 0.00
car 0.00 0 0.00 126 946 155 976 0.00 0.00 0.00 0.00 0.00 0.00 0.00
car 0.00 0 0.00 123 944 150 977 0.00 0.00 0.00 0.00 0.00 0.00 0.00
car 0.00 0 0.00 112 952 132 982 0.00 0.00 0.00 0.00 0.00 0.00 0.00
car 0.00 0 0.00 103 953 131 982 0.00 0.00 0.00 0.00 0.00 0.00 0.00
car 0.00 0 0.00 131 931 153 947 0.00 0.00 0.00 0.00 0.00 0.00 0.00
van 0.00 0 0.00 99 939 127 964 0.00 0.00 0.00 0.00 0.00 0.00 0.00
van 0.00 0 0.00 90 940 117 966 0.00 0.00 0.00 0.00 0.00 0.00 0.00
car 0.00 0 0.00 83 948 103 972 0.00 0.00 0.00 0.00 0.00 0.00 0.00
car 0.00 0 0.00 76 950 101 973 0.00 0.00 0.00 0.00 0.00 0.00 0.00
car 0.00 0 0.00 70 953 93 980 0.00 0.00 0.00 0.00 0.00 0.00 0.00
car 0.00 0 0.00 64 954 90 980 0.00 0.00 0.00 0.00 0.00 0.00 0.00
car 0.00 0 0.00 87 920 108 939 0.00 0.00 0.00 0.00 0.00 0.00 0.00
car 0.00 0 0.00 101 901 122 919 0.00 0.00 0.00 0.00 0.00 0.00 0.00
car 0.00 0 0.00 81 899 104 920 0.00 0.00 0.00 0.00 0.00 0.00 0.00
car 0.00 0 0.00 68 920 89 936 0.00 0.00 0.00 0.00 0.00 0.00 0.00
car 0.00 0 0.00 61 926 84 946 0.00 0.00 0.00 0.00 0.00 0.00 0.00
car 0.00 0 0.00 41 951 64 974 0.00 0.00 0.00 0.00 0.00 0.00 0.00
car 0.00 0 0.00 46 1030 78 1050 0.00 0.00 0.00 0.00 0.00 0.00 0.00
people 0.00 0 0.00 650 1031 674 1048 0.00 0.00 0.00 0.00 0.00 0.00 0.00
motor 0.00 0 0.00 651 1024 685 1050 0.00 0.00 0.00 0.00 0.00 0.00 0.00
car 0.00 0 0.00 507 951 566 993 0.00 0.00 0.00 0.00 0.00 0.00 0.00
car 0.00 0 0.00 521 1028 596 1050 0.00 0.00 0.00 0.00 0.00 0.00 0.00
