car 0.00 0 0.00 187 454 212 472 0.00 0.00 0.00 0.00 0.00 0.00 0.00
truck 0.00 0 0.00 251 492 293 527 0.00 0.00 0.00 0.00 0.00 0.00 0.00
car 0.00 0 0.00 282 534 326 562 0.00 0.00 0.00 0.00 0.00 0.00 0.00
car 0.00 0 0.00 303 550 354 577 0.00 0.00 0.00 0.00 0.00 0.00 0.00
car 0.00 0 0.00 349 554 394 584 0.00 0.00 0.00 0.00 0.00 0.00 0.00
car 0.00 0 0.00 403 554 449 583 0.00 0.00 0.00 0.00 0.00 0.00 0.00
car 0.00 0 0.00 450 551 489 580 0.00 0.00 0.00 0.00 0.00 0.00 0.00
car 0.00 0 0.00 500 549 531 577 0.00 0.00 0.00 0.00 0.00 0.00 0.00
car 0.00 0 0.00 545 538 574 569 0.00 0.00 0.00 0.00 0.00 0.00 0.00
car 0.00 0 0.00 479 624 564 666 0.00 0.00 0.00 0.00 0.00 0.00 0.00
car 0.00 0 0.00 538 599 620 634 0.00 0.00 0.00 0.00 0.00 0.00 0.00
car 0.00 0 0.00 620 577 696 611 0.00 0.00 0.00 0.00 0.00 0.00 0.00
car 0.00 0 0.00 892 471 935 495 0.00 0.00 0.00 0.00 0.00 0.00 0.00
pedestrian 0.00 0 0.00 886 468 896 486 0.00 0.00 0.00 0.00 0.00 0.00 0.00
car 0.00 0 0.00 490 693 578 750 0.00 0.00 0.00 0.00 0.00 0.00 0.00
car 0.00 0 0.00 564 757 664 826 0.00 0.00 0.00 0.00 0.00 0.00 0.00
car 0.00 0 0.00 77 497 104 520 0.00 0.00 0.00 0.00 0.00 0.00 0.00
car 0.00 0 0.00 91 531 124 557 0.00 0.00 0.00 0.00 0.00 0.00 0.00
car 0.00 0 0.00 98 553 138 584 0.00 0.00 0.00 0.00 0.00 0.00 0.00
car 0.00 0 0.00 118 571 163 607 0.00 0.00 0.00 0.00 0.00 0.00 0.00
car 0.00 0 0.00 124 606 174 649 0.00 0.00 0.00 0.00 0.00 0.00 0.00
car 0.00 0 0.00 158 691 219 740 0.00 0.00 0.00 0.00 0.00 0.00 0.00
truck 0.00 0 0.00 0 654 76 770 0.00 0.00 0.00 0.00 0.00 0.00 0.00
car 0.00 0 0.00 297 945 410 1044 0.00 0.00 0.00 0.00 0.00 0.00 0.00
car 0.00 0 0.00 890 999 1033 1050 0.00 0.00 0.00 0.00 0.00 0.00 0.00
car 0.00 0 0.00 1213 735 1354 807 0.00 0.00 0.00 0.00 0.00 0.00 0.00
