car 0.00 0 0.00 392 14 433 36 0.00 0.00 0.00 0.00 0.00 0.00 0.00
car 0.00 0 0.00 392 37 432 57 0.00 0.00 0.00 0.00 0.00 0.00 0.00
car 0.00 0 0.00 390 56 426 80 0.00 0.00 0.00 0.00 0.00 0.00 0.00
car 0.00 0 0.00 391 78 426 99 0.00 0.00 0.00 0.00 0.00 0.00 0.00
car 0.00 0 0.00 395 97 436 120 0.00 0.00 0.00 0.00 0.00 0.00 0.00
van 0.00 0 0.00 396 120 439 145 0.00 0.00 0.00 0.00 0.00 0.00 0.00
car 0.00 0 0.00 505 86 543 107 0.00 0.00 0.00 0.00 0.00 0.00 0.00
car 0.00 0 0.00 507 61 551 83 0.00 0.00 0.00 0.00 0.00 0.00 0.00
car 0.00 0 0.00 498 16 541 38 0.00 0.00 0.00 0.00 0.00 0.00 0.00
car 0.00 0 0.00 457 363 475 400 0.00 0.00 0.00 0.00 0.00 0.00 0.00
car 0.00 0 0.00 476 353 499 395 0.00 0.00 0.00 0.00 0.00 0.00 0.00
car 0.00 0 0.00 457 476 478 516 0.00 0.00 0.00 0.00 0.00 0.00 0.00
car 0.00 0 0.00 522 542 543 577 0.00 0.00 0.00 0.00 0.00 0.00 0.00
car 0.00 0 0.00 457 590 479 632 0.00 0.00 0.00 0.00 0.00 0.00 0.00
car 0.00 0 0.00 524 588 540 628 0.00 0.00 0.00 0.00 0.00 0.00 0.00
car 0.00 0 0.00 460 638 481 679 0.00 0.00 0.00 0.00 0.00 0.00 0.00
car 0.00 0 0.00 524 635 546 677 0.00 0.00 0.00 0.00 0.00 0.00 0.00
car 0.00 0 0.00 529 687 549 727 0.00 0.00 0.00 0.00 0.00 0.00 0.00
car 0.00 0 0.00 532 742 551 785 0.00 0.00 0.00 0.00 0.00 0.00 0.00
car 0.00 0 0.00 464 739 488 783 0.00 0.00 0.00 0.00 0.00 0.00 0.00
car 0.00 0 0.00 468 795 490 837 0.00 0.00 0.00 0.00 0.00 0.00 0.00
truck 0.00 0 0.00 874 788 903 856 0.00 0.00 0.00 0.00 0.00 0.00 0.00
truck 0.00 0 0.00 707 335 736 424 0.00 0.00 0.00 0.00 0.00 0.00 0.00
motor 0.00 0 0.00 813 148 820 168 0.00 0.00 0.00 0.00 0.00 0.00 0.00
motor 0.00 0 0.00 799 170 807 184 0.00 0.00 0.00 0.00 0.00 0.00 0.00
motor 0.00 0 0.00 840 733 848 751 0.00 0.00 0.00 0.00 0.00 0.00 0.00
car 0.00 0 0.00 844 186 864 230 0.00 0.00 0.00 0.00 0.00 0.00 0.00
car 0.00 0 0.00 1146 7 1184 29 0.00 0.00 0.00 0.00 0.00 0.00 0.00
car 0.00 0 0.00 1147 27 1183 47 0.00 0.00 0.00 0.00 0.00 0.00 0.00
car 0.00 0 0.00 1150 140 1189 160 0.00 0.00 0.00 0.00 0.00 0.00 0.00
car 0.00 0 0.00 1097 62 1119 104 0.00 0.00 0.00 0.00 0.00 0.00 0.00
car 0.00 0 0.00 1067 256 1090 295 0.00 0.00 0.00 0.00 0.00 0.00 0.00
car 0.00 0 0.00 1161 176 1195 197 0.00 0.00 0.00 0.00 0.00 0.00 0.00
car 0.00 0 0.00 1240 157 1278 176 0.00 0.00 0.00 0.00 0.00 0.00 0.00
truck 0.00 0 0.00 1154 212 1201 235 0.00 0.00 0.00 0.00 0.00 0.00 0.00
truck 0.00 0 0.00 1253 356 1301 376 0.00 0.00 0.00 0.00 0.00 0.00 0.00
car 0.00 0 0.00 1254 413 1300 433 0.00 0.00 0.00 0.00 0.00 0.00 0.00
car 0.00 0 0.00 1154 660 1174 699 0.00 0.00 0.00 0.00 0.00 0.00 0.00
car 0.00 0 0.00 1131 818 1175 842 0.00 0.00 0.00 0.00 0.00 0.00 0.00
car 0.00 0 0.00 1140 851 1177 871 0.00 0.00 0.00 0.00 0.00 0.00 0.00
car 0.00 0 0.00 1132 878 1175 903 0.00 0.00 0.00 0.00 0.00 0.00 0.00
car 0.00 0 0.00 1143 936 1185 963 0.00 0.00 0.00 0.00 0.00 0.00 0.00
car 0.00 0 0.00 1147 973 1186 995 0.00 0.00 0.00 0.00 0.00 0.00 0.00
car 0.00 0 0.00 1146 999 1189 1023 0.00 0.00 0.00 0.00 0.00 0.00 0.00
car 0.00 0 0.00 1138 1024 1181 1043 0.00 0.00 0.00 0.00 0.00 0.00 0.00
bus 0.00 0 0.00 1051 425 1090 520 0.00 0.00 0.00 0.00 0.00 0.00 0.00
pedestrian 0.00 0 0.00 1260 270 1271 280 0.00 0.00 0.00 0.00 0.00 0.00 0.00
pedestrian 0.00 0 0.00 1077 314 1087 322 0.00 0.00 0.00 0.00 0.00 0.00 0.00
pedestrian 0.00 0 0.00 1093 313 1101 321 0.00 0.00 0.00 0.00 0.00 0.00 0.00
pedestrian 0.00 0 0.00 1085 312 1093 319 0.00 0.00 0.00 0.00 0.00 0.00 0.00
pedestrian 0.00 0 0.00 1184 406 1192 415 0.00 0.00 0.00 0.00 0.00 0.00 0.00
pedestrian 0.00 0 0.00 1185 399 1194 405 0.00 0.00 0.00 0.00 0.00 0.00 0.00
pedestrian 0.00 0 0.00 1264 619 1278 629 0.00 0.00 0.00 0.00 0.00 0.00 0.00
motor 0.00 0 0.00 1157 116 1174 124 0.00 0.00 0.00 0.00 0.00 0.00 0.00
