car 0.00 0 0.00 383 1 433 29 0.00 0.00 0.00 0.00 0.00 0.00 0.00
van 0.00 0 0.00 496 0 529 33 0.00 0.00 0.00 0.00 0.00 0.00 0.00
car 0.00 0 0.00 548 0 586 27 0.00 0.00 0.00 0.00 0.00 0.00 0.00
car 0.00 0 0.00 621 0 665 50 0.00 0.00 0.00 0.00 0.00 0.00 0.00
car 0.00 0 0.00 479 26 522 82 0.00 0.00 0.00 0.00 0.00 0.00 0.00
car 0.00 0 0.00 332 24 418 65 0.00 0.00 0.00 0.00 0.00 0.00 0.00
car 0.00 0 0.00 275 51 366 94 0.00 0.00 0.00 0.00 0.00 0.00 0.00
car 0.00 0 0.00 538 19 574 69 0.00 0.00 0.00 0.00 0.00 0.00 0.00
car 0.00 0 0.00 460 79 505 130 0.00 0.00 0.00 0.00 0.00 0.00 0.00
van 0.00 0 0.00 524 52 566 116 0.00 0.00 0.00 0.00 0.00 0.00 0.00
car 0.00 0 0.00 195 224 295 275 0.00 0.00 0.00 0.00 0.00 0.00 0.00
car 0.00 0 0.00 115 387 218 505 0.00 0.00 0.00 0.00 0.00 0.00 0.00
motor 0.00 0 0.00 178 295 216 333 0.00 0.00 0.00 0.00 0.00 0.00 0.00
car 0.00 0 0.00 391 217 430 289 0.00 0.00 0.00 0.00 0.00 0.00 0.00
car 0.00 0 0.00 437 217 501 300 0.00 0.00 0.00 0.00 0.00 0.00 0.00
car 0.00 0 0.00 507 207 553 294 0.00 0.00 0.00 0.00 0.00 0.00 0.00
car 0.00 0 0.00 603 219 647 309 0.00 0.00 0.00 0.00 0.00 0.00 0.00
car 0.00 0 0.00 310 347 385 450 0.00 0.00 0.00 0.00 0.00 0.00 0.00
pedestrian 0.00 0 0.00 556 217 577 263 0.00 0.00 0.00 0.00 0.00 0.00 0.00
pedestrian 0.00 0 0.00 504 411 524 460 0.00 0.00 0.00 0.00 0.00 0.00 0.00
car 0.00 0 0.00 458 316 523 423 0.00 0.00 0.00 0.00 0.00 0.00 0.00
car 0.00 0 0.00 394 482 478 626 0.00 0.00 0.00 0.00 0.00 0.00 0.00
car 0.00 0 0.00 253 481 337 613 0.00 0.00 0.00 0.00 0.00 0.00 0.00
truck 0.00 0 0.00 142 649 287 867 0.00 0.00 0.00 0.00 0.00 0.00 0.00
van 0.00 0 0.00 346 651 437 801 0.00 0.00 0.00 0.00 0.00 0.00 0.00
van 0.00 0 0.00 424 715 516 924 0.00 0.00 0.00 0.00 0.00 0.00 0.00
van 0.00 0 0.00 287 823 407 1046 0.00 0.00 0.00 0.00 0.00 0.00 0.00
van 0.00 0 0.00 104 929 226 1049 0.00 0.00 0.00 0.00 0.00 0.00 0.00
truck 0.00 0 0.00 674 312 768 548 0.00 0.00 0.00 0.00 0.00 0.00 0.00
car 0.00 0 0.00 824 162 872 230 0.00 0.00 0.00 0.00 0.00 0.00 0.00
car 0.00 0 0.00 920 265 956 328 0.00 0.00 0.00 0.00 0.00 0.00 0.00
pedestrian 0.00 0 0.00 828 0 841 26 0.00 0.00 0.00 0.00 0.00 0.00 0.00
pedestrian 0.00 0 0.00 846 0 856 37 0.00 0.00 0.00 0.00 0.00 0.00 0.00
pedestrian 0.00 0 0.00 860 3 871 42 0.00 0.00 0.00 0.00 0.00 0.00 0.00
car 0.00 0 0.00 905 37 974 98 0.00 0.00 0.00 0.00 0.00 0.00 0.00
car 0.00 0 0.00 920 92 970 147 0.00 0.00 0.00 0.00 0.00 0.00 0.00
car 0.00 0 0.00 942 155 996 224 0.00 0.00 0.00 0.00 0.00 0.00 0.00
car 0.00 0 0.00 958 230 1028 311 0.00 0.00 0.00 0.00 0.00 0.00 0.00
car 0.00 0 0.00 992 310 1061 398 0.00 0.00 0.00 0.00 0.00 0.00 0.00
car 0.00 0 0.00 1037 423 1119 531 0.00 0.00 0.00 0.00 0.00 0.00 0.00
car 0.00 0 0.00 1077 551 1184 683 0.00 0.00 0.00 0.00 0.00 0.00 0.00
car 0.00 0 0.00 1128 720 1271 919 0.00 0.00 0.00 0.00 0.00 0.00 0.00
car 0.00 0 0.00 1213 961 1344 1048 0.00 0.00 0.00 0.00 0.00 0.00 0.00
