car 0.00 0 0.00 861 1081 902 1151 0.00 0.00 0.00 0.00 0.00 0.00 0.00
van 0.00 0 0.00 905 1090 945 1168 0.00 0.00 0.00 0.00 0.00 0.00 0.00
car 0.00 0 0.00 961 1109 1004 1185 0.00 0.00 0.00 0.00 0.00 0.00 0.00
car 0.00 0 0.00 1011 397 1062 425 0.00 0.00 0.00 0.00 0.00 0.00 0.00
car 0.00 0 0.00 940 381 999 412 0.00 0.00 0.00 0.00 0.00 0.00 0.00
van 0.00 0 0.00 752 339 797 367 0.00 0.00 0.00 0.00 0.00 0.00 0.00
van 0.00 0 0.00 803 353 865 388 0.00 0.00 0.00 0.00 0.00 0.00 0.00
car 0.00 0 0.00 25 359 84 396 0.00 0.00 0.00 0.00 0.00 0.00 0.00
car 0.00 0 0.00 171 213 215 237 0.00 0.00 0.00 0.00 0.00 0.00 0.00
car 0.00 0 0.00 109 204 167 229 0.00 0.00 0.00 0.00 0.00 0.00 0.00
car 0.00 0 0.00 56 192 112 222 0.00 0.00 0.00 0.00 0.00 0.00 0.00
car 0.00 0 0.00 1 181 54 211 0.00 0.00 0.00 0.00 0.00 0.00 0.00
car 0.00 0 0.00 492 151 524 196 0.00 0.00 0.00 0.00 0.00 0.00 0.00
van 0.00 0 0.00 502 125 529 151 0.00 0.00 0.00 0.00 0.00 0.00 0.00
van 0.00 0 0.00 515 93 545 124 0.00 0.00 0.00 0.00 0.00 0.00 0.00
car 0.00 0 0.00 336 142 371 179 0.00 0.00 0.00 0.00 0.00 0.00 0.00
car 0.00 0 0.00 363 114 395 145 0.00 0.00 0.00 0.00 0.00 0.00 0.00
car 0.00 0 0.00 383 83 418 114 0.00 0.00 0.00 0.00 0.00 0.00 0.00
car 0.00 0 0.00 414 48 454 80 0.00 0.00 0.00 0.00 0.00 0.00 0.00
car 0.00 0 0.00 272 119 306 151 0.00 0.00 0.00 0.00 0.00 0.00 0.00
van 0.00 0 0.00 1128 231 1166 269 0.00 0.00 0.00 0.00 0.00 0.00 0.00
van 0.00 0 0.00 1135 211 1175 253 0.00 0.00 0.00 0.00 0.00 0.00 0.00
van 0.00 0 0.00 1144 189 1182 219 0.00 0.00 0.00 0.00 0.00 0.00 0.00
car 0.00 0 0.00 1161 165 1194 201 0.00 0.00 0.00 0.00 0.00 0.00 0.00
van 0.00 0 0.00 1164 136 1199 169 0.00 0.00 0.00 0.00 0.00 0.00 0.00
van 0.00 0 0.00 1176 111 1211 148 0.00 0.00 0.00 0.00 0.00 0.00 0.00
van 0.00 0 0.00 1222 98 1250 141 0.00 0.00 0.00 0.00 0.00 0.00 0.00
car 0.00 0 0.00 1189 91 1222 125 0.00 0.00 0.00 0.00 0.00 0.00 0.00
car 0.00 0 0.00 1235 440 1289 467 0.00 0.00 0.00 0.00 0.00 0.00 0.00
car 0.00 0 0.00 1303 453 1364 490 0.00 0.00 0.00 0.00 0.00 0.00 0.00
car 0.00 0 0.00 1386 473 1448 506 0.00 0.00 0.00 0.00 0.00 0.00 0.00
van 0.00 0 0.00 1477 488 1529 514 0.00 0.00 0.00 0.00 0.00 0.00 0.00
car 0.00 0 0.00 1420 794 1491 833 0.00 0.00 0.00 0.00 0.00 0.00 0.00
van 0.00 0 0.00 1516 807 1603 863 0.00 0.00 0.00 0.00 0.00 0.00 0.00
car 0.00 0 0.00 1630 515 1697 544 0.00 0.00 0.00 0.00 0.00 0.00 0.00
van 0.00 0 0.00 1716 520 1790 555 0.00 0.00 0.00 0.00 0.00 0.00 0.00
car 0.00 0 0.00 1797 567 1847 593 0.00 0.00 0.00 0.00 0.00 0.00 0.00
car 0.00 0 0.00 1916 565 1986 601 0.00 0.00 0.00 0.00 0.00 0.00 0.00
car 0.00 0 0.00 1718 864 1791 904 0.00 0.00 0.00 0.00 0.00 0.00 0.00
car 0.00 0 0.00 1800 880 1865 920 0.00 0.00 0.00 0.00 0.00 0.00 0.00
