car 0.00 0 0.00 1221 965 1380 1166 0.00 0.00 0.00 0.00 0.00 0.00 0.00
car 0.00 0 0.00 1092 732 1215 862 0.00 0.00 0.00 0.00 0.00 0.00 0.00
car 0.00 0 0.00 922 557 996 654 0.00 0.00 0.00 0.00 0.00 0.00 0.00
car 0.00 0 0.00 889 357 969 433 0.00 0.00 0.00 0.00 0.00 0.00 0.00
car 0.00 0 0.00 810 227 876 286 0.00 0.00 0.00 0.00 0.00 0.00 0.00
car 0.00 0 0.00 768 164 831 219 0.00 0.00 0.00 0.00 0.00 0.00 0.00
car 0.00 0 0.00 747 111 798 158 0.00 0.00 0.00 0.00 0.00 0.00 0.00
car 0.00 0 0.00 737 77 784 115 0.00 0.00 0.00 0.00 0.00 0.00 0.00
pedestrian 0.00 0 0.00 1225 911 1262 983 0.00 0.00 0.00 0.00 0.00 0.00 0.00
pedestrian 0.00 0 0.00 1190 913 1227 985 0.00 0.00 0.00 0.00 0.00 0.00 0.00
people 0.00 0 0.00 1240 917 1257 958 0.00 0.00 0.00 0.00 0.00 0.00 0.00
motor 0.00 0 0.00 1076 686 1151 737 0.00 0.00 0.00 0.00 0.00 0.00 0.00
motor 0.00 0 0.00 1088 677 1146 719 0.00 0.00 0.00 0.00 0.00 0.00 0.00
motor 0.00 0 0.00 1042 618 1102 665 0.00 0.00 0.00 0.00 0.00 0.00 0.00
motor 0.00 0 0.00 1020 585 1083 625 0.00 0.00 0.00 0.00 0.00 0.00 0.00
motor 0.00 0 0.00 1023 556 1080 594 0.00 0.00 0.00 0.00 0.00 0.00 0.00
motor 0.00 0 0.00 994 524 1054 563 0.00 0.00 0.00 0.00 0.00 0.00 0.00
people 0.00 0 0.00 1062 610 1091 653 0.00 0.00 0.00 0.00 0.00 0.00 0.00
people 0.00 0 0.00 887 575 911 620 0.00 0.00 0.00 0.00 0.00 0.00 0.00
motor 0.00 0 0.00 878 580 917 631 0.00 0.00 0.00 0.00 0.00 0.00 0.00
pedestrian 0.00 0 0.00 1121 542 1143 598 0.00 0.00 0.00 0.00 0.00 0.00 0.00
people 0.00 0 0.00 716 202 738 235 0.00 0.00 0.00 0.00 0.00 0.00 0.00
people 0.00 0 0.00 711 195 738 228 0.00 0.00 0.00 0.00 0.00 0.00 0.00
motor 0.00 0 0.00 710 204 739 239 0.00 0.00 0.00 0.00 0.00 0.00 0.00
pedestrian 0.00 0 0.00 825 22 844 55 0.00 0.00 0.00 0.00 0.00 0.00 0.00
pedestrian 0.00 0 0.00 325 46 368 96 0.00 0.00 0.00 0.00 0.00 0.00 0.00
van 0.00 0 0.00 96 98 157 168 0.00 0.00 0.00 0.00 0.00 0.00 0.00
van 0.00 0 0.00 112 35 166 106 0.00 0.00 0.00 0.00 0.00 0.00 0.00
van 0.00 0 0.00 140 9 183 65 0.00 0.00 0.00 0.00 0.00 0.00 0.00
car 0.00 0 0.00 156 1 201 36 0.00 0.00 0.00 0.00 0.00 0.00 0.00
car 0.00 0 0.00 8 285 83 357 0.00 0.00 0.00 0.00 0.00 0.00 0.00
van 0.00 0 0.00 0 342 51 453 0.00 0.00 0.00 0.00 0.00 0.00 0.00
people 0.00 0 0.00 187 137 210 165 0.00 0.00 0.00 0.00 0.00 0.00 0.00
motor 0.00 0 0.00 188 150 217 184 0.00 0.00 0.00 0.00 0.00 0.00 0.00
people 0.00 0 0.00 117 314 140 342 0.00 0.00 0.00 0.00 0.00 0.00 0.00
motor 0.00 0 0.00 122 321 151 360 0.00 0.00 0.00 0.00 0.00 0.00 0.00
people 0.00 0 0.00 92 317 112 346 0.00 0.00 0.00 0.00 0.00 0.00 0.00
motor 0.00 0 0.00 99 333 119 369 0.00 0.00 0.00 0.00 0.00 0.00 0.00
van 0.00 0 0.00 958 430 1052 539 0.00 0.00 0.00 0.00 0.00 0.00 0.00
