car 0.00 0 0.00 27 639 114 725 0.00 0.00 0.00 0.00 0.00 0.00 0.00
car 0.00 0 0.00 240 663 318 747 0.00 0.00 0.00 0.00 0.00 0.00 0.00
motor 0.00 0 0.00 375 722 397 754 0.00 0.00 0.00 0.00 0.00 0.00 0.00
motor 0.00 0 0.00 384 701 417 738 0.00 0.00 0.00 0.00 0.00 0.00 0.00
motor 0.00 0 0.00 387 679 418 709 0.00 0.00 0.00 0.00 0.00 0.00 0.00
car 0.00 0 0.00 451 694 516 775 0.00 0.00 0.00 0.00 0.00 0.00 0.00
car 0.00 0 0.00 884 717 938 813 0.00 0.00 0.00 0.00 0.00 0.00 0.00
car 0.00 0 0.00 993 739 1041 839 0.00 0.00 0.00 0.00 0.00 0.00 0.00
car 0.00 0 0.00 1051 764 1101 860 0.00 0.00 0.00 0.00 0.00 0.00 0.00
motor 0.00 0 0.00 1237 826 1255 857 0.00 0.00 0.00 0.00 0.00 0.00 0.00
people 0.00 0 0.00 1242 825 1253 855 0.00 0.00 0.00 0.00 0.00 0.00 0.00
people 0.00 0 0.00 1271 830 1289 847 0.00 0.00 0.00 0.00 0.00 0.00 0.00
motor 0.00 0 0.00 1284 831 1300 863 0.00 0.00 0.00 0.00 0.00 0.00 0.00
car 0.00 0 0.00 1435 816 1493 918 0.00 0.00 0.00 0.00 0.00 0.00 0.00
car 0.00 0 0.00 1496 815 1560 914 0.00 0.00 0.00 0.00 0.00 0.00 0.00
car 0.00 0 0.00 1775 854 1853 962 0.00 0.00 0.00 0.00 0.00 0.00 0.00
truck 0.00 0 0.00 833 525 968 592 0.00 0.00 0.00 0.00 0.00 0.00 0.00
car 0.00 0 0.00 992 450 1029 513 0.00 0.00 0.00 0.00 0.00 0.00 0.00
car 0.00 0 0.00 861 440 902 502 0.00 0.00 0.00 0.00 0.00 0.00 0.00
car 0.00 0 0.00 999 329 1034 385 0.00 0.00 0.00 0.00 0.00 0.00 0.00
car 0.00 0 0.00 856 287 926 323 0.00 0.00 0.00 0.00 0.00 0.00 0.00
car 0.00 0 0.00 993 69 1014 97 0.00 0.00 0.00 0.00 0.00 0.00 0.00
car 0.00 0 0.00 964 66 988 95 0.00 0.00 0.00 0.00 0.00 0.00 0.00
car 0.00 0 0.00 855 115 904 145 0.00 0.00 0.00 0.00 0.00 0.00 0.00
car 0.00 0 0.00 837 132 893 163 0.00 0.00 0.00 0.00 0.00 0.00 0.00
car 0.00 0 0.00 801 169 854 203 0.00 0.00 0.00 0.00 0.00 0.00 0.00
car 0.00 0 0.00 785 192 832 220 0.00 0.00 0.00 0.00 0.00 0.00 0.00
car 0.00 0 0.00 761 206 825 240 0.00 0.00 0.00 0.00 0.00 0.00 0.00
car 0.00 0 0.00 733 245 786 276 0.00 0.00 0.00 0.00 0.00 0.00 0.00
car 0.00 0 0.00 723 265 776 297 0.00 0.00 0.00 0.00 0.00 0.00 0.00
car 0.00 0 0.00 689 278 760 314 0.00 0.00 0.00 0.00 0.00 0.00 0.00
car 0.00 0 0.00 573 295 619 344 0.00 0.00 0.00 0.00 0.00 0.00 0.00
