truck 0.00 0 0.00 396 601 589 1016 0.00 0.00 0.00 0.00 0.00 0.00 0.00
awning-tricycle 0.00 0 0.00 20 254 135 402 0.00 0.00 0.00 0.00 0.00 0.00 0.00
truck 0.00 0 0.00 810 789 962 1050 0.00 0.00 0.00 0.00 0.00 0.00 0.00
car 0.00 0 0.00 786 0 902 44 0.00 0.00 0.00 0.00 0.00 0.00 0.00
awning-tricycle 0.00 0 0.00 360 0 417 25 0.00 0.00 0.00 0.00 0.00 0.00 0.00
awning-tricycle 0.00 0 0.00 241 8 333 96 0.00 0.00 0.00 0.00 0.00 0.00 0.00
awning-tricycle 0.00 0 0.00 323 25 371 100 0.00 0.00 0.00 0.00 0.00 0.00 0.00
awning-tricycle 0.00 0 0.00 750 108 865 197 0.00 0.00 0.00 0.00 0.00 0.00 0.00
awning-tricycle 0.00 0 0.00 1040 154 1179 219 0.00 0.00 0.00 0.00 0.00 0.00 0.00
truck 0.00 0 0.00 1071 388 1400 553 0.00 0.00 0.00 0.00 0.00 0.00 0.00
pedestrian 0.00 0 0.00 615 433 636 493 0.00 0.00 0.00 0.00 0.00 0.00 0.00
pedestrian 0.00 0 0.00 729 463 751 514 0.00 0.00 0.00 0.00 0.00 0.00 0.00
pedestrian 0.00 0 0.00 758 471 779 530 0.00 0.00 0.00 0.00 0.00 0.00 0.00
pedestrian 0.00 0 0.00 757 437 777 494 0.00 0.00 0.00 0.00 0.00 0.00 0.00
pedestrian 0.00 0 0.00 763 419 785 477 0.00 0.00 0.00 0.00 0.00 0.00 0.00
truck 0.00 0 0.00 192 171 427 268 0.00 0.00 0.00 0.00 0.00 0.00 0.00
people 0.00 0 0.00 438 195 470 227 0.00 0.00 0.00 0.00 0.00 0.00 0.00
pedestrian 0.00 0 0.00 541 198 562 255 0.00 0.00 0.00 0.00 0.00 0.00 0.00
pedestrian 0.00 0 0.00 538 313 566 371 0.00 0.00 0.00 0.00 0.00 0.00 0.00
pedestrian 0.00 0 0.00 654 321 669 372 0.00 0.00 0.00 0.00 0.00 0.00 0.00
pedestrian 0.00 0 0.00 750 305 774 362 0.00 0.00 0.00 0.00 0.00 0.00 0.00
pedestrian 0.00 0 0.00 736 279 758 338 0.00 0.00 0.00 0.00 0.00 0.00 0.00
pedestrian 0.00 0 0.00 637 223 665 280 0.00 0.00 0.00 0.00 0.00 0.00 0.00
people 0.00 0 0.00 767 217 792 254 0.00 0.00 0.00 0.00 0.00 0.00 0.00
pedestrian 0.00 0 0.00 810 155 829 213 0.00 0.00 0.00 0.00 0.00 0.00 0.00
bicycle 0.00 0 0.00 759 223 806 256 0.00 0.00 0.00 0.00 0.00 0.00 0.00
pedestrian 0.00 0 0.00 959 209 975 256 0.00 0.00 0.00 0.00 0.00 0.00 0.00
motor 0.00 0 0.00 930 165 988 208 0.00 0.00 0.00 0.00 0.00 0.00 0.00
motor 0.00 0 0.00 706 79 729 133 0.00 0.00 0.00 0.00 0.00 0.00 0.00
pedestrian 0.00 0 0.00 915 38 931 87 0.00 0.00 0.00 0.00 0.00 0.00 0.00
pedestrian 0.00 0 0.00 109 39 141 88 0.00 0.00 0.00 0.00 0.00 0.00 0.00
pedestrian 0.00 0 0.00 255 0 271 40 0.00 0.00 0.00 0.00 0.00 0.00 0.00
pedestrian 0.00 0 0.00 327 0 344 28 0.00 0.00 0.00 0.00 0.00 0.00 0.00
pedestrian 0.00 0 0.00 429 0 448 54 0.00 0.00 0.00 0.00 0.00 0.00 0.00
pedestrian 0.00 0 0.00 462 11 478 58 0.00 0.00 0.00 0.00 0.00 0.00 0.00
pedestrian 0.00 0 0.00 489 15 503 56 0.00 0.00 0.00 0.00 0.00 0.00 0.00
people 0.00 0 0.00 416 0 435 29 0.00 0.00 0.00 0.00 0.00 0.00 0.00
pedestrian 0.00 0 0.00 1342 105 1378 151 0.00 0.00 0.00 0.00 0.00 0.00 0.00
people 0.00 0 0.00 1319 254 1343 289 0.00 0.00 0.00 0.00 0.00 0.00 0.00
motor 0.00 0 0.00 1300 264 1355 295 0.00 0.00 0.00 0.00 0.00 0.00 0.00
motor 0.00 0 0.00 1375 264 1400 289 0.00 0.00 0.00 0.00 0.00 0.00 0.00
