motor 0.00 0 0.00 252 803 385 860 0.00 0.00 0.00 0.00 0.00 0.00 0.00
pedestrian 0.00 0 0.00 1258 695 1300 794 0.00 0.00 0.00 0.00 0.00 0.00 0.00
pedestrian 0.00 0 0.00 1334 743 1392 836 0.00 0.00 0.00 0.00 0.00 0.00 0.00
pedestrian 0.00 0 0.00 0 780 43 839 0.00 0.00 0.00 0.00 0.00 0.00 0.00
pedestrian 0.00 0 0.00 886 279 907 330 0.00 0.00 0.00 0.00 0.00 0.00 0.00
pedestrian 0.00 0 0.00 847 260 864 296 0.00 0.00 0.00 0.00 0.00 0.00 0.00
pedestrian 0.00 0 0.00 831 149 840 177 0.00 0.00 0.00 0.00 0.00 0.00 0.00
pedestrian 0.00 0 0.00 866 144 879 170 0.00 0.00 0.00 0.00 0.00 0.00 0.00
pedestrian 0.00 0 0.00 860 97 871 119 0.00 0.00 0.00 0.00 0.00 0.00 0.00
car 0.00 0 0.00 553 381 721 449 0.00 0.00 0.00 0.00 0.00 0.00 0.00
car 0.00 0 0.00 601 257 743 318 0.00 0.00 0.00 0.00 0.00 0.00 0.00
car 0.00 0 0.00 754 195 795 245 0.00 0.00 0.00 0.00 0.00 0.00 0.00
car 0.00 0 0.00 793 146 822 184 0.00 0.00 0.00 0.00 0.00 0.00 0.00
van 0.00 0 0.00 801 131 824 155 0.00 0.00 0.00 0.00 0.00 0.00 0.00
car 0.00 0 0.00 821 122 843 150 0.00 0.00 0.00 0.00 0.00 0.00 0.00
car 0.00 0 0.00 835 112 866 142 0.00 0.00 0.00 0.00 0.00 0.00 0.00
car 0.00 0 0.00 793 99 838 124 0.00 0.00 0.00 0.00 0.00 0.00 0.00
car 0.00 0 0.00 815 94 849 114 0.00 0.00 0.00 0.00 0.00 0.00 0.00
car 0.00 0 0.00 827 88 859 107 0.00 0.00 0.00 0.00 0.00 0.00 0.00
pedestrian 0.00 0 0.00 887 120 901 147 0.00 0.00 0.00 0.00 0.00 0.00 0.00
motor 0.00 0 0.00 162 840 197 915 0.00 0.00 0.00 0.00 0.00 0.00 0.00
