car 0.00 0 0.00 151 606 288 751 0.00 0.00 0.00 0.00 0.00 0.00 0.00
car 0.00 0 0.00 569 543 664 651 0.00 0.00 0.00 0.00 0.00 0.00 0.00
pedestrian 0.00 0 0.00 551 420 573 471 0.00 0.00 0.00 0.00 0.00 0.00 0.00
car 0.00 0 0.00 618 420 724 470 0.00 0.00 0.00 0.00 0.00 0.00 0.00
car 0.00 0 0.00 777 405 871 449 0.00 0.00 0.00 0.00 0.00 0.00 0.00
car 0.00 0 0.00 912 405 1018 448 0.00 0.00 0.00 0.00 0.00 0.00 0.00
car 0.00 0 0.00 1071 399 1178 445 0.00 0.00 0.00 0.00 0.00 0.00 0.00
car 0.00 0 0.00 324 411 379 465 0.00 0.00 0.00 0.00 0.00 0.00 0.00
van 0.00 0 0.00 341 373 383 420 0.00 0.00 0.00 0.00 0.00 0.00 0.00
van 0.00 0 0.00 347 352 387 401 0.00 0.00 0.00 0.00 0.00 0.00 0.00
car 0.00 0 0.00 228 343 322 379 0.00 0.00 0.00 0.00 0.00 0.00 0.00
car 0.00 0 0.00 227 334 316 361 0.00 0.00 0.00 0.00 0.00 0.00 0.00
car 0.00 0 0.00 192 316 265 337 0.00 0.00 0.00 0.00 0.00 0.00 0.00
car 0.00 0 0.00 184 303 227 319 0.00 0.00 0.00 0.00 0.00 0.00 0.00
car 0.00 0 0.00 277 280 313 300 0.00 0.00 0.00 0.00 0.00 0.00 0.00
car 0.00 0 0.00 230 273 274 294 0.00 0.00 0.00 0.00 0.00 0.00 0.00
car 0.00 0 0.00 191 270 230 289 0.00 0.00 0.00 0.00 0.00 0.00 0.00
car 0.00 0 0.00 138 257 167 276 0.00 0.00 0.00 0.00 0.00 0.00 0.00
tricycle 0.00 0 0.00 515 348 542 381 0.00 0.00 0.00 0.00 0.00 0.00 0.00
