car 0.00 0 0.00 282 73 290 80 0.00 0.00 0.00 0.00 0.00 0.00 0.00
car 0.00 0 0.00 363 143 373 152 0.00 0.00 0.00 0.00 0.00 0.00 0.00
pedestrian 0.00 0 0.00 350 113 353 121 0.00 0.00 0.00 0.00 0.00 0.00 0.00
car 0.00 0 0.00 362 116 376 125 0.00 0.00 0.00 0.00 0.00 0.00 0.00
car 0.00 0 0.00 345 70 355 79 0.00 0.00 0.00 0.00 0.00 0.00 0.00
car 0.00 0 0.00 362 87 369 94 0.00 0.00 0.00 0.00 0.00 0.00 0.00
car 0.00 0 0.00 193 393 236 413 0.00 0.00 0.00 0.00 0.00 0.00 0.00
car 0.00 0 0.00 195 410 240 428 0.00 0.00 0.00 0.00 0.00 0.00 0.00
motor 0.00 0 0.00 396 1029 410 1050 0.00 0.00 0.00 0.00 0.00 0.00 0.00
pedestrian 0.00 0 0.00 305 756 319 784 0.00 0.00 0.00 0.00 0.00 0.00 0.00
pedestrian 0.00 0 0.00 312 657 323 679 0.00 0.00 0.00 0.00 0.00 0.00 0.00
car 0.00 0 0.00 350 405 379 436 0.00 0.00 0.00 0.00 0.00 0.00 0.00
car 0.00 0 0.00 343 370 367 402 0.00 0.00 0.00 0.00 0.00 0.00 0.00
motor 0.00 0 0.00 384 396 390 411 0.00 0.00 0.00 0.00 0.00 0.00 0.00
people 0.00 0 0.00 384 396 390 404 0.00 0.00 0.00 0.00 0.00 0.00 0.00
car 0.00 0 0.00 228 351 285 373 0.00 0.00 0.00 0.00 0.00 0.00 0.00
car 0.00 0 0.00 226 328 271 350 0.00 0.00 0.00 0.00 0.00 0.00 0.00
car 0.00 0 0.00 226 319 272 339 0.00 0.00 0.00 0.00 0.00 0.00 0.00
pedestrian 0.00 0 0.00 284 159 287 165 0.00 0.00 0.00 0.00 0.00 0.00 0.00
car 0.00 0 0.00 368 93 373 100 0.00 0.00 0.00 0.00 0.00 0.00 0.00
car 0.00 0 0.00 372 98 377 104 0.00 0.00 0.00 0.00 0.00 0.00 0.00
car 0.00 0 0.00 375 104 383 111 0.00 0.00 0.00 0.00 0.00 0.00 0.00
car 0.00 0 0.00 382 111 387 116 0.00 0.00 0.00 0.00 0.00 0.00 0.00
car 0.00 0 0.00 386 116 393 123 0.00 0.00 0.00 0.00 0.00 0.00 0.00
car 0.00 0 0.00 395 121 407 129 0.00 0.00 0.00 0.00 0.00 0.00 0.00
car 0.00 0 0.00 408 135 421 144 0.00 0.00 0.00 0.00 0.00 0.00 0.00
pedestrian 0.00 0 0.00 386 103 389 107 0.00 0.00 0.00 0.00 0.00 0.00 0.00
pedestrian 0.00 0 0.00 455 581 466 609 0.00 0.00 0.00 0.00 0.00 0.00 0.00
car 0.00 0 0.00 428 159 441 169 0.00 0.00 0.00 0.00 0.00 0.00 0.00
car 0.00 0 0.00 438 166 445 174 0.00 0.00 0.00 0.00 0.00 0.00 0.00
car 0.00 0 0.00 444 177 458 187 0.00 0.00 0.00 0.00 0.00 0.00 0.00
car 0.00 0 0.00 452 184 464 194 0.00 0.00 0.00 0.00 0.00 0.00 0.00
car 0.00 0 0.00 459 191 470 201 0.00 0.00 0.00 0.00 0.00 0.00 0.00
pedestrian 0.00 0 0.00 472 173 474 183 0.00 0.00 0.00 0.00 0.00 0.00 0.00
car 0.00 0 0.00 496 227 514 244 0.00 0.00 0.00 0.00 0.00 0.00 0.00
car 0.00 0 0.00 441 317 468 345 0.00 0.00 0.00 0.00 0.00 0.00 0.00
car 0.00 0 0.00 506 329 531 350 0.00 0.00 0.00 0.00 0.00 0.00 0.00
car 0.00 0 0.00 477 394 506 425 0.00 0.00 0.00 0.00 0.00 0.00 0.00
car 0.00 0 0.00 497 422 522 450 0.00 0.00 0.00 0.00 0.00 0.00 0.00
car 0.00 0 0.00 510 391 540 420 0.00 0.00 0.00 0.00 0.00 0.00 0.00
car 0.00 0 0.00 509 446 542 482 0.00 0.00 0.00 0.00 0.00 0.00 0.00
motor 0.00 0 0.00 609 938 633 988 0.00 0.00 0.00 0.00 0.00 0.00 0.00
motor 0.00 0 0.00 551 887 574 936 0.00 0.00 0.00 0.00 0.00 0.00 0.00
car 0.00 0 0.00 522 224 549 236 0.00 0.00 0.00 0.00 0.00 0.00 0.00
car 0.00 0 0.00 566 303 594 325 0.00 0.00 0.00 0.00 0.00 0.00 0.00
car 0.00 0 0.00 583 323 608 342 0.00 0.00 0.00 0.00 0.00 0.00 0.00
van 0.00 0 0.00 634 372 662 397 0.00 0.00 0.00 0.00 0.00 0.00 0.00
van 0.00 0 0.00 614 480 652 515 0.00 0.00 0.00 0.00 0.00 0.00 0.00
car 0.00 0 0.00 529 479 564 520 0.00 0.00 0.00 0.00 0.00 0.00 0.00
car 0.00 0 0.00 556 530 598 577 0.00 0.00 0.00 0.00 0.00 0.00 0.00
car 0.00 0 0.00 585 576 631 629 0.00 0.00 0.00 0.00 0.00 0.00 0.00
car 0.00 0 0.00 617 632 668 689 0.00 0.00 0.00 0.00 0.00 0.00 0.00
car 0.00 0 0.00 717 802 786 888 0.00 0.00 0.00 0.00 0.00 0.00 0.00
car 0.00 0 0.00 651 701 712 774 0.00 0.00 0.00 0.00 0.00 0.00 0.00
motor 0.00 0 0.00 712 613 726 630 0.00 0.00 0.00 0.00 0.00 0.00 0.00
car 0.00 0 0.00 759 767 824 837 0.00 0.00 0.00 0.00 0.00 0.00 0.00
people 0.00 0 0.00 711 610 725 622 0.00 0.00 0.00 0.00 0.00 0.00 0.00
people 0.00 0 0.00 555 886 572 911 0.00 0.00 0.00 0.00 0.00 0.00 0.00
people 0.00 0 0.00 610 942 632 967 0.00 0.00 0.00 0.00 0.00 0.00 0.00
