pedestrian 0.00 0 0.00 342 242 353 262 0.00 0.00 0.00 0.00 0.00 0.00 0.00
pedestrian 0.00 0 0.00 494 294 502 312 0.00 0.00 0.00 0.00 0.00 0.00 0.00
pedestrian 0.00 0 0.00 359 172 369 191 0.00 0.00 0.00 0.00 0.00 0.00 0.00
pedestrian 0.00 0 0.00 385 112 396 130 0.00 0.00 0.00 0.00 0.00 0.00 0.00
pedestrian 0.00 0 0.00 395 120 401 132 0.00 0.00 0.00 0.00 0.00 0.00 0.00
pedestrian 0.00 0 0.00 400 91 408 109 0.00 0.00 0.00 0.00 0.00 0.00 0.00
pedestrian 0.00 0 0.00 504 27 510 40 0.00 0.00 0.00 0.00 0.00 0.00 0.00
pedestrian 0.00 0 0.00 543 48 551 66 0.00 0.00 0.00 0.00 0.00 0.00 0.00
pedestrian 0.00 0 0.00 560 108 568 126 0.00 0.00 0.00 0.00 0.00 0.00 0.00
car 0.00 0 0.00 477 377 521 427 0.00 0.00 0.00 0.00 0.00 0.00 0.00
car 0.00 0 0.00 556 328 594 373 0.00 0.00 0.00 0.00 0.00 0.00 0.00
van 0.00 0 0.00 557 226 593 270 0.00 0.00 0.00 0.00 0.00 0.00 0.00
car 0.00 0 0.00 618 192 647 226 0.00 0.00 0.00 0.00 0.00 0.00 0.00
bus 0.00 0 0.00 582 76 638 176 0.00 0.00 0.00 0.00 0.00 0.00 0.00
van 0.00 0 0.00 614 56 640 81 0.00 0.00 0.00 0.00 0.00 0.00 0.00
van 0.00 0 0.00 630 18 652 48 0.00 0.00 0.00 0.00 0.00 0.00 0.00
car 0.00 0 0.00 665 8 685 35 0.00 0.00 0.00 0.00 0.00 0.00 0.00
car 0.00 0 0.00 1021 88 1047 122 0.00 0.00 0.00 0.00 0.00 0.00 0.00
van 0.00 0 0.00 1194 72 1220 110 0.00 0.00 0.00 0.00 0.00 0.00 0.00
car 0.00 0 0.00 1280 23 1307 54 0.00 0.00 0.00 0.00 0.00 0.00 0.00
van 0.00 0 0.00 1258 158 1294 202 0.00 0.00 0.00 0.00 0.00 0.00 0.00
car 0.00 0 0.00 1206 203 1236 245 0.00 0.00 0.00 0.00 0.00 0.00 0.00
car 0.00 0 0.00 1240 208 1267 244 0.00 0.00 0.00 0.00 0.00 0.00 0.00
car 0.00 0 0.00 1207 254 1237 301 0.00 0.00 0.00 0.00 0.00 0.00 0.00
car 0.00 0 0.00 1123 288 1152 335 0.00 0.00 0.00 0.00 0.00 0.00 0.00
car 0.00 0 0.00 1095 361 1125 414 0.00 0.00 0.00 0.00 0.00 0.00 0.00
car 0.00 0 0.00 1126 392 1159 448 0.00 0.00 0.00 0.00 0.00 0.00 0.00
van 0.00 0 0.00 1191 390 1231 456 0.00 0.00 0.00 0.00 0.00 0.00 0.00
bus 0.00 0 0.00 1213 251 1300 394 0.00 0.00 0.00 0.00 0.00 0.00 0.00
van 0.00 0 0.00 1082 454 1118 508 0.00 0.00 0.00 0.00 0.00 0.00 0.00
van 0.00 0 0.00 1175 507 1212 569 0.00 0.00 0.00 0.00 0.00 0.00 0.00
car 0.00 0 0.00 1081 540 1123 612 0.00 0.00 0.00 0.00 0.00 0.00 0.00
van 0.00 0 0.00 1061 669 1102 758 0.00 0.00 0.00 0.00 0.00 0.00 0.00
van 0.00 0 0.00 928 663 972 743 0.00 0.00 0.00 0.00 0.00 0.00 0.00
van 0.00 0 0.00 1148 592 1188 689 0.00 0.00 0.00 0.00 0.00 0.00 0.00
car 0.00 0 0.00 1263 765 1317 787 0.00 0.00 0.00 0.00 0.00 0.00 0.00
van 0.00 0 0.00 1283 690 1365 750 0.00 0.00 0.00 0.00 0.00 0.00 0.00
car 0.00 0 0.00 1280 658 1362 709 0.00 0.00 0.00 0.00 0.00 0.00 0.00
car 0.00 0 0.00 1295 624 1365 671 0.00 0.00 0.00 0.00 0.00 0.00 0.00
motor 0.00 0 0.00 1346 553 1358 577 0.00 0.00 0.00 0.00 0.00 0.00 0.00
motor 0.00 0 0.00 1334 535 1380 563 0.00 0.00 0.00 0.00 0.00 0.00 0.00
van 0.00 0 0.00 1354 479 1400 542 0.00 0.00 0.00 0.00 0.00 0.00 0.00
car 0.00 0 0.00 1370 443 1400 503 0.00 0.00 0.00 0.00 0.00 0.00 0.00
car 0.00 0 0.00 1011 410 1043 455 0.00 0.00 0.00 0.00 0.00 0.00 0.00
