car 0.00 0 0.00 316 978 359 1014 0.00 0.00 0.00 0.00 0.00 0.00 0.00
car 0.00 0 0.00 400 892 432 917 0.00 0.00 0.00 0.00 0.00 0.00 0.00
car 0.00 0 0.00 445 882 473 905 0.00 0.00 0.00 0.00 0.00 0.00 0.00
pedestrian 0.00 0 0.00 622 856 628 870 0.00 0.00 0.00 0.00 0.00 0.00 0.00
bus 0.00 0 0.00 657 706 679 731 0.00 0.00 0.00 0.00 0.00 0.00 0.00
car 0.00 0 0.00 102 758 131 770 0.00 0.00 0.00 0.00 0.00 0.00 0.00
car 0.00 0 0.00 268 782 296 797 0.00 0.00 0.00 0.00 0.00 0.00 0.00
car 0.00 0 0.00 503 732 518 745 0.00 0.00 0.00 0.00 0.00 0.00 0.00
car 0.00 0 0.00 516 734 532 747 0.00 0.00 0.00 0.00 0.00 0.00 0.00
car 0.00 0 0.00 529 735 545 748 0.00 0.00 0.00 0.00 0.00 0.00 0.00
car 0.00 0 0.00 546 736 561 750 0.00 0.00 0.00 0.00 0.00 0.00 0.00
car 0.00 0 0.00 562 727 575 739 0.00 0.00 0.00 0.00 0.00 0.00 0.00
car 0.00 0 0.00 577 716 590 727 0.00 0.00 0.00 0.00 0.00 0.00 0.00
car 0.00 0 0.00 589 706 604 717 0.00 0.00 0.00 0.00 0.00 0.00 0.00
car 0.00 0 0.00 606 690 618 700 0.00 0.00 0.00 0.00 0.00 0.00 0.00
car 0.00 0 0.00 514 724 530 736 0.00 0.00 0.00 0.00 0.00 0.00 0.00
van 0.00 0 0.00 529 721 545 736 0.00 0.00 0.00 0.00 0.00 0.00 0.00
car 0.00 0 0.00 528 717 542 728 0.00 0.00 0.00 0.00 0.00 0.00 0.00
car 0.00 0 0.00 546 716 560 727 0.00 0.00 0.00 0.00 0.00 0.00 0.00
car 0.00 0 0.00 546 724 564 737 0.00 0.00 0.00 0.00 0.00 0.00 0.00
car 0.00 0 0.00 559 717 571 728 0.00 0.00 0.00 0.00 0.00 0.00 0.00
car 0.00 0 0.00 560 707 572 718 0.00 0.00 0.00 0.00 0.00 0.00 0.00
car 0.00 0 0.00 569 709 581 722 0.00 0.00 0.00 0.00 0.00 0.00 0.00
car 0.00 0 0.00 571 701 583 712 0.00 0.00 0.00 0.00 0.00 0.00 0.00
car 0.00 0 0.00 557 699 569 709 0.00 0.00 0.00 0.00 0.00 0.00 0.00
car 0.00 0 0.00 583 691 596 702 0.00 0.00 0.00 0.00 0.00 0.00 0.00
car 0.00 0 0.00 585 700 598 713 0.00 0.00 0.00 0.00 0.00 0.00 0.00
car 0.00 0 0.00 593 695 605 706 0.00 0.00 0.00 0.00 0.00 0.00 0.00
car 0.00 0 0.00 598 686 610 695 0.00 0.00 0.00 0.00 0.00 0.00 0.00
car 0.00 0 0.00 614 683 627 693 0.00 0.00 0.00 0.00 0.00 0.00 0.00
car 0.00 0 0.00 639 668 649 678 0.00 0.00 0.00 0.00 0.00 0.00 0.00
car 0.00 0 0.00 658 664 669 673 0.00 0.00 0.00 0.00 0.00 0.00 0.00
car 0.00 0 0.00 675 651 685 658 0.00 0.00 0.00 0.00 0.00 0.00 0.00
car 0.00 0 0.00 693 635 703 642 0.00 0.00 0.00 0.00 0.00 0.00 0.00
car 0.00 0 0.00 692 686 703 697 0.00 0.00 0.00 0.00 0.00 0.00 0.00
car 0.00 0 0.00 723 624 731 631 0.00 0.00 0.00 0.00 0.00 0.00 0.00
