van 0.00 0 0.00 173 869 304 925 0.00 0.00 0.00 0.00 0.00 0.00 0.00
bicycle 0.00 0 0.00 186 1019 233 1037 0.00 0.00 0.00 0.00 0.00 0.00 0.00
truck 0.00 0 0.00 420 929 491 1049 0.00 0.00 0.00 0.00 0.00 0.00 0.00
van 0.00 0 0.00 503 896 555 1029 0.00 0.00 0.00 0.00 0.00 0.00 0.00
van 0.00 0 0.00 707 926 753 1047 0.00 0.00 0.00 0.00 0.00 0.00 0.00
car 0.00 0 0.00 681 760 737 879 0.00 0.00 0.00 0.00 0.00 0.00 0.00
car 0.00 0 0.00 694 486 746 603 0.00 0.00 0.00 0.00 0.00 0.00 0.00
car 0.00 0 0.00 371 662 427 782 0.00 0.00 0.00 0.00 0.00 0.00 0.00
car 0.00 0 0.00 479 566 536 683 0.00 0.00 0.00 0.00 0.00 0.00 0.00
car 0.00 0 0.00 462 413 515 527 0.00 0.00 0.00 0.00 0.00 0.00 0.00
car 0.00 0 0.00 461 294 545 401 0.00 0.00 0.00 0.00 0.00 0.00 0.00
car 0.00 0 0.00 703 384 747 463 0.00 0.00 0.00 0.00 0.00 0.00 0.00
car 0.00 0 0.00 699 261 746 362 0.00 0.00 0.00 0.00 0.00 0.00 0.00
car 0.00 0 0.00 699 128 746 226 0.00 0.00 0.00 0.00 0.00 0.00 0.00
car 0.00 0 0.00 694 11 744 116 0.00 0.00 0.00 0.00 0.00 0.00 0.00
car 0.00 0 0.00 577 60 622 171 0.00 0.00 0.00 0.00 0.00 0.00 0.00
van 0.00 0 0.00 472 189 513 279 0.00 0.00 0.00 0.00 0.00 0.00 0.00
car 0.00 0 0.00 256 15 368 69 0.00 0.00 0.00 0.00 0.00 0.00 0.00
car 0.00 0 0.00 252 75 360 130 0.00 0.00 0.00 0.00 0.00 0.00 0.00
pedestrian 0.00 0 0.00 369 56 388 82 0.00 0.00 0.00 0.00 0.00 0.00 0.00
pedestrian 0.00 0 0.00 303 263 327 284 0.00 0.00 0.00 0.00 0.00 0.00 0.00
pedestrian 0.00 0 0.00 331 300 354 330 0.00 0.00 0.00 0.00 0.00 0.00 0.00
pedestrian 0.00 0 0.00 344 324 366 356 0.00 0.00 0.00 0.00 0.00 0.00 0.00
motor 0.00 0 0.00 243 346 287 380 0.00 0.00 0.00 0.00 0.00 0.00 0.00
motor 0.00 0 0.00 205 766 247 782 0.00 0.00 0.00 0.00 0.00 0.00 0.00
motor 0.00 0 0.00 215 631 259 650 0.00 0.00 0.00 0.00 0.00 0.00 0.00
pedestrian 0.00 0 0.00 290 790 311 803 0.00 0.00 0.00 0.00 0.00 0.00 0.00
pedestrian 0.00 0 0.00 324 769 348 784 0.00 0.00 0.00 0.00 0.00 0.00 0.00
people 0.00 0 0.00 249 539 274 552 0.00 0.00 0.00 0.00 0.00 0.00 0.00
pedestrian 0.00 0 0.00 322 550 341 560 0.00 0.00 0.00 0.00 0.00 0.00 0.00
pedestrian 0.00 0 0.00 343 540 367 557 0.00 0.00 0.00 0.00 0.00 0.00 0.00
motor 0.00 0 0.00 248 521 275 562 0.00 0.00 0.00 0.00 0.00 0.00 0.00
car 0.00 0 0.00 397 465 444 574 0.00 0.00 0.00 0.00 0.00 0.00 0.00
car 0.00 0 0.00 369 320 426 434 0.00 0.00 0.00 0.00 0.00 0.00 0.00
