van 0.00 0 0.00 764 897 855 1050 0.00 0.00 0.00 0.00 0.00 0.00 0.00
pedestrian 0.00 0 0.00 728 958 758 1005 0.00 0.00 0.00 0.00 0.00 0.00 0.00
motor 0.00 0 0.00 1030 646 1085 676 0.00 0.00 0.00 0.00 0.00 0.00 0.00
pedestrian 0.00 0 0.00 520 711 562 746 0.00 0.00 0.00 0.00 0.00 0.00 0.00
pedestrian 0.00 0 0.00 489 803 520 848 0.00 0.00 0.00 0.00 0.00 0.00 0.00
car 0.00 0 0.00 703 410 762 511 0.00 0.00 0.00 0.00 0.00 0.00 0.00
truck 0.00 0 0.00 272 723 458 1009 0.00 0.00 0.00 0.00 0.00 0.00 0.00
people 0.00 0 0.00 271 806 315 854 0.00 0.00 0.00 0.00 0.00 0.00 0.00
pedestrian 0.00 0 0.00 203 816 246 853 0.00 0.00 0.00 0.00 0.00 0.00 0.00
awning-tricycle 0.00 0 0.00 219 735 327 868 0.00 0.00 0.00 0.00 0.00 0.00 0.00
truck 0.00 0 0.00 2 693 253 1050 0.00 0.00 0.00 0.00 0.00 0.00 0.00
truck 0.00 0 0.00 145 340 337 642 0.00 0.00 0.00 0.00 0.00 0.00 0.00
pedestrian 0.00 0 0.00 347 456 373 491 0.00 0.00 0.00 0.00 0.00 0.00 0.00
people 0.00 0 0.00 488 374 512 400 0.00 0.00 0.00 0.00 0.00 0.00 0.00
people 0.00 0 0.00 342 475 366 507 0.00 0.00 0.00 0.00 0.00 0.00 0.00
people 0.00 0 0.00 342 496 369 524 0.00 0.00 0.00 0.00 0.00 0.00 0.00
truck 0.00 0 0.00 334 326 431 456 0.00 0.00 0.00 0.00 0.00 0.00 0.00
awning-tricycle 0.00 0 0.00 427 366 470 421 0.00 0.00 0.00 0.00 0.00 0.00 0.00
motor 0.00 0 0.00 493 382 515 423 0.00 0.00 0.00 0.00 0.00 0.00 0.00
tricycle 0.00 0 0.00 701 268 725 312 0.00 0.00 0.00 0.00 0.00 0.00 0.00
motor 0.00 0 0.00 833 252 859 282 0.00 0.00 0.00 0.00 0.00 0.00 0.00
motor 0.00 0 0.00 799 181 837 212 0.00 0.00 0.00 0.00 0.00 0.00 0.00
truck 0.00 0 0.00 639 24 693 137 0.00 0.00 0.00 0.00 0.00 0.00 0.00
car 0.00 0 0.00 515 98 558 159 0.00 0.00 0.00 0.00 0.00 0.00 0.00
car 0.00 0 0.00 491 19 524 64 0.00 0.00 0.00 0.00 0.00 0.00 0.00
truck 0.00 0 0.00 330 135 405 256 0.00 0.00 0.00 0.00 0.00 0.00 0.00
motor 0.00 0 0.00 1288 285 1344 313 0.00 0.00 0.00 0.00 0.00 0.00 0.00
car 0.00 0 0.00 1190 390 1265 492 0.00 0.00 0.00 0.00 0.00 0.00 0.00
motor 0.00 0 0.00 1084 299 1100 339 0.00 0.00 0.00 0.00 0.00 0.00 0.00
