car 0.00 0 0.00 1697 670 1788 725 0.00 0.00 0.00 0.00 0.00 0.00 0.00
car 0.00 0 0.00 1670 645 1750 692 0.00 0.00 0.00 0.00 0.00 0.00 0.00
car 0.00 0 0.00 1622 612 1716 661 0.00 0.00 0.00 0.00 0.00 0.00 0.00
van 0.00 0 0.00 1539 517 1652 564 0.00 0.00 0.00 0.00 0.00 0.00 0.00
car 0.00 0 0.00 1594 557 1678 582 0.00 0.00 0.00 0.00 0.00 0.00 0.00
awning-tricycle 0.00 0 0.00 1315 544 1366 575 0.00 0.00 0.00 0.00 0.00 0.00 0.00
car 0.00 0 0.00 1344 339 1392 367 0.00 0.00 0.00 0.00 0.00 0.00 0.00
car 0.00 0 0.00 1396 268 1444 294 0.00 0.00 0.00 0.00 0.00 0.00 0.00
car 0.00 0 0.00 1380 213 1425 238 0.00 0.00 0.00 0.00 0.00 0.00 0.00
car 0.00 0 0.00 1143 192 1186 210 0.00 0.00 0.00 0.00 0.00 0.00 0.00
people 0.00 0 0.00 1402 419 1414 434 0.00 0.00 0.00 0.00 0.00 0.00 0.00
truck 0.00 0 0.00 880 632 969 921 0.00 0.00 0.00 0.00 0.00 0.00 0.00
awning-tricycle 0.00 0 0.00 759 829 797 904 0.00 0.00 0.00 0.00 0.00 0.00 0.00
awning-tricycle 0.00 0 0.00 715 801 746 859 0.00 0.00 0.00 0.00 0.00 0.00 0.00
awning-tricycle 0.00 0 0.00 764 687 795 743 0.00 0.00 0.00 0.00 0.00 0.00 0.00
awning-tricycle 0.00 0 0.00 605 895 641 960 0.00 0.00 0.00 0.00 0.00 0.00 0.00
pedestrian 0.00 0 0.00 654 857 669 883 0.00 0.00 0.00 0.00 0.00 0.00 0.00
pedestrian 0.00 0 0.00 665 860 687 893 0.00 0.00 0.00 0.00 0.00 0.00 0.00
motor 0.00 0 0.00 661 862 677 905 0.00 0.00 0.00 0.00 0.00 0.00 0.00
pedestrian 0.00 0 0.00 636 671 649 688 0.00 0.00 0.00 0.00 0.00 0.00 0.00
pedestrian 0.00 0 0.00 637 647 649 676 0.00 0.00 0.00 0.00 0.00 0.00 0.00
truck 0.00 0 0.00 755 558 796 616 0.00 0.00 0.00 0.00 0.00 0.00 0.00
motor 0.00 0 0.00 627 626 648 642 0.00 0.00 0.00 0.00 0.00 0.00 0.00
motor 0.00 0 0.00 625 613 649 631 0.00 0.00 0.00 0.00 0.00 0.00 0.00
car 0.00 0 0.00 634 438 671 483 0.00 0.00 0.00 0.00 0.00 0.00 0.00
awning-tricycle 0.00 0 0.00 759 367 783 399 0.00 0.00 0.00 0.00 0.00 0.00 0.00
awning-tricycle 0.00 0 0.00 880 375 917 402 0.00 0.00 0.00 0.00 0.00 0.00 0.00
awning-tricycle 0.00 0 0.00 877 359 922 387 0.00 0.00 0.00 0.00 0.00 0.00 0.00
people 0.00 0 0.00 858 319 868 336 0.00 0.00 0.00 0.00 0.00 0.00 0.00
people 0.00 0 0.00 836 290 845 306 0.00 0.00 0.00 0.00 0.00 0.00 0.00
motor 0.00 0 0.00 858 322 869 339 0.00 0.00 0.00 0.00 0.00 0.00 0.00
motor 0.00 0 0.00 835 292 846 309 0.00 0.00 0.00 0.00 0.00 0.00 0.00
truck 0.00 0 0.00 874 255 898 287 0.00 0.00 0.00 0.00 0.00 0.00 0.00
people 0.00 0 0.00 849 252 856 260 0.00 0.00 0.00 0.00 0.00 0.00 0.00
tricycle 0.00 0 0.00 846 251 863 273 0.00 0.00 0.00 0.00 0.00 0.00 0.00
people 0.00 0 0.00 865 235 873 246 0.00 0.00 0.00 0.00 0.00 0.00 0.00
people 0.00 0 0.00 873 223 881 237 0.00 0.00 0.00 0.00 0.00 0.00 0.00
motor 0.00 0 0.00 865 237 873 252 0.00 0.00 0.00 0.00 0.00 0.00 0.00
motor 0.00 0 0.00 871 226 881 239 0.00 0.00 0.00 0.00 0.00 0.00 0.00
people 0.00 0 0.00 765 218 774 231 0.00 0.00 0.00 0.00 0.00 0.00 0.00
motor 0.00 0 0.00 763 220 772 233 0.00 0.00 0.00 0.00 0.00 0.00 0.00
awning-tricycle 0.00 0 0.00 798 215 813 238 0.00 0.00 0.00 0.00 0.00 0.00 0.00
pedestrian 0.00 0 0.00 778 150 784 163 0.00 0.00 0.00 0.00 0.00 0.00 0.00
car 0.00 0 0.00 900 165 918 186 0.00 0.00 0.00 0.00 0.00 0.00 0.00
awning-tricycle 0.00 0 0.00 861 100 882 114 0.00 0.00 0.00 0.00 0.00 0.00 0.00
awning-tricycle 0.00 0 0.00 846 131 857 150 0.00 0.00 0.00 0.00 0.00 0.00 0.00
awning-tricycle 0.00 0 0.00 808 104 821 122 0.00 0.00 0.00 0.00 0.00 0.00 0.00
car 0.00 0 0.00 857 52 875 63 0.00 0.00 0.00 0.00 0.00 0.00 0.00
awning-tricycle 0.00 0 0.00 895 45 904 58 0.00 0.00 0.00 0.00 0.00 0.00 0.00
truck 0.00 0 0.00 859 34 875 56 0.00 0.00 0.00 0.00 0.00 0.00 0.00
motor 0.00 0 0.00 819 19 824 27 0.00 0.00 0.00 0.00 0.00 0.00 0.00
motor 0.00 0 0.00 826 9 829 15 0.00 0.00 0.00 0.00 0.00 0.00 0.00
people 0.00 0 0.00 818 17 823 24 0.00 0.00 0.00 0.00 0.00 0.00 0.00
people 0.00 0 0.00 825 8 829 14 0.00 0.00 0.00 0.00 0.00 0.00 0.00
car 0.00 0 0.00 809 2 820 16 0.00 0.00 0.00 0.00 0.00 0.00 0.00
car 0.00 0 0.00 863 14 873 25 0.00 0.00 0.00 0.00 0.00 0.00 0.00
truck 0.00 0 0.00 858 0 876 13 0.00 0.00 0.00 0.00 0.00 0.00 0.00
van 0.00 0 0.00 865 68 877 79 0.00 0.00 0.00 0.00 0.00 0.00 0.00
awning-tricycle 0.00 0 0.00 863 73 873 86 0.00 0.00 0.00 0.00 0.00 0.00 0.00
