car 0.00 0 0.00 1370 564 1400 594 0.00 0.00 0.00 0.00 0.00 0.00 0.00
car 0.00 0 0.00 800 598 835 645 0.00 0.00 0.00 0.00 0.00 0.00 0.00
car 0.00 0 0.00 616 136 629 148 0.00 0.00 0.00 0.00 0.00 0.00 0.00
car 0.00 0 0.00 632 114 641 124 0.00 0.00 0.00 0.00 0.00 0.00 0.00
car 0.00 0 0.00 595 93 604 102 0.00 0.00 0.00 0.00 0.00 0.00 0.00
car 0.00 0 0.00 611 77 618 87 0.00 0.00 0.00 0.00 0.00 0.00 0.00
car 0.00 0 0.00 627 35 634 46 0.00 0.00 0.00 0.00 0.00 0.00 0.00
tricycle 0.00 0 0.00 720 435 734 461 0.00 0.00 0.00 0.00 0.00 0.00 0.00
motor 0.00 0 0.00 718 400 725 416 0.00 0.00 0.00 0.00 0.00 0.00 0.00
motor 0.00 0 0.00 743 394 750 409 0.00 0.00 0.00 0.00 0.00 0.00 0.00
truck 0.00 0 0.00 665 199 688 232 0.00 0.00 0.00 0.00 0.00 0.00 0.00
motor 0.00 0 0.00 691 256 696 269 0.00 0.00 0.00 0.00 0.00 0.00 0.00
motor 0.00 0 0.00 634 157 638 167 0.00 0.00 0.00 0.00 0.00 0.00 0.00
motor 0.00 0 0.00 660 161 665 171 0.00 0.00 0.00 0.00 0.00 0.00 0.00
people 0.00 0 0.00 724 439 731 455 0.00 0.00 0.00 0.00 0.00 0.00 0.00
people 0.00 0 0.00 720 400 724 412 0.00 0.00 0.00 0.00 0.00 0.00 0.00
people 0.00 0 0.00 745 394 748 405 0.00 0.00 0.00 0.00 0.00 0.00 0.00
truck 0.00 0 0.00 839 67 859 96 0.00 0.00 0.00 0.00 0.00 0.00 0.00
