bicycle 0.00 0 0.00 116 1308 209 1435 0.00 0.00 0.00 0.00 0.00 0.00 0.00
pedestrian 0.00 0 0.00 305 1264 409 1369 0.00 0.00 0.00 0.00 0.00 0.00 0.00
pedestrian 0.00 0 0.00 156 1136 258 1231 0.00 0.00 0.00 0.00 0.00 0.00 0.00
pedestrian 0.00 0 0.00 43 1102 154 1176 0.00 0.00 0.00 0.00 0.00 0.00 0.00
pedestrian 0.00 0 0.00 68 1063 146 1102 0.00 0.00 0.00 0.00 0.00 0.00 0.00
people 0.00 0 0.00 304 181 376 269 0.00 0.00 0.00 0.00 0.00 0.00 0.00
pedestrian 0.00 0 0.00 305 96 400 192 0.00 0.00 0.00 0.00 0.00 0.00 0.00
people 0.00 0 0.00 399 6 480 74 0.00 0.00 0.00 0.00 0.00 0.00 0.00
people 0.00 0 0.00 483 119 545 173 0.00 0.00 0.00 0.00 0.00 0.00 0.00
people 0.00 0 0.00 478 59 526 99 0.00 0.00 0.00 0.00 0.00 0.00 0.00
van 0.00 0 0.00 658 376 848 684 0.00 0.00 0.00 0.00 0.00 0.00 0.00
motor 0.00 0 0.00 480 646 627 696 0.00 0.00 0.00 0.00 0.00 0.00 0.00
motor 0.00 0 0.00 697 777 812 863 0.00 0.00 0.00 0.00 0.00 0.00 0.00
pedestrian 0.00 0 0.00 833 616 904 674 0.00 0.00 0.00 0.00 0.00 0.00 0.00
pedestrian 0.00 0 0.00 774 707 835 769 0.00 0.00 0.00 0.00 0.00 0.00 0.00
motor 0.00 0 0.00 779 768 896 818 0.00 0.00 0.00 0.00 0.00 0.00 0.00
pedestrian 0.00 0 0.00 865 749 918 782 0.00 0.00 0.00 0.00 0.00 0.00 0.00
pedestrian 0.00 0 0.00 919 721 977 771 0.00 0.00 0.00 0.00 0.00 0.00 0.00
pedestrian 0.00 0 0.00 902 840 960 877 0.00 0.00 0.00 0.00 0.00 0.00 0.00
pedestrian 0.00 0 0.00 875 888 935 943 0.00 0.00 0.00 0.00 0.00 0.00 0.00
pedestrian 0.00 0 0.00 843 934 892 988 0.00 0.00 0.00 0.00 0.00 0.00 0.00
van 0.00 0 0.00 1043 1337 1222 1500 0.00 0.00 0.00 0.00 0.00 0.00 0.00
pedestrian 0.00 0 0.00 1023 896 1069 952 0.00 0.00 0.00 0.00 0.00 0.00 0.00
people 0.00 0 0.00 1042 905 1067 938 0.00 0.00 0.00 0.00 0.00 0.00 0.00
pedestrian 0.00 0 0.00 1069 1019 1126 1083 0.00 0.00 0.00 0.00 0.00 0.00 0.00
pedestrian 0.00 0 0.00 1312 1090 1378 1158 0.00 0.00 0.00 0.00 0.00 0.00 0.00
pedestrian 0.00 0 0.00 988 723 1025 773 0.00 0.00 0.00 0.00 0.00 0.00 0.00
pedestrian 0.00 0 0.00 1027 691 1060 743 0.00 0.00 0.00 0.00 0.00 0.00 0.00
pedestrian 0.00 0 0.00 908 621 961 673 0.00 0.00 0.00 0.00 0.00 0.00 0.00
pedestrian 0.00 0 0.00 1009 625 1052 679 0.00 0.00 0.00 0.00 0.00 0.00 0.00
people 0.00 0 0.00 1082 560 1127 617 0.00 0.00 0.00 0.00 0.00 0.00 0.00
pedestrian 0.00 0 0.00 1117 700 1160 749 0.00 0.00 0.00 0.00 0.00 0.00 0.00
pedestrian 0.00 0 0.00 1167 660 1233 730 0.00 0.00 0.00 0.00 0.00 0.00 0.00
pedestrian 0.00 0 0.00 1202 706 1251 762 0.00 0.00 0.00 0.00 0.00 0.00 0.00
pedestrian 0.00 0 0.00 1268 752 1323 791 0.00 0.00 0.00 0.00 0.00 0.00 0.00
pedestrian 0.00 0 0.00 1236 626 1285 677 0.00 0.00 0.00 0.00 0.00 0.00 0.00
pedestrian 0.00 0 0.00 1257 594 1325 644 0.00 0.00 0.00 0.00 0.00 0.00 0.00
pedestrian 0.00 0 0.00 1203 545 1262 593 0.00 0.00 0.00 0.00 0.00 0.00 0.00
pedestrian 0.00 0 0.00 1306 498 1380 557 0.00 0.00 0.00 0.00 0.00 0.00 0.00
pedestrian 0.00 0 0.00 1315 537 1392 609 0.00 0.00 0.00 0.00 0.00 0.00 0.00
pedestrian 0.00 0 0.00 1335 618 1392 685 0.00 0.00 0.00 0.00 0.00 0.00 0.00
pedestrian 0.00 0 0.00 1364 635 1420 683 0.00 0.00 0.00 0.00 0.00 0.00 0.00
pedestrian 0.00 0 0.00 1403 677 1521 723 0.00 0.00 0.00 0.00 0.00 0.00 0.00
pedestrian 0.00 0 0.00 1505 652 1536 677 0.00 0.00 0.00 0.00 0.00 0.00 0.00
motor 0.00 0 0.00 1457 642 1588 685 0.00 0.00 0.00 0.00 0.00 0.00 0.00
pedestrian 0.00 0 0.00 1413 615 1467 660 0.00 0.00 0.00 0.00 0.00 0.00 0.00
pedestrian 0.00 0 0.00 1465 586 1515 639 0.00 0.00 0.00 0.00 0.00 0.00 0.00
pedestrian 0.00 0 0.00 1509 562 1566 613 0.00 0.00 0.00 0.00 0.00 0.00 0.00
pedestrian 0.00 0 0.00 1515 456 1608 497 0.00 0.00 0.00 0.00 0.00 0.00 0.00
people 0.00 0 0.00 1878 410 1975 487 0.00 0.00 0.00 0.00 0.00 0.00 0.00
van 0.00 0 0.00 1244 183 1512 587 0.00 0.00 0.00 0.00 0.00 0.00 0.00
van 0.00 0 0.00 1179 0 1375 208 0.00 0.00 0.00 0.00 0.00 0.00 0.00
