car 0.00 0 0.00 767 465 790 509 0.00 0.00 0.00 0.00 0.00 0.00 0.00
car 0.00 0 0.00 703 427 727 466 0.00 0.00 0.00 0.00 0.00 0.00 0.00
car 0.00 0 0.00 667 323 684 345 0.00 0.00 0.00 0.00 0.00 0.00 0.00
car 0.00 0 0.00 652 260 666 282 0.00 0.00 0.00 0.00 0.00 0.00 0.00
car 0.00 0 0.00 679 231 695 249 0.00 0.00 0.00 0.00 0.00 0.00 0.00
car 0.00 0 0.00 719 232 738 255 0.00 0.00 0.00 0.00 0.00 0.00 0.00
car 0.00 0 0.00 774 263 790 287 0.00 0.00 0.00 0.00 0.00 0.00 0.00
car 0.00 0 0.00 771 135 783 151 0.00 0.00 0.00 0.00 0.00 0.00 0.00
car 0.00 0 0.00 712 30 725 43 0.00 0.00 0.00 0.00 0.00 0.00 0.00
car 0.00 0 0.00 752 14 762 26 0.00 0.00 0.00 0.00 0.00 0.00 0.00
van 0.00 0 0.00 739 336 757 373 0.00 0.00 0.00 0.00 0.00 0.00 0.00
van 0.00 0 0.00 770 105 782 129 0.00 0.00 0.00 0.00 0.00 0.00 0.00
van 0.00 0 0.00 770 80 778 98 0.00 0.00 0.00 0.00 0.00 0.00 0.00
car 0.00 0 0.00 769 20 779 37 0.00 0.00 0.00 0.00 0.00 0.00 0.00
car 0.00 0 0.00 735 42 744 55 0.00 0.00 0.00 0.00 0.00 0.00 0.00
motor 0.00 0 0.00 753 257 759 270 0.00 0.00 0.00 0.00 0.00 0.00 0.00
pedestrian 0.00 0 0.00 754 256 758 266 0.00 0.00 0.00 0.00 0.00 0.00 0.00
pedestrian 0.00 0 0.00 628 774 640 787 0.00 0.00 0.00 0.00 0.00 0.00 0.00
pedestrian 0.00 0 0.00 391 761 403 783 0.00 0.00 0.00 0.00 0.00 0.00 0.00
bus 0.00 0 0.00 768 162 792 229 0.00 0.00 0.00 0.00 0.00 0.00 0.00
bus 0.00 0 0.00 624 191 656 257 0.00 0.00 0.00 0.00 0.00 0.00 0.00
