car 0.00 0 0.00 1194 251 1229 265 0.00 0.00 0.00 0.00 0.00 0.00 0.00
pedestrian 0.00 0 0.00 912 222 915 227 0.00 0.00 0.00 0.00 0.00 0.00 0.00
pedestrian 0.00 0 0.00 961 289 966 296 0.00 0.00 0.00 0.00 0.00 0.00 0.00
pedestrian 0.00 0 0.00 638 174 643 184 0.00 0.00 0.00 0.00 0.00 0.00 0.00
pedestrian 0.00 0 0.00 916 26 921 38 0.00 0.00 0.00 0.00 0.00 0.00 0.00
people 0.00 0 0.00 698 972 706 980 0.00 0.00 0.00 0.00 0.00 0.00 0.00
pedestrian 0.00 0 0.00 837 776 843 782 0.00 0.00 0.00 0.00 0.00 0.00 0.00
pedestrian 0.00 0 0.00 910 671 913 677 0.00 0.00 0.00 0.00 0.00 0.00 0.00
car 0.00 0 0.00 866 938 891 986 0.00 0.00 0.00 0.00 0.00 0.00 0.00
car 0.00 0 0.00 893 936 913 980 0.00 0.00 0.00 0.00 0.00 0.00 0.00
car 0.00 0 0.00 919 954 943 1000 0.00 0.00 0.00 0.00 0.00 0.00 0.00
car 0.00 0 0.00 943 966 966 1016 0.00 0.00 0.00 0.00 0.00 0.00 0.00
car 0.00 0 0.00 977 987 1001 1034 0.00 0.00 0.00 0.00 0.00 0.00 0.00
car 0.00 0 0.00 1032 1006 1061 1050 0.00 0.00 0.00 0.00 0.00 0.00 0.00
car 0.00 0 0.00 1058 1019 1088 1050 0.00 0.00 0.00 0.00 0.00 0.00 0.00
car 0.00 0 0.00 1112 1031 1138 1050 0.00 0.00 0.00 0.00 0.00 0.00 0.00
car 0.00 0 0.00 1213 1025 1255 1048 0.00 0.00 0.00 0.00 0.00 0.00 0.00
car 0.00 0 0.00 1247 969 1276 1020 0.00 0.00 0.00 0.00 0.00 0.00 0.00
motor 0.00 0 0.00 1361 915 1377 919 0.00 0.00 0.00 0.00 0.00 0.00 0.00
motor 0.00 0 0.00 1369 922 1380 935 0.00 0.00 0.00 0.00 0.00 0.00 0.00
car 0.00 0 0.00 1268 810 1295 853 0.00 0.00 0.00 0.00 0.00 0.00 0.00
car 0.00 0 0.00 1378 822 1400 863 0.00 0.00 0.00 0.00 0.00 0.00 0.00
car 0.00 0 0.00 1367 774 1392 812 0.00 0.00 0.00 0.00 0.00 0.00 0.00
car 0.00 0 0.00 1346 704 1371 742 0.00 0.00 0.00 0.00 0.00 0.00 0.00
car 0.00 0 0.00 1334 662 1359 698 0.00 0.00 0.00 0.00 0.00 0.00 0.00
car 0.00 0 0.00 1321 619 1345 650 0.00 0.00 0.00 0.00 0.00 0.00 0.00
car 0.00 0 0.00 1312 583 1333 610 0.00 0.00 0.00 0.00 0.00 0.00 0.00
car 0.00 0 0.00 1227 647 1253 686 0.00 0.00 0.00 0.00 0.00 0.00 0.00
car 0.00 0 0.00 1296 531 1319 564 0.00 0.00 0.00 0.00 0.00 0.00 0.00
car 0.00 0 0.00 1303 429 1328 457 0.00 0.00 0.00 0.00 0.00 0.00 0.00
car 0.00 0 0.00 1371 355 1393 367 0.00 0.00 0.00 0.00 0.00 0.00 0.00
car 0.00 0 0.00 1175 418 1196 447 0.00 0.00 0.00 0.00 0.00 0.00 0.00
car 0.00 0 0.00 1184 454 1206 485 0.00 0.00 0.00 0.00 0.00 0.00 0.00
pedestrian 0.00 0 0.00 1162 364 1169 372 0.00 0.00 0.00 0.00 0.00 0.00 0.00
pedestrian 0.00 0 0.00 1168 371 1177 378 0.00 0.00 0.00 0.00 0.00 0.00 0.00
truck 0.00 0 0.00 1115 345 1145 384 0.00 0.00 0.00 0.00 0.00 0.00 0.00
car 0.00 0 0.00 1122 384 1142 409 0.00 0.00 0.00 0.00 0.00 0.00 0.00
car 0.00 0 0.00 1139 454 1157 485 0.00 0.00 0.00 0.00 0.00 0.00 0.00
car 0.00 0 0.00 1146 496 1165 527 0.00 0.00 0.00 0.00 0.00 0.00 0.00
car 0.00 0 0.00 1152 534 1169 565 0.00 0.00 0.00 0.00 0.00 0.00 0.00
car 0.00 0 0.00 1174 630 1197 666 0.00 0.00 0.00 0.00 0.00 0.00 0.00
