motor 0.00 0 0.00 482 97 502 148 0.00 0.00 0.00 0.00 0.00 0.00 0.00
pedestrian 0.00 0 0.00 481 101 498 121 0.00 0.00 0.00 0.00 0.00 0.00 0.00
car 0.00 0 0.00 644 0 688 43 0.00 0.00 0.00 0.00 0.00 0.00 0.00
pedestrian 0.00 0 0.00 731 169 750 204 0.00 0.00 0.00 0.00 0.00 0.00 0.00
van 0.00 0 0.00 839 171 936 227 0.00 0.00 0.00 0.00 0.00 0.00 0.00
car 0.00 0 0.00 822 69 932 125 0.00 0.00 0.00 0.00 0.00 0.00 0.00
car 0.00 0 0.00 811 21 920 77 0.00 0.00 0.00 0.00 0.00 0.00 0.00
pedestrian 0.00 0 0.00 758 304 776 337 0.00 0.00 0.00 0.00 0.00 0.00 0.00
car 0.00 0 0.00 639 287 696 397 0.00 0.00 0.00 0.00 0.00 0.00 0.00
car 0.00 0 0.00 576 348 624 458 0.00 0.00 0.00 0.00 0.00 0.00 0.00
car 0.00 0 0.00 397 162 453 275 0.00 0.00 0.00 0.00 0.00 0.00 0.00
tricycle 0.00 0 0.00 441 421 476 469 0.00 0.00 0.00 0.00 0.00 0.00 0.00
people 0.00 0 0.00 446 407 466 430 0.00 0.00 0.00 0.00 0.00 0.00 0.00
car 0.00 0 0.00 381 429 432 547 0.00 0.00 0.00 0.00 0.00 0.00 0.00
car 0.00 0 0.00 496 495 550 623 0.00 0.00 0.00 0.00 0.00 0.00 0.00
car 0.00 0 0.00 366 573 424 703 0.00 0.00 0.00 0.00 0.00 0.00 0.00
car 0.00 0 0.00 349 905 417 1048 0.00 0.00 0.00 0.00 0.00 0.00 0.00
motor 0.00 0 0.00 922 296 941 337 0.00 0.00 0.00 0.00 0.00 0.00 0.00
pedestrian 0.00 0 0.00 945 311 963 330 0.00 0.00 0.00 0.00 0.00 0.00 0.00
motor 0.00 0 0.00 899 466 945 500 0.00 0.00 0.00 0.00 0.00 0.00 0.00
motor 0.00 0 0.00 896 500 943 528 0.00 0.00 0.00 0.00 0.00 0.00 0.00
car 0.00 0 0.00 843 592 977 654 0.00 0.00 0.00 0.00 0.00 0.00 0.00
pedestrian 0.00 0 0.00 806 814 830 845 0.00 0.00 0.00 0.00 0.00 0.00 0.00
car 0.00 0 0.00 875 813 1011 869 0.00 0.00 0.00 0.00 0.00 0.00 0.00
car 0.00 0 0.00 710 846 776 994 0.00 0.00 0.00 0.00 0.00 0.00 0.00
car 0.00 0 0.00 654 984 715 1050 0.00 0.00 0.00 0.00 0.00 0.00 0.00
car 0.00 0 0.00 506 978 567 1046 0.00 0.00 0.00 0.00 0.00 0.00 0.00
