van 0.00 0 0.00 362 779 391 820 0.00 0.00 0.00 0.00 0.00 0.00 0.00
truck 0.00 0 0.00 389 785 414 831 0.00 0.00 0.00 0.00 0.00 0.00 0.00
car 0.00 0 0.00 415 791 437 824 0.00 0.00 0.00 0.00 0.00 0.00 0.00
car 0.00 0 0.00 664 460 669 471 0.00 0.00 0.00 0.00 0.00 0.00 0.00
car 0.00 0 0.00 327 652 346 680 0.00 0.00 0.00 0.00 0.00 0.00 0.00
car 0.00 0 0.00 389 643 406 673 0.00 0.00 0.00 0.00 0.00 0.00 0.00
van 0.00 0 0.00 669 579 684 601 0.00 0.00 0.00 0.00 0.00 0.00 0.00
motor 0.00 0 0.00 658 679 666 693 0.00 0.00 0.00 0.00 0.00 0.00 0.00
motor 0.00 0 0.00 744 660 758 675 0.00 0.00 0.00 0.00 0.00 0.00 0.00
truck 0.00 0 0.00 1348 679 1400 714 0.00 0.00 0.00 0.00 0.00 0.00 0.00
truck 0.00 0 0.00 1379 700 1400 738 0.00 0.00 0.00 0.00 0.00 0.00 0.00
truck 0.00 0 0.00 1192 631 1278 700 0.00 0.00 0.00 0.00 0.00 0.00 0.00
truck 0.00 0 0.00 971 400 992 413 0.00 0.00 0.00 0.00 0.00 0.00 0.00
motor 0.00 0 0.00 846 701 862 710 0.00 0.00 0.00 0.00 0.00 0.00 0.00
people 0.00 0 0.00 747 661 754 671 0.00 0.00 0.00 0.00 0.00 0.00 0.00
people 0.00 0 0.00 659 679 664 689 0.00 0.00 0.00 0.00 0.00 0.00 0.00
