bus 0.00 0 0.00 957 612 1017 739 0.00 0.00 0.00 0.00 0.00 0.00 0.00
bus 0.00 0 0.00 212 161 349 254 0.00 0.00 0.00 0.00 0.00 0.00 0.00
bus 0.00 0 0.00 46 232 210 344 0.00 0.00 0.00 0.00 0.00 0.00 0.00
bus 0.00 0 0.00 774 687 835 787 0.00 0.00 0.00 0.00 0.00 0.00 0.00
bus 0.00 0 0.00 599 640 694 742 0.00 0.00 0.00 0.00 0.00 0.00 0.00
bus 0.00 0 0.00 639 670 726 781 0.00 0.00 0.00 0.00 0.00 0.00 0.00
bus 0.00 0 0.00 511 711 614 787 0.00 0.00 0.00 0.00 0.00 0.00 0.00
car 0.00 0 0.00 799 628 843 665 0.00 0.00 0.00 0.00 0.00 0.00 0.00
car 0.00 0 0.00 777 579 836 616 0.00 0.00 0.00 0.00 0.00 0.00 0.00
car 0.00 0 0.00 700 468 746 515 0.00 0.00 0.00 0.00 0.00 0.00 0.00
car 0.00 0 0.00 599 387 640 431 0.00 0.00 0.00 0.00 0.00 0.00 0.00
van 0.00 0 0.00 563 369 603 414 0.00 0.00 0.00 0.00 0.00 0.00 0.00
van 0.00 0 0.00 518 350 566 407 0.00 0.00 0.00 0.00 0.00 0.00 0.00
van 0.00 0 0.00 432 350 470 406 0.00 0.00 0.00 0.00 0.00 0.00 0.00
truck 0.00 0 0.00 246 407 348 453 0.00 0.00 0.00 0.00 0.00 0.00 0.00
car 0.00 0 0.00 849 334 894 386 0.00 0.00 0.00 0.00 0.00 0.00 0.00
truck 0.00 0 0.00 824 155 913 220 0.00 0.00 0.00 0.00 0.00 0.00 0.00
van 0.00 0 0.00 822 293 878 336 0.00 0.00 0.00 0.00 0.00 0.00 0.00
van 0.00 0 0.00 795 276 840 314 0.00 0.00 0.00 0.00 0.00 0.00 0.00
car 0.00 0 0.00 762 254 794 289 0.00 0.00 0.00 0.00 0.00 0.00 0.00
car 0.00 0 0.00 728 247 759 282 0.00 0.00 0.00 0.00 0.00 0.00 0.00
car 0.00 0 0.00 690 236 715 276 0.00 0.00 0.00 0.00 0.00 0.00 0.00
van 0.00 0 0.00 650 226 678 263 0.00 0.00 0.00 0.00 0.00 0.00 0.00
van 0.00 0 0.00 632 263 692 306 0.00 0.00 0.00 0.00 0.00 0.00 0.00
van 0.00 0 0.00 484 269 556 302 0.00 0.00 0.00 0.00 0.00 0.00 0.00
