car 0.00 0 0.00 32 53 76 72 0.00 0.00 0.00 0.00 0.00 0.00 0.00
bus 0.00 0 0.00 0 73 39 117 0.00 0.00 0.00 0.00 0.00 0.00 0.00
bus 0.00 0 0.00 334 82 392 110 0.00 0.00 0.00 0.00 0.00 0.00 0.00
car 0.00 0 0.00 398 67 440 85 0.00 0.00 0.00 0.00 0.00 0.00 0.00
car 0.00 0 0.00 417 114 461 132 0.00 0.00 0.00 0.00 0.00 0.00 0.00
car 0.00 0 0.00 498 51 518 79 0.00 0.00 0.00 0.00 0.00 0.00 0.00
car 0.00 0 0.00 526 74 568 94 0.00 0.00 0.00 0.00 0.00 0.00 0.00
car 0.00 0 0.00 682 17 699 44 0.00 0.00 0.00 0.00 0.00 0.00 0.00
car 0.00 0 0.00 706 84 748 105 0.00 0.00 0.00 0.00 0.00 0.00 0.00
car 0.00 0 0.00 780 47 795 78 0.00 0.00 0.00 0.00 0.00 0.00 0.00
car 0.00 0 0.00 850 23 866 53 0.00 0.00 0.00 0.00 0.00 0.00 0.00
van 0.00 0 0.00 851 80 864 103 0.00 0.00 0.00 0.00 0.00 0.00 0.00
truck 0.00 0 0.00 885 27 907 87 0.00 0.00 0.00 0.00 0.00 0.00 0.00
truck 0.00 0 0.00 1278 43 1313 93 0.00 0.00 0.00 0.00 0.00 0.00 0.00
bus 0.00 0 0.00 962 120 1023 148 0.00 0.00 0.00 0.00 0.00 0.00 0.00
car 0.00 0 0.00 1293 404 1318 447 0.00 0.00 0.00 0.00 0.00 0.00 0.00
truck 0.00 0 0.00 1096 673 1122 735 0.00 0.00 0.00 0.00 0.00 0.00 0.00
car 0.00 0 0.00 1051 667 1072 715 0.00 0.00 0.00 0.00 0.00 0.00 0.00
van 0.00 0 0.00 996 745 1047 768 0.00 0.00 0.00 0.00 0.00 0.00 0.00
bus 0.00 0 0.00 925 626 962 764 0.00 0.00 0.00 0.00 0.00 0.00 0.00
van 0.00 0 0.00 727 635 752 685 0.00 0.00 0.00 0.00 0.00 0.00 0.00
van 0.00 0 0.00 623 601 647 654 0.00 0.00 0.00 0.00 0.00 0.00 0.00
van 0.00 0 0.00 608 437 627 480 0.00 0.00 0.00 0.00 0.00 0.00 0.00
van 0.00 0 0.00 449 395 468 431 0.00 0.00 0.00 0.00 0.00 0.00 0.00
motor 0.00 0 0.00 573 421 582 441 0.00 0.00 0.00 0.00 0.00 0.00 0.00
people 0.00 0 0.00 573 424 581 436 0.00 0.00 0.00 0.00 0.00 0.00 0.00
car 0.00 0 0.00 634 105 672 126 0.00 0.00 0.00 0.00 0.00 0.00 0.00
car 0.00 0 0.00 504 194 521 226 0.00 0.00 0.00 0.00 0.00 0.00 0.00
bus 0.00 0 0.00 387 120 419 191 0.00 0.00 0.00 0.00 0.00 0.00 0.00
motor 0.00 0 0.00 553 208 560 224 0.00 0.00 0.00 0.00 0.00 0.00 0.00
people 0.00 0 0.00 551 208 558 220 0.00 0.00 0.00 0.00 0.00 0.00 0.00
car 0.00 0 0.00 547 167 564 196 0.00 0.00 0.00 0.00 0.00 0.00 0.00
car 0.00 0 0.00 584 176 600 203 0.00 0.00 0.00 0.00 0.00 0.00 0.00
car 0.00 0 0.00 622 172 637 206 0.00 0.00 0.00 0.00 0.00 0.00 0.00
car 0.00 0 0.00 693 189 711 229 0.00 0.00 0.00 0.00 0.00 0.00 0.00
car 0.00 0 0.00 613 246 631 282 0.00 0.00 0.00 0.00 0.00 0.00 0.00
bus 0.00 0 0.00 893 82 991 121 0.00 0.00 0.00 0.00 0.00 0.00 0.00
car 0.00 0 0.00 1031 156 1069 174 0.00 0.00 0.00 0.00 0.00 0.00 0.00
bus 0.00 0 0.00 965 152 992 205 0.00 0.00 0.00 0.00 0.00 0.00 0.00
bus 0.00 0 0.00 884 224 909 317 0.00 0.00 0.00 0.00 0.00 0.00 0.00
car 0.00 0 0.00 847 325 864 366 0.00 0.00 0.00 0.00 0.00 0.00 0.00
motor 0.00 0 0.00 813 359 819 382 0.00 0.00 0.00 0.00 0.00 0.00 0.00
people 0.00 0 0.00 813 365 821 374 0.00 0.00 0.00 0.00 0.00 0.00 0.00
truck 0.00 0 0.00 1199 171 1220 217 0.00 0.00 0.00 0.00 0.00 0.00 0.00
bus 0.00 0 0.00 84 711 139 787 0.00 0.00 0.00 0.00 0.00 0.00 0.00
van 0.00 0 0.00 68 673 103 715 0.00 0.00 0.00 0.00 0.00 0.00 0.00
van 0.00 0 0.00 19 620 57 663 0.00 0.00 0.00 0.00 0.00 0.00 0.00
