car 0.00 0 0.00 382 218 398 245 0.00 0.00 0.00 0.00 0.00 0.00 0.00
car 0.00 0 0.00 45 74 72 96 0.00 0.00 0.00 0.00 0.00 0.00 0.00
car 0.00 0 0.00 63 45 89 67 0.00 0.00 0.00 0.00 0.00 0.00 0.00
car 0.00 0 0.00 76 34 99 52 0.00 0.00 0.00 0.00 0.00 0.00 0.00
car 0.00 0 0.00 86 11 112 35 0.00 0.00 0.00 0.00 0.00 0.00 0.00
car 0.00 0 0.00 8 29 40 55 0.00 0.00 0.00 0.00 0.00 0.00 0.00
car 0.00 0 0.00 7 10 45 37 0.00 0.00 0.00 0.00 0.00 0.00 0.00
van 0.00 0 0.00 374 487 389 518 0.00 0.00 0.00 0.00 0.00 0.00 0.00
car 0.00 0 0.00 444 504 474 523 0.00 0.00 0.00 0.00 0.00 0.00 0.00
truck 0.00 0 0.00 732 748 747 787 0.00 0.00 0.00 0.00 0.00 0.00 0.00
car 0.00 0 0.00 790 600 804 630 0.00 0.00 0.00 0.00 0.00 0.00 0.00
truck 0.00 0 0.00 750 254 765 287 0.00 0.00 0.00 0.00 0.00 0.00 0.00
car 0.00 0 0.00 804 231 819 263 0.00 0.00 0.00 0.00 0.00 0.00 0.00
bicycle 0.00 0 0.00 850 213 855 223 0.00 0.00 0.00 0.00 0.00 0.00 0.00
bicycle 0.00 0 0.00 853 213 861 222 0.00 0.00 0.00 0.00 0.00 0.00 0.00
car 0.00 0 0.00 970 202 991 238 0.00 0.00 0.00 0.00 0.00 0.00 0.00
car 0.00 0 0.00 987 206 1008 236 0.00 0.00 0.00 0.00 0.00 0.00 0.00
car 0.00 0 0.00 1001 197 1021 228 0.00 0.00 0.00 0.00 0.00 0.00 0.00
car 0.00 0 0.00 1016 186 1038 221 0.00 0.00 0.00 0.00 0.00 0.00 0.00
car 0.00 0 0.00 1032 182 1053 212 0.00 0.00 0.00 0.00 0.00 0.00 0.00
car 0.00 0 0.00 1100 0 1129 16 0.00 0.00 0.00 0.00 0.00 0.00 0.00
car 0.00 0 0.00 1107 9 1136 33 0.00 0.00 0.00 0.00 0.00 0.00 0.00
car 0.00 0 0.00 1116 28 1143 48 0.00 0.00 0.00 0.00 0.00 0.00 0.00
car 0.00 0 0.00 1135 71 1166 94 0.00 0.00 0.00 0.00 0.00 0.00 0.00
car 0.00 0 0.00 1139 87 1169 109 0.00 0.00 0.00 0.00 0.00 0.00 0.00
pedestrian 0.00 0 0.00 1069 3 1076 15 0.00 0.00 0.00 0.00 0.00 0.00 0.00
pedestrian 0.00 0 0.00 1082 7 1090 19 0.00 0.00 0.00 0.00 0.00 0.00 0.00
pedestrian 0.00 0 0.00 1075 4 1081 17 0.00 0.00 0.00 0.00 0.00 0.00 0.00
car 0.00 0 0.00 1261 332 1290 354 0.00 0.00 0.00 0.00 0.00 0.00 0.00
car 0.00 0 0.00 1053 400 1083 421 0.00 0.00 0.00 0.00 0.00 0.00 0.00
car 0.00 0 0.00 1087 384 1119 408 0.00 0.00 0.00 0.00 0.00 0.00 0.00
truck 0.00 0 0.00 1048 438 1074 463 0.00 0.00 0.00 0.00 0.00 0.00 0.00
