car 0.00 0 0.00 443 646 639 782 0.00 0.00 0.00 0.00 0.00 0.00 0.00
car 0.00 0 0.00 1 697 138 853 0.00 0.00 0.00 0.00 0.00 0.00 0.00
car 0.00 0 0.00 721 564 839 648 0.00 0.00 0.00 0.00 0.00 0.00 0.00
car 0.00 0 0.00 909 543 991 618 0.00 0.00 0.00 0.00 0.00 0.00 0.00
car 0.00 0 0.00 843 487 919 541 0.00 0.00 0.00 0.00 0.00 0.00 0.00
car 0.00 0 0.00 1001 462 1083 503 0.00 0.00 0.00 0.00 0.00 0.00 0.00
car 0.00 0 0.00 848 440 904 483 0.00 0.00 0.00 0.00 0.00 0.00 0.00
car 0.00 0 0.00 969 403 1009 432 0.00 0.00 0.00 0.00 0.00 0.00 0.00
car 0.00 0 0.00 998 374 1031 399 0.00 0.00 0.00 0.00 0.00 0.00 0.00
car 0.00 0 0.00 985 360 1011 380 0.00 0.00 0.00 0.00 0.00 0.00 0.00
car 0.00 0 0.00 1088 365 1114 385 0.00 0.00 0.00 0.00 0.00 0.00 0.00
car 0.00 0 0.00 1062 334 1076 346 0.00 0.00 0.00 0.00 0.00 0.00 0.00
car 0.00 0 0.00 1047 325 1062 336 0.00 0.00 0.00 0.00 0.00 0.00 0.00
car 0.00 0 0.00 1045 305 1060 314 0.00 0.00 0.00 0.00 0.00 0.00 0.00
pedestrian 0.00 0 0.00 957 303 963 319 0.00 0.00 0.00 0.00 0.00 0.00 0.00
people 0.00 0 0.00 1103 425 1116 452 0.00 0.00 0.00 0.00 0.00 0.00 0.00
people 0.00 0 0.00 1108 454 1125 477 0.00 0.00 0.00 0.00 0.00 0.00 0.00
motor 0.00 0 0.00 1101 438 1110 455 0.00 0.00 0.00 0.00 0.00 0.00 0.00
motor 0.00 0 0.00 1103 464 1119 487 0.00 0.00 0.00 0.00 0.00 0.00 0.00
pedestrian 0.00 0 0.00 1201 417 1214 451 0.00 0.00 0.00 0.00 0.00 0.00 0.00
pedestrian 0.00 0 0.00 1213 417 1225 454 0.00 0.00 0.00 0.00 0.00 0.00 0.00
people 0.00 0 0.00 725 374 732 395 0.00 0.00 0.00 0.00 0.00 0.00 0.00
motor 0.00 0 0.00 726 386 735 395 0.00 0.00 0.00 0.00 0.00 0.00 0.00
people 0.00 0 0.00 1106 346 1113 359 0.00 0.00 0.00 0.00 0.00 0.00 0.00
motor 0.00 0 0.00 1106 349 1111 362 0.00 0.00 0.00 0.00 0.00 0.00 0.00
