car 0.00 0 0.00 16 474 61 493 0.00 0.00 0.00 0.00 0.00 0.00 0.00
truck 0.00 0 0.00 0 434 47 474 0.00 0.00 0.00 0.00 0.00 0.00 0.00
car 0.00 0 0.00 263 437 293 461 0.00 0.00 0.00 0.00 0.00 0.00 0.00
car 0.00 0 0.00 282 419 313 441 0.00 0.00 0.00 0.00 0.00 0.00 0.00
car 0.00 0 0.00 311 395 340 418 0.00 0.00 0.00 0.00 0.00 0.00 0.00
motor 0.00 0 0.00 260 423 277 435 0.00 0.00 0.00 0.00 0.00 0.00 0.00
motor 0.00 0 0.00 274 414 290 426 0.00 0.00 0.00 0.00 0.00 0.00 0.00
motor 0.00 0 0.00 255 414 270 426 0.00 0.00 0.00 0.00 0.00 0.00 0.00
motor 0.00 0 0.00 454 329 466 335 0.00 0.00 0.00 0.00 0.00 0.00 0.00
people 0.00 0 0.00 457 320 462 333 0.00 0.00 0.00 0.00 0.00 0.00 0.00
car 0.00 0 0.00 509 329 538 341 0.00 0.00 0.00 0.00 0.00 0.00 0.00
car 0.00 0 0.00 545 311 557 324 0.00 0.00 0.00 0.00 0.00 0.00 0.00
car 0.00 0 0.00 561 311 574 325 0.00 0.00 0.00 0.00 0.00 0.00 0.00
car 0.00 0 0.00 570 346 592 365 0.00 0.00 0.00 0.00 0.00 0.00 0.00
car 0.00 0 0.00 597 348 614 366 0.00 0.00 0.00 0.00 0.00 0.00 0.00
car 0.00 0 0.00 703 346 735 365 0.00 0.00 0.00 0.00 0.00 0.00 0.00
car 0.00 0 0.00 712 339 743 353 0.00 0.00 0.00 0.00 0.00 0.00 0.00
car 0.00 0 0.00 719 466 763 494 0.00 0.00 0.00 0.00 0.00 0.00 0.00
car 0.00 0 0.00 722 454 768 476 0.00 0.00 0.00 0.00 0.00 0.00 0.00
motor 0.00 0 0.00 728 703 755 726 0.00 0.00 0.00 0.00 0.00 0.00 0.00
motor 0.00 0 0.00 738 682 764 699 0.00 0.00 0.00 0.00 0.00 0.00 0.00
motor 0.00 0 0.00 735 694 763 715 0.00 0.00 0.00 0.00 0.00 0.00 0.00
pedestrian 0.00 0 0.00 788 707 798 724 0.00 0.00 0.00 0.00 0.00 0.00 0.00
van 0.00 0 0.00 634 893 727 963 0.00 0.00 0.00 0.00 0.00 0.00 0.00
people 0.00 0 0.00 637 755 647 772 0.00 0.00 0.00 0.00 0.00 0.00 0.00
bicycle 0.00 0 0.00 635 756 647 781 0.00 0.00 0.00 0.00 0.00 0.00 0.00
pedestrian 0.00 0 0.00 566 552 575 567 0.00 0.00 0.00 0.00 0.00 0.00 0.00
pedestrian 0.00 0 0.00 562 548 572 565 0.00 0.00 0.00 0.00 0.00 0.00 0.00
car 0.00 0 0.00 464 251 476 267 0.00 0.00 0.00 0.00 0.00 0.00 0.00
