car 0.00 0 0.00 1066 854 1146 947 0.00 0.00 0.00 0.00 0.00 0.00 0.00
car 0.00 0 0.00 1027 826 1110 915 0.00 0.00 0.00 0.00 0.00 0.00 0.00
car 0.00 0 0.00 1034 569 1133 640 0.00 0.00 0.00 0.00 0.00 0.00 0.00
people 0.00 0 0.00 865 684 883 706 0.00 0.00 0.00 0.00 0.00 0.00 0.00
bicycle 0.00 0 0.00 859 686 887 712 0.00 0.00 0.00 0.00 0.00 0.00 0.00
pedestrian 0.00 0 0.00 1083 439 1101 458 0.00 0.00 0.00 0.00 0.00 0.00 0.00
pedestrian 0.00 0 0.00 1044 390 1059 409 0.00 0.00 0.00 0.00 0.00 0.00 0.00
car 0.00 0 0.00 917 390 1001 449 0.00 0.00 0.00 0.00 0.00 0.00 0.00
truck 0.00 0 0.00 798 417 972 532 0.00 0.00 0.00 0.00 0.00 0.00 0.00
pedestrian 0.00 0 0.00 780 381 791 400 0.00 0.00 0.00 0.00 0.00 0.00 0.00
people 0.00 0 0.00 737 389 755 406 0.00 0.00 0.00 0.00 0.00 0.00 0.00
motor 0.00 0 0.00 735 389 755 415 0.00 0.00 0.00 0.00 0.00 0.00 0.00
pedestrian 0.00 0 0.00 605 449 618 470 0.00 0.00 0.00 0.00 0.00 0.00 0.00
van 0.00 0 0.00 677 272 730 336 0.00 0.00 0.00 0.00 0.00 0.00 0.00
car 0.00 0 0.00 695 223 759 292 0.00 0.00 0.00 0.00 0.00 0.00 0.00
car 0.00 0 0.00 573 214 626 284 0.00 0.00 0.00 0.00 0.00 0.00 0.00
car 0.00 0 0.00 613 92 667 161 0.00 0.00 0.00 0.00 0.00 0.00 0.00
pedestrian 0.00 0 0.00 587 66 600 90 0.00 0.00 0.00 0.00 0.00 0.00 0.00
car 0.00 0 0.00 566 0 617 64 0.00 0.00 0.00 0.00 0.00 0.00 0.00
van 0.00 0 0.00 660 887 740 981 0.00 0.00 0.00 0.00 0.00 0.00 0.00
car 0.00 0 0.00 544 904 650 998 0.00 0.00 0.00 0.00 0.00 0.00 0.00
bicycle 0.00 0 0.00 551 993 577 1012 0.00 0.00 0.00 0.00 0.00 0.00 0.00
people 0.00 0 0.00 557 994 574 1007 0.00 0.00 0.00 0.00 0.00 0.00 0.00
bicycle 0.00 0 0.00 510 845 549 884 0.00 0.00 0.00 0.00 0.00 0.00 0.00
people 0.00 0 0.00 513 857 538 879 0.00 0.00 0.00 0.00 0.00 0.00 0.00
tricycle 0.00 0 0.00 280 953 335 1033 0.00 0.00 0.00 0.00 0.00 0.00 0.00
motor 0.00 0 0.00 260 884 293 926 0.00 0.00 0.00 0.00 0.00 0.00 0.00
pedestrian 0.00 0 0.00 49 1018 85 1039 0.00 0.00 0.00 0.00 0.00 0.00 0.00
van 0.00 0 0.00 190 564 244 641 0.00 0.00 0.00 0.00 0.00 0.00 0.00
car 0.00 0 0.00 366 399 425 482 0.00 0.00 0.00 0.00 0.00 0.00 0.00
van 0.00 0 0.00 140 448 191 527 0.00 0.00 0.00 0.00 0.00 0.00 0.00
car 0.00 0 0.00 118 382 171 452 0.00 0.00 0.00 0.00 0.00 0.00 0.00
van 0.00 0 0.00 87 308 138 385 0.00 0.00 0.00 0.00 0.00 0.00 0.00
van 0.00 0 0.00 32 131 90 218 0.00 0.00 0.00 0.00 0.00 0.00 0.00
van 0.00 0 0.00 18 59 68 134 0.00 0.00 0.00 0.00 0.00 0.00 0.00
car 0.00 0 0.00 12 5 52 63 0.00 0.00 0.00 0.00 0.00 0.00 0.00
pedestrian 0.00 0 0.00 18 475 56 495 0.00 0.00 0.00 0.00 0.00 0.00 0.00
pedestrian 0.00 0 0.00 260 151 310 220 0.00 0.00 0.00 0.00 0.00 0.00 0.00
