car 0.00 0 0.00 319 1128 767 1498 0.00 0.00 0.00 0.00 0.00 0.00 0.00
people 0.00 0 0.00 757 1372 850 1499 0.00 0.00 0.00 0.00 0.00 0.00 0.00
motor 0.00 0 0.00 761 1352 846 1500 0.00 0.00 0.00 0.00 0.00 0.00 0.00
pedestrian 0.00 0 0.00 1 1204 108 1340 0.00 0.00 0.00 0.00 0.00 0.00 0.00
motor 0.00 0 0.00 1 1221 115 1328 0.00 0.00 0.00 0.00 0.00 0.00 0.00
people 0.00 0 0.00 108 1251 216 1367 0.00 0.00 0.00 0.00 0.00 0.00 0.00
motor 0.00 0 0.00 97 1265 256 1459 0.00 0.00 0.00 0.00 0.00 0.00 0.00
pedestrian 0.00 0 0.00 46 1100 99 1182 0.00 0.00 0.00 0.00 0.00 0.00 0.00
pedestrian 0.00 0 0.00 66 1057 149 1172 0.00 0.00 0.00 0.00 0.00 0.00 0.00
pedestrian 0.00 0 0.00 229 1008 300 1136 0.00 0.00 0.00 0.00 0.00 0.00 0.00
motor 0.00 0 0.00 181 1022 338 1116 0.00 0.00 0.00 0.00 0.00 0.00 0.00
motor 0.00 0 0.00 232 952 322 1040 0.00 0.00 0.00 0.00 0.00 0.00 0.00
awning-tricycle 0.00 0 0.00 333 828 513 916 0.00 0.00 0.00 0.00 0.00 0.00 0.00
pedestrian 0.00 0 0.00 1049 1266 1101 1456 0.00 0.00 0.00 0.00 0.00 0.00 0.00
pedestrian 0.00 0 0.00 1049 1206 1089 1300 0.00 0.00 0.00 0.00 0.00 0.00 0.00
pedestrian 0.00 0 0.00 1043 1102 1106 1257 0.00 0.00 0.00 0.00 0.00 0.00 0.00
pedestrian 0.00 0 0.00 960 1094 1010 1226 0.00 0.00 0.00 0.00 0.00 0.00 0.00
pedestrian 0.00 0 0.00 864 1088 910 1224 0.00 0.00 0.00 0.00 0.00 0.00 0.00
pedestrian 0.00 0 0.00 1174 1046 1207 1145 0.00 0.00 0.00 0.00 0.00 0.00 0.00
pedestrian 0.00 0 0.00 1178 942 1214 1042 0.00 0.00 0.00 0.00 0.00 0.00 0.00
pedestrian 0.00 0 0.00 1125 936 1165 1026 0.00 0.00 0.00 0.00 0.00 0.00 0.00
pedestrian 0.00 0 0.00 975 903 1033 1013 0.00 0.00 0.00 0.00 0.00 0.00 0.00
pedestrian 0.00 0 0.00 1065 867 1096 971 0.00 0.00 0.00 0.00 0.00 0.00 0.00
pedestrian 0.00 0 0.00 681 938 722 1047 0.00 0.00 0.00 0.00 0.00 0.00 0.00
pedestrian 0.00 0 0.00 708 958 756 1044 0.00 0.00 0.00 0.00 0.00 0.00 0.00
car 0.00 0 0.00 415 846 726 1186 0.00 0.00 0.00 0.00 0.00 0.00 0.00
bicycle 0.00 0 0.00 1101 982 1173 1067 0.00 0.00 0.00 0.00 0.00 0.00 0.00
bicycle 0.00 0 0.00 974 935 1007 1050 0.00 0.00 0.00 0.00 0.00 0.00 0.00
motor 0.00 0 0.00 1070 887 1126 1004 0.00 0.00 0.00 0.00 0.00 0.00 0.00
people 0.00 0 0.00 1218 770 1263 832 0.00 0.00 0.00 0.00 0.00 0.00 0.00
pedestrian 0.00 0 0.00 1056 738 1092 843 0.00 0.00 0.00 0.00 0.00 0.00 0.00
pedestrian 0.00 0 0.00 1186 689 1215 771 0.00 0.00 0.00 0.00 0.00 0.00 0.00
pedestrian 0.00 0 0.00 1067 680 1095 754 0.00 0.00 0.00 0.00 0.00 0.00 0.00
pedestrian 0.00 0 0.00 1036 674 1066 760 0.00 0.00 0.00 0.00 0.00 0.00 0.00
car 0.00 0 0.00 899 675 1031 783 0.00 0.00 0.00 0.00 0.00 0.00 0.00
pedestrian 0.00 0 0.00 786 661 820 737 0.00 0.00 0.00 0.00 0.00 0.00 0.00
pedestrian 0.00 0 0.00 827 680 845 729 0.00 0.00 0.00 0.00 0.00 0.00 0.00
pedestrian 0.00 0 0.00 853 648 889 705 0.00 0.00 0.00 0.00 0.00 0.00 0.00
people 0.00 0 0.00 855 661 871 689 0.00 0.00 0.00 0.00 0.00 0.00 0.00
pedestrian 0.00 0 0.00 804 631 824 693 0.00 0.00 0.00 0.00 0.00 0.00 0.00
pedestrian 0.00 0 0.00 888 630 916 700 0.00 0.00 0.00 0.00 0.00 0.00 0.00
pedestrian 0.00 0 0.00 876 595 897 655 0.00 0.00 0.00 0.00 0.00 0.00 0.00
pedestrian 0.00 0 0.00 882 578 906 648 0.00 0.00 0.00 0.00 0.00 0.00 0.00
pedestrian 0.00 0 0.00 891 583 903 620 0.00 0.00 0.00 0.00 0.00 0.00 0.00
pedestrian 0.00 0 0.00 877 579 891 629 0.00 0.00 0.00 0.00 0.00 0.00 0.00
pedestrian 0.00 0 0.00 835 573 851 627 0.00 0.00 0.00 0.00 0.00 0.00 0.00
pedestrian 0.00 0 0.00 1164 618 1178 673 0.00 0.00 0.00 0.00 0.00 0.00 0.00
pedestrian 0.00 0 0.00 1192 610 1210 677 0.00 0.00 0.00 0.00 0.00 0.00 0.00
pedestrian 0.00 0 0.00 1212 596 1247 663 0.00 0.00 0.00 0.00 0.00 0.00 0.00
bicycle 0.00 0 0.00 1220 608 1247 665 0.00 0.00 0.00 0.00 0.00 0.00 0.00
pedestrian 0.00 0 0.00 1292 589 1313 652 0.00 0.00 0.00 0.00 0.00 0.00 0.00
pedestrian 0.00 0 0.00 1339 590 1355 653 0.00 0.00 0.00 0.00 0.00 0.00 0.00
motor 0.00 0 0.00 1275 568 1310 613 0.00 0.00 0.00 0.00 0.00 0.00 0.00
motor 0.00 0 0.00 1294 568 1339 608 0.00 0.00 0.00 0.00 0.00 0.00 0.00
van 0.00 0 0.00 1289 566 1461 649 0.00 0.00 0.00 0.00 0.00 0.00 0.00
pedestrian 0.00 0 0.00 1472 583 1484 631 0.00 0.00 0.00 0.00 0.00 0.00 0.00
pedestrian 0.00 0 0.00 1490 584 1517 636 0.00 0.00 0.00 0.00 0.00 0.00 0.00
pedestrian 0.00 0 0.00 1495 550 1519 610 0.00 0.00 0.00 0.00 0.00 0.00 0.00
pedestrian 0.00 0 0.00 1522 550 1558 612 0.00 0.00 0.00 0.00 0.00 0.00 0.00
motor 0.00 0 0.00 952 567 977 617 0.00 0.00 0.00 0.00 0.00 0.00 0.00
motor 0.00 0 0.00 984 541 1013 583 0.00 0.00 0.00 0.00 0.00 0.00 0.00
motor 0.00 0 0.00 951 537 976 576 0.00 0.00 0.00 0.00 0.00 0.00 0.00
bicycle 0.00 0 0.00 1009 481 1049 513 0.00 0.00 0.00 0.00 0.00 0.00 0.00
pedestrian 0.00 0 0.00 1121 532 1144 594 0.00 0.00 0.00 0.00 0.00 0.00 0.00
pedestrian 0.00 0 0.00 1160 517 1181 577 0.00 0.00 0.00 0.00 0.00 0.00 0.00
pedestrian 0.00 0 0.00 1244 543 1259 597 0.00 0.00 0.00 0.00 0.00 0.00 0.00
pedestrian 0.00 0 0.00 1200 536 1216 589 0.00 0.00 0.00 0.00 0.00 0.00 0.00
people 0.00 0 0.00 1192 529 1203 554 0.00 0.00 0.00 0.00 0.00 0.00 0.00
pedestrian 0.00 0 0.00 1196 511 1212 548 0.00 0.00 0.00 0.00 0.00 0.00 0.00
pedestrian 0.00 0 0.00 1215 523 1229 580 0.00 0.00 0.00 0.00 0.00 0.00 0.00
pedestrian 0.00 0 0.00 1212 512 1229 561 0.00 0.00 0.00 0.00 0.00 0.00 0.00
people 0.00 0 0.00 1224 520 1249 546 0.00 0.00 0.00 0.00 0.00 0.00 0.00
people 0.00 0 0.00 1228 509 1249 538 0.00 0.00 0.00 0.00 0.00 0.00 0.00
people 0.00 0 0.00 1233 500 1256 519 0.00 0.00 0.00 0.00 0.00 0.00 0.00
pedestrian 0.00 0 0.00 1250 527 1276 565 0.00 0.00 0.00 0.00 0.00 0.00 0.00
pedestrian 0.00 0 0.00 1278 497 1293 535 0.00 0.00 0.00 0.00 0.00 0.00 0.00
pedestrian 0.00 0 0.00 1234 483 1245 514 0.00 0.00 0.00 0.00 0.00 0.00 0.00
people 0.00 0 0.00 1252 485 1269 514 0.00 0.00 0.00 0.00 0.00 0.00 0.00
pedestrian 0.00 0 0.00 1243 478 1255 503 0.00 0.00 0.00 0.00 0.00 0.00 0.00
pedestrian 0.00 0 0.00 1237 472 1247 504 0.00 0.00 0.00 0.00 0.00 0.00 0.00
people 0.00 0 0.00 1245 471 1256 498 0.00 0.00 0.00 0.00 0.00 0.00 0.00
people 0.00 0 0.00 1257 471 1268 498 0.00 0.00 0.00 0.00 0.00 0.00 0.00
pedestrian 0.00 0 0.00 1216 458 1227 499 0.00 0.00 0.00 0.00 0.00 0.00 0.00
pedestrian 0.00 0 0.00 1247 452 1256 486 0.00 0.00 0.00 0.00 0.00 0.00 0.00
pedestrian 0.00 0 0.00 1257 453 1269 492 0.00 0.00 0.00 0.00 0.00 0.00 0.00
pedestrian 0.00 0 0.00 1207 460 1215 483 0.00 0.00 0.00 0.00 0.00 0.00 0.00
pedestrian 0.00 0 0.00 1191 444 1205 485 0.00 0.00 0.00 0.00 0.00 0.00 0.00
pedestrian 0.00 0 0.00 1152 461 1166 505 0.00 0.00 0.00 0.00 0.00 0.00 0.00
pedestrian 0.00 0 0.00 1066 459 1076 488 0.00 0.00 0.00 0.00 0.00 0.00 0.00
pedestrian 0.00 0 0.00 1075 448 1086 485 0.00 0.00 0.00 0.00 0.00 0.00 0.00
pedestrian 0.00 0 0.00 1120 424 1138 464 0.00 0.00 0.00 0.00 0.00 0.00 0.00
pedestrian 0.00 0 0.00 1247 386 1256 414 0.00 0.00 0.00 0.00 0.00 0.00 0.00
pedestrian 0.00 0 0.00 1200 395 1208 413 0.00 0.00 0.00 0.00 0.00 0.00 0.00
pedestrian 0.00 0 0.00 1209 383 1220 412 0.00 0.00 0.00 0.00 0.00 0.00 0.00
pedestrian 0.00 0 0.00 1269 389 1282 421 0.00 0.00 0.00 0.00 0.00 0.00 0.00
pedestrian 0.00 0 0.00 1038 445 1051 480 0.00 0.00 0.00 0.00 0.00 0.00 0.00
people 0.00 0 0.00 1084 452 1100 484 0.00 0.00 0.00 0.00 0.00 0.00 0.00
people 0.00 0 0.00 1171 463 1186 497 0.00 0.00 0.00 0.00 0.00 0.00 0.00
bicycle 0.00 0 0.00 1172 472 1190 506 0.00 0.00 0.00 0.00 0.00 0.00 0.00
motor 0.00 0 0.00 1234 449 1255 475 0.00 0.00 0.00 0.00 0.00 0.00 0.00
bicycle 0.00 0 0.00 1227 442 1237 476 0.00 0.00 0.00 0.00 0.00 0.00 0.00
bicycle 0.00 0 0.00 879 581 915 605 0.00 0.00 0.00 0.00 0.00 0.00 0.00
pedestrian 0.00 0 0.00 1095 409 1107 442 0.00 0.00 0.00 0.00 0.00 0.00 0.00
motor 0.00 0 0.00 1125 438 1143 465 0.00 0.00 0.00 0.00 0.00 0.00 0.00
motor 0.00 0 0.00 1151 450 1168 468 0.00 0.00 0.00 0.00 0.00 0.00 0.00
motor 0.00 0 0.00 1164 439 1179 465 0.00 0.00 0.00 0.00 0.00 0.00 0.00
motor 0.00 0 0.00 1204 438 1220 466 0.00 0.00 0.00 0.00 0.00 0.00 0.00
motor 0.00 0 0.00 1261 433 1280 464 0.00 0.00 0.00 0.00 0.00 0.00 0.00
people 0.00 0 0.00 1153 438 1165 463 0.00 0.00 0.00 0.00 0.00 0.00 0.00
people 0.00 0 0.00 1168 429 1181 457 0.00 0.00 0.00 0.00 0.00 0.00 0.00
pedestrian 0.00 0 0.00 1148 426 1162 456 0.00 0.00 0.00 0.00 0.00 0.00 0.00
pedestrian 0.00 0 0.00 1199 425 1218 460 0.00 0.00 0.00 0.00 0.00 0.00 0.00
pedestrian 0.00 0 0.00 1264 428 1272 461 0.00 0.00 0.00 0.00 0.00 0.00 0.00
pedestrian 0.00 0 0.00 1278 439 1291 470 0.00 0.00 0.00 0.00 0.00 0.00 0.00
pedestrian 0.00 0 0.00 1285 370 1293 386 0.00 0.00 0.00 0.00 0.00 0.00 0.00
motor 0.00 0 0.00 1137 410 1169 432 0.00 0.00 0.00 0.00 0.00 0.00 0.00
awning-tricycle 0.00 0 0.00 1164 400 1186 427 0.00 0.00 0.00 0.00 0.00 0.00 0.00
pedestrian 0.00 0 0.00 1152 394 1162 417 0.00 0.00 0.00 0.00 0.00 0.00 0.00
pedestrian 0.00 0 0.00 1162 389 1174 413 0.00 0.00 0.00 0.00 0.00 0.00 0.00
pedestrian 0.00 0 0.00 1161 382 1172 407 0.00 0.00 0.00 0.00 0.00 0.00 0.00
bicycle 0.00 0 0.00 1204 376 1220 392 0.00 0.00 0.00 0.00 0.00 0.00 0.00
people 0.00 0 0.00 1206 366 1215 383 0.00 0.00 0.00 0.00 0.00 0.00 0.00
pedestrian 0.00 0 0.00 1227 348 1234 366 0.00 0.00 0.00 0.00 0.00 0.00 0.00
pedestrian 0.00 0 0.00 1243 349 1250 369 0.00 0.00 0.00 0.00 0.00 0.00 0.00
pedestrian 0.00 0 0.00 1252 348 1259 372 0.00 0.00 0.00 0.00 0.00 0.00 0.00
pedestrian 0.00 0 0.00 1269 337 1276 358 0.00 0.00 0.00 0.00 0.00 0.00 0.00
people 0.00 0 0.00 1260 336 1268 350 0.00 0.00 0.00 0.00 0.00 0.00 0.00
motor 0.00 0 0.00 1259 343 1268 354 0.00 0.00 0.00 0.00 0.00 0.00 0.00
car 0.00 0 0.00 1221 356 1254 380 0.00 0.00 0.00 0.00 0.00 0.00 0.00
car 0.00 0 0.00 1268 347 1292 371 0.00 0.00 0.00 0.00 0.00 0.00 0.00
car 0.00 0 0.00 1217 328 1260 347 0.00 0.00 0.00 0.00 0.00 0.00 0.00
car 0.00 0 0.00 1268 318 1290 337 0.00 0.00 0.00 0.00 0.00 0.00 0.00
van 0.00 0 0.00 1317 353 1340 383 0.00 0.00 0.00 0.00 0.00 0.00 0.00
car 0.00 0 0.00 1326 341 1346 358 0.00 0.00 0.00 0.00 0.00 0.00 0.00
car 0.00 0 0.00 1331 335 1352 353 0.00 0.00 0.00 0.00 0.00 0.00 0.00
car 0.00 0 0.00 1326 329 1349 344 0.00 0.00 0.00 0.00 0.00 0.00 0.00
