pedestrian 0.00 0 0.00 1025 1425 1039 1467 0.00 0.00 0.00 0.00 0.00 0.00 0.00
pedestrian 0.00 0 0.00 988 1298 998 1333 0.00 0.00 0.00 0.00 0.00 0.00 0.00
people 0.00 0 0.00 997 1301 1012 1328 0.00 0.00 0.00 0.00 0.00 0.00 0.00
bicycle 0.00 0 0.00 990 1238 1003 1270 0.00 0.00 0.00 0.00 0.00 0.00 0.00
car 0.00 0 0.00 1121 1262 1194 1364 0.00 0.00 0.00 0.00 0.00 0.00 0.00
car 0.00 0 0.00 1117 1145 1159 1230 0.00 0.00 0.00 0.00 0.00 0.00 0.00
car 0.00 0 0.00 1059 1065 1141 1117 0.00 0.00 0.00 0.00 0.00 0.00 0.00
car 0.00 0 0.00 1098 882 1163 919 0.00 0.00 0.00 0.00 0.00 0.00 0.00
car 0.00 0 0.00 1123 870 1181 899 0.00 0.00 0.00 0.00 0.00 0.00 0.00
van 0.00 0 0.00 1147 843 1201 882 0.00 0.00 0.00 0.00 0.00 0.00 0.00
car 0.00 0 0.00 1150 825 1205 855 0.00 0.00 0.00 0.00 0.00 0.00 0.00
van 0.00 0 0.00 1152 801 1201 830 0.00 0.00 0.00 0.00 0.00 0.00 0.00
car 0.00 0 0.00 1153 784 1204 814 0.00 0.00 0.00 0.00 0.00 0.00 0.00
car 0.00 0 0.00 1156 771 1208 797 0.00 0.00 0.00 0.00 0.00 0.00 0.00
car 0.00 0 0.00 1157 753 1209 779 0.00 0.00 0.00 0.00 0.00 0.00 0.00
car 0.00 0 0.00 1161 736 1212 761 0.00 0.00 0.00 0.00 0.00 0.00 0.00
car 0.00 0 0.00 1166 715 1210 741 0.00 0.00 0.00 0.00 0.00 0.00 0.00
car 0.00 0 0.00 1168 704 1208 724 0.00 0.00 0.00 0.00 0.00 0.00 0.00
car 0.00 0 0.00 1167 692 1215 713 0.00 0.00 0.00 0.00 0.00 0.00 0.00
car 0.00 0 0.00 1167 681 1212 699 0.00 0.00 0.00 0.00 0.00 0.00 0.00
car 0.00 0 0.00 1179 670 1221 689 0.00 0.00 0.00 0.00 0.00 0.00 0.00
car 0.00 0 0.00 1172 657 1213 675 0.00 0.00 0.00 0.00 0.00 0.00 0.00
car 0.00 0 0.00 1176 644 1217 662 0.00 0.00 0.00 0.00 0.00 0.00 0.00
car 0.00 0 0.00 1175 630 1215 647 0.00 0.00 0.00 0.00 0.00 0.00 0.00
car 0.00 0 0.00 1183 609 1202 630 0.00 0.00 0.00 0.00 0.00 0.00 0.00
car 0.00 0 0.00 1186 586 1219 604 0.00 0.00 0.00 0.00 0.00 0.00 0.00
motor 0.00 0 0.00 975 580 990 589 0.00 0.00 0.00 0.00 0.00 0.00 0.00
motor 0.00 0 0.00 978 572 993 585 0.00 0.00 0.00 0.00 0.00 0.00 0.00
car 0.00 0 0.00 1204 474 1218 485 0.00 0.00 0.00 0.00 0.00 0.00 0.00
van 0.00 0 0.00 1197 494 1222 510 0.00 0.00 0.00 0.00 0.00 0.00 0.00
car 0.00 0 0.00 1278 495 1292 508 0.00 0.00 0.00 0.00 0.00 0.00 0.00
van 0.00 0 0.00 1270 521 1293 539 0.00 0.00 0.00 0.00 0.00 0.00 0.00
car 0.00 0 0.00 1278 538 1294 554 0.00 0.00 0.00 0.00 0.00 0.00 0.00
car 0.00 0 0.00 1199 512 1213 530 0.00 0.00 0.00 0.00 0.00 0.00 0.00
car 0.00 0 0.00 1284 606 1301 625 0.00 0.00 0.00 0.00 0.00 0.00 0.00
car 0.00 0 0.00 1275 590 1305 606 0.00 0.00 0.00 0.00 0.00 0.00 0.00
car 0.00 0 0.00 1271 577 1298 593 0.00 0.00 0.00 0.00 0.00 0.00 0.00
car 0.00 0 0.00 1268 566 1298 581 0.00 0.00 0.00 0.00 0.00 0.00 0.00
car 0.00 0 0.00 1279 649 1311 670 0.00 0.00 0.00 0.00 0.00 0.00 0.00
car 0.00 0 0.00 1282 675 1318 698 0.00 0.00 0.00 0.00 0.00 0.00 0.00
car 0.00 0 0.00 1286 695 1316 719 0.00 0.00 0.00 0.00 0.00 0.00 0.00
car 0.00 0 0.00 1301 726 1324 752 0.00 0.00 0.00 0.00 0.00 0.00 0.00
car 0.00 0 0.00 1278 766 1328 795 0.00 0.00 0.00 0.00 0.00 0.00 0.00
car 0.00 0 0.00 1280 796 1333 823 0.00 0.00 0.00 0.00 0.00 0.00 0.00
car 0.00 0 0.00 1295 819 1342 848 0.00 0.00 0.00 0.00 0.00 0.00 0.00
car 0.00 0 0.00 1271 860 1303 900 0.00 0.00 0.00 0.00 0.00 0.00 0.00
car 0.00 0 0.00 1319 857 1380 890 0.00 0.00 0.00 0.00 0.00 0.00 0.00
car 0.00 0 0.00 1318 885 1391 913 0.00 0.00 0.00 0.00 0.00 0.00 0.00
van 0.00 0 0.00 1318 903 1385 943 0.00 0.00 0.00 0.00 0.00 0.00 0.00
truck 0.00 0 0.00 1351 914 1437 962 0.00 0.00 0.00 0.00 0.00 0.00 0.00
car 0.00 0 0.00 1370 962 1444 999 0.00 0.00 0.00 0.00 0.00 0.00 0.00
car 0.00 0 0.00 1356 1008 1436 1045 0.00 0.00 0.00 0.00 0.00 0.00 0.00
car 0.00 0 0.00 1381 1040 1465 1078 0.00 0.00 0.00 0.00 0.00 0.00 0.00
car 0.00 0 0.00 1376 1080 1455 1117 0.00 0.00 0.00 0.00 0.00 0.00 0.00
car 0.00 0 0.00 1367 1112 1455 1158 0.00 0.00 0.00 0.00 0.00 0.00 0.00
car 0.00 0 0.00 1394 1165 1481 1209 0.00 0.00 0.00 0.00 0.00 0.00 0.00
car 0.00 0 0.00 1394 1207 1476 1259 0.00 0.00 0.00 0.00 0.00 0.00 0.00
car 0.00 0 0.00 1398 1258 1462 1328 0.00 0.00 0.00 0.00 0.00 0.00 0.00
truck 0.00 0 0.00 1312 1292 1432 1397 0.00 0.00 0.00 0.00 0.00 0.00 0.00
car 0.00 0 0.00 1308 1405 1403 1499 0.00 0.00 0.00 0.00 0.00 0.00 0.00
motor 0.00 0 0.00 447 1389 479 1437 0.00 0.00 0.00 0.00 0.00 0.00 0.00
bicycle 0.00 0 0.00 535 1117 551 1146 0.00 0.00 0.00 0.00 0.00 0.00 0.00
motor 0.00 0 0.00 550 1108 567 1140 0.00 0.00 0.00 0.00 0.00 0.00 0.00
motor 0.00 0 0.00 603 1079 628 1096 0.00 0.00 0.00 0.00 0.00 0.00 0.00
car 0.00 0 0.00 195 1031 280 1101 0.00 0.00 0.00 0.00 0.00 0.00 0.00
car 0.00 0 0.00 243 1030 334 1110 0.00 0.00 0.00 0.00 0.00 0.00 0.00
car 0.00 0 0.00 341 974 414 1004 0.00 0.00 0.00 0.00 0.00 0.00 0.00
car 0.00 0 0.00 210 809 272 836 0.00 0.00 0.00 0.00 0.00 0.00 0.00
car 0.00 0 0.00 206 754 260 787 0.00 0.00 0.00 0.00 0.00 0.00 0.00
car 0.00 0 0.00 251 721 303 755 0.00 0.00 0.00 0.00 0.00 0.00 0.00
car 0.00 0 0.00 319 685 362 717 0.00 0.00 0.00 0.00 0.00 0.00 0.00
car 0.00 0 0.00 360 666 399 693 0.00 0.00 0.00 0.00 0.00 0.00 0.00
van 0.00 0 0.00 399 641 432 669 0.00 0.00 0.00 0.00 0.00 0.00 0.00
car 0.00 0 0.00 404 634 443 652 0.00 0.00 0.00 0.00 0.00 0.00 0.00
car 0.00 0 0.00 411 625 445 641 0.00 0.00 0.00 0.00 0.00 0.00 0.00
car 0.00 0 0.00 418 618 454 634 0.00 0.00 0.00 0.00 0.00 0.00 0.00
car 0.00 0 0.00 345 767 376 802 0.00 0.00 0.00 0.00 0.00 0.00 0.00
van 0.00 0 0.00 398 720 442 747 0.00 0.00 0.00 0.00 0.00 0.00 0.00
car 0.00 0 0.00 441 697 479 721 0.00 0.00 0.00 0.00 0.00 0.00 0.00
car 0.00 0 0.00 398 825 448 856 0.00 0.00 0.00 0.00 0.00 0.00 0.00
motor 0.00 0 0.00 557 763 572 783 0.00 0.00 0.00 0.00 0.00 0.00 0.00
motor 0.00 0 0.00 360 894 370 911 0.00 0.00 0.00 0.00 0.00 0.00 0.00
people 0.00 0 0.00 360 889 369 905 0.00 0.00 0.00 0.00 0.00 0.00 0.00
pedestrian 0.00 0 0.00 403 922 417 944 0.00 0.00 0.00 0.00 0.00 0.00 0.00
pedestrian 0.00 0 0.00 415 926 430 951 0.00 0.00 0.00 0.00 0.00 0.00 0.00
pedestrian 0.00 0 0.00 418 918 431 942 0.00 0.00 0.00 0.00 0.00 0.00 0.00
pedestrian 0.00 0 0.00 461 931 471 953 0.00 0.00 0.00 0.00 0.00 0.00 0.00
pedestrian 0.00 0 0.00 446 923 461 946 0.00 0.00 0.00 0.00 0.00 0.00 0.00
pedestrian 0.00 0 0.00 448 917 458 941 0.00 0.00 0.00 0.00 0.00 0.00 0.00
tricycle 0.00 0 0.00 93 530 112 538 0.00 0.00 0.00 0.00 0.00 0.00 0.00
people 0.00 0 0.00 94 525 101 536 0.00 0.00 0.00 0.00 0.00 0.00 0.00
motor 0.00 0 0.00 731 964 759 982 0.00 0.00 0.00 0.00 0.00 0.00 0.00
people 0.00 0 0.00 738 957 749 976 0.00 0.00 0.00 0.00 0.00 0.00 0.00
motor 0.00 0 0.00 661 953 689 968 0.00 0.00 0.00 0.00 0.00 0.00 0.00
people 0.00 0 0.00 669 946 682 967 0.00 0.00 0.00 0.00 0.00 0.00 0.00
motor 0.00 0 0.00 516 978 542 997 0.00 0.00 0.00 0.00 0.00 0.00 0.00
motor 0.00 0 0.00 523 963 550 982 0.00 0.00 0.00 0.00 0.00 0.00 0.00
