car 0.00 0 0.00 496 624 570 689 0.00 0.00 0.00 0.00 0.00 0.00 0.00
car 0.00 0 0.00 610 644 658 718 0.00 0.00 0.00 0.00 0.00 0.00 0.00
car 0.00 0 0.00 704 647 758 748 0.00 0.00 0.00 0.00 0.00 0.00 0.00
car 0.00 0 0.00 755 662 809 752 0.00 0.00 0.00 0.00 0.00 0.00 0.00
car 0.00 0 0.00 868 677 920 774 0.00 0.00 0.00 0.00 0.00 0.00 0.00
car 0.00 0 0.00 921 681 976 785 0.00 0.00 0.00 0.00 0.00 0.00 0.00
car 0.00 0 0.00 861 588 954 631 0.00 0.00 0.00 0.00 0.00 0.00 0.00
car 0.00 0 0.00 1059 508 1154 539 0.00 0.00 0.00 0.00 0.00 0.00 0.00
car 0.00 0 0.00 1037 540 1136 576 0.00 0.00 0.00 0.00 0.00 0.00 0.00
van 0.00 0 0.00 788 449 870 489 0.00 0.00 0.00 0.00 0.00 0.00 0.00
car 0.00 0 0.00 80 277 116 298 0.00 0.00 0.00 0.00 0.00 0.00 0.00
car 0.00 0 0.00 108 263 142 289 0.00 0.00 0.00 0.00 0.00 0.00 0.00
car 0.00 0 0.00 200 228 232 250 0.00 0.00 0.00 0.00 0.00 0.00 0.00
car 0.00 0 0.00 214 224 254 242 0.00 0.00 0.00 0.00 0.00 0.00 0.00
car 0.00 0 0.00 334 213 370 237 0.00 0.00 0.00 0.00 0.00 0.00 0.00
car 0.00 0 0.00 294 226 330 250 0.00 0.00 0.00 0.00 0.00 0.00 0.00
car 0.00 0 0.00 234 216 275 232 0.00 0.00 0.00 0.00 0.00 0.00 0.00
car 0.00 0 0.00 916 162 949 174 0.00 0.00 0.00 0.00 0.00 0.00 0.00
car 0.00 0 0.00 902 167 937 184 0.00 0.00 0.00 0.00 0.00 0.00 0.00
car 0.00 0 0.00 273 255 318 278 0.00 0.00 0.00 0.00 0.00 0.00 0.00
car 0.00 0 0.00 168 240 212 259 0.00 0.00 0.00 0.00 0.00 0.00 0.00
car 0.00 0 0.00 142 248 182 269 0.00 0.00 0.00 0.00 0.00 0.00 0.00
car 0.00 0 0.00 276 201 306 219 0.00 0.00 0.00 0.00 0.00 0.00 0.00
car 0.00 0 0.00 356 172 390 187 0.00 0.00 0.00 0.00 0.00 0.00 0.00
truck 0.00 0 0.00 298 171 354 202 0.00 0.00 0.00 0.00 0.00 0.00 0.00
van 0.00 0 0.00 372 160 406 178 0.00 0.00 0.00 0.00 0.00 0.00 0.00
car 0.00 0 0.00 490 124 520 136 0.00 0.00 0.00 0.00 0.00 0.00 0.00
truck 0.00 0 0.00 415 151 502 197 0.00 0.00 0.00 0.00 0.00 0.00 0.00
van 0.00 0 0.00 863 64 890 96 0.00 0.00 0.00 0.00 0.00 0.00 0.00
car 0.00 0 0.00 899 69 910 80 0.00 0.00 0.00 0.00 0.00 0.00 0.00
car 0.00 0 0.00 1031 3 1035 8 0.00 0.00 0.00 0.00 0.00 0.00 0.00
pedestrian 0.00 0 0.00 956 176 960 189 0.00 0.00 0.00 0.00 0.00 0.00 0.00
pedestrian 0.00 0 0.00 961 168 966 178 0.00 0.00 0.00 0.00 0.00 0.00 0.00
van 0.00 0 0.00 1322 385 1400 420 0.00 0.00 0.00 0.00 0.00 0.00 0.00
van 0.00 0 0.00 1174 354 1266 392 0.00 0.00 0.00 0.00 0.00 0.00 0.00
truck 0.00 0 0.00 1200 376 1310 424 0.00 0.00 0.00 0.00 0.00 0.00 0.00
truck 0.00 0 0.00 1184 323 1302 388 0.00 0.00 0.00 0.00 0.00 0.00 0.00
truck 0.00 0 0.00 1182 334 1288 403 0.00 0.00 0.00 0.00 0.00 0.00 0.00
truck 0.00 0 0.00 1297 359 1400 407 0.00 0.00 0.00 0.00 0.00 0.00 0.00
