car 0.00 0 0.00 1279 47 1332 81 0.00 0.00 0.00 0.00 0.00 0.00 0.00
car 0.00 0 0.00 1360 33 1407 67 0.00 0.00 0.00 0.00 0.00 0.00 0.00
car 0.00 0 0.00 1333 131 1386 171 0.00 0.00 0.00 0.00 0.00 0.00 0.00
car 0.00 0 0.00 1390 122 1444 160 0.00 0.00 0.00 0.00 0.00 0.00 0.00
car 0.00 0 0.00 1457 12 1511 36 0.00 0.00 0.00 0.00 0.00 0.00 0.00
motor 0.00 0 0.00 1430 42 1460 54 0.00 0.00 0.00 0.00 0.00 0.00 0.00
motor 0.00 0 0.00 1489 53 1514 71 0.00 0.00 0.00 0.00 0.00 0.00 0.00
car 0.00 0 0.00 1540 166 1602 201 0.00 0.00 0.00 0.00 0.00 0.00 0.00
car 0.00 0 0.00 1599 194 1661 233 0.00 0.00 0.00 0.00 0.00 0.00 0.00
car 0.00 0 0.00 1809 148 1883 177 0.00 0.00 0.00 0.00 0.00 0.00 0.00
motor 0.00 0 0.00 1797 253 1829 277 0.00 0.00 0.00 0.00 0.00 0.00 0.00
bicycle 0.00 0 0.00 1790 182 1811 192 0.00 0.00 0.00 0.00 0.00 0.00 0.00
van 0.00 0 0.00 1812 359 1864 422 0.00 0.00 0.00 0.00 0.00 0.00 0.00
car 0.00 0 0.00 1004 539 1078 609 0.00 0.00 0.00 0.00 0.00 0.00 0.00
car 0.00 0 0.00 929 482 1012 549 0.00 0.00 0.00 0.00 0.00 0.00 0.00
car 0.00 0 0.00 426 333 463 384 0.00 0.00 0.00 0.00 0.00 0.00 0.00
truck 0.00 0 0.00 419 366 494 417 0.00 0.00 0.00 0.00 0.00 0.00 0.00
car 0.00 0 0.00 478 445 565 496 0.00 0.00 0.00 0.00 0.00 0.00 0.00
car 0.00 0 0.00 494 482 594 539 0.00 0.00 0.00 0.00 0.00 0.00 0.00
car 0.00 0 0.00 358 45 428 78 0.00 0.00 0.00 0.00 0.00 0.00 0.00
car 0.00 0 0.00 168 348 211 400 0.00 0.00 0.00 0.00 0.00 0.00 0.00
car 0.00 0 0.00 578 597 662 674 0.00 0.00 0.00 0.00 0.00 0.00 0.00
car 0.00 0 0.00 1520 890 1613 1004 0.00 0.00 0.00 0.00 0.00 0.00 0.00
car 0.00 0 0.00 1589 945 1672 1046 0.00 0.00 0.00 0.00 0.00 0.00 0.00
car 0.00 0 0.00 1663 974 1753 1070 0.00 0.00 0.00 0.00 0.00 0.00 0.00
truck 0.00 0 0.00 1240 687 1468 882 0.00 0.00 0.00 0.00 0.00 0.00 0.00
