motor 0.00 0 0.00 616 617 629 644 0.00 0.00 0.00 0.00 0.00 0.00 0.00
car 0.00 0 0.00 560 611 605 681 0.00 0.00 0.00 0.00 0.00 0.00 0.00
van 0.00 0 0.00 604 492 637 562 0.00 0.00 0.00 0.00 0.00 0.00 0.00
car 0.00 0 0.00 777 196 821 265 0.00 0.00 0.00 0.00 0.00 0.00 0.00
van 0.00 0 0.00 972 276 1009 332 0.00 0.00 0.00 0.00 0.00 0.00 0.00
car 0.00 0 0.00 1086 256 1156 296 0.00 0.00 0.00 0.00 0.00 0.00 0.00
car 0.00 0 0.00 1080 223 1148 260 0.00 0.00 0.00 0.00 0.00 0.00 0.00
car 0.00 0 0.00 1047 143 1118 190 0.00 0.00 0.00 0.00 0.00 0.00 0.00
car 0.00 0 0.00 1036 113 1105 156 0.00 0.00 0.00 0.00 0.00 0.00 0.00
van 0.00 0 0.00 1019 79 1089 127 0.00 0.00 0.00 0.00 0.00 0.00 0.00
car 0.00 0 0.00 1007 60 1072 96 0.00 0.00 0.00 0.00 0.00 0.00 0.00
van 0.00 0 0.00 1137 772 1183 829 0.00 0.00 0.00 0.00 0.00 0.00 0.00
van 0.00 0 0.00 482 223 534 279 0.00 0.00 0.00 0.00 0.00 0.00 0.00
car 0.00 0 0.00 692 101 734 177 0.00 0.00 0.00 0.00 0.00 0.00 0.00
car 0.00 0 0.00 730 24 772 87 0.00 0.00 0.00 0.00 0.00 0.00 0.00
