car 0.00 0 0.00 569 630 595 676 0.00 0.00 0.00 0.00 0.00 0.00 0.00
motor 0.00 0 0.00 783 620 792 660 0.00 0.00 0.00 0.00 0.00 0.00 0.00
car 0.00 0 0.00 713 652 739 700 0.00 0.00 0.00 0.00 0.00 0.00 0.00
motor 0.00 0 0.00 693 581 698 604 0.00 0.00 0.00 0.00 0.00 0.00 0.00
pedestrian 0.00 0 0.00 707 366 713 389 0.00 0.00 0.00 0.00 0.00 0.00 0.00
pedestrian 0.00 0 0.00 687 351 694 369 0.00 0.00 0.00 0.00 0.00 0.00 0.00
pedestrian 0.00 0 0.00 749 182 754 197 0.00 0.00 0.00 0.00 0.00 0.00 0.00
pedestrian 0.00 0 0.00 814 181 820 209 0.00 0.00 0.00 0.00 0.00 0.00 0.00
pedestrian 0.00 0 0.00 794 180 800 200 0.00 0.00 0.00 0.00 0.00 0.00 0.00
motor 0.00 0 0.00 730 206 739 229 0.00 0.00 0.00 0.00 0.00 0.00 0.00
car 0.00 0 0.00 890 16 910 41 0.00 0.00 0.00 0.00 0.00 0.00 0.00
van 0.00 0 0.00 882 81 901 111 0.00 0.00 0.00 0.00 0.00 0.00 0.00
car 0.00 0 0.00 885 251 910 284 0.00 0.00 0.00 0.00 0.00 0.00 0.00
motor 0.00 0 0.00 799 312 809 341 0.00 0.00 0.00 0.00 0.00 0.00 0.00
motor 0.00 0 0.00 901 423 912 443 0.00 0.00 0.00 0.00 0.00 0.00 0.00
motor 0.00 0 0.00 919 0 928 11 0.00 0.00 0.00 0.00 0.00 0.00 0.00
