car 0.00 0 0.00 715 623 740 668 0.00 0.00 0.00 0.00 0.00 0.00 0.00
car 0.00 0 0.00 544 687 571 726 0.00 0.00 0.00 0.00 0.00 0.00 0.00
car 0.00 0 0.00 700 382 718 401 0.00 0.00 0.00 0.00 0.00 0.00 0.00
car 0.00 0 0.00 606 394 621 412 0.00 0.00 0.00 0.00 0.00 0.00 0.00
car 0.00 0 0.00 624 321 637 335 0.00 0.00 0.00 0.00 0.00 0.00 0.00
car 0.00 0 0.00 662 369 676 391 0.00 0.00 0.00 0.00 0.00 0.00 0.00
car 0.00 0 0.00 709 292 718 307 0.00 0.00 0.00 0.00 0.00 0.00 0.00
car 0.00 0 0.00 673 291 683 302 0.00 0.00 0.00 0.00 0.00 0.00 0.00
car 0.00 0 0.00 686 262 696 275 0.00 0.00 0.00 0.00 0.00 0.00 0.00
car 0.00 0 0.00 700 242 710 252 0.00 0.00 0.00 0.00 0.00 0.00 0.00
car 0.00 0 0.00 684 217 691 227 0.00 0.00 0.00 0.00 0.00 0.00 0.00
car 0.00 0 0.00 685 410 698 433 0.00 0.00 0.00 0.00 0.00 0.00 0.00
car 0.00 0 0.00 650 214 657 224 0.00 0.00 0.00 0.00 0.00 0.00 0.00
car 0.00 0 0.00 686 167 694 176 0.00 0.00 0.00 0.00 0.00 0.00 0.00
car 0.00 0 0.00 657 180 666 191 0.00 0.00 0.00 0.00 0.00 0.00 0.00
car 0.00 0 0.00 659 167 666 173 0.00 0.00 0.00 0.00 0.00 0.00 0.00
car 0.00 0 0.00 669 153 674 162 0.00 0.00 0.00 0.00 0.00 0.00 0.00
car 0.00 0 0.00 673 142 678 149 0.00 0.00 0.00 0.00 0.00 0.00 0.00
car 0.00 0 0.00 664 134 671 140 0.00 0.00 0.00 0.00 0.00 0.00 0.00
car 0.00 0 0.00 673 133 681 142 0.00 0.00 0.00 0.00 0.00 0.00 0.00
car 0.00 0 0.00 665 128 671 134 0.00 0.00 0.00 0.00 0.00 0.00 0.00
car 0.00 0 0.00 673 126 682 135 0.00 0.00 0.00 0.00 0.00 0.00 0.00
car 0.00 0 0.00 676 118 680 126 0.00 0.00 0.00 0.00 0.00 0.00 0.00
car 0.00 0 0.00 685 139 694 151 0.00 0.00 0.00 0.00 0.00 0.00 0.00
car 0.00 0 0.00 687 128 698 139 0.00 0.00 0.00 0.00 0.00 0.00 0.00
car 0.00 0 0.00 664 120 669 123 0.00 0.00 0.00 0.00 0.00 0.00 0.00
car 0.00 0 0.00 686 193 693 205 0.00 0.00 0.00 0.00 0.00 0.00 0.00
car 0.00 0 0.00 696 217 707 228 0.00 0.00 0.00 0.00 0.00 0.00 0.00
car 0.00 0 0.00 696 205 703 215 0.00 0.00 0.00 0.00 0.00 0.00 0.00
car 0.00 0 0.00 697 190 704 200 0.00 0.00 0.00 0.00 0.00 0.00 0.00
car 0.00 0 0.00 701 471 721 505 0.00 0.00 0.00 0.00 0.00 0.00 0.00
car 0.00 0 0.00 676 461 694 490 0.00 0.00 0.00 0.00 0.00 0.00 0.00
car 0.00 0 0.00 646 469 664 496 0.00 0.00 0.00 0.00 0.00 0.00 0.00
car 0.00 0 0.00 657 451 671 473 0.00 0.00 0.00 0.00 0.00 0.00 0.00
car 0.00 0 0.00 659 424 673 445 0.00 0.00 0.00 0.00 0.00 0.00 0.00
car 0.00 0 0.00 1007 626 1062 647 0.00 0.00 0.00 0.00 0.00 0.00 0.00
car 0.00 0 0.00 1081 622 1132 645 0.00 0.00 0.00 0.00 0.00 0.00 0.00
car 0.00 0 0.00 1032 643 1082 669 0.00 0.00 0.00 0.00 0.00 0.00 0.00
bus 0.00 0 0.00 847 624 998 676 0.00 0.00 0.00 0.00 0.00 0.00 0.00
van 0.00 0 0.00 691 683 719 737 0.00 0.00 0.00 0.00 0.00 0.00 0.00
van 0.00 0 0.00 636 346 648 369 0.00 0.00 0.00 0.00 0.00 0.00 0.00
van 0.00 0 0.00 697 344 709 361 0.00 0.00 0.00 0.00 0.00 0.00 0.00
van 0.00 0 0.00 658 394 674 421 0.00 0.00 0.00 0.00 0.00 0.00 0.00
car 0.00 0 0.00 625 423 639 443 0.00 0.00 0.00 0.00 0.00 0.00 0.00
van 0.00 0 0.00 633 233 642 245 0.00 0.00 0.00 0.00 0.00 0.00 0.00
van 0.00 0 0.00 689 230 698 240 0.00 0.00 0.00 0.00 0.00 0.00 0.00
car 0.00 0 0.00 712 234 722 243 0.00 0.00 0.00 0.00 0.00 0.00 0.00
truck 0.00 0 0.00 633 265 647 287 0.00 0.00 0.00 0.00 0.00 0.00 0.00
van 0.00 0 0.00 837 626 907 653 0.00 0.00 0.00 0.00 0.00 0.00 0.00
motor 0.00 0 0.00 683 339 689 349 0.00 0.00 0.00 0.00 0.00 0.00 0.00
pedestrian 0.00 0 0.00 682 339 688 344 0.00 0.00 0.00 0.00 0.00 0.00 0.00
car 0.00 0 0.00 1039 225 1054 235 0.00 0.00 0.00 0.00 0.00 0.00 0.00
bus 0.00 0 0.00 1098 265 1129 294 0.00 0.00 0.00 0.00 0.00 0.00 0.00
van 0.00 0 0.00 1280 409 1303 428 0.00 0.00 0.00 0.00 0.00 0.00 0.00
car 0.00 0 0.00 1363 496 1400 520 0.00 0.00 0.00 0.00 0.00 0.00 0.00
