car 0.00 0 0.00 70 1025 317 1357 0.00 0.00 0.00 0.00 0.00 0.00 0.00
people 0.00 0 0.00 542 845 588 921 0.00 0.00 0.00 0.00 0.00 0.00 0.00
people 0.00 0 0.00 558 822 585 875 0.00 0.00 0.00 0.00 0.00 0.00 0.00
tricycle 0.00 0 0.00 542 831 607 948 0.00 0.00 0.00 0.00 0.00 0.00 0.00
car 0.00 0 0.00 1294 707 1429 853 0.00 0.00 0.00 0.00 0.00 0.00 0.00
car 0.00 0 0.00 1490 708 1651 856 0.00 0.00 0.00 0.00 0.00 0.00 0.00
car 0.00 0 0.00 1857 695 2000 875 0.00 0.00 0.00 0.00 0.00 0.00 0.00
pedestrian 0.00 0 0.00 1980 566 2000 609 0.00 0.00 0.00 0.00 0.00 0.00 0.00
van 0.00 0 0.00 1735 578 1895 691 0.00 0.00 0.00 0.00 0.00 0.00 0.00
car 0.00 0 0.00 1609 582 1731 690 0.00 0.00 0.00 0.00 0.00 0.00 0.00
car 0.00 0 0.00 1637 483 1732 568 0.00 0.00 0.00 0.00 0.00 0.00 0.00
bicycle 0.00 0 0.00 433 442 462 484 0.00 0.00 0.00 0.00 0.00 0.00 0.00
pedestrian 0.00 0 0.00 457 414 485 473 0.00 0.00 0.00 0.00 0.00 0.00 0.00
pedestrian 0.00 0 0.00 495 408 518 466 0.00 0.00 0.00 0.00 0.00 0.00 0.00
pedestrian 0.00 0 0.00 481 386 504 442 0.00 0.00 0.00 0.00 0.00 0.00 0.00
van 0.00 0 0.00 492 0 524 21 0.00 0.00 0.00 0.00 0.00 0.00 0.00
car 0.00 0 0.00 504 448 606 563 0.00 0.00 0.00 0.00 0.00 0.00 0.00
van 0.00 0 0.00 558 364 638 471 0.00 0.00 0.00 0.00 0.00 0.00 0.00
pedestrian 0.00 0 0.00 691 362 711 421 0.00 0.00 0.00 0.00 0.00 0.00 0.00
car 0.00 0 0.00 654 231 712 291 0.00 0.00 0.00 0.00 0.00 0.00 0.00
car 0.00 0 0.00 816 93 853 133 0.00 0.00 0.00 0.00 0.00 0.00 0.00
car 0.00 0 0.00 706 161 753 204 0.00 0.00 0.00 0.00 0.00 0.00 0.00
car 0.00 0 0.00 733 115 774 154 0.00 0.00 0.00 0.00 0.00 0.00 0.00
car 0.00 0 0.00 744 86 788 128 0.00 0.00 0.00 0.00 0.00 0.00 0.00
car 0.00 0 0.00 761 73 797 110 0.00 0.00 0.00 0.00 0.00 0.00 0.00
car 0.00 0 0.00 777 41 810 73 0.00 0.00 0.00 0.00 0.00 0.00 0.00
car 0.00 0 0.00 786 28 817 59 0.00 0.00 0.00 0.00 0.00 0.00 0.00
car 0.00 0 0.00 792 16 823 44 0.00 0.00 0.00 0.00 0.00 0.00 0.00
car 0.00 0 0.00 801 2 831 30 0.00 0.00 0.00 0.00 0.00 0.00 0.00
car 0.00 0 0.00 937 2 968 37 0.00 0.00 0.00 0.00 0.00 0.00 0.00
people 0.00 0 0.00 1649 708 1694 769 0.00 0.00 0.00 0.00 0.00 0.00 0.00
motor 0.00 0 0.00 1638 704 1692 802 0.00 0.00 0.00 0.00 0.00 0.00 0.00
motor 0.00 0 0.00 1889 483 1956 522 0.00 0.00 0.00 0.00 0.00 0.00 0.00
motor 0.00 0 0.00 1838 428 1903 470 0.00 0.00 0.00 0.00 0.00 0.00 0.00
car 0.00 0 0.00 1565 424 1655 502 0.00 0.00 0.00 0.00 0.00 0.00 0.00
car 0.00 0 0.00 1503 377 1600 444 0.00 0.00 0.00 0.00 0.00 0.00 0.00
motor 0.00 0 0.00 1799 300 1848 336 0.00 0.00 0.00 0.00 0.00 0.00 0.00
car 0.00 0 0.00 1599 340 1752 409 0.00 0.00 0.00 0.00 0.00 0.00 0.00
car 0.00 0 0.00 1585 299 1735 357 0.00 0.00 0.00 0.00 0.00 0.00 0.00
car 0.00 0 0.00 1249 263 1318 322 0.00 0.00 0.00 0.00 0.00 0.00 0.00
car 0.00 0 0.00 1436 262 1507 321 0.00 0.00 0.00 0.00 0.00 0.00 0.00
car 0.00 0 0.00 1362 199 1430 246 0.00 0.00 0.00 0.00 0.00 0.00 0.00
car 0.00 0 0.00 1345 169 1401 211 0.00 0.00 0.00 0.00 0.00 0.00 0.00
van 0.00 0 0.00 1329 135 1384 186 0.00 0.00 0.00 0.00 0.00 0.00 0.00
car 0.00 0 0.00 1084 111 1124 148 0.00 0.00 0.00 0.00 0.00 0.00 0.00
bus 0.00 0 0.00 1117 18 1181 101 0.00 0.00 0.00 0.00 0.00 0.00 0.00
pedestrian 0.00 0 0.00 1234 0 1245 22 0.00 0.00 0.00 0.00 0.00 0.00 0.00
people 0.00 0 0.00 1217 102 1231 124 0.00 0.00 0.00 0.00 0.00 0.00 0.00
motor 0.00 0 0.00 1217 109 1233 135 0.00 0.00 0.00 0.00 0.00 0.00 0.00
car 0.00 0 0.00 1287 121 1351 164 0.00 0.00 0.00 0.00 0.00 0.00 0.00
car 0.00 0 0.00 1271 110 1342 145 0.00 0.00 0.00 0.00 0.00 0.00 0.00
car 0.00 0 0.00 1280 95 1329 127 0.00 0.00 0.00 0.00 0.00 0.00 0.00
van 0.00 0 0.00 1258 70 1298 107 0.00 0.00 0.00 0.00 0.00 0.00 0.00
van 0.00 0 0.00 1249 58 1281 92 0.00 0.00 0.00 0.00 0.00 0.00 0.00
car 0.00 0 0.00 1190 5 1223 28 0.00 0.00 0.00 0.00 0.00 0.00 0.00
car 0.00 0 0.00 1181 0 1209 16 0.00 0.00 0.00 0.00 0.00 0.00 0.00
people 0.00 0 0.00 1163 3 1171 21 0.00 0.00 0.00 0.00 0.00 0.00 0.00
people 0.00 0 0.00 1161 4 1173 21 0.00 0.00 0.00 0.00 0.00 0.00 0.00
motor 0.00 0 0.00 1160 9 1173 28 0.00 0.00 0.00 0.00 0.00 0.00 0.00
pedestrian 0.00 0 0.00 1195 14 1204 33 0.00 0.00 0.00 0.00 0.00 0.00 0.00
people 0.00 0 0.00 1191 24 1203 47 0.00 0.00 0.00 0.00 0.00 0.00 0.00
motor 0.00 0 0.00 1191 23 1203 50 0.00 0.00 0.00 0.00 0.00 0.00 0.00
car 0.00 0 0.00 1217 39 1260 72 0.00 0.00 0.00 0.00 0.00 0.00 0.00
pedestrian 0.00 0 0.00 1236 46 1245 76 0.00 0.00 0.00 0.00 0.00 0.00 0.00
pedestrian 0.00 0 0.00 1229 46 1239 77 0.00 0.00 0.00 0.00 0.00 0.00 0.00
pedestrian 0.00 0 0.00 1217 47 1226 77 0.00 0.00 0.00 0.00 0.00 0.00 0.00
pedestrian 0.00 0 0.00 1220 43 1229 74 0.00 0.00 0.00 0.00 0.00 0.00 0.00
van 0.00 0 0.00 1635 251 1763 314 0.00 0.00 0.00 0.00 0.00 0.00 0.00
van 0.00 0 0.00 1599 237 1733 300 0.00 0.00 0.00 0.00 0.00 0.00 0.00
car 0.00 0 0.00 1599 230 1703 271 0.00 0.00 0.00 0.00 0.00 0.00 0.00
van 0.00 0 0.00 1560 205 1682 261 0.00 0.00 0.00 0.00 0.00 0.00 0.00
van 0.00 0 0.00 1537 192 1639 247 0.00 0.00 0.00 0.00 0.00 0.00 0.00
truck 0.00 0 0.00 1510 176 1620 228 0.00 0.00 0.00 0.00 0.00 0.00 0.00
truck 0.00 0 0.00 1471 149 1577 198 0.00 0.00 0.00 0.00 0.00 0.00 0.00
car 0.00 0 0.00 1444 133 1543 171 0.00 0.00 0.00 0.00 0.00 0.00 0.00
car 0.00 0 0.00 1430 121 1516 157 0.00 0.00 0.00 0.00 0.00 0.00 0.00
car 0.00 0 0.00 1419 113 1509 145 0.00 0.00 0.00 0.00 0.00 0.00 0.00
van 0.00 0 0.00 1408 95 1500 137 0.00 0.00 0.00 0.00 0.00 0.00 0.00
car 0.00 0 0.00 1387 89 1468 120 0.00 0.00 0.00 0.00 0.00 0.00 0.00
van 0.00 0 0.00 1377 70 1439 109 0.00 0.00 0.00 0.00 0.00 0.00 0.00
van 0.00 0 0.00 1366 56 1458 99 0.00 0.00 0.00 0.00 0.00 0.00 0.00
car 0.00 0 0.00 1354 57 1425 90 0.00 0.00 0.00 0.00 0.00 0.00 0.00
van 0.00 0 0.00 1339 47 1406 84 0.00 0.00 0.00 0.00 0.00 0.00 0.00
van 0.00 0 0.00 1338 34 1399 68 0.00 0.00 0.00 0.00 0.00 0.00 0.00
car 0.00 0 0.00 1337 44 1398 73 0.00 0.00 0.00 0.00 0.00 0.00 0.00
motor 0.00 0 0.00 1930 232 1967 259 0.00 0.00 0.00 0.00 0.00 0.00 0.00
motor 0.00 0 0.00 1904 228 1943 260 0.00 0.00 0.00 0.00 0.00 0.00 0.00
motor 0.00 0 0.00 1879 208 1899 238 0.00 0.00 0.00 0.00 0.00 0.00 0.00
motor 0.00 0 0.00 1847 189 1877 219 0.00 0.00 0.00 0.00 0.00 0.00 0.00
motor 0.00 0 0.00 1795 219 1829 255 0.00 0.00 0.00 0.00 0.00 0.00 0.00
motor 0.00 0 0.00 1793 206 1835 232 0.00 0.00 0.00 0.00 0.00 0.00 0.00
bicycle 0.00 0 0.00 1812 200 1843 232 0.00 0.00 0.00 0.00 0.00 0.00 0.00
bicycle 0.00 0 0.00 1798 153 1818 182 0.00 0.00 0.00 0.00 0.00 0.00 0.00
car 0.00 0 0.00 1680 156 1785 203 0.00 0.00 0.00 0.00 0.00 0.00 0.00
car 0.00 0 0.00 1658 141 1760 185 0.00 0.00 0.00 0.00 0.00 0.00 0.00
van 0.00 0 0.00 1614 109 1725 160 0.00 0.00 0.00 0.00 0.00 0.00 0.00
pedestrian 0.00 0 0.00 1643 74 1649 102 0.00 0.00 0.00 0.00 0.00 0.00 0.00
pedestrian 0.00 0 0.00 1647 81 1660 111 0.00 0.00 0.00 0.00 0.00 0.00 0.00
truck 0.00 0 0.00 1565 80 1655 120 0.00 0.00 0.00 0.00 0.00 0.00 0.00
van 0.00 0 0.00 1567 71 1641 109 0.00 0.00 0.00 0.00 0.00 0.00 0.00
