pedestrian 0.00 0 0.00 458 1343 504 1483 0.00 0.00 0.00 0.00 0.00 0.00 0.00
pedestrian 0.00 0 0.00 487 1354 543 1500 0.00 0.00 0.00 0.00 0.00 0.00 0.00
bicycle 0.00 0 0.00 537 1305 592 1399 0.00 0.00 0.00 0.00 0.00 0.00 0.00
motor 0.00 0 0.00 614 1262 659 1369 0.00 0.00 0.00 0.00 0.00 0.00 0.00
motor 0.00 0 0.00 671 1267 710 1382 0.00 0.00 0.00 0.00 0.00 0.00 0.00
pedestrian 0.00 0 0.00 619 1192 653 1301 0.00 0.00 0.00 0.00 0.00 0.00 0.00
motor 0.00 0 0.00 646 1228 690 1303 0.00 0.00 0.00 0.00 0.00 0.00 0.00
motor 0.00 0 0.00 717 1187 761 1272 0.00 0.00 0.00 0.00 0.00 0.00 0.00
motor 0.00 0 0.00 651 1182 696 1246 0.00 0.00 0.00 0.00 0.00 0.00 0.00
bicycle 0.00 0 0.00 739 1050 790 1098 0.00 0.00 0.00 0.00 0.00 0.00 0.00
pedestrian 0.00 0 0.00 817 1021 836 1080 0.00 0.00 0.00 0.00 0.00 0.00 0.00
tricycle 0.00 0 0.00 808 1102 870 1185 0.00 0.00 0.00 0.00 0.00 0.00 0.00
pedestrian 0.00 0 0.00 892 1104 913 1183 0.00 0.00 0.00 0.00 0.00 0.00 0.00
pedestrian 0.00 0 0.00 972 1125 1003 1222 0.00 0.00 0.00 0.00 0.00 0.00 0.00
pedestrian 0.00 0 0.00 882 1072 902 1146 0.00 0.00 0.00 0.00 0.00 0.00 0.00
people 0.00 0 0.00 908 1060 936 1119 0.00 0.00 0.00 0.00 0.00 0.00 0.00
motor 0.00 0 0.00 907 1073 935 1129 0.00 0.00 0.00 0.00 0.00 0.00 0.00
pedestrian 0.00 0 0.00 936 1083 961 1160 0.00 0.00 0.00 0.00 0.00 0.00 0.00
pedestrian 0.00 0 0.00 982 1083 1011 1164 0.00 0.00 0.00 0.00 0.00 0.00 0.00
pedestrian 0.00 0 0.00 1021 1238 1073 1365 0.00 0.00 0.00 0.00 0.00 0.00 0.00
pedestrian 0.00 0 0.00 1185 1437 1237 1500 0.00 0.00 0.00 0.00 0.00 0.00 0.00
pedestrian 0.00 0 0.00 1416 1452 1476 1500 0.00 0.00 0.00 0.00 0.00 0.00 0.00
motor 0.00 0 0.00 1320 1404 1443 1500 0.00 0.00 0.00 0.00 0.00 0.00 0.00
bicycle 0.00 0 0.00 1365 1351 1458 1444 0.00 0.00 0.00 0.00 0.00 0.00 0.00
van 0.00 0 0.00 1280 1191 1578 1357 0.00 0.00 0.00 0.00 0.00 0.00 0.00
motor 0.00 0 0.00 1558 1299 1682 1373 0.00 0.00 0.00 0.00 0.00 0.00 0.00
pedestrian 0.00 0 0.00 1682 1240 1710 1306 0.00 0.00 0.00 0.00 0.00 0.00 0.00
pedestrian 0.00 0 0.00 1718 1225 1753 1308 0.00 0.00 0.00 0.00 0.00 0.00 0.00
pedestrian 0.00 0 0.00 1562 1115 1603 1227 0.00 0.00 0.00 0.00 0.00 0.00 0.00
motor 0.00 0 0.00 1621 1162 1690 1236 0.00 0.00 0.00 0.00 0.00 0.00 0.00
pedestrian 0.00 0 0.00 1515 1132 1535 1208 0.00 0.00 0.00 0.00 0.00 0.00 0.00
motor 0.00 0 0.00 1302 1174 1376 1247 0.00 0.00 0.00 0.00 0.00 0.00 0.00
motor 0.00 0 0.00 1422 1188 1482 1255 0.00 0.00 0.00 0.00 0.00 0.00 0.00
bicycle 0.00 0 0.00 1263 1185 1296 1263 0.00 0.00 0.00 0.00 0.00 0.00 0.00
motor 0.00 0 0.00 1226 1192 1262 1277 0.00 0.00 0.00 0.00 0.00 0.00 0.00
motor 0.00 0 0.00 1183 1201 1231 1283 0.00 0.00 0.00 0.00 0.00 0.00 0.00
pedestrian 0.00 0 0.00 1049 1159 1086 1255 0.00 0.00 0.00 0.00 0.00 0.00 0.00
pedestrian 0.00 0 0.00 1086 1158 1117 1238 0.00 0.00 0.00 0.00 0.00 0.00 0.00
pedestrian 0.00 0 0.00 1078 1131 1104 1215 0.00 0.00 0.00 0.00 0.00 0.00 0.00
pedestrian 0.00 0 0.00 1065 1118 1084 1190 0.00 0.00 0.00 0.00 0.00 0.00 0.00
pedestrian 0.00 0 0.00 1117 1119 1157 1188 0.00 0.00 0.00 0.00 0.00 0.00 0.00
pedestrian 0.00 0 0.00 1144 1120 1179 1179 0.00 0.00 0.00 0.00 0.00 0.00 0.00
pedestrian 0.00 0 0.00 1082 1087 1135 1148 0.00 0.00 0.00 0.00 0.00 0.00 0.00
pedestrian 0.00 0 0.00 1014 1037 1031 1103 0.00 0.00 0.00 0.00 0.00 0.00 0.00
pedestrian 0.00 0 0.00 1024 1031 1039 1095 0.00 0.00 0.00 0.00 0.00 0.00 0.00
pedestrian 0.00 0 0.00 1047 1020 1069 1083 0.00 0.00 0.00 0.00 0.00 0.00 0.00
pedestrian 0.00 0 0.00 1054 1049 1065 1079 0.00 0.00 0.00 0.00 0.00 0.00 0.00
people 0.00 0 0.00 1062 1051 1082 1081 0.00 0.00 0.00 0.00 0.00 0.00 0.00
pedestrian 0.00 0 0.00 1100 1052 1123 1113 0.00 0.00 0.00 0.00 0.00 0.00 0.00
pedestrian 0.00 0 0.00 1125 1048 1147 1107 0.00 0.00 0.00 0.00 0.00 0.00 0.00
pedestrian 0.00 0 0.00 1136 1055 1157 1114 0.00 0.00 0.00 0.00 0.00 0.00 0.00
pedestrian 0.00 0 0.00 1121 1008 1141 1062 0.00 0.00 0.00 0.00 0.00 0.00 0.00
pedestrian 0.00 0 0.00 1063 1010 1081 1060 0.00 0.00 0.00 0.00 0.00 0.00 0.00
pedestrian 0.00 0 0.00 1083 985 1103 1044 0.00 0.00 0.00 0.00 0.00 0.00 0.00
pedestrian 0.00 0 0.00 1111 982 1132 1037 0.00 0.00 0.00 0.00 0.00 0.00 0.00
pedestrian 0.00 0 0.00 1049 1001 1063 1051 0.00 0.00 0.00 0.00 0.00 0.00 0.00
pedestrian 0.00 0 0.00 1016 991 1038 1054 0.00 0.00 0.00 0.00 0.00 0.00 0.00
pedestrian 0.00 0 0.00 1033 982 1049 1032 0.00 0.00 0.00 0.00 0.00 0.00 0.00
pedestrian 0.00 0 0.00 1058 991 1074 1029 0.00 0.00 0.00 0.00 0.00 0.00 0.00
pedestrian 0.00 0 0.00 1064 988 1073 1027 0.00 0.00 0.00 0.00 0.00 0.00 0.00
pedestrian 0.00 0 0.00 1068 993 1077 1020 0.00 0.00 0.00 0.00 0.00 0.00 0.00
pedestrian 0.00 0 0.00 1074 965 1098 1006 0.00 0.00 0.00 0.00 0.00 0.00 0.00
pedestrian 0.00 0 0.00 1108 962 1128 1004 0.00 0.00 0.00 0.00 0.00 0.00 0.00
pedestrian 0.00 0 0.00 1053 970 1062 996 0.00 0.00 0.00 0.00 0.00 0.00 0.00
pedestrian 0.00 0 0.00 1045 948 1057 992 0.00 0.00 0.00 0.00 0.00 0.00 0.00
pedestrian 0.00 0 0.00 1082 937 1100 976 0.00 0.00 0.00 0.00 0.00 0.00 0.00
pedestrian 0.00 0 0.00 1104 939 1115 976 0.00 0.00 0.00 0.00 0.00 0.00 0.00
pedestrian 0.00 0 0.00 1046 936 1055 971 0.00 0.00 0.00 0.00 0.00 0.00 0.00
pedestrian 0.00 0 0.00 1089 923 1097 952 0.00 0.00 0.00 0.00 0.00 0.00 0.00
pedestrian 0.00 0 0.00 973 973 991 1029 0.00 0.00 0.00 0.00 0.00 0.00 0.00
pedestrian 0.00 0 0.00 888 973 906 1024 0.00 0.00 0.00 0.00 0.00 0.00 0.00
pedestrian 0.00 0 0.00 902 982 919 1020 0.00 0.00 0.00 0.00 0.00 0.00 0.00
pedestrian 0.00 0 0.00 918 964 934 1018 0.00 0.00 0.00 0.00 0.00 0.00 0.00
pedestrian 0.00 0 0.00 780 998 799 1049 0.00 0.00 0.00 0.00 0.00 0.00 0.00
people 0.00 0 0.00 820 947 839 968 0.00 0.00 0.00 0.00 0.00 0.00 0.00
pedestrian 0.00 0 0.00 851 933 863 970 0.00 0.00 0.00 0.00 0.00 0.00 0.00
pedestrian 0.00 0 0.00 861 948 882 980 0.00 0.00 0.00 0.00 0.00 0.00 0.00
motor 0.00 0 0.00 870 948 882 982 0.00 0.00 0.00 0.00 0.00 0.00 0.00
pedestrian 0.00 0 0.00 808 899 820 935 0.00 0.00 0.00 0.00 0.00 0.00 0.00
pedestrian 0.00 0 0.00 895 917 912 958 0.00 0.00 0.00 0.00 0.00 0.00 0.00
pedestrian 0.00 0 0.00 901 941 918 983 0.00 0.00 0.00 0.00 0.00 0.00 0.00
pedestrian 0.00 0 0.00 924 946 947 988 0.00 0.00 0.00 0.00 0.00 0.00 0.00
pedestrian 0.00 0 0.00 946 947 961 990 0.00 0.00 0.00 0.00 0.00 0.00 0.00
bicycle 0.00 0 0.00 924 959 939 990 0.00 0.00 0.00 0.00 0.00 0.00 0.00
pedestrian 0.00 0 0.00 970 937 992 983 0.00 0.00 0.00 0.00 0.00 0.00 0.00
bicycle 0.00 0 0.00 975 950 994 984 0.00 0.00 0.00 0.00 0.00 0.00 0.00
pedestrian 0.00 0 0.00 932 904 947 940 0.00 0.00 0.00 0.00 0.00 0.00 0.00
pedestrian 0.00 0 0.00 938 902 951 936 0.00 0.00 0.00 0.00 0.00 0.00 0.00
pedestrian 0.00 0 0.00 953 904 966 941 0.00 0.00 0.00 0.00 0.00 0.00 0.00
pedestrian 0.00 0 0.00 971 909 984 944 0.00 0.00 0.00 0.00 0.00 0.00 0.00
pedestrian 0.00 0 0.00 890 904 900 938 0.00 0.00 0.00 0.00 0.00 0.00 0.00
tricycle 0.00 0 0.00 902 903 923 932 0.00 0.00 0.00 0.00 0.00 0.00 0.00
pedestrian 0.00 0 0.00 1019 911 1033 950 0.00 0.00 0.00 0.00 0.00 0.00 0.00
pedestrian 0.00 0 0.00 1044 920 1056 952 0.00 0.00 0.00 0.00 0.00 0.00 0.00
pedestrian 0.00 0 0.00 1071 898 1083 936 0.00 0.00 0.00 0.00 0.00 0.00 0.00
pedestrian 0.00 0 0.00 1007 883 1017 915 0.00 0.00 0.00 0.00 0.00 0.00 0.00
pedestrian 0.00 0 0.00 1015 887 1023 914 0.00 0.00 0.00 0.00 0.00 0.00 0.00
pedestrian 0.00 0 0.00 1023 887 1032 918 0.00 0.00 0.00 0.00 0.00 0.00 0.00
pedestrian 0.00 0 0.00 1058 892 1068 916 0.00 0.00 0.00 0.00 0.00 0.00 0.00
pedestrian 0.00 0 0.00 1034 889 1043 918 0.00 0.00 0.00 0.00 0.00 0.00 0.00
pedestrian 0.00 0 0.00 1042 879 1054 908 0.00 0.00 0.00 0.00 0.00 0.00 0.00
pedestrian 0.00 0 0.00 1001 876 1013 910 0.00 0.00 0.00 0.00 0.00 0.00 0.00
pedestrian 0.00 0 0.00 1014 879 1022 909 0.00 0.00 0.00 0.00 0.00 0.00 0.00
pedestrian 0.00 0 0.00 1031 876 1040 901 0.00 0.00 0.00 0.00 0.00 0.00 0.00
pedestrian 0.00 0 0.00 1037 878 1048 896 0.00 0.00 0.00 0.00 0.00 0.00 0.00
pedestrian 0.00 0 0.00 1050 876 1057 898 0.00 0.00 0.00 0.00 0.00 0.00 0.00
pedestrian 0.00 0 0.00 1067 877 1077 903 0.00 0.00 0.00 0.00 0.00 0.00 0.00
motor 0.00 0 0.00 1021 879 1032 898 0.00 0.00 0.00 0.00 0.00 0.00 0.00
bicycle 0.00 0 0.00 1033 897 1046 922 0.00 0.00 0.00 0.00 0.00 0.00 0.00
car 0.00 0 0.00 934 861 964 886 0.00 0.00 0.00 0.00 0.00 0.00 0.00
pedestrian 0.00 0 0.00 990 858 998 881 0.00 0.00 0.00 0.00 0.00 0.00 0.00
pedestrian 0.00 0 0.00 1003 854 1016 879 0.00 0.00 0.00 0.00 0.00 0.00 0.00
motor 0.00 0 0.00 1006 863 1016 881 0.00 0.00 0.00 0.00 0.00 0.00 0.00
van 0.00 0 0.00 1037 852 1064 881 0.00 0.00 0.00 0.00 0.00 0.00 0.00
van 0.00 0 0.00 1033 840 1058 865 0.00 0.00 0.00 0.00 0.00 0.00 0.00
van 0.00 0 0.00 1034 834 1055 861 0.00 0.00 0.00 0.00 0.00 0.00 0.00
car 0.00 0 0.00 1022 829 1044 848 0.00 0.00 0.00 0.00 0.00 0.00 0.00
van 0.00 0 0.00 913 832 955 851 0.00 0.00 0.00 0.00 0.00 0.00 0.00
car 0.00 0 0.00 958 821 979 839 0.00 0.00 0.00 0.00 0.00 0.00 0.00
pedestrian 0.00 0 0.00 979 810 983 823 0.00 0.00 0.00 0.00 0.00 0.00 0.00
pedestrian 0.00 0 0.00 984 809 990 823 0.00 0.00 0.00 0.00 0.00 0.00 0.00
pedestrian 0.00 0 0.00 992 804 997 817 0.00 0.00 0.00 0.00 0.00 0.00 0.00
pedestrian 0.00 0 0.00 1001 802 1006 816 0.00 0.00 0.00 0.00 0.00 0.00 0.00
pedestrian 0.00 0 0.00 1010 811 1017 827 0.00 0.00 0.00 0.00 0.00 0.00 0.00
people 0.00 0 0.00 1020 811 1027 824 0.00 0.00 0.00 0.00 0.00 0.00 0.00
people 0.00 0 0.00 1020 810 1027 822 0.00 0.00 0.00 0.00 0.00 0.00 0.00
bicycle 0.00 0 0.00 1020 815 1026 824 0.00 0.00 0.00 0.00 0.00 0.00 0.00
van 0.00 0 0.00 1019 806 1035 821 0.00 0.00 0.00 0.00 0.00 0.00 0.00
van 0.00 0 0.00 1011 795 1026 811 0.00 0.00 0.00 0.00 0.00 0.00 0.00
car 0.00 0 0.00 972 809 985 819 0.00 0.00 0.00 0.00 0.00 0.00 0.00
car 0.00 0 0.00 973 800 988 811 0.00 0.00 0.00 0.00 0.00 0.00 0.00
van 0.00 0 0.00 996 794 1009 804 0.00 0.00 0.00 0.00 0.00 0.00 0.00
car 0.00 0 0.00 1033 798 1048 811 0.00 0.00 0.00 0.00 0.00 0.00 0.00
van 0.00 0 0.00 1048 795 1063 805 0.00 0.00 0.00 0.00 0.00 0.00 0.00
van 0.00 0 0.00 980 795 992 806 0.00 0.00 0.00 0.00 0.00 0.00 0.00
car 0.00 0 0.00 986 799 1009 808 0.00 0.00 0.00 0.00 0.00 0.00 0.00
