car 0.00 0 0.00 0 345 89 475 0.00 0.00 0.00 0.00 0.00 0.00 0.00
motor 0.00 0 0.00 66 441 101 489 0.00 0.00 0.00 0.00 0.00 0.00 0.00
car 0.00 0 0.00 475 380 603 535 0.00 0.00 0.00 0.00 0.00 0.00 0.00
car 0.00 0 0.00 775 148 856 239 0.00 0.00 0.00 0.00 0.00 0.00 0.00
car 0.00 0 0.00 554 115 643 186 0.00 0.00 0.00 0.00 0.00 0.00 0.00
pedestrian 0.00 0 0.00 216 560 278 604 0.00 0.00 0.00 0.00 0.00 0.00 0.00
car 0.00 0 0.00 55 483 233 583 0.00 0.00 0.00 0.00 0.00 0.00 0.00
tricycle 0.00 0 0.00 156 566 271 632 0.00 0.00 0.00 0.00 0.00 0.00 0.00
people 0.00 0 0.00 718 797 752 848 0.00 0.00 0.00 0.00 0.00 0.00 0.00
tricycle 0.00 0 0.00 702 704 779 856 0.00 0.00 0.00 0.00 0.00 0.00 0.00
car 0.00 0 0.00 839 792 1038 977 0.00 0.00 0.00 0.00 0.00 0.00 0.00
car 0.00 0 0.00 835 535 1010 665 0.00 0.00 0.00 0.00 0.00 0.00 0.00
car 0.00 0 0.00 1224 959 1400 1048 0.00 0.00 0.00 0.00 0.00 0.00 0.00
van 0.00 0 0.00 1277 827 1400 951 0.00 0.00 0.00 0.00 0.00 0.00 0.00
car 0.00 0 0.00 1259 735 1400 824 0.00 0.00 0.00 0.00 0.00 0.00 0.00
car 0.00 0 0.00 1295 627 1400 727 0.00 0.00 0.00 0.00 0.00 0.00 0.00
van 0.00 0 0.00 854 340 989 438 0.00 0.00 0.00 0.00 0.00 0.00 0.00
van 0.00 0 0.00 853 249 998 363 0.00 0.00 0.00 0.00 0.00 0.00 0.00
car 0.00 0 0.00 1148 38 1268 98 0.00 0.00 0.00 0.00 0.00 0.00 0.00
people 0.00 0 0.00 649 55 665 78 0.00 0.00 0.00 0.00 0.00 0.00 0.00
people 0.00 0 0.00 645 49 668 87 0.00 0.00 0.00 0.00 0.00 0.00 0.00
motor 0.00 0 0.00 647 60 671 107 0.00 0.00 0.00 0.00 0.00 0.00 0.00
bicycle 0.00 0 0.00 283 382 327 430 0.00 0.00 0.00 0.00 0.00 0.00 0.00
car 0.00 0 0.00 1007 0 1128 39 0.00 0.00 0.00 0.00 0.00 0.00 0.00
