car 0.00 0 0.00 409 794 645 912 0.00 0.00 0.00 0.00 0.00 0.00 0.00
car 0.00 0 0.00 484 634 673 735 0.00 0.00 0.00 0.00 0.00 0.00 0.00
car 0.00 0 0.00 541 533 700 605 0.00 0.00 0.00 0.00 0.00 0.00 0.00
van 0.00 0 0.00 589 403 730 481 0.00 0.00 0.00 0.00 0.00 0.00 0.00
car 0.00 0 0.00 908 421 1039 471 0.00 0.00 0.00 0.00 0.00 0.00 0.00
van 0.00 0 0.00 994 359 1097 417 0.00 0.00 0.00 0.00 0.00 0.00 0.00
car 0.00 0 0.00 656 312 751 355 0.00 0.00 0.00 0.00 0.00 0.00 0.00
car 0.00 0 0.00 680 244 761 275 0.00 0.00 0.00 0.00 0.00 0.00 0.00
car 0.00 0 0.00 622 239 669 285 0.00 0.00 0.00 0.00 0.00 0.00 0.00
car 0.00 0 0.00 839 187 864 223 0.00 0.00 0.00 0.00 0.00 0.00 0.00
car 0.00 0 0.00 879 173 910 204 0.00 0.00 0.00 0.00 0.00 0.00 0.00
car 0.00 0 0.00 207 157 271 195 0.00 0.00 0.00 0.00 0.00 0.00 0.00
pedestrian 0.00 0 0.00 22 210 36 246 0.00 0.00 0.00 0.00 0.00 0.00 0.00
pedestrian 0.00 0 0.00 149 162 168 193 0.00 0.00 0.00 0.00 0.00 0.00 0.00
pedestrian 0.00 0 0.00 243 136 257 160 0.00 0.00 0.00 0.00 0.00 0.00 0.00
pedestrian 0.00 0 0.00 254 135 266 162 0.00 0.00 0.00 0.00 0.00 0.00 0.00
van 0.00 0 0.00 523 37 556 67 0.00 0.00 0.00 0.00 0.00 0.00 0.00
bus 0.00 0 0.00 566 17 595 50 0.00 0.00 0.00 0.00 0.00 0.00 0.00
car 0.00 0 0.00 593 20 611 38 0.00 0.00 0.00 0.00 0.00 0.00 0.00
pedestrian 0.00 0 0.00 718 104 726 124 0.00 0.00 0.00 0.00 0.00 0.00 0.00
pedestrian 0.00 0 0.00 616 266 629 297 0.00 0.00 0.00 0.00 0.00 0.00 0.00
pedestrian 0.00 0 0.00 610 301 624 335 0.00 0.00 0.00 0.00 0.00 0.00 0.00
pedestrian 0.00 0 0.00 770 305 784 328 0.00 0.00 0.00 0.00 0.00 0.00 0.00
pedestrian 0.00 0 0.00 766 286 780 314 0.00 0.00 0.00 0.00 0.00 0.00 0.00
pedestrian 0.00 0 0.00 741 235 751 255 0.00 0.00 0.00 0.00 0.00 0.00 0.00
car 0.00 0 0.00 635 398 750 442 0.00 0.00 0.00 0.00 0.00 0.00 0.00
car 0.00 0 0.00 625 376 743 416 0.00 0.00 0.00 0.00 0.00 0.00 0.00
pedestrian 0.00 0 0.00 731 106 740 124 0.00 0.00 0.00 0.00 0.00 0.00 0.00
pedestrian 0.00 0 0.00 836 261 850 297 0.00 0.00 0.00 0.00 0.00 0.00 0.00
pedestrian 0.00 0 0.00 806 120 813 134 0.00 0.00 0.00 0.00 0.00 0.00 0.00
pedestrian 0.00 0 0.00 813 123 819 135 0.00 0.00 0.00 0.00 0.00 0.00 0.00
pedestrian 0.00 0 0.00 875 149 886 169 0.00 0.00 0.00 0.00 0.00 0.00 0.00
pedestrian 0.00 0 0.00 823 151 830 173 0.00 0.00 0.00 0.00 0.00 0.00 0.00
car 0.00 0 0.00 719 199 784 228 0.00 0.00 0.00 0.00 0.00 0.00 0.00
car 0.00 0 0.00 719 185 789 209 0.00 0.00 0.00 0.00 0.00 0.00 0.00
van 0.00 0 0.00 718 166 783 191 0.00 0.00 0.00 0.00 0.00 0.00 0.00
car 0.00 0 0.00 721 143 784 169 0.00 0.00 0.00 0.00 0.00 0.00 0.00
car 0.00 0 0.00 731 126 783 148 0.00 0.00 0.00 0.00 0.00 0.00 0.00
car 0.00 0 0.00 751 121 792 140 0.00 0.00 0.00 0.00 0.00 0.00 0.00
car 0.00 0 0.00 744 105 788 128 0.00 0.00 0.00 0.00 0.00 0.00 0.00
car 0.00 0 0.00 756 91 790 110 0.00 0.00 0.00 0.00 0.00 0.00 0.00
car 0.00 0 0.00 759 86 794 99 0.00 0.00 0.00 0.00 0.00 0.00 0.00
car 0.00 0 0.00 754 79 790 96 0.00 0.00 0.00 0.00 0.00 0.00 0.00
car 0.00 0 0.00 796 82 810 100 0.00 0.00 0.00 0.00 0.00 0.00 0.00
car 0.00 0 0.00 812 82 831 101 0.00 0.00 0.00 0.00 0.00 0.00 0.00
car 0.00 0 0.00 833 82 847 101 0.00 0.00 0.00 0.00 0.00 0.00 0.00
van 0.00 0 0.00 850 80 871 105 0.00 0.00 0.00 0.00 0.00 0.00 0.00
car 0.00 0 0.00 836 66 863 86 0.00 0.00 0.00 0.00 0.00 0.00 0.00
car 0.00 0 0.00 798 65 811 83 0.00 0.00 0.00 0.00 0.00 0.00 0.00
car 0.00 0 0.00 828 100 849 115 0.00 0.00 0.00 0.00 0.00 0.00 0.00
car 0.00 0 0.00 831 109 850 126 0.00 0.00 0.00 0.00 0.00 0.00 0.00
car 0.00 0 0.00 825 117 844 138 0.00 0.00 0.00 0.00 0.00 0.00 0.00
car 0.00 0 0.00 830 122 857 150 0.00 0.00 0.00 0.00 0.00 0.00 0.00
car 0.00 0 0.00 834 149 859 171 0.00 0.00 0.00 0.00 0.00 0.00 0.00
car 0.00 0 0.00 837 166 872 196 0.00 0.00 0.00 0.00 0.00 0.00 0.00
car 0.00 0 0.00 905 72 927 90 0.00 0.00 0.00 0.00 0.00 0.00 0.00
car 0.00 0 0.00 925 72 943 89 0.00 0.00 0.00 0.00 0.00 0.00 0.00
car 0.00 0 0.00 893 123 942 141 0.00 0.00 0.00 0.00 0.00 0.00 0.00
car 0.00 0 0.00 899 129 943 147 0.00 0.00 0.00 0.00 0.00 0.00 0.00
car 0.00 0 0.00 888 133 938 153 0.00 0.00 0.00 0.00 0.00 0.00 0.00
car 0.00 0 0.00 919 163 964 181 0.00 0.00 0.00 0.00 0.00 0.00 0.00
van 0.00 0 0.00 934 200 996 232 0.00 0.00 0.00 0.00 0.00 0.00 0.00
car 0.00 0 0.00 931 184 980 204 0.00 0.00 0.00 0.00 0.00 0.00 0.00
car 0.00 0 0.00 911 181 982 204 0.00 0.00 0.00 0.00 0.00 0.00 0.00
car 0.00 0 0.00 926 174 978 196 0.00 0.00 0.00 0.00 0.00 0.00 0.00
car 0.00 0 0.00 862 230 944 257 0.00 0.00 0.00 0.00 0.00 0.00 0.00
car 0.00 0 0.00 850 247 930 276 0.00 0.00 0.00 0.00 0.00 0.00 0.00
car 0.00 0 0.00 856 264 936 290 0.00 0.00 0.00 0.00 0.00 0.00 0.00
car 0.00 0 0.00 858 275 933 297 0.00 0.00 0.00 0.00 0.00 0.00 0.00
van 0.00 0 0.00 867 275 952 315 0.00 0.00 0.00 0.00 0.00 0.00 0.00
car 0.00 0 0.00 864 305 964 337 0.00 0.00 0.00 0.00 0.00 0.00 0.00
car 0.00 0 0.00 871 324 974 366 0.00 0.00 0.00 0.00 0.00 0.00 0.00
car 0.00 0 0.00 879 367 990 404 0.00 0.00 0.00 0.00 0.00 0.00 0.00
car 0.00 0 0.00 885 390 1007 427 0.00 0.00 0.00 0.00 0.00 0.00 0.00
pedestrian 0.00 0 0.00 844 514 869 565 0.00 0.00 0.00 0.00 0.00 0.00 0.00
truck 0.00 0 0.00 1043 316 1158 370 0.00 0.00 0.00 0.00 0.00 0.00 0.00
car 0.00 0 0.00 1050 283 1140 329 0.00 0.00 0.00 0.00 0.00 0.00 0.00
car 0.00 0 0.00 878 91 925 118 0.00 0.00 0.00 0.00 0.00 0.00 0.00
pedestrian 0.00 0 0.00 685 146 698 169 0.00 0.00 0.00 0.00 0.00 0.00 0.00
pedestrian 0.00 0 0.00 31 216 50 250 0.00 0.00 0.00 0.00 0.00 0.00 0.00
car 0.00 0 0.00 739 70 771 90 0.00 0.00 0.00 0.00 0.00 0.00 0.00
