car 0.00 0 0.00 276 770 403 837 0.00 0.00 0.00 0.00 0.00 0.00 0.00
van 0.00 0 0.00 422 955 580 1050 0.00 0.00 0.00 0.00 0.00 0.00 0.00
car 0.00 0 0.00 423 756 558 825 0.00 0.00 0.00 0.00 0.00 0.00 0.00
car 0.00 0 0.00 799 956 939 1050 0.00 0.00 0.00 0.00 0.00 0.00 0.00
car 0.00 0 0.00 820 871 959 954 0.00 0.00 0.00 0.00 0.00 0.00 0.00
car 0.00 0 0.00 1056 827 1208 897 0.00 0.00 0.00 0.00 0.00 0.00 0.00
car 0.00 0 0.00 1281 814 1399 884 0.00 0.00 0.00 0.00 0.00 0.00 0.00
car 0.00 0 0.00 823 726 935 807 0.00 0.00 0.00 0.00 0.00 0.00 0.00
car 0.00 0 0.00 782 685 902 757 0.00 0.00 0.00 0.00 0.00 0.00 0.00
car 0.00 0 0.00 773 583 877 646 0.00 0.00 0.00 0.00 0.00 0.00 0.00
car 0.00 0 0.00 528 652 589 750 0.00 0.00 0.00 0.00 0.00 0.00 0.00
car 0.00 0 0.00 546 577 597 651 0.00 0.00 0.00 0.00 0.00 0.00 0.00
car 0.00 0 0.00 558 491 604 557 0.00 0.00 0.00 0.00 0.00 0.00 0.00
car 0.00 0 0.00 562 435 604 489 0.00 0.00 0.00 0.00 0.00 0.00 0.00
car 0.00 0 0.00 570 390 609 437 0.00 0.00 0.00 0.00 0.00 0.00 0.00
car 0.00 0 0.00 514 364 552 414 0.00 0.00 0.00 0.00 0.00 0.00 0.00
car 0.00 0 0.00 566 300 629 345 0.00 0.00 0.00 0.00 0.00 0.00 0.00
car 0.00 0 0.00 758 554 857 600 0.00 0.00 0.00 0.00 0.00 0.00 0.00
car 0.00 0 0.00 761 514 861 563 0.00 0.00 0.00 0.00 0.00 0.00 0.00
car 0.00 0 0.00 753 486 846 532 0.00 0.00 0.00 0.00 0.00 0.00 0.00
car 0.00 0 0.00 760 456 853 503 0.00 0.00 0.00 0.00 0.00 0.00 0.00
car 0.00 0 0.00 758 423 843 467 0.00 0.00 0.00 0.00 0.00 0.00 0.00
van 0.00 0 0.00 739 375 830 437 0.00 0.00 0.00 0.00 0.00 0.00 0.00
car 0.00 0 0.00 737 360 817 394 0.00 0.00 0.00 0.00 0.00 0.00 0.00
car 0.00 0 0.00 740 329 817 365 0.00 0.00 0.00 0.00 0.00 0.00 0.00
car 0.00 0 0.00 594 246 640 281 0.00 0.00 0.00 0.00 0.00 0.00 0.00
car 0.00 0 0.00 597 216 642 252 0.00 0.00 0.00 0.00 0.00 0.00 0.00
car 0.00 0 0.00 597 188 629 213 0.00 0.00 0.00 0.00 0.00 0.00 0.00
car 0.00 0 0.00 744 308 816 341 0.00 0.00 0.00 0.00 0.00 0.00 0.00
car 0.00 0 0.00 745 290 804 319 0.00 0.00 0.00 0.00 0.00 0.00 0.00
car 0.00 0 0.00 739 267 801 304 0.00 0.00 0.00 0.00 0.00 0.00 0.00
car 0.00 0 0.00 729 247 790 277 0.00 0.00 0.00 0.00 0.00 0.00 0.00
car 0.00 0 0.00 724 231 781 257 0.00 0.00 0.00 0.00 0.00 0.00 0.00
car 0.00 0 0.00 723 211 786 243 0.00 0.00 0.00 0.00 0.00 0.00 0.00
car 0.00 0 0.00 724 191 784 217 0.00 0.00 0.00 0.00 0.00 0.00 0.00
car 0.00 0 0.00 720 168 782 198 0.00 0.00 0.00 0.00 0.00 0.00 0.00
car 0.00 0 0.00 705 138 763 163 0.00 0.00 0.00 0.00 0.00 0.00 0.00
car 0.00 0 0.00 710 121 770 144 0.00 0.00 0.00 0.00 0.00 0.00 0.00
car 0.00 0 0.00 705 71 730 95 0.00 0.00 0.00 0.00 0.00 0.00 0.00
car 0.00 0 0.00 702 59 726 76 0.00 0.00 0.00 0.00 0.00 0.00 0.00
car 0.00 0 0.00 694 44 721 62 0.00 0.00 0.00 0.00 0.00 0.00 0.00
car 0.00 0 0.00 687 32 708 48 0.00 0.00 0.00 0.00 0.00 0.00 0.00
car 0.00 0 0.00 677 19 697 35 0.00 0.00 0.00 0.00 0.00 0.00 0.00
car 0.00 0 0.00 670 10 692 25 0.00 0.00 0.00 0.00 0.00 0.00 0.00
car 0.00 0 0.00 723 80 747 105 0.00 0.00 0.00 0.00 0.00 0.00 0.00
car 0.00 0 0.00 146 389 198 443 0.00 0.00 0.00 0.00 0.00 0.00 0.00
car 0.00 0 0.00 132 480 231 535 0.00 0.00 0.00 0.00 0.00 0.00 0.00
car 0.00 0 0.00 54 589 207 664 0.00 0.00 0.00 0.00 0.00 0.00 0.00
car 0.00 0 0.00 23 657 162 727 0.00 0.00 0.00 0.00 0.00 0.00 0.00
car 0.00 0 0.00 4 709 136 773 0.00 0.00 0.00 0.00 0.00 0.00 0.00
car 0.00 0 0.00 71 769 203 828 0.00 0.00 0.00 0.00 0.00 0.00 0.00
