car 0.00 0 0.00 217 907 275 953 0.00 0.00 0.00 0.00 0.00 0.00 0.00
motor 0.00 0 0.00 149 859 167 885 0.00 0.00 0.00 0.00 0.00 0.00 0.00
people 0.00 0 0.00 152 850 166 873 0.00 0.00 0.00 0.00 0.00 0.00 0.00
car 0.00 0 0.00 17 707 93 733 0.00 0.00 0.00 0.00 0.00 0.00 0.00
car 0.00 0 0.00 91 666 159 694 0.00 0.00 0.00 0.00 0.00 0.00 0.00
truck 0.00 0 0.00 197 615 244 666 0.00 0.00 0.00 0.00 0.00 0.00 0.00
awning-tricycle 0.00 0 0.00 179 599 211 623 0.00 0.00 0.00 0.00 0.00 0.00 0.00
motor 0.00 0 0.00 308 596 320 609 0.00 0.00 0.00 0.00 0.00 0.00 0.00
pedestrian 0.00 0 0.00 309 591 317 606 0.00 0.00 0.00 0.00 0.00 0.00 0.00
tricycle 0.00 0 0.00 175 588 225 610 0.00 0.00 0.00 0.00 0.00 0.00 0.00
motor 0.00 0 0.00 158 580 179 591 0.00 0.00 0.00 0.00 0.00 0.00 0.00
tricycle 0.00 0 0.00 168 557 199 574 0.00 0.00 0.00 0.00 0.00 0.00 0.00
car 0.00 0 0.00 185 538 239 558 0.00 0.00 0.00 0.00 0.00 0.00 0.00
car 0.00 0 0.00 195 533 244 555 0.00 0.00 0.00 0.00 0.00 0.00 0.00
van 0.00 0 0.00 201 524 254 544 0.00 0.00 0.00 0.00 0.00 0.00 0.00
awning-tricycle 0.00 0 0.00 343 531 357 550 0.00 0.00 0.00 0.00 0.00 0.00 0.00
truck 0.00 0 0.00 382 489 428 542 0.00 0.00 0.00 0.00 0.00 0.00 0.00
awning-tricycle 0.00 0 0.00 250 496 276 515 0.00 0.00 0.00 0.00 0.00 0.00 0.00
truck 0.00 0 0.00 411 466 433 489 0.00 0.00 0.00 0.00 0.00 0.00 0.00
people 0.00 0 0.00 391 467 398 479 0.00 0.00 0.00 0.00 0.00 0.00 0.00
motor 0.00 0 0.00 391 472 400 481 0.00 0.00 0.00 0.00 0.00 0.00 0.00
motor 0.00 0 0.00 364 476 369 487 0.00 0.00 0.00 0.00 0.00 0.00 0.00
people 0.00 0 0.00 366 473 372 482 0.00 0.00 0.00 0.00 0.00 0.00 0.00
truck 0.00 0 0.00 270 424 399 452 0.00 0.00 0.00 0.00 0.00 0.00 0.00
truck 0.00 0 0.00 375 397 421 433 0.00 0.00 0.00 0.00 0.00 0.00 0.00
van 0.00 0 0.00 373 398 392 411 0.00 0.00 0.00 0.00 0.00 0.00 0.00
pedestrian 0.00 0 0.00 418 407 425 419 0.00 0.00 0.00 0.00 0.00 0.00 0.00
pedestrian 0.00 0 0.00 422 402 428 416 0.00 0.00 0.00 0.00 0.00 0.00 0.00
truck 0.00 0 0.00 433 405 472 443 0.00 0.00 0.00 0.00 0.00 0.00 0.00
truck 0.00 0 0.00 448 382 482 421 0.00 0.00 0.00 0.00 0.00 0.00 0.00
van 0.00 0 0.00 381 381 411 395 0.00 0.00 0.00 0.00 0.00 0.00 0.00
van 0.00 0 0.00 370 376 390 391 0.00 0.00 0.00 0.00 0.00 0.00 0.00
car 0.00 0 0.00 363 377 380 390 0.00 0.00 0.00 0.00 0.00 0.00 0.00
van 0.00 0 0.00 447 332 466 344 0.00 0.00 0.00 0.00 0.00 0.00 0.00
van 0.00 0 0.00 430 316 448 325 0.00 0.00 0.00 0.00 0.00 0.00 0.00
awning-tricycle 0.00 0 0.00 475 300 484 308 0.00 0.00 0.00 0.00 0.00 0.00 0.00
truck 0.00 0 0.00 479 278 498 296 0.00 0.00 0.00 0.00 0.00 0.00 0.00
car 0.00 0 0.00 467 285 482 293 0.00 0.00 0.00 0.00 0.00 0.00 0.00
car 0.00 0 0.00 471 281 484 289 0.00 0.00 0.00 0.00 0.00 0.00 0.00
truck 0.00 0 0.00 520 259 536 280 0.00 0.00 0.00 0.00 0.00 0.00 0.00
tricycle 0.00 0 0.00 233 471 260 485 0.00 0.00 0.00 0.00 0.00 0.00 0.00
car 0.00 0 0.00 600 455 627 474 0.00 0.00 0.00 0.00 0.00 0.00 0.00
car 0.00 0 0.00 594 397 609 413 0.00 0.00 0.00 0.00 0.00 0.00 0.00
car 0.00 0 0.00 593 374 607 387 0.00 0.00 0.00 0.00 0.00 0.00 0.00
truck 0.00 0 0.00 594 335 613 367 0.00 0.00 0.00 0.00 0.00 0.00 0.00
truck 0.00 0 0.00 595 313 614 335 0.00 0.00 0.00 0.00 0.00 0.00 0.00
truck 0.00 0 0.00 605 298 617 314 0.00 0.00 0.00 0.00 0.00 0.00 0.00
truck 0.00 0 0.00 587 276 603 295 0.00 0.00 0.00 0.00 0.00 0.00 0.00
van 0.00 0 0.00 598 262 604 270 0.00 0.00 0.00 0.00 0.00 0.00 0.00
car 0.00 0 0.00 595 254 607 261 0.00 0.00 0.00 0.00 0.00 0.00 0.00
car 0.00 0 0.00 575 302 583 312 0.00 0.00 0.00 0.00 0.00 0.00 0.00
people 0.00 0 0.00 568 318 571 323 0.00 0.00 0.00 0.00 0.00 0.00 0.00
motor 0.00 0 0.00 568 320 572 324 0.00 0.00 0.00 0.00 0.00 0.00 0.00
truck 0.00 0 0.00 603 227 609 235 0.00 0.00 0.00 0.00 0.00 0.00 0.00
truck 0.00 0 0.00 1011 938 1110 1035 0.00 0.00 0.00 0.00 0.00 0.00 0.00
truck 0.00 0 0.00 1138 892 1338 1077 0.00 0.00 0.00 0.00 0.00 0.00 0.00
car 0.00 0 0.00 1349 917 1443 960 0.00 0.00 0.00 0.00 0.00 0.00 0.00
pedestrian 0.00 0 0.00 1486 945 1500 973 0.00 0.00 0.00 0.00 0.00 0.00 0.00
pedestrian 0.00 0 0.00 1515 947 1527 976 0.00 0.00 0.00 0.00 0.00 0.00 0.00
awning-tricycle 0.00 0 0.00 1400 871 1477 912 0.00 0.00 0.00 0.00 0.00 0.00 0.00
van 0.00 0 0.00 1138 776 1203 820 0.00 0.00 0.00 0.00 0.00 0.00 0.00
van 0.00 0 0.00 1185 758 1250 790 0.00 0.00 0.00 0.00 0.00 0.00 0.00
tricycle 0.00 0 0.00 1246 745 1272 772 0.00 0.00 0.00 0.00 0.00 0.00 0.00
motor 0.00 0 0.00 1266 757 1289 772 0.00 0.00 0.00 0.00 0.00 0.00 0.00
truck 0.00 0 0.00 1130 728 1210 771 0.00 0.00 0.00 0.00 0.00 0.00 0.00
car 0.00 0 0.00 1144 703 1200 732 0.00 0.00 0.00 0.00 0.00 0.00 0.00
people 0.00 0 0.00 1115 681 1126 693 0.00 0.00 0.00 0.00 0.00 0.00 0.00
pedestrian 0.00 0 0.00 1123 626 1133 648 0.00 0.00 0.00 0.00 0.00 0.00 0.00
motor 0.00 0 0.00 1086 610 1102 624 0.00 0.00 0.00 0.00 0.00 0.00 0.00
awning-tricycle 0.00 0 0.00 1019 655 1062 684 0.00 0.00 0.00 0.00 0.00 0.00 0.00
tricycle 0.00 0 0.00 1046 606 1082 624 0.00 0.00 0.00 0.00 0.00 0.00 0.00
van 0.00 0 0.00 1016 586 1059 608 0.00 0.00 0.00 0.00 0.00 0.00 0.00
awning-tricycle 0.00 0 0.00 1063 570 1093 593 0.00 0.00 0.00 0.00 0.00 0.00 0.00
car 0.00 0 0.00 915 815 1000 853 0.00 0.00 0.00 0.00 0.00 0.00 0.00
truck 0.00 0 0.00 893 745 965 794 0.00 0.00 0.00 0.00 0.00 0.00 0.00
people 0.00 0 0.00 930 699 937 713 0.00 0.00 0.00 0.00 0.00 0.00 0.00
people 0.00 0 0.00 927 694 937 710 0.00 0.00 0.00 0.00 0.00 0.00 0.00
motor 0.00 0 0.00 925 694 937 715 0.00 0.00 0.00 0.00 0.00 0.00 0.00
truck 0.00 0 0.00 828 651 893 698 0.00 0.00 0.00 0.00 0.00 0.00 0.00
car 0.00 0 0.00 799 587 845 615 0.00 0.00 0.00 0.00 0.00 0.00 0.00
people 0.00 0 0.00 840 573 849 586 0.00 0.00 0.00 0.00 0.00 0.00 0.00
motor 0.00 0 0.00 841 579 849 594 0.00 0.00 0.00 0.00 0.00 0.00 0.00
tricycle 0.00 0 0.00 1000 543 1022 557 0.00 0.00 0.00 0.00 0.00 0.00 0.00
pedestrian 0.00 0 0.00 1001 539 1007 553 0.00 0.00 0.00 0.00 0.00 0.00 0.00
people 0.00 0 0.00 992 538 1000 550 0.00 0.00 0.00 0.00 0.00 0.00 0.00
motor 0.00 0 0.00 989 541 1004 553 0.00 0.00 0.00 0.00 0.00 0.00 0.00
van 0.00 0 0.00 938 528 974 548 0.00 0.00 0.00 0.00 0.00 0.00 0.00
car 0.00 0 0.00 756 498 791 518 0.00 0.00 0.00 0.00 0.00 0.00 0.00
pedestrian 0.00 0 0.00 860 516 866 532 0.00 0.00 0.00 0.00 0.00 0.00 0.00
tricycle 0.00 0 0.00 893 520 911 530 0.00 0.00 0.00 0.00 0.00 0.00 0.00
motor 0.00 0 0.00 910 516 918 526 0.00 0.00 0.00 0.00 0.00 0.00 0.00
pedestrian 0.00 0 0.00 894 513 901 525 0.00 0.00 0.00 0.00 0.00 0.00 0.00
people 0.00 0 0.00 934 507 943 520 0.00 0.00 0.00 0.00 0.00 0.00 0.00
car 0.00 0 0.00 923 500 960 517 0.00 0.00 0.00 0.00 0.00 0.00 0.00
awning-tricycle 0.00 0 0.00 921 491 944 507 0.00 0.00 0.00 0.00 0.00 0.00 0.00
motor 0.00 0 0.00 944 493 960 504 0.00 0.00 0.00 0.00 0.00 0.00 0.00
tricycle 0.00 0 0.00 921 482 949 494 0.00 0.00 0.00 0.00 0.00 0.00 0.00
tricycle 0.00 0 0.00 888 476 914 489 0.00 0.00 0.00 0.00 0.00 0.00 0.00
tricycle 0.00 0 0.00 862 478 885 494 0.00 0.00 0.00 0.00 0.00 0.00 0.00
motor 0.00 0 0.00 907 456 919 468 0.00 0.00 0.00 0.00 0.00 0.00 0.00
tricycle 0.00 0 0.00 860 457 888 470 0.00 0.00 0.00 0.00 0.00 0.00 0.00
car 0.00 0 0.00 824 450 858 464 0.00 0.00 0.00 0.00 0.00 0.00 0.00
truck 0.00 0 0.00 873 446 909 458 0.00 0.00 0.00 0.00 0.00 0.00 0.00
tricycle 0.00 0 0.00 800 472 811 488 0.00 0.00 0.00 0.00 0.00 0.00 0.00
truck 0.00 0 0.00 805 359 829 370 0.00 0.00 0.00 0.00 0.00 0.00 0.00
truck 0.00 0 0.00 690 344 708 374 0.00 0.00 0.00 0.00 0.00 0.00 0.00
car 0.00 0 0.00 680 342 698 353 0.00 0.00 0.00 0.00 0.00 0.00 0.00
car 0.00 0 0.00 676 337 695 347 0.00 0.00 0.00 0.00 0.00 0.00 0.00
car 0.00 0 0.00 676 329 692 339 0.00 0.00 0.00 0.00 0.00 0.00 0.00
car 0.00 0 0.00 730 326 749 335 0.00 0.00 0.00 0.00 0.00 0.00 0.00
car 0.00 0 0.00 724 325 741 331 0.00 0.00 0.00 0.00 0.00 0.00 0.00
car 0.00 0 0.00 724 317 731 326 0.00 0.00 0.00 0.00 0.00 0.00 0.00
car 0.00 0 0.00 751 322 769 329 0.00 0.00 0.00 0.00 0.00 0.00 0.00
truck 0.00 0 0.00 697 297 709 308 0.00 0.00 0.00 0.00 0.00 0.00 0.00
car 0.00 0 0.00 678 281 684 288 0.00 0.00 0.00 0.00 0.00 0.00 0.00
