car 0.00 0 0.00 1022 730 1089 781 0.00 0.00 0.00 0.00 0.00 0.00 0.00
van 0.00 0 0.00 1543 762 1630 813 0.00 0.00 0.00 0.00 0.00 0.00 0.00
car 0.00 0 0.00 1343 644 1389 673 0.00 0.00 0.00 0.00 0.00 0.00 0.00
car 0.00 0 0.00 1254 574 1284 609 0.00 0.00 0.00 0.00 0.00 0.00 0.00
car 0.00 0 0.00 464 576 526 606 0.00 0.00 0.00 0.00 0.00 0.00 0.00
car 0.00 0 0.00 240 577 312 608 0.00 0.00 0.00 0.00 0.00 0.00 0.00
car 0.00 0 0.00 471 510 523 537 0.00 0.00 0.00 0.00 0.00 0.00 0.00
car 0.00 0 0.00 773 438 814 458 0.00 0.00 0.00 0.00 0.00 0.00 0.00
car 0.00 0 0.00 865 420 893 435 0.00 0.00 0.00 0.00 0.00 0.00 0.00
people 0.00 0 0.00 243 559 251 572 0.00 0.00 0.00 0.00 0.00 0.00 0.00
people 0.00 0 0.00 386 523 392 535 0.00 0.00 0.00 0.00 0.00 0.00 0.00
people 0.00 0 0.00 624 460 635 472 0.00 0.00 0.00 0.00 0.00 0.00 0.00
people 0.00 0 0.00 913 389 918 397 0.00 0.00 0.00 0.00 0.00 0.00 0.00
motor 0.00 0 0.00 234 566 262 579 0.00 0.00 0.00 0.00 0.00 0.00 0.00
motor 0.00 0 0.00 378 532 401 544 0.00 0.00 0.00 0.00 0.00 0.00 0.00
motor 0.00 0 0.00 621 469 643 480 0.00 0.00 0.00 0.00 0.00 0.00 0.00
motor 0.00 0 0.00 910 395 921 401 0.00 0.00 0.00 0.00 0.00 0.00 0.00
car 0.00 0 0.00 1136 339 1152 354 0.00 0.00 0.00 0.00 0.00 0.00 0.00
car 0.00 0 0.00 1180 352 1195 364 0.00 0.00 0.00 0.00 0.00 0.00 0.00
car 0.00 0 0.00 1194 325 1210 335 0.00 0.00 0.00 0.00 0.00 0.00 0.00
car 0.00 0 0.00 1223 323 1236 335 0.00 0.00 0.00 0.00 0.00 0.00 0.00
people 0.00 0 0.00 1009 434 1015 441 0.00 0.00 0.00 0.00 0.00 0.00 0.00
people 0.00 0 0.00 1041 418 1047 426 0.00 0.00 0.00 0.00 0.00 0.00 0.00
people 0.00 0 0.00 1065 414 1073 424 0.00 0.00 0.00 0.00 0.00 0.00 0.00
motor 0.00 0 0.00 1008 441 1016 445 0.00 0.00 0.00 0.00 0.00 0.00 0.00
motor 0.00 0 0.00 1040 425 1047 431 0.00 0.00 0.00 0.00 0.00 0.00 0.00
motor 0.00 0 0.00 1063 422 1073 426 0.00 0.00 0.00 0.00 0.00 0.00 0.00
car 0.00 0 0.00 1397 291 1408 299 0.00 0.00 0.00 0.00 0.00 0.00 0.00
car 0.00 0 0.00 1379 290 1390 298 0.00 0.00 0.00 0.00 0.00 0.00 0.00
car 0.00 0 0.00 1312 299 1322 307 0.00 0.00 0.00 0.00 0.00 0.00 0.00
car 0.00 0 0.00 1299 281 1315 287 0.00 0.00 0.00 0.00 0.00 0.00 0.00
people 0.00 0 0.00 1408 630 1418 647 0.00 0.00 0.00 0.00 0.00 0.00 0.00
bicycle 0.00 0 0.00 1403 639 1421 655 0.00 0.00 0.00 0.00 0.00 0.00 0.00
