motor 0.00 0 0.00 457 930 509 967 0.00 0.00 0.00 0.00 0.00 0.00 0.00
van 0.00 0 0.00 882 264 918 303 0.00 0.00 0.00 0.00 0.00 0.00 0.00
van 0.00 0 0.00 993 253 1044 281 0.00 0.00 0.00 0.00 0.00 0.00 0.00
car 0.00 0 0.00 902 382 982 411 0.00 0.00 0.00 0.00 0.00 0.00 0.00
motor 0.00 0 0.00 820 394 839 416 0.00 0.00 0.00 0.00 0.00 0.00 0.00
tricycle 0.00 0 0.00 935 415 985 447 0.00 0.00 0.00 0.00 0.00 0.00 0.00
tricycle 0.00 0 0.00 930 478 996 516 0.00 0.00 0.00 0.00 0.00 0.00 0.00
van 0.00 0 0.00 896 507 973 552 0.00 0.00 0.00 0.00 0.00 0.00 0.00
car 0.00 0 0.00 875 541 967 587 0.00 0.00 0.00 0.00 0.00 0.00 0.00
car 0.00 0 0.00 861 579 957 624 0.00 0.00 0.00 0.00 0.00 0.00 0.00
car 0.00 0 0.00 847 613 956 663 0.00 0.00 0.00 0.00 0.00 0.00 0.00
car 0.00 0 0.00 795 695 909 747 0.00 0.00 0.00 0.00 0.00 0.00 0.00
motor 0.00 0 0.00 978 781 1016 811 0.00 0.00 0.00 0.00 0.00 0.00 0.00
pedestrian 0.00 0 0.00 1041 721 1058 761 0.00 0.00 0.00 0.00 0.00 0.00 0.00
pedestrian 0.00 0 0.00 1030 709 1051 747 0.00 0.00 0.00 0.00 0.00 0.00 0.00
people 0.00 0 0.00 1007 736 1040 772 0.00 0.00 0.00 0.00 0.00 0.00 0.00
motor 0.00 0 0.00 632 686 671 724 0.00 0.00 0.00 0.00 0.00 0.00 0.00
pedestrian 0.00 0 0.00 542 830 566 856 0.00 0.00 0.00 0.00 0.00 0.00 0.00
motor 0.00 0 0.00 1590 782 1637 813 0.00 0.00 0.00 0.00 0.00 0.00 0.00
car 0.00 0 0.00 1417 720 1545 772 0.00 0.00 0.00 0.00 0.00 0.00 0.00
tricycle 0.00 0 0.00 1464 668 1542 709 0.00 0.00 0.00 0.00 0.00 0.00 0.00
motor 0.00 0 0.00 1472 641 1526 669 0.00 0.00 0.00 0.00 0.00 0.00 0.00
car 0.00 0 0.00 1257 569 1309 633 0.00 0.00 0.00 0.00 0.00 0.00 0.00
truck 0.00 0 0.00 1232 197 1264 240 0.00 0.00 0.00 0.00 0.00 0.00 0.00
van 0.00 0 0.00 1257 148 1295 169 0.00 0.00 0.00 0.00 0.00 0.00 0.00
car 0.00 0 0.00 1248 142 1282 160 0.00 0.00 0.00 0.00 0.00 0.00 0.00
car 0.00 0 0.00 1244 136 1285 153 0.00 0.00 0.00 0.00 0.00 0.00 0.00
car 0.00 0 0.00 1243 132 1286 148 0.00 0.00 0.00 0.00 0.00 0.00 0.00
car 0.00 0 0.00 1243 104 1274 125 0.00 0.00 0.00 0.00 0.00 0.00 0.00
awning-tricycle 0.00 0 0.00 1077 716 1109 775 0.00 0.00 0.00 0.00 0.00 0.00 0.00
people 0.00 0 0.00 1112 582 1127 611 0.00 0.00 0.00 0.00 0.00 0.00 0.00
motor 0.00 0 0.00 1114 586 1127 621 0.00 0.00 0.00 0.00 0.00 0.00 0.00
people 0.00 0 0.00 1221 539 1232 558 0.00 0.00 0.00 0.00 0.00 0.00 0.00
people 0.00 0 0.00 1219 530 1234 555 0.00 0.00 0.00 0.00 0.00 0.00 0.00
motor 0.00 0 0.00 1218 533 1234 558 0.00 0.00 0.00 0.00 0.00 0.00 0.00
people 0.00 0 0.00 1203 316 1211 334 0.00 0.00 0.00 0.00 0.00 0.00 0.00
motor 0.00 0 0.00 1201 319 1211 338 0.00 0.00 0.00 0.00 0.00 0.00 0.00
awning-tricycle 0.00 0 0.00 1080 219 1096 246 0.00 0.00 0.00 0.00 0.00 0.00 0.00
awning-tricycle 0.00 0 0.00 1101 183 1120 215 0.00 0.00 0.00 0.00 0.00 0.00 0.00
tricycle 0.00 0 0.00 1139 165 1160 191 0.00 0.00 0.00 0.00 0.00 0.00 0.00
people 0.00 0 0.00 1148 174 1155 184 0.00 0.00 0.00 0.00 0.00 0.00 0.00
people 0.00 0 0.00 1141 172 1149 185 0.00 0.00 0.00 0.00 0.00 0.00 0.00
motor 0.00 0 0.00 1323 198 1333 212 0.00 0.00 0.00 0.00 0.00 0.00 0.00
motor 0.00 0 0.00 1313 195 1322 208 0.00 0.00 0.00 0.00 0.00 0.00 0.00
car 0.00 0 0.00 1114 114 1133 132 0.00 0.00 0.00 0.00 0.00 0.00 0.00
motor 0.00 0 0.00 1103 84 1109 92 0.00 0.00 0.00 0.00 0.00 0.00 0.00
people 0.00 0 0.00 1103 79 1109 89 0.00 0.00 0.00 0.00 0.00 0.00 0.00
pedestrian 0.00 0 0.00 1151 50 1155 57 0.00 0.00 0.00 0.00 0.00 0.00 0.00
pedestrian 0.00 0 0.00 1145 48 1150 57 0.00 0.00 0.00 0.00 0.00 0.00 0.00
bicycle 0.00 0 0.00 1147 50 1151 56 0.00 0.00 0.00 0.00 0.00 0.00 0.00
motor 0.00 0 0.00 1112 32 1117 38 0.00 0.00 0.00 0.00 0.00 0.00 0.00
people 0.00 0 0.00 1113 30 1117 35 0.00 0.00 0.00 0.00 0.00 0.00 0.00
people 0.00 0 0.00 1115 8 1118 13 0.00 0.00 0.00 0.00 0.00 0.00 0.00
bicycle 0.00 0 0.00 1114 10 1118 15 0.00 0.00 0.00 0.00 0.00 0.00 0.00
pedestrian 0.00 0 0.00 1441 218 1452 238 0.00 0.00 0.00 0.00 0.00 0.00 0.00
pedestrian 0.00 0 0.00 1501 297 1512 321 0.00 0.00 0.00 0.00 0.00 0.00 0.00
truck 0.00 0 0.00 1698 235 1772 284 0.00 0.00 0.00 0.00 0.00 0.00 0.00
motor 0.00 0 0.00 154 1028 214 1061 0.00 0.00 0.00 0.00 0.00 0.00 0.00
