car 0.00 0 0.00 707 0 741 44 0.00 0.00 0.00 0.00 0.00 0.00 0.00
car 0.00 0 0.00 617 7 698 49 0.00 0.00 0.00 0.00 0.00 0.00 0.00
car 0.00 0 0.00 817 12 852 80 0.00 0.00 0.00 0.00 0.00 0.00 0.00
motor 0.00 0 0.00 847 102 871 129 0.00 0.00 0.00 0.00 0.00 0.00 0.00
car 0.00 0 0.00 732 68 766 142 0.00 0.00 0.00 0.00 0.00 0.00 0.00
car 0.00 0 0.00 636 55 719 91 0.00 0.00 0.00 0.00 0.00 0.00 0.00
car 0.00 0 0.00 633 90 716 132 0.00 0.00 0.00 0.00 0.00 0.00 0.00
car 0.00 0 0.00 647 131 729 168 0.00 0.00 0.00 0.00 0.00 0.00 0.00
car 0.00 0 0.00 641 171 718 212 0.00 0.00 0.00 0.00 0.00 0.00 0.00
car 0.00 0 0.00 634 211 721 253 0.00 0.00 0.00 0.00 0.00 0.00 0.00
car 0.00 0 0.00 726 204 764 285 0.00 0.00 0.00 0.00 0.00 0.00 0.00
car 0.00 0 0.00 582 209 621 281 0.00 0.00 0.00 0.00 0.00 0.00 0.00
car 0.00 0 0.00 629 254 717 297 0.00 0.00 0.00 0.00 0.00 0.00 0.00
car 0.00 0 0.00 568 288 608 368 0.00 0.00 0.00 0.00 0.00 0.00 0.00
car 0.00 0 0.00 627 298 724 341 0.00 0.00 0.00 0.00 0.00 0.00 0.00
car 0.00 0 0.00 639 349 729 392 0.00 0.00 0.00 0.00 0.00 0.00 0.00
car 0.00 0 0.00 588 397 632 485 0.00 0.00 0.00 0.00 0.00 0.00 0.00
car 0.00 0 0.00 639 504 736 548 0.00 0.00 0.00 0.00 0.00 0.00 0.00
car 0.00 0 0.00 640 551 736 593 0.00 0.00 0.00 0.00 0.00 0.00 0.00
truck 0.00 0 0.00 616 596 739 643 0.00 0.00 0.00 0.00 0.00 0.00 0.00
van 0.00 0 0.00 649 720 729 761 0.00 0.00 0.00 0.00 0.00 0.00 0.00
truck 0.00 0 0.00 643 857 776 907 0.00 0.00 0.00 0.00 0.00 0.00 0.00
truck 0.00 0 0.00 642 929 769 979 0.00 0.00 0.00 0.00 0.00 0.00 0.00
truck 0.00 0 0.00 645 999 771 1050 0.00 0.00 0.00 0.00 0.00 0.00 0.00
pedestrian 0.00 0 0.00 863 1040 876 1050 0.00 0.00 0.00 0.00 0.00 0.00 0.00
bicycle 0.00 0 0.00 664 838 699 851 0.00 0.00 0.00 0.00 0.00 0.00 0.00
motor 0.00 0 0.00 475 914 511 932 0.00 0.00 0.00 0.00 0.00 0.00 0.00
motor 0.00 0 0.00 481 881 511 901 0.00 0.00 0.00 0.00 0.00 0.00 0.00
motor 0.00 0 0.00 481 846 513 864 0.00 0.00 0.00 0.00 0.00 0.00 0.00
motor 0.00 0 0.00 484 816 514 835 0.00 0.00 0.00 0.00 0.00 0.00 0.00
motor 0.00 0 0.00 761 590 790 637 0.00 0.00 0.00 0.00 0.00 0.00 0.00
motor 0.00 0 0.00 745 550 772 580 0.00 0.00 0.00 0.00 0.00 0.00 0.00
people 0.00 0 0.00 767 601 785 622 0.00 0.00 0.00 0.00 0.00 0.00 0.00
motor 0.00 0 0.00 642 403 667 441 0.00 0.00 0.00 0.00 0.00 0.00 0.00
motor 0.00 0 0.00 731 441 775 467 0.00 0.00 0.00 0.00 0.00 0.00 0.00
pedestrian 0.00 0 0.00 811 345 826 379 0.00 0.00 0.00 0.00 0.00 0.00 0.00
pedestrian 0.00 0 0.00 851 296 863 319 0.00 0.00 0.00 0.00 0.00 0.00 0.00
car 0.00 0 0.00 853 522 900 619 0.00 0.00 0.00 0.00 0.00 0.00 0.00
car 0.00 0 0.00 419 640 487 673 0.00 0.00 0.00 0.00 0.00 0.00 0.00
motor 0.00 0 0.00 70 536 95 579 0.00 0.00 0.00 0.00 0.00 0.00 0.00
motor 0.00 0 0.00 374 627 404 667 0.00 0.00 0.00 0.00 0.00 0.00 0.00
motor 0.00 0 0.00 360 632 384 670 0.00 0.00 0.00 0.00 0.00 0.00 0.00
motor 0.00 0 0.00 339 632 364 671 0.00 0.00 0.00 0.00 0.00 0.00 0.00
motor 0.00 0 0.00 324 629 350 666 0.00 0.00 0.00 0.00 0.00 0.00 0.00
pedestrian 0.00 0 0.00 519 400 531 426 0.00 0.00 0.00 0.00 0.00 0.00 0.00
truck 0.00 0 0.00 900 616 1019 662 0.00 0.00 0.00 0.00 0.00 0.00 0.00
motor 0.00 0 0.00 958 731 1000 753 0.00 0.00 0.00 0.00 0.00 0.00 0.00
