car 0.00 0 0.00 407 564 604 753 0.00 0.00 0.00 0.00 0.00 0.00 0.00
car 0.00 0 0.00 887 879 1105 1050 0.00 0.00 0.00 0.00 0.00 0.00 0.00
car 0.00 0 0.00 719 61 839 145 0.00 0.00 0.00 0.00 0.00 0.00 0.00
car 0.00 0 0.00 871 3 977 74 0.00 0.00 0.00 0.00 0.00 0.00 0.00
car 0.00 0 0.00 925 256 1078 359 0.00 0.00 0.00 0.00 0.00 0.00 0.00
pedestrian 0.00 0 0.00 765 910 804 963 0.00 0.00 0.00 0.00 0.00 0.00 0.00
pedestrian 0.00 0 0.00 719 946 763 983 0.00 0.00 0.00 0.00 0.00 0.00 0.00
pedestrian 0.00 0 0.00 532 883 593 932 0.00 0.00 0.00 0.00 0.00 0.00 0.00
motor 0.00 0 0.00 525 864 620 943 0.00 0.00 0.00 0.00 0.00 0.00 0.00
pedestrian 0.00 0 0.00 582 289 607 342 0.00 0.00 0.00 0.00 0.00 0.00 0.00
pedestrian 0.00 0 0.00 514 261 540 319 0.00 0.00 0.00 0.00 0.00 0.00 0.00
pedestrian 0.00 0 0.00 490 272 519 329 0.00 0.00 0.00 0.00 0.00 0.00 0.00
pedestrian 0.00 0 0.00 483 200 513 265 0.00 0.00 0.00 0.00 0.00 0.00 0.00
pedestrian 0.00 0 0.00 460 213 493 270 0.00 0.00 0.00 0.00 0.00 0.00 0.00
pedestrian 0.00 0 0.00 369 246 394 298 0.00 0.00 0.00 0.00 0.00 0.00 0.00
pedestrian 0.00 0 0.00 326 221 358 279 0.00 0.00 0.00 0.00 0.00 0.00 0.00
pedestrian 0.00 0 0.00 336 183 366 236 0.00 0.00 0.00 0.00 0.00 0.00 0.00
pedestrian 0.00 0 0.00 309 179 343 235 0.00 0.00 0.00 0.00 0.00 0.00 0.00
pedestrian 0.00 0 0.00 340 148 375 212 0.00 0.00 0.00 0.00 0.00 0.00 0.00
pedestrian 0.00 0 0.00 397 185 428 245 0.00 0.00 0.00 0.00 0.00 0.00 0.00
pedestrian 0.00 0 0.00 413 160 443 218 0.00 0.00 0.00 0.00 0.00 0.00 0.00
pedestrian 0.00 0 0.00 437 150 463 206 0.00 0.00 0.00 0.00 0.00 0.00 0.00
pedestrian 0.00 0 0.00 377 136 412 205 0.00 0.00 0.00 0.00 0.00 0.00 0.00
people 0.00 0 0.00 546 74 570 112 0.00 0.00 0.00 0.00 0.00 0.00 0.00
bicycle 0.00 0 0.00 549 90 573 139 0.00 0.00 0.00 0.00 0.00 0.00 0.00
