car 0.00 0 0.00 636 227 697 289 0.00 0.00 0.00 0.00 0.00 0.00 0.00
car 0.00 0 0.00 779 482 866 579 0.00 0.00 0.00 0.00 0.00 0.00 0.00
car 0.00 0 0.00 679 562 769 697 0.00 0.00 0.00 0.00 0.00 0.00 0.00
car 0.00 0 0.00 321 300 379 395 0.00 0.00 0.00 0.00 0.00 0.00 0.00
car 0.00 0 0.00 916 539 994 622 0.00 0.00 0.00 0.00 0.00 0.00 0.00
car 0.00 0 0.00 931 657 1019 759 0.00 0.00 0.00 0.00 0.00 0.00 0.00
car 0.00 0 0.00 1106 914 1227 1045 0.00 0.00 0.00 0.00 0.00 0.00 0.00
car 0.00 0 0.00 557 5 609 52 0.00 0.00 0.00 0.00 0.00 0.00 0.00
van 0.00 0 0.00 469 14 521 69 0.00 0.00 0.00 0.00 0.00 0.00 0.00
pedestrian 0.00 0 0.00 214 405 227 427 0.00 0.00 0.00 0.00 0.00 0.00 0.00
pedestrian 0.00 0 0.00 554 634 578 696 0.00 0.00 0.00 0.00 0.00 0.00 0.00
pedestrian 0.00 0 0.00 626 674 650 738 0.00 0.00 0.00 0.00 0.00 0.00 0.00
car 0.00 0 0.00 1302 790 1400 916 0.00 0.00 0.00 0.00 0.00 0.00 0.00
