car 0.00 0 0.00 766 542 798 620 0.00 0.00 0.00 0.00 0.00 0.00 0.00
car 0.00 0 0.00 573 377 608 444 0.00 0.00 0.00 0.00 0.00 0.00 0.00
car 0.00 0 0.00 701 315 728 369 0.00 0.00 0.00 0.00 0.00 0.00 0.00
car 0.00 0 0.00 714 234 741 279 0.00 0.00 0.00 0.00 0.00 0.00 0.00
car 0.00 0 0.00 678 94 701 144 0.00 0.00 0.00 0.00 0.00 0.00 0.00
car 0.00 0 0.00 594 237 623 287 0.00 0.00 0.00 0.00 0.00 0.00 0.00
pedestrian 0.00 0 0.00 503 176 509 193 0.00 0.00 0.00 0.00 0.00 0.00 0.00
pedestrian 0.00 0 0.00 477 263 488 287 0.00 0.00 0.00 0.00 0.00 0.00 0.00
pedestrian 0.00 0 0.00 466 265 473 287 0.00 0.00 0.00 0.00 0.00 0.00 0.00
pedestrian 0.00 0 0.00 452 181 456 200 0.00 0.00 0.00 0.00 0.00 0.00 0.00
pedestrian 0.00 0 0.00 428 447 440 474 0.00 0.00 0.00 0.00 0.00 0.00 0.00
car 0.00 0 0.00 453 914 521 1050 0.00 0.00 0.00 0.00 0.00 0.00 0.00
car 0.00 0 0.00 486 768 542 896 0.00 0.00 0.00 0.00 0.00 0.00 0.00
car 0.00 0 0.00 764 702 802 809 0.00 0.00 0.00 0.00 0.00 0.00 0.00
car 0.00 0 0.00 505 646 564 763 0.00 0.00 0.00 0.00 0.00 0.00 0.00
car 0.00 0 0.00 535 547 583 634 0.00 0.00 0.00 0.00 0.00 0.00 0.00
car 0.00 0 0.00 771 404 803 458 0.00 0.00 0.00 0.00 0.00 0.00 0.00
car 0.00 0 0.00 774 330 802 393 0.00 0.00 0.00 0.00 0.00 0.00 0.00
car 0.00 0 0.00 469 296 544 338 0.00 0.00 0.00 0.00 0.00 0.00 0.00
car 0.00 0 0.00 489 322 557 362 0.00 0.00 0.00 0.00 0.00 0.00 0.00
van 0.00 0 0.00 515 327 571 386 0.00 0.00 0.00 0.00 0.00 0.00 0.00
car 0.00 0 0.00 767 254 799 306 0.00 0.00 0.00 0.00 0.00 0.00 0.00
car 0.00 0 0.00 772 216 802 257 0.00 0.00 0.00 0.00 0.00 0.00 0.00
car 0.00 0 0.00 615 136 644 175 0.00 0.00 0.00 0.00 0.00 0.00 0.00
car 0.00 0 0.00 639 17 662 52 0.00 0.00 0.00 0.00 0.00 0.00 0.00
car 0.00 0 0.00 776 119 799 156 0.00 0.00 0.00 0.00 0.00 0.00 0.00
car 0.00 0 0.00 774 162 797 209 0.00 0.00 0.00 0.00 0.00 0.00 0.00
van 0.00 0 0.00 774 33 796 68 0.00 0.00 0.00 0.00 0.00 0.00 0.00
van 0.00 0 0.00 625 96 649 137 0.00 0.00 0.00 0.00 0.00 0.00 0.00
car 0.00 0 0.00 607 187 636 234 0.00 0.00 0.00 0.00 0.00 0.00 0.00
car 0.00 0 0.00 731 1 752 28 0.00 0.00 0.00 0.00 0.00 0.00 0.00
car 0.00 0 0.00 778 4 799 33 0.00 0.00 0.00 0.00 0.00 0.00 0.00
truck 0.00 0 0.00 770 66 805 114 0.00 0.00 0.00 0.00 0.00 0.00 0.00
car 0.00 0 0.00 646 0 670 22 0.00 0.00 0.00 0.00 0.00 0.00 0.00
pedestrian 0.00 0 0.00 557 18 563 39 0.00 0.00 0.00 0.00 0.00 0.00 0.00
pedestrian 0.00 0 0.00 550 19 557 37 0.00 0.00 0.00 0.00 0.00 0.00 0.00
pedestrian 0.00 0 0.00 532 141 543 166 0.00 0.00 0.00 0.00 0.00 0.00 0.00
car 0.00 0 0.00 635 47 657 92 0.00 0.00 0.00 0.00 0.00 0.00 0.00
motor 0.00 0 0.00 648 240 661 280 0.00 0.00 0.00 0.00 0.00 0.00 0.00
motor 0.00 0 0.00 1017 662 1042 725 0.00 0.00 0.00 0.00 0.00 0.00 0.00
pedestrian 0.00 0 0.00 891 371 894 395 0.00 0.00 0.00 0.00 0.00 0.00 0.00
pedestrian 0.00 0 0.00 882 374 888 393 0.00 0.00 0.00 0.00 0.00 0.00 0.00
pedestrian 0.00 0 0.00 857 83 865 103 0.00 0.00 0.00 0.00 0.00 0.00 0.00
motor 0.00 0 0.00 943 127 949 143 0.00 0.00 0.00 0.00 0.00 0.00 0.00
motor 0.00 0 0.00 927 129 932 143 0.00 0.00 0.00 0.00 0.00 0.00 0.00
motor 0.00 0 0.00 934 130 941 145 0.00 0.00 0.00 0.00 0.00 0.00 0.00
pedestrian 0.00 0 0.00 952 444 958 462 0.00 0.00 0.00 0.00 0.00 0.00 0.00
pedestrian 0.00 0 0.00 945 444 951 459 0.00 0.00 0.00 0.00 0.00 0.00 0.00
pedestrian 0.00 0 0.00 936 556 943 585 0.00 0.00 0.00 0.00 0.00 0.00 0.00
people 0.00 0 0.00 648 241 661 259 0.00 0.00 0.00 0.00 0.00 0.00 0.00
