awning-tricycle 0.00 0 0.00 700 753 776 827 0.00 0.00 0.00 0.00 0.00 0.00 0.00
pedestrian 0.00 0 0.00 761 742 779 782 0.00 0.00 0.00 0.00 0.00 0.00 0.00
pedestrian 0.00 0 0.00 733 731 755 755 0.00 0.00 0.00 0.00 0.00 0.00 0.00
pedestrian 0.00 0 0.00 759 726 778 763 0.00 0.00 0.00 0.00 0.00 0.00 0.00
people 0.00 0 0.00 750 716 771 746 0.00 0.00 0.00 0.00 0.00 0.00 0.00
pedestrian 0.00 0 0.00 773 719 788 760 0.00 0.00 0.00 0.00 0.00 0.00 0.00
car 0.00 0 0.00 780 685 837 734 0.00 0.00 0.00 0.00 0.00 0.00 0.00
car 0.00 0 0.00 797 657 830 695 0.00 0.00 0.00 0.00 0.00 0.00 0.00
pedestrian 0.00 0 0.00 757 677 773 713 0.00 0.00 0.00 0.00 0.00 0.00 0.00
truck 0.00 0 0.00 827 518 908 690 0.00 0.00 0.00 0.00 0.00 0.00 0.00
pedestrian 0.00 0 0.00 877 531 887 556 0.00 0.00 0.00 0.00 0.00 0.00 0.00
van 0.00 0 0.00 992 640 1029 698 0.00 0.00 0.00 0.00 0.00 0.00 0.00
motor 0.00 0 0.00 989 627 1019 650 0.00 0.00 0.00 0.00 0.00 0.00 0.00
motor 0.00 0 0.00 1005 636 1034 663 0.00 0.00 0.00 0.00 0.00 0.00 0.00
car 0.00 0 0.00 985 524 1018 562 0.00 0.00 0.00 0.00 0.00 0.00 0.00
pedestrian 0.00 0 0.00 918 422 926 444 0.00 0.00 0.00 0.00 0.00 0.00 0.00
car 0.00 0 0.00 985 445 1011 469 0.00 0.00 0.00 0.00 0.00 0.00 0.00
truck 0.00 0 0.00 875 399 921 485 0.00 0.00 0.00 0.00 0.00 0.00 0.00
truck 0.00 0 0.00 943 335 971 375 0.00 0.00 0.00 0.00 0.00 0.00 0.00
people 0.00 0 0.00 929 320 934 329 0.00 0.00 0.00 0.00 0.00 0.00 0.00
motor 0.00 0 0.00 929 324 934 332 0.00 0.00 0.00 0.00 0.00 0.00 0.00
awning-tricycle 0.00 0 0.00 942 315 951 327 0.00 0.00 0.00 0.00 0.00 0.00 0.00
awning-tricycle 0.00 0 0.00 976 301 983 311 0.00 0.00 0.00 0.00 0.00 0.00 0.00
car 0.00 0 0.00 948 269 956 276 0.00 0.00 0.00 0.00 0.00 0.00 0.00
people 0.00 0 0.00 976 289 981 294 0.00 0.00 0.00 0.00 0.00 0.00 0.00
motor 0.00 0 0.00 976 291 981 295 0.00 0.00 0.00 0.00 0.00 0.00 0.00
car 0.00 0 0.00 979 279 987 290 0.00 0.00 0.00 0.00 0.00 0.00 0.00
car 0.00 0 0.00 974 275 984 283 0.00 0.00 0.00 0.00 0.00 0.00 0.00
car 0.00 0 0.00 979 266 987 277 0.00 0.00 0.00 0.00 0.00 0.00 0.00
car 0.00 0 0.00 1741 529 1794 560 0.00 0.00 0.00 0.00 0.00 0.00 0.00
van 0.00 0 0.00 1676 507 1734 545 0.00 0.00 0.00 0.00 0.00 0.00 0.00
awning-tricycle 0.00 0 0.00 1504 547 1541 587 0.00 0.00 0.00 0.00 0.00 0.00 0.00
pedestrian 0.00 0 0.00 1475 534 1492 558 0.00 0.00 0.00 0.00 0.00 0.00 0.00
people 0.00 0 0.00 1732 556 1746 568 0.00 0.00 0.00 0.00 0.00 0.00 0.00
people 0.00 0 0.00 1091 637 1110 665 0.00 0.00 0.00 0.00 0.00 0.00 0.00
tricycle 0.00 0 0.00 1113 620 1145 662 0.00 0.00 0.00 0.00 0.00 0.00 0.00
truck 0.00 0 0.00 1135 350 1196 376 0.00 0.00 0.00 0.00 0.00 0.00 0.00
truck 0.00 0 0.00 1166 360 1205 390 0.00 0.00 0.00 0.00 0.00 0.00 0.00
truck 0.00 0 0.00 1175 357 1225 387 0.00 0.00 0.00 0.00 0.00 0.00 0.00
tricycle 0.00 0 0.00 779 745 811 798 0.00 0.00 0.00 0.00 0.00 0.00 0.00
