car 0.00 0 0.00 502 763 687 857 0.00 0.00 0.00 0.00 0.00 0.00 0.00
car 0.00 0 0.00 571 525 636 624 0.00 0.00 0.00 0.00 0.00 0.00 0.00
car 0.00 0 0.00 482 538 555 630 0.00 0.00 0.00 0.00 0.00 0.00 0.00
car 0.00 0 0.00 946 413 1010 464 0.00 0.00 0.00 0.00 0.00 0.00 0.00
car 0.00 0 0.00 537 253 596 281 0.00 0.00 0.00 0.00 0.00 0.00 0.00
car 0.00 0 0.00 233 669 417 751 0.00 0.00 0.00 0.00 0.00 0.00 0.00
car 0.00 0 0.00 0 683 184 769 0.00 0.00 0.00 0.00 0.00 0.00 0.00
car 0.00 0 0.00 266 522 365 630 0.00 0.00 0.00 0.00 0.00 0.00 0.00
car 0.00 0 0.00 51 531 214 631 0.00 0.00 0.00 0.00 0.00 0.00 0.00
car 0.00 0 0.00 372 522 476 627 0.00 0.00 0.00 0.00 0.00 0.00 0.00
car 0.00 0 0.00 51 435 161 497 0.00 0.00 0.00 0.00 0.00 0.00 0.00
car 0.00 0 0.00 178 427 282 502 0.00 0.00 0.00 0.00 0.00 0.00 0.00
car 0.00 0 0.00 270 414 358 482 0.00 0.00 0.00 0.00 0.00 0.00 0.00
car 0.00 0 0.00 325 387 434 455 0.00 0.00 0.00 0.00 0.00 0.00 0.00
car 0.00 0 0.00 377 385 460 434 0.00 0.00 0.00 0.00 0.00 0.00 0.00
car 0.00 0 0.00 417 368 507 418 0.00 0.00 0.00 0.00 0.00 0.00 0.00
car 0.00 0 0.00 471 362 546 407 0.00 0.00 0.00 0.00 0.00 0.00 0.00
car 0.00 0 0.00 500 349 574 393 0.00 0.00 0.00 0.00 0.00 0.00 0.00
car 0.00 0 0.00 534 338 618 383 0.00 0.00 0.00 0.00 0.00 0.00 0.00
car 0.00 0 0.00 542 319 614 364 0.00 0.00 0.00 0.00 0.00 0.00 0.00
car 0.00 0 0.00 760 409 816 454 0.00 0.00 0.00 0.00 0.00 0.00 0.00
car 0.00 0 0.00 753 371 801 405 0.00 0.00 0.00 0.00 0.00 0.00 0.00
car 0.00 0 0.00 715 308 754 344 0.00 0.00 0.00 0.00 0.00 0.00 0.00
bus 0.00 0 0.00 848 291 947 400 0.00 0.00 0.00 0.00 0.00 0.00 0.00
car 0.00 0 0.00 623 93 633 101 0.00 0.00 0.00 0.00 0.00 0.00 0.00
car 0.00 0 0.00 666 93 674 101 0.00 0.00 0.00 0.00 0.00 0.00 0.00
van 0.00 0 0.00 556 148 585 165 0.00 0.00 0.00 0.00 0.00 0.00 0.00
car 0.00 0 0.00 546 203 595 223 0.00 0.00 0.00 0.00 0.00 0.00 0.00
car 0.00 0 0.00 539 190 579 206 0.00 0.00 0.00 0.00 0.00 0.00 0.00
car 0.00 0 0.00 528 182 570 201 0.00 0.00 0.00 0.00 0.00 0.00 0.00
car 0.00 0 0.00 526 176 569 196 0.00 0.00 0.00 0.00 0.00 0.00 0.00
car 0.00 0 0.00 545 168 583 184 0.00 0.00 0.00 0.00 0.00 0.00 0.00
pedestrian 0.00 0 0.00 522 158 528 174 0.00 0.00 0.00 0.00 0.00 0.00 0.00
pedestrian 0.00 0 0.00 512 160 518 177 0.00 0.00 0.00 0.00 0.00 0.00 0.00
pedestrian 0.00 0 0.00 517 163 522 178 0.00 0.00 0.00 0.00 0.00 0.00 0.00
pedestrian 0.00 0 0.00 514 153 522 170 0.00 0.00 0.00 0.00 0.00 0.00 0.00
motor 0.00 0 0.00 533 285 560 303 0.00 0.00 0.00 0.00 0.00 0.00 0.00
bicycle 0.00 0 0.00 526 309 545 332 0.00 0.00 0.00 0.00 0.00 0.00 0.00
bicycle 0.00 0 0.00 523 218 542 230 0.00 0.00 0.00 0.00 0.00 0.00 0.00
bicycle 0.00 0 0.00 520 207 534 219 0.00 0.00 0.00 0.00 0.00 0.00 0.00
car 0.00 0 0.00 699 125 712 134 0.00 0.00 0.00 0.00 0.00 0.00 0.00
car 0.00 0 0.00 697 110 708 120 0.00 0.00 0.00 0.00 0.00 0.00 0.00
car 0.00 0 0.00 669 104 680 112 0.00 0.00 0.00 0.00 0.00 0.00 0.00
car 0.00 0 0.00 683 103 691 113 0.00 0.00 0.00 0.00 0.00 0.00 0.00
car 0.00 0 0.00 795 155 822 171 0.00 0.00 0.00 0.00 0.00 0.00 0.00
bus 0.00 0 0.00 744 130 776 164 0.00 0.00 0.00 0.00 0.00 0.00 0.00
van 0.00 0 0.00 826 131 839 146 0.00 0.00 0.00 0.00 0.00 0.00 0.00
car 0.00 0 0.00 822 287 853 321 0.00 0.00 0.00 0.00 0.00 0.00 0.00
pedestrian 0.00 0 0.00 1010 251 1016 269 0.00 0.00 0.00 0.00 0.00 0.00 0.00
pedestrian 0.00 0 0.00 1060 270 1071 295 0.00 0.00 0.00 0.00 0.00 0.00 0.00
car 0.00 0 0.00 1237 193 1274 215 0.00 0.00 0.00 0.00 0.00 0.00 0.00
people 0.00 0 0.00 1326 453 1342 480 0.00 0.00 0.00 0.00 0.00 0.00 0.00
tricycle 0.00 0 0.00 1311 459 1371 495 0.00 0.00 0.00 0.00 0.00 0.00 0.00
truck 0.00 0 0.00 1309 408 1385 462 0.00 0.00 0.00 0.00 0.00 0.00 0.00
pedestrian 0.00 0 0.00 1369 452 1382 489 0.00 0.00 0.00 0.00 0.00 0.00 0.00
pedestrian 0.00 0 0.00 1384 460 1400 491 0.00 0.00 0.00 0.00 0.00 0.00 0.00
pedestrian 0.00 0 0.00 472 780 501 840 0.00 0.00 0.00 0.00 0.00 0.00 0.00
