truck 0.00 0 0.00 422 97 455 110 0.00 0.00 0.00 0.00 0.00 0.00 0.00
car 0.00 0 0.00 348 44 361 54 0.00 0.00 0.00 0.00 0.00 0.00 0.00
pedestrian 0.00 0 0.00 476 139 479 144 0.00 0.00 0.00 0.00 0.00 0.00 0.00
pedestrian 0.00 0 0.00 468 134 471 140 0.00 0.00 0.00 0.00 0.00 0.00 0.00
pedestrian 0.00 0 0.00 344 684 350 695 0.00 0.00 0.00 0.00 0.00 0.00 0.00
pedestrian 0.00 0 0.00 355 662 359 672 0.00 0.00 0.00 0.00 0.00 0.00 0.00
pedestrian 0.00 0 0.00 368 623 372 632 0.00 0.00 0.00 0.00 0.00 0.00 0.00
pedestrian 0.00 0 0.00 361 624 368 632 0.00 0.00 0.00 0.00 0.00 0.00 0.00
car 0.00 0 0.00 239 755 266 786 0.00 0.00 0.00 0.00 0.00 0.00 0.00
bus 0.00 0 0.00 449 525 472 567 0.00 0.00 0.00 0.00 0.00 0.00 0.00
car 0.00 0 0.00 535 616 551 646 0.00 0.00 0.00 0.00 0.00 0.00 0.00
car 0.00 0 0.00 515 605 532 639 0.00 0.00 0.00 0.00 0.00 0.00 0.00
car 0.00 0 0.00 555 472 568 497 0.00 0.00 0.00 0.00 0.00 0.00 0.00
pedestrian 0.00 0 0.00 717 517 722 524 0.00 0.00 0.00 0.00 0.00 0.00 0.00
pedestrian 0.00 0 0.00 704 622 709 631 0.00 0.00 0.00 0.00 0.00 0.00 0.00
bus 0.00 0 0.00 575 451 594 493 0.00 0.00 0.00 0.00 0.00 0.00 0.00
car 0.00 0 0.00 571 369 584 392 0.00 0.00 0.00 0.00 0.00 0.00 0.00
car 0.00 0 0.00 596 338 607 357 0.00 0.00 0.00 0.00 0.00 0.00 0.00
car 0.00 0 0.00 461 363 475 384 0.00 0.00 0.00 0.00 0.00 0.00 0.00
car 0.00 0 0.00 451 459 467 483 0.00 0.00 0.00 0.00 0.00 0.00 0.00
car 0.00 0 0.00 508 323 522 341 0.00 0.00 0.00 0.00 0.00 0.00 0.00
car 0.00 0 0.00 513 276 524 291 0.00 0.00 0.00 0.00 0.00 0.00 0.00
van 0.00 0 0.00 496 391 512 411 0.00 0.00 0.00 0.00 0.00 0.00 0.00
van 0.00 0 0.00 486 433 503 457 0.00 0.00 0.00 0.00 0.00 0.00 0.00
truck 0.00 0 0.00 531 263 544 284 0.00 0.00 0.00 0.00 0.00 0.00 0.00
car 0.00 0 0.00 521 302 533 323 0.00 0.00 0.00 0.00 0.00 0.00 0.00
car 0.00 0 0.00 1303 327 1339 340 0.00 0.00 0.00 0.00 0.00 0.00 0.00
truck 0.00 0 0.00 1184 263 1252 292 0.00 0.00 0.00 0.00 0.00 0.00 0.00
van 0.00 0 0.00 671 240 698 255 0.00 0.00 0.00 0.00 0.00 0.00 0.00
car 0.00 0 0.00 660 217 686 231 0.00 0.00 0.00 0.00 0.00 0.00 0.00
truck 0.00 0 0.00 546 228 596 254 0.00 0.00 0.00 0.00 0.00 0.00 0.00
car 0.00 0 0.00 561 165 572 177 0.00 0.00 0.00 0.00 0.00 0.00 0.00
car 0.00 0 0.00 583 113 599 125 0.00 0.00 0.00 0.00 0.00 0.00 0.00
bus 0.00 0 0.00 542 136 559 175 0.00 0.00 0.00 0.00 0.00 0.00 0.00
truck 0.00 0 0.00 562 124 578 154 0.00 0.00 0.00 0.00 0.00 0.00 0.00
truck 0.00 0 0.00 1366 101 1400 115 0.00 0.00 0.00 0.00 0.00 0.00 0.00
bus 0.00 0 0.00 1298 69 1352 92 0.00 0.00 0.00 0.00 0.00 0.00 0.00
van 0.00 0 0.00 1297 111 1321 120 0.00 0.00 0.00 0.00 0.00 0.00 0.00
bus 0.00 0 0.00 1167 77 1220 94 0.00 0.00 0.00 0.00 0.00 0.00 0.00
van 0.00 0 0.00 1196 111 1217 121 0.00 0.00 0.00 0.00 0.00 0.00 0.00
van 0.00 0 0.00 1216 100 1240 110 0.00 0.00 0.00 0.00 0.00 0.00 0.00
car 0.00 0 0.00 1230 112 1251 120 0.00 0.00 0.00 0.00 0.00 0.00 0.00
pedestrian 0.00 0 0.00 1212 67 1217 76 0.00 0.00 0.00 0.00 0.00 0.00 0.00
pedestrian 0.00 0 0.00 1050 72 1054 78 0.00 0.00 0.00 0.00 0.00 0.00 0.00
pedestrian 0.00 0 0.00 1130 70 1135 78 0.00 0.00 0.00 0.00 0.00 0.00 0.00
pedestrian 0.00 0 0.00 1146 71 1151 78 0.00 0.00 0.00 0.00 0.00 0.00 0.00
pedestrian 0.00 0 0.00 1148 69 1151 75 0.00 0.00 0.00 0.00 0.00 0.00 0.00
pedestrian 0.00 0 0.00 1196 71 1199 78 0.00 0.00 0.00 0.00 0.00 0.00 0.00
car 0.00 0 0.00 1134 113 1153 120 0.00 0.00 0.00 0.00 0.00 0.00 0.00
car 0.00 0 0.00 1080 89 1100 97 0.00 0.00 0.00 0.00 0.00 0.00 0.00
car 0.00 0 0.00 1107 106 1127 117 0.00 0.00 0.00 0.00 0.00 0.00 0.00
truck 0.00 0 0.00 1058 107 1091 123 0.00 0.00 0.00 0.00 0.00 0.00 0.00
truck 0.00 0 0.00 1040 95 1110 118 0.00 0.00 0.00 0.00 0.00 0.00 0.00
truck 0.00 0 0.00 1020 78 1050 93 0.00 0.00 0.00 0.00 0.00 0.00 0.00
car 0.00 0 0.00 1011 90 1029 100 0.00 0.00 0.00 0.00 0.00 0.00 0.00
van 0.00 0 0.00 995 114 1016 125 0.00 0.00 0.00 0.00 0.00 0.00 0.00
truck 0.00 0 0.00 967 101 1006 119 0.00 0.00 0.00 0.00 0.00 0.00 0.00
truck 0.00 0 0.00 950 83 989 101 0.00 0.00 0.00 0.00 0.00 0.00 0.00
truck 0.00 0 0.00 922 110 958 128 0.00 0.00 0.00 0.00 0.00 0.00 0.00
van 0.00 0 0.00 942 102 962 115 0.00 0.00 0.00 0.00 0.00 0.00 0.00
car 0.00 0 0.00 912 110 933 122 0.00 0.00 0.00 0.00 0.00 0.00 0.00
van 0.00 0 0.00 917 103 936 115 0.00 0.00 0.00 0.00 0.00 0.00 0.00
van 0.00 0 0.00 922 97 939 107 0.00 0.00 0.00 0.00 0.00 0.00 0.00
car 0.00 0 0.00 880 117 899 127 0.00 0.00 0.00 0.00 0.00 0.00 0.00
car 0.00 0 0.00 857 113 877 121 0.00 0.00 0.00 0.00 0.00 0.00 0.00
car 0.00 0 0.00 883 112 905 121 0.00 0.00 0.00 0.00 0.00 0.00 0.00
car 0.00 0 0.00 888 104 909 115 0.00 0.00 0.00 0.00 0.00 0.00 0.00
car 0.00 0 0.00 854 104 874 115 0.00 0.00 0.00 0.00 0.00 0.00 0.00
car 0.00 0 0.00 830 120 852 133 0.00 0.00 0.00 0.00 0.00 0.00 0.00
car 0.00 0 0.00 828 113 849 122 0.00 0.00 0.00 0.00 0.00 0.00 0.00
motor 0.00 0 0.00 907 94 917 101 0.00 0.00 0.00 0.00 0.00 0.00 0.00
people 0.00 0 0.00 909 92 914 101 0.00 0.00 0.00 0.00 0.00 0.00 0.00
bus 0.00 0 0.00 820 79 870 100 0.00 0.00 0.00 0.00 0.00 0.00 0.00
truck 0.00 0 0.00 755 86 797 104 0.00 0.00 0.00 0.00 0.00 0.00 0.00
van 0.00 0 0.00 767 84 796 95 0.00 0.00 0.00 0.00 0.00 0.00 0.00
van 0.00 0 0.00 800 111 820 123 0.00 0.00 0.00 0.00 0.00 0.00 0.00
car 0.00 0 0.00 822 108 842 117 0.00 0.00 0.00 0.00 0.00 0.00 0.00
car 0.00 0 0.00 794 109 811 117 0.00 0.00 0.00 0.00 0.00 0.00 0.00
van 0.00 0 0.00 783 123 806 136 0.00 0.00 0.00 0.00 0.00 0.00 0.00
car 0.00 0 0.00 764 109 782 118 0.00 0.00 0.00 0.00 0.00 0.00 0.00
van 0.00 0 0.00 771 113 791 123 0.00 0.00 0.00 0.00 0.00 0.00 0.00
van 0.00 0 0.00 744 113 764 125 0.00 0.00 0.00 0.00 0.00 0.00 0.00
bus 0.00 0 0.00 707 101 754 120 0.00 0.00 0.00 0.00 0.00 0.00 0.00
truck 0.00 0 0.00 687 117 732 134 0.00 0.00 0.00 0.00 0.00 0.00 0.00
car 0.00 0 0.00 679 96 702 107 0.00 0.00 0.00 0.00 0.00 0.00 0.00
car 0.00 0 0.00 612 95 630 105 0.00 0.00 0.00 0.00 0.00 0.00 0.00
van 0.00 0 0.00 620 68 627 81 0.00 0.00 0.00 0.00 0.00 0.00 0.00
van 0.00 0 0.00 621 57 628 71 0.00 0.00 0.00 0.00 0.00 0.00 0.00
bus 0.00 0 0.00 621 40 630 58 0.00 0.00 0.00 0.00 0.00 0.00 0.00
car 0.00 0 0.00 624 30 631 41 0.00 0.00 0.00 0.00 0.00 0.00 0.00
car 0.00 0 0.00 605 3 612 16 0.00 0.00 0.00 0.00 0.00 0.00 0.00
car 0.00 0 0.00 598 65 607 75 0.00 0.00 0.00 0.00 0.00 0.00 0.00
car 0.00 0 0.00 608 66 616 78 0.00 0.00 0.00 0.00 0.00 0.00 0.00
bus 0.00 0 0.00 536 33 551 64 0.00 0.00 0.00 0.00 0.00 0.00 0.00
car 0.00 0 0.00 509 16 526 23 0.00 0.00 0.00 0.00 0.00 0.00 0.00
car 0.00 0 0.00 511 11 528 17 0.00 0.00 0.00 0.00 0.00 0.00 0.00
van 0.00 0 0.00 511 2 528 8 0.00 0.00 0.00 0.00 0.00 0.00 0.00
