van 0.00 0 0.00 134 1347 383 1498 0.00 0.00 0.00 0.00 0.00 0.00 0.00
van 0.00 0 0.00 540 1153 793 1340 0.00 0.00 0.00 0.00 0.00 0.00 0.00
van 0.00 0 0.00 876 1058 1045 1197 0.00 0.00 0.00 0.00 0.00 0.00 0.00
car 0.00 0 0.00 1049 990 1244 1120 0.00 0.00 0.00 0.00 0.00 0.00 0.00
van 0.00 0 0.00 1359 872 1523 991 0.00 0.00 0.00 0.00 0.00 0.00 0.00
van 0.00 0 0.00 1525 819 1669 924 0.00 0.00 0.00 0.00 0.00 0.00 0.00
people 0.00 0 0.00 1753 867 1780 912 0.00 0.00 0.00 0.00 0.00 0.00 0.00
motor 0.00 0 0.00 1731 874 1789 928 0.00 0.00 0.00 0.00 0.00 0.00 0.00
car 0.00 0 0.00 1753 721 1902 811 0.00 0.00 0.00 0.00 0.00 0.00 0.00
van 0.00 0 0.00 1904 669 2000 749 0.00 0.00 0.00 0.00 0.00 0.00 0.00
