car 0.00 0 0.00 939 630 1006 751 0.00 0.00 0.00 0.00 0.00 0.00 0.00
car 0.00 0 0.00 1066 436 1129 527 0.00 0.00 0.00 0.00 0.00 0.00 0.00
car 0.00 0 0.00 1116 562 1189 676 0.00 0.00 0.00 0.00 0.00 0.00 0.00
car 0.00 0 0.00 862 327 902 418 0.00 0.00 0.00 0.00 0.00 0.00 0.00
car 0.00 0 0.00 329 172 381 252 0.00 0.00 0.00 0.00 0.00 0.00 0.00
car 0.00 0 0.00 262 386 328 495 0.00 0.00 0.00 0.00 0.00 0.00 0.00
car 0.00 0 0.00 315 737 386 876 0.00 0.00 0.00 0.00 0.00 0.00 0.00
bus 0.00 0 0.00 359 572 486 937 0.00 0.00 0.00 0.00 0.00 0.00 0.00
car 0.00 0 0.00 1194 436 1256 512 0.00 0.00 0.00 0.00 0.00 0.00 0.00
van 0.00 0 0.00 1131 291 1191 380 0.00 0.00 0.00 0.00 0.00 0.00 0.00
van 0.00 0 0.00 956 58 997 121 0.00 0.00 0.00 0.00 0.00 0.00 0.00
van 0.00 0 0.00 1027 310 1095 405 0.00 0.00 0.00 0.00 0.00 0.00 0.00
van 0.00 0 0.00 805 158 848 236 0.00 0.00 0.00 0.00 0.00 0.00 0.00
van 0.00 0 0.00 830 0 866 35 0.00 0.00 0.00 0.00 0.00 0.00 0.00
car 0.00 0 0.00 1212 534 1319 632 0.00 0.00 0.00 0.00 0.00 0.00 0.00
car 0.00 0 0.00 1206 940 1301 1049 0.00 0.00 0.00 0.00 0.00 0.00 0.00
motor 0.00 0 0.00 1336 995 1387 1049 0.00 0.00 0.00 0.00 0.00 0.00 0.00
pedestrian 0.00 0 0.00 1256 460 1275 488 0.00 0.00 0.00 0.00 0.00 0.00 0.00
car 0.00 0 0.00 235 530 301 646 0.00 0.00 0.00 0.00 0.00 0.00 0.00
car 0.00 0 0.00 197 655 283 785 0.00 0.00 0.00 0.00 0.00 0.00 0.00
car 0.00 0 0.00 191 129 281 175 0.00 0.00 0.00 0.00 0.00 0.00 0.00
car 0.00 0 0.00 201 95 287 136 0.00 0.00 0.00 0.00 0.00 0.00 0.00
car 0.00 0 0.00 217 60 315 105 0.00 0.00 0.00 0.00 0.00 0.00 0.00
van 0.00 0 0.00 107 269 211 315 0.00 0.00 0.00 0.00 0.00 0.00 0.00
car 0.00 0 0.00 0 456 96 506 0.00 0.00 0.00 0.00 0.00 0.00 0.00
car 0.00 0 0.00 176 161 269 202 0.00 0.00 0.00 0.00 0.00 0.00 0.00
car 0.00 0 0.00 378 0 425 74 0.00 0.00 0.00 0.00 0.00 0.00 0.00
van 0.00 0 0.00 238 10 325 56 0.00 0.00 0.00 0.00 0.00 0.00 0.00
pedestrian 0.00 0 0.00 292 223 314 261 0.00 0.00 0.00 0.00 0.00 0.00 0.00
pedestrian 0.00 0 0.00 273 216 295 253 0.00 0.00 0.00 0.00 0.00 0.00 0.00
pedestrian 0.00 0 0.00 261 306 282 338 0.00 0.00 0.00 0.00 0.00 0.00 0.00
pedestrian 0.00 0 0.00 178 391 199 426 0.00 0.00 0.00 0.00 0.00 0.00 0.00
pedestrian 0.00 0 0.00 210 261 233 295 0.00 0.00 0.00 0.00 0.00 0.00 0.00
pedestrian 0.00 0 0.00 202 226 226 254 0.00 0.00 0.00 0.00 0.00 0.00 0.00
pedestrian 0.00 0 0.00 148 202 178 233 0.00 0.00 0.00 0.00 0.00 0.00 0.00
motor 0.00 0 0.00 153 249 195 276 0.00 0.00 0.00 0.00 0.00 0.00 0.00
pedestrian 0.00 0 0.00 301 180 323 214 0.00 0.00 0.00 0.00 0.00 0.00 0.00
pedestrian 0.00 0 0.00 128 209 146 228 0.00 0.00 0.00 0.00 0.00 0.00 0.00
pedestrian 0.00 0 0.00 270 902 290 920 0.00 0.00 0.00 0.00 0.00 0.00 0.00
pedestrian 0.00 0 0.00 158 959 200 984 0.00 0.00 0.00 0.00 0.00 0.00 0.00
pedestrian 0.00 0 0.00 224 944 254 966 0.00 0.00 0.00 0.00 0.00 0.00 0.00
pedestrian 0.00 0 0.00 289 948 319 976 0.00 0.00 0.00 0.00 0.00 0.00 0.00
pedestrian 0.00 0 0.00 272 1010 293 1033 0.00 0.00 0.00 0.00 0.00 0.00 0.00
pedestrian 0.00 0 0.00 259 990 298 1013 0.00 0.00 0.00 0.00 0.00 0.00 0.00
pedestrian 0.00 0 0.00 1219 232 1240 260 0.00 0.00 0.00 0.00 0.00 0.00 0.00
van 0.00 0 0.00 1074 140 1121 197 0.00 0.00 0.00 0.00 0.00 0.00 0.00
pedestrian 0.00 0 0.00 1245 412 1262 432 0.00 0.00 0.00 0.00 0.00 0.00 0.00
people 0.00 0 0.00 1338 1006 1378 1040 0.00 0.00 0.00 0.00 0.00 0.00 0.00
car 0.00 0 0.00 1347 507 1400 611 0.00 0.00 0.00 0.00 0.00 0.00 0.00
car 0.00 0 0.00 1347 431 1400 483 0.00 0.00 0.00 0.00 0.00 0.00 0.00
car 0.00 0 0.00 1324 391 1400 440 0.00 0.00 0.00 0.00 0.00 0.00 0.00
car 0.00 0 0.00 1299 350 1400 391 0.00 0.00 0.00 0.00 0.00 0.00 0.00
car 0.00 0 0.00 1274 306 1387 352 0.00 0.00 0.00 0.00 0.00 0.00 0.00
car 0.00 0 0.00 1230 188 1318 230 0.00 0.00 0.00 0.00 0.00 0.00 0.00
car 0.00 0 0.00 1255 220 1343 263 0.00 0.00 0.00 0.00 0.00 0.00 0.00
car 0.00 0 0.00 1260 259 1369 300 0.00 0.00 0.00 0.00 0.00 0.00 0.00
van 0.00 0 0.00 1212 147 1313 194 0.00 0.00 0.00 0.00 0.00 0.00 0.00
car 0.00 0 0.00 1202 121 1293 159 0.00 0.00 0.00 0.00 0.00 0.00 0.00
car 0.00 0 0.00 1178 89 1261 132 0.00 0.00 0.00 0.00 0.00 0.00 0.00
car 0.00 0 0.00 1166 66 1259 104 0.00 0.00 0.00 0.00 0.00 0.00 0.00
car 0.00 0 0.00 1165 40 1250 73 0.00 0.00 0.00 0.00 0.00 0.00 0.00
car 0.00 0 0.00 1154 9 1234 49 0.00 0.00 0.00 0.00 0.00 0.00 0.00
car 0.00 0 0.00 1133 0 1218 26 0.00 0.00 0.00 0.00 0.00 0.00 0.00
