pedestrian 0.00 0 0.00 981 740 994 774 0.00 0.00 0.00 0.00 0.00 0.00 0.00
bicycle 0.00 0 0.00 648 655 659 681 0.00 0.00 0.00 0.00 0.00 0.00 0.00
bicycle 0.00 0 0.00 674 660 682 684 0.00 0.00 0.00 0.00 0.00 0.00 0.00
bicycle 0.00 0 0.00 683 657 694 682 0.00 0.00 0.00 0.00 0.00 0.00 0.00
bicycle 0.00 0 0.00 696 660 708 687 0.00 0.00 0.00 0.00 0.00 0.00 0.00
bicycle 0.00 0 0.00 716 654 725 682 0.00 0.00 0.00 0.00 0.00 0.00 0.00
bicycle 0.00 0 0.00 728 658 735 683 0.00 0.00 0.00 0.00 0.00 0.00 0.00
bicycle 0.00 0 0.00 743 660 751 682 0.00 0.00 0.00 0.00 0.00 0.00 0.00
bicycle 0.00 0 0.00 753 661 770 681 0.00 0.00 0.00 0.00 0.00 0.00 0.00
bicycle 0.00 0 0.00 779 661 793 681 0.00 0.00 0.00 0.00 0.00 0.00 0.00
bicycle 0.00 0 0.00 786 658 799 680 0.00 0.00 0.00 0.00 0.00 0.00 0.00
bicycle 0.00 0 0.00 807 657 819 681 0.00 0.00 0.00 0.00 0.00 0.00 0.00
bicycle 0.00 0 0.00 1285 658 1303 686 0.00 0.00 0.00 0.00 0.00 0.00 0.00
bicycle 0.00 0 0.00 1278 660 1295 684 0.00 0.00 0.00 0.00 0.00 0.00 0.00
bicycle 0.00 0 0.00 1267 659 1287 685 0.00 0.00 0.00 0.00 0.00 0.00 0.00
bicycle 0.00 0 0.00 1256 663 1273 685 0.00 0.00 0.00 0.00 0.00 0.00 0.00
bicycle 0.00 0 0.00 1240 661 1260 686 0.00 0.00 0.00 0.00 0.00 0.00 0.00
bicycle 0.00 0 0.00 1224 659 1242 685 0.00 0.00 0.00 0.00 0.00 0.00 0.00
bicycle 0.00 0 0.00 1217 661 1232 687 0.00 0.00 0.00 0.00 0.00 0.00 0.00
bicycle 0.00 0 0.00 1207 661 1224 687 0.00 0.00 0.00 0.00 0.00 0.00 0.00
bicycle 0.00 0 0.00 1200 661 1218 687 0.00 0.00 0.00 0.00 0.00 0.00 0.00
bicycle 0.00 0 0.00 1186 661 1208 685 0.00 0.00 0.00 0.00 0.00 0.00 0.00
bicycle 0.00 0 0.00 1179 658 1198 684 0.00 0.00 0.00 0.00 0.00 0.00 0.00
bicycle 0.00 0 0.00 1173 659 1191 684 0.00 0.00 0.00 0.00 0.00 0.00 0.00
bicycle 0.00 0 0.00 1161 659 1182 685 0.00 0.00 0.00 0.00 0.00 0.00 0.00
bicycle 0.00 0 0.00 1157 660 1176 682 0.00 0.00 0.00 0.00 0.00 0.00 0.00
bicycle 0.00 0 0.00 1152 665 1175 688 0.00 0.00 0.00 0.00 0.00 0.00 0.00
bicycle 0.00 0 0.00 1099 660 1119 681 0.00 0.00 0.00 0.00 0.00 0.00 0.00
bicycle 0.00 0 0.00 1115 658 1135 681 0.00 0.00 0.00 0.00 0.00 0.00 0.00
