car 0.00 0 0.00 416 864 477 908 0.00 0.00 0.00 0.00 0.00 0.00 0.00
car 0.00 0 0.00 447 829 503 869 0.00 0.00 0.00 0.00 0.00 0.00 0.00
car 0.00 0 0.00 364 697 421 732 0.00 0.00 0.00 0.00 0.00 0.00 0.00
car 0.00 0 0.00 485 625 531 649 0.00 0.00 0.00 0.00 0.00 0.00 0.00
truck 0.00 0 0.00 478 607 541 634 0.00 0.00 0.00 0.00 0.00 0.00 0.00
truck 0.00 0 0.00 534 563 562 609 0.00 0.00 0.00 0.00 0.00 0.00 0.00
car 0.00 0 0.00 564 578 594 613 0.00 0.00 0.00 0.00 0.00 0.00 0.00
car 0.00 0 0.00 704 769 732 814 0.00 0.00 0.00 0.00 0.00 0.00 0.00
car 0.00 0 0.00 738 656 761 701 0.00 0.00 0.00 0.00 0.00 0.00 0.00
car 0.00 0 0.00 441 557 476 591 0.00 0.00 0.00 0.00 0.00 0.00 0.00
van 0.00 0 0.00 511 501 556 526 0.00 0.00 0.00 0.00 0.00 0.00 0.00
van 0.00 0 0.00 1218 704 1289 747 0.00 0.00 0.00 0.00 0.00 0.00 0.00
car 0.00 0 0.00 1060 679 1116 707 0.00 0.00 0.00 0.00 0.00 0.00 0.00
car 0.00 0 0.00 1053 650 1107 676 0.00 0.00 0.00 0.00 0.00 0.00 0.00
car 0.00 0 0.00 1184 590 1230 616 0.00 0.00 0.00 0.00 0.00 0.00 0.00
motor 0.00 0 0.00 1229 632 1254 650 0.00 0.00 0.00 0.00 0.00 0.00 0.00
motor 0.00 0 0.00 1234 670 1254 685 0.00 0.00 0.00 0.00 0.00 0.00 0.00
motor 0.00 0 0.00 1233 663 1257 679 0.00 0.00 0.00 0.00 0.00 0.00 0.00
motor 0.00 0 0.00 986 819 996 844 0.00 0.00 0.00 0.00 0.00 0.00 0.00
car 0.00 0 0.00 779 511 798 550 0.00 0.00 0.00 0.00 0.00 0.00 0.00
car 0.00 0 0.00 592 356 624 371 0.00 0.00 0.00 0.00 0.00 0.00 0.00
car 0.00 0 0.00 600 347 627 361 0.00 0.00 0.00 0.00 0.00 0.00 0.00
car 0.00 0 0.00 647 235 658 249 0.00 0.00 0.00 0.00 0.00 0.00 0.00
car 0.00 0 0.00 690 177 702 189 0.00 0.00 0.00 0.00 0.00 0.00 0.00
car 0.00 0 0.00 707 160 717 171 0.00 0.00 0.00 0.00 0.00 0.00 0.00
car 0.00 0 0.00 811 338 826 357 0.00 0.00 0.00 0.00 0.00 0.00 0.00
car 0.00 0 0.00 801 288 815 304 0.00 0.00 0.00 0.00 0.00 0.00 0.00
car 0.00 0 0.00 826 287 839 303 0.00 0.00 0.00 0.00 0.00 0.00 0.00
car 0.00 0 0.00 833 257 845 272 0.00 0.00 0.00 0.00 0.00 0.00 0.00
car 0.00 0 0.00 935 283 949 295 0.00 0.00 0.00 0.00 0.00 0.00 0.00
car 0.00 0 0.00 935 300 947 313 0.00 0.00 0.00 0.00 0.00 0.00 0.00
truck 0.00 0 0.00 1008 391 1053 426 0.00 0.00 0.00 0.00 0.00 0.00 0.00
car 0.00 0 0.00 997 350 1012 369 0.00 0.00 0.00 0.00 0.00 0.00 0.00
car 0.00 0 0.00 998 335 1010 352 0.00 0.00 0.00 0.00 0.00 0.00 0.00
car 0.00 0 0.00 1006 321 1020 338 0.00 0.00 0.00 0.00 0.00 0.00 0.00
car 0.00 0 0.00 1041 350 1057 369 0.00 0.00 0.00 0.00 0.00 0.00 0.00
car 0.00 0 0.00 1062 334 1086 349 0.00 0.00 0.00 0.00 0.00 0.00 0.00
car 0.00 0 0.00 1061 329 1090 341 0.00 0.00 0.00 0.00 0.00 0.00 0.00
car 0.00 0 0.00 1057 321 1083 335 0.00 0.00 0.00 0.00 0.00 0.00 0.00
car 0.00 0 0.00 1052 314 1076 329 0.00 0.00 0.00 0.00 0.00 0.00 0.00
car 0.00 0 0.00 1048 310 1073 321 0.00 0.00 0.00 0.00 0.00 0.00 0.00
car 0.00 0 0.00 1006 235 1017 252 0.00 0.00 0.00 0.00 0.00 0.00 0.00
car 0.00 0 0.00 941 250 954 268 0.00 0.00 0.00 0.00 0.00 0.00 0.00
car 0.00 0 0.00 916 271 927 288 0.00 0.00 0.00 0.00 0.00 0.00 0.00
car 0.00 0 0.00 917 243 926 254 0.00 0.00 0.00 0.00 0.00 0.00 0.00
car 0.00 0 0.00 944 224 968 236 0.00 0.00 0.00 0.00 0.00 0.00 0.00
car 0.00 0 0.00 1049 205 1057 215 0.00 0.00 0.00 0.00 0.00 0.00 0.00
car 0.00 0 0.00 1061 204 1072 216 0.00 0.00 0.00 0.00 0.00 0.00 0.00
car 0.00 0 0.00 1072 206 1085 217 0.00 0.00 0.00 0.00 0.00 0.00 0.00
truck 0.00 0 0.00 778 189 800 224 0.00 0.00 0.00 0.00 0.00 0.00 0.00
truck 0.00 0 0.00 810 145 821 162 0.00 0.00 0.00 0.00 0.00 0.00 0.00
car 0.00 0 0.00 1036 174 1047 186 0.00 0.00 0.00 0.00 0.00 0.00 0.00
car 0.00 0 0.00 1047 172 1058 185 0.00 0.00 0.00 0.00 0.00 0.00 0.00
truck 0.00 0 0.00 789 129 810 144 0.00 0.00 0.00 0.00 0.00 0.00 0.00
bus 0.00 0 0.00 869 71 878 88 0.00 0.00 0.00 0.00 0.00 0.00 0.00
truck 0.00 0 0.00 924 82 934 95 0.00 0.00 0.00 0.00 0.00 0.00 0.00
truck 0.00 0 0.00 932 105 943 124 0.00 0.00 0.00 0.00 0.00 0.00 0.00
car 0.00 0 0.00 929 130 937 137 0.00 0.00 0.00 0.00 0.00 0.00 0.00
car 0.00 0 0.00 964 154 979 163 0.00 0.00 0.00 0.00 0.00 0.00 0.00
car 0.00 0 0.00 917 177 925 187 0.00 0.00 0.00 0.00 0.00 0.00 0.00
car 0.00 0 0.00 919 100 925 106 0.00 0.00 0.00 0.00 0.00 0.00 0.00
car 0.00 0 0.00 927 96 933 104 0.00 0.00 0.00 0.00 0.00 0.00 0.00
car 0.00 0 0.00 732 106 739 112 0.00 0.00 0.00 0.00 0.00 0.00 0.00
car 0.00 0 0.00 749 107 756 114 0.00 0.00 0.00 0.00 0.00 0.00 0.00
car 0.00 0 0.00 760 110 768 118 0.00 0.00 0.00 0.00 0.00 0.00 0.00
car 0.00 0 0.00 789 109 795 115 0.00 0.00 0.00 0.00 0.00 0.00 0.00
car 0.00 0 0.00 796 108 805 116 0.00 0.00 0.00 0.00 0.00 0.00 0.00
car 0.00 0 0.00 805 107 812 116 0.00 0.00 0.00 0.00 0.00 0.00 0.00
car 0.00 0 0.00 828 91 837 98 0.00 0.00 0.00 0.00 0.00 0.00 0.00
car 0.00 0 0.00 943 75 956 82 0.00 0.00 0.00 0.00 0.00 0.00 0.00
car 0.00 0 0.00 948 68 957 76 0.00 0.00 0.00 0.00 0.00 0.00 0.00
car 0.00 0 0.00 852 64 859 71 0.00 0.00 0.00 0.00 0.00 0.00 0.00
car 0.00 0 0.00 845 49 850 55 0.00 0.00 0.00 0.00 0.00 0.00 0.00
car 0.00 0 0.00 520 453 552 470 0.00 0.00 0.00 0.00 0.00 0.00 0.00
