car 0.00 0 0.00 255 516 317 556 0.00 0.00 0.00 0.00 0.00 0.00 0.00
car 0.00 0 0.00 1150 679 1188 744 0.00 0.00 0.00 0.00 0.00 0.00 0.00
car 0.00 0 0.00 1256 775 1294 847 0.00 0.00 0.00 0.00 0.00 0.00 0.00
car 0.00 0 0.00 1294 751 1337 832 0.00 0.00 0.00 0.00 0.00 0.00 0.00
car 0.00 0 0.00 1313 627 1349 686 0.00 0.00 0.00 0.00 0.00 0.00 0.00
car 0.00 0 0.00 1339 733 1380 803 0.00 0.00 0.00 0.00 0.00 0.00 0.00
car 0.00 0 0.00 1376 601 1400 657 0.00 0.00 0.00 0.00 0.00 0.00 0.00
car 0.00 0 0.00 1373 717 1400 786 0.00 0.00 0.00 0.00 0.00 0.00 0.00
car 0.00 0 0.00 773 923 832 1015 0.00 0.00 0.00 0.00 0.00 0.00 0.00
car 0.00 0 0.00 607 506 640 556 0.00 0.00 0.00 0.00 0.00 0.00 0.00
car 0.00 0 0.00 563 405 589 444 0.00 0.00 0.00 0.00 0.00 0.00 0.00
car 0.00 0 0.00 658 384 691 418 0.00 0.00 0.00 0.00 0.00 0.00 0.00
car 0.00 0 0.00 621 320 649 351 0.00 0.00 0.00 0.00 0.00 0.00 0.00
car 0.00 0 0.00 637 352 669 385 0.00 0.00 0.00 0.00 0.00 0.00 0.00
car 0.00 0 0.00 529 147 548 167 0.00 0.00 0.00 0.00 0.00 0.00 0.00
car 0.00 0 0.00 541 345 567 375 0.00 0.00 0.00 0.00 0.00 0.00 0.00
car 0.00 0 0.00 554 370 582 408 0.00 0.00 0.00 0.00 0.00 0.00 0.00
van 0.00 0 0.00 651 614 686 670 0.00 0.00 0.00 0.00 0.00 0.00 0.00
van 0.00 0 0.00 627 553 659 611 0.00 0.00 0.00 0.00 0.00 0.00 0.00
van 0.00 0 0.00 524 305 550 341 0.00 0.00 0.00 0.00 0.00 0.00 0.00
van 0.00 0 0.00 508 269 538 305 0.00 0.00 0.00 0.00 0.00 0.00 0.00
van 0.00 0 0.00 461 151 477 171 0.00 0.00 0.00 0.00 0.00 0.00 0.00
truck 0.00 0 0.00 580 453 616 500 0.00 0.00 0.00 0.00 0.00 0.00 0.00
truck 0.00 0 0.00 725 393 777 429 0.00 0.00 0.00 0.00 0.00 0.00 0.00
truck 0.00 0 0.00 476 183 504 226 0.00 0.00 0.00 0.00 0.00 0.00 0.00
truck 0.00 0 0.00 812 1017 865 1050 0.00 0.00 0.00 0.00 0.00 0.00 0.00
tricycle 0.00 0 0.00 742 823 773 878 0.00 0.00 0.00 0.00 0.00 0.00 0.00
tricycle 0.00 0 0.00 717 759 751 804 0.00 0.00 0.00 0.00 0.00 0.00 0.00
tricycle 0.00 0 0.00 721 489 747 528 0.00 0.00 0.00 0.00 0.00 0.00 0.00
motor 0.00 0 0.00 793 628 809 654 0.00 0.00 0.00 0.00 0.00 0.00 0.00
motor 0.00 0 0.00 748 551 773 572 0.00 0.00 0.00 0.00 0.00 0.00 0.00
motor 0.00 0 0.00 745 541 766 556 0.00 0.00 0.00 0.00 0.00 0.00 0.00
motor 0.00 0 0.00 769 419 789 436 0.00 0.00 0.00 0.00 0.00 0.00 0.00
motor 0.00 0 0.00 772 587 792 607 0.00 0.00 0.00 0.00 0.00 0.00 0.00
motor 0.00 0 0.00 779 599 803 620 0.00 0.00 0.00 0.00 0.00 0.00 0.00
motor 0.00 0 0.00 757 617 767 638 0.00 0.00 0.00 0.00 0.00 0.00 0.00
motor 0.00 0 0.00 684 576 698 602 0.00 0.00 0.00 0.00 0.00 0.00 0.00
motor 0.00 0 0.00 689 494 697 516 0.00 0.00 0.00 0.00 0.00 0.00 0.00
motor 0.00 0 0.00 705 476 716 496 0.00 0.00 0.00 0.00 0.00 0.00 0.00
motor 0.00 0 0.00 736 447 748 466 0.00 0.00 0.00 0.00 0.00 0.00 0.00
bicycle 0.00 0 0.00 791 732 804 756 0.00 0.00 0.00 0.00 0.00 0.00 0.00
bicycle 0.00 0 0.00 832 783 847 811 0.00 0.00 0.00 0.00 0.00 0.00 0.00
pedestrian 0.00 0 0.00 856 702 867 723 0.00 0.00 0.00 0.00 0.00 0.00 0.00
pedestrian 0.00 0 0.00 834 631 841 650 0.00 0.00 0.00 0.00 0.00 0.00 0.00
pedestrian 0.00 0 0.00 847 636 857 655 0.00 0.00 0.00 0.00 0.00 0.00 0.00
pedestrian 0.00 0 0.00 802 575 808 590 0.00 0.00 0.00 0.00 0.00 0.00 0.00
pedestrian 0.00 0 0.00 806 579 812 588 0.00 0.00 0.00 0.00 0.00 0.00 0.00
pedestrian 0.00 0 0.00 750 459 755 477 0.00 0.00 0.00 0.00 0.00 0.00 0.00
pedestrian 0.00 0 0.00 182 538 197 558 0.00 0.00 0.00 0.00 0.00 0.00 0.00
pedestrian 0.00 0 0.00 514 110 521 125 0.00 0.00 0.00 0.00 0.00 0.00 0.00
pedestrian 0.00 0 0.00 630 364 637 382 0.00 0.00 0.00 0.00 0.00 0.00 0.00
bicycle 0.00 0 0.00 708 383 726 394 0.00 0.00 0.00 0.00 0.00 0.00 0.00
motor 0.00 0 0.00 758 372 777 388 0.00 0.00 0.00 0.00 0.00 0.00 0.00
people 0.00 0 0.00 835 789 845 805 0.00 0.00 0.00 0.00 0.00 0.00 0.00
people 0.00 0 0.00 794 735 802 751 0.00 0.00 0.00 0.00 0.00 0.00 0.00
people 0.00 0 0.00 686 579 695 592 0.00 0.00 0.00 0.00 0.00 0.00 0.00
people 0.00 0 0.00 759 619 766 633 0.00 0.00 0.00 0.00 0.00 0.00 0.00
people 0.00 0 0.00 689 495 696 511 0.00 0.00 0.00 0.00 0.00 0.00 0.00
people 0.00 0 0.00 707 479 715 492 0.00 0.00 0.00 0.00 0.00 0.00 0.00
people 0.00 0 0.00 739 448 746 465 0.00 0.00 0.00 0.00 0.00 0.00 0.00
people 0.00 0 0.00 778 421 787 434 0.00 0.00 0.00 0.00 0.00 0.00 0.00
truck 0.00 0 0.00 487 217 510 241 0.00 0.00 0.00 0.00 0.00 0.00 0.00
