motor 0.00 0 0.00 610 937 626 972 0.00 0.00 0.00 0.00 0.00 0.00 0.00
motor 0.00 0 0.00 649 912 666 947 0.00 0.00 0.00 0.00 0.00 0.00 0.00
truck 0.00 0 0.00 1244 932 1340 990 0.00 0.00 0.00 0.00 0.00 0.00 0.00
car 0.00 0 0.00 487 311 534 336 0.00 0.00 0.00 0.00 0.00 0.00 0.00
car 0.00 0 0.00 634 428 663 468 0.00 0.00 0.00 0.00 0.00 0.00 0.00
car 0.00 0 0.00 613 352 636 390 0.00 0.00 0.00 0.00 0.00 0.00 0.00
car 0.00 0 0.00 621 165 637 184 0.00 0.00 0.00 0.00 0.00 0.00 0.00
car 0.00 0 0.00 589 73 600 89 0.00 0.00 0.00 0.00 0.00 0.00 0.00
car 0.00 0 0.00 672 402 698 438 0.00 0.00 0.00 0.00 0.00 0.00 0.00
car 0.00 0 0.00 847 383 879 412 0.00 0.00 0.00 0.00 0.00 0.00 0.00
car 0.00 0 0.00 444 145 476 164 0.00 0.00 0.00 0.00 0.00 0.00 0.00
van 0.00 0 0.00 485 228 519 247 0.00 0.00 0.00 0.00 0.00 0.00 0.00
van 0.00 0 0.00 611 317 631 350 0.00 0.00 0.00 0.00 0.00 0.00 0.00
van 0.00 0 0.00 623 389 650 428 0.00 0.00 0.00 0.00 0.00 0.00 0.00
van 0.00 0 0.00 641 296 656 314 0.00 0.00 0.00 0.00 0.00 0.00 0.00
car 0.00 0 0.00 623 245 643 271 0.00 0.00 0.00 0.00 0.00 0.00 0.00
car 0.00 0 0.00 631 270 650 297 0.00 0.00 0.00 0.00 0.00 0.00 0.00
truck 0.00 0 0.00 640 310 682 395 0.00 0.00 0.00 0.00 0.00 0.00 0.00
truck 0.00 0 0.00 724 432 762 485 0.00 0.00 0.00 0.00 0.00 0.00 0.00
truck 0.00 0 0.00 634 468 679 570 0.00 0.00 0.00 0.00 0.00 0.00 0.00
truck 0.00 0 0.00 676 437 736 556 0.00 0.00 0.00 0.00 0.00 0.00 0.00
truck 0.00 0 0.00 553 20 568 44 0.00 0.00 0.00 0.00 0.00 0.00 0.00
truck 0.00 0 0.00 555 107 573 139 0.00 0.00 0.00 0.00 0.00 0.00 0.00
bus 0.00 0 0.00 589 247 623 321 0.00 0.00 0.00 0.00 0.00 0.00 0.00
bus 0.00 0 0.00 578 208 608 261 0.00 0.00 0.00 0.00 0.00 0.00 0.00
bus 0.00 0 0.00 605 191 637 249 0.00 0.00 0.00 0.00 0.00 0.00 0.00
bus 0.00 0 0.00 572 171 598 217 0.00 0.00 0.00 0.00 0.00 0.00 0.00
bus 0.00 0 0.00 593 156 621 207 0.00 0.00 0.00 0.00 0.00 0.00 0.00
bus 0.00 0 0.00 563 140 587 189 0.00 0.00 0.00 0.00 0.00 0.00 0.00
bus 0.00 0 0.00 575 113 602 159 0.00 0.00 0.00 0.00 0.00 0.00 0.00
pedestrian 0.00 0 0.00 478 256 485 269 0.00 0.00 0.00 0.00 0.00 0.00 0.00
pedestrian 0.00 0 0.00 481 252 487 267 0.00 0.00 0.00 0.00 0.00 0.00 0.00
pedestrian 0.00 0 0.00 969 464 977 482 0.00 0.00 0.00 0.00 0.00 0.00 0.00
pedestrian 0.00 0 0.00 973 468 980 484 0.00 0.00 0.00 0.00 0.00 0.00 0.00
motor 0.00 0 0.00 960 515 976 532 0.00 0.00 0.00 0.00 0.00 0.00 0.00
people 0.00 0 0.00 965 513 975 528 0.00 0.00 0.00 0.00 0.00 0.00 0.00
car 0.00 0 0.00 672 226 703 248 0.00 0.00 0.00 0.00 0.00 0.00 0.00
truck 0.00 0 0.00 583 9 598 32 0.00 0.00 0.00 0.00 0.00 0.00 0.00
