car 0.00 0 0.00 377 485 415 529 0.00 0.00 0.00 0.00 0.00 0.00 0.00
car 0.00 0 0.00 407 475 449 519 0.00 0.00 0.00 0.00 0.00 0.00 0.00
car 0.00 0 0.00 445 464 487 506 0.00 0.00 0.00 0.00 0.00 0.00 0.00
car 0.00 0 0.00 474 449 518 493 0.00 0.00 0.00 0.00 0.00 0.00 0.00
car 0.00 0 0.00 509 437 550 479 0.00 0.00 0.00 0.00 0.00 0.00 0.00
car 0.00 0 0.00 600 409 639 446 0.00 0.00 0.00 0.00 0.00 0.00 0.00
van 0.00 0 0.00 298 343 328 379 0.00 0.00 0.00 0.00 0.00 0.00 0.00
van 0.00 0 0.00 324 329 356 364 0.00 0.00 0.00 0.00 0.00 0.00 0.00
car 0.00 0 0.00 354 319 382 354 0.00 0.00 0.00 0.00 0.00 0.00 0.00
car 0.00 0 0.00 407 302 440 337 0.00 0.00 0.00 0.00 0.00 0.00 0.00
van 0.00 0 0.00 433 296 466 332 0.00 0.00 0.00 0.00 0.00 0.00 0.00
car 0.00 0 0.00 487 284 515 314 0.00 0.00 0.00 0.00 0.00 0.00 0.00
car 0.00 0 0.00 549 348 585 383 0.00 0.00 0.00 0.00 0.00 0.00 0.00
car 0.00 0 0.00 575 339 611 374 0.00 0.00 0.00 0.00 0.00 0.00 0.00
van 0.00 0 0.00 583 257 614 288 0.00 0.00 0.00 0.00 0.00 0.00 0.00
car 0.00 0 0.00 624 247 659 275 0.00 0.00 0.00 0.00 0.00 0.00 0.00
car 0.00 0 0.00 648 240 677 264 0.00 0.00 0.00 0.00 0.00 0.00 0.00
car 0.00 0 0.00 681 378 725 414 0.00 0.00 0.00 0.00 0.00 0.00 0.00
car 0.00 0 0.00 739 365 776 395 0.00 0.00 0.00 0.00 0.00 0.00 0.00
car 0.00 0 0.00 762 354 800 384 0.00 0.00 0.00 0.00 0.00 0.00 0.00
car 0.00 0 0.00 786 344 829 377 0.00 0.00 0.00 0.00 0.00 0.00 0.00
car 0.00 0 0.00 880 311 923 341 0.00 0.00 0.00 0.00 0.00 0.00 0.00
car 0.00 0 0.00 903 300 944 332 0.00 0.00 0.00 0.00 0.00 0.00 0.00
car 0.00 0 0.00 888 341 915 368 0.00 0.00 0.00 0.00 0.00 0.00 0.00
car 0.00 0 0.00 868 348 895 375 0.00 0.00 0.00 0.00 0.00 0.00 0.00
car 0.00 0 0.00 844 356 875 384 0.00 0.00 0.00 0.00 0.00 0.00 0.00
car 0.00 0 0.00 799 375 827 404 0.00 0.00 0.00 0.00 0.00 0.00 0.00
car 0.00 0 0.00 773 382 803 413 0.00 0.00 0.00 0.00 0.00 0.00 0.00
car 0.00 0 0.00 750 395 773 423 0.00 0.00 0.00 0.00 0.00 0.00 0.00
car 0.00 0 0.00 723 403 755 432 0.00 0.00 0.00 0.00 0.00 0.00 0.00
car 0.00 0 0.00 670 422 698 453 0.00 0.00 0.00 0.00 0.00 0.00 0.00
car 0.00 0 0.00 645 429 674 466 0.00 0.00 0.00 0.00 0.00 0.00 0.00
car 0.00 0 0.00 615 441 647 472 0.00 0.00 0.00 0.00 0.00 0.00 0.00
car 0.00 0 0.00 583 453 610 487 0.00 0.00 0.00 0.00 0.00 0.00 0.00
car 0.00 0 0.00 555 463 585 496 0.00 0.00 0.00 0.00 0.00 0.00 0.00
car 0.00 0 0.00 526 472 557 507 0.00 0.00 0.00 0.00 0.00 0.00 0.00
car 0.00 0 0.00 493 490 523 522 0.00 0.00 0.00 0.00 0.00 0.00 0.00
car 0.00 0 0.00 389 534 418 561 0.00 0.00 0.00 0.00 0.00 0.00 0.00
car 0.00 0 0.00 393 557 423 587 0.00 0.00 0.00 0.00 0.00 0.00 0.00
car 0.00 0 0.00 469 533 495 558 0.00 0.00 0.00 0.00 0.00 0.00 0.00
car 0.00 0 0.00 402 584 428 612 0.00 0.00 0.00 0.00 0.00 0.00 0.00
car 0.00 0 0.00 442 568 472 595 0.00 0.00 0.00 0.00 0.00 0.00 0.00
car 0.00 0 0.00 470 554 500 585 0.00 0.00 0.00 0.00 0.00 0.00 0.00
car 0.00 0 0.00 500 546 526 573 0.00 0.00 0.00 0.00 0.00 0.00 0.00
car 0.00 0 0.00 475 583 503 610 0.00 0.00 0.00 0.00 0.00 0.00 0.00
car 0.00 0 0.00 534 527 564 558 0.00 0.00 0.00 0.00 0.00 0.00 0.00
car 0.00 0 0.00 561 520 589 548 0.00 0.00 0.00 0.00 0.00 0.00 0.00
car 0.00 0 0.00 567 544 593 570 0.00 0.00 0.00 0.00 0.00 0.00 0.00
car 0.00 0 0.00 589 530 617 559 0.00 0.00 0.00 0.00 0.00 0.00 0.00
car 0.00 0 0.00 589 513 617 537 0.00 0.00 0.00 0.00 0.00 0.00 0.00
car 0.00 0 0.00 583 485 614 513 0.00 0.00 0.00 0.00 0.00 0.00 0.00
car 0.00 0 0.00 614 472 647 501 0.00 0.00 0.00 0.00 0.00 0.00 0.00
car 0.00 0 0.00 619 497 649 524 0.00 0.00 0.00 0.00 0.00 0.00 0.00
car 0.00 0 0.00 618 523 649 549 0.00 0.00 0.00 0.00 0.00 0.00 0.00
car 0.00 0 0.00 644 487 672 512 0.00 0.00 0.00 0.00 0.00 0.00 0.00
car 0.00 0 0.00 642 462 671 488 0.00 0.00 0.00 0.00 0.00 0.00 0.00
car 0.00 0 0.00 643 510 670 537 0.00 0.00 0.00 0.00 0.00 0.00 0.00
car 0.00 0 0.00 668 498 695 524 0.00 0.00 0.00 0.00 0.00 0.00 0.00
car 0.00 0 0.00 668 476 696 502 0.00 0.00 0.00 0.00 0.00 0.00 0.00
car 0.00 0 0.00 724 432 749 456 0.00 0.00 0.00 0.00 0.00 0.00 0.00
car 0.00 0 0.00 746 422 772 448 0.00 0.00 0.00 0.00 0.00 0.00 0.00
car 0.00 0 0.00 774 411 798 436 0.00 0.00 0.00 0.00 0.00 0.00 0.00
car 0.00 0 0.00 700 463 727 490 0.00 0.00 0.00 0.00 0.00 0.00 0.00
car 0.00 0 0.00 724 457 751 480 0.00 0.00 0.00 0.00 0.00 0.00 0.00
car 0.00 0 0.00 746 448 773 472 0.00 0.00 0.00 0.00 0.00 0.00 0.00
car 0.00 0 0.00 725 481 751 502 0.00 0.00 0.00 0.00 0.00 0.00 0.00
car 0.00 0 0.00 821 417 844 442 0.00 0.00 0.00 0.00 0.00 0.00 0.00
car 0.00 0 0.00 773 439 799 459 0.00 0.00 0.00 0.00 0.00 0.00 0.00
car 0.00 0 0.00 797 425 823 449 0.00 0.00 0.00 0.00 0.00 0.00 0.00
car 0.00 0 0.00 843 385 873 408 0.00 0.00 0.00 0.00 0.00 0.00 0.00
car 0.00 0 0.00 869 377 893 402 0.00 0.00 0.00 0.00 0.00 0.00 0.00
car 0.00 0 0.00 911 358 939 380 0.00 0.00 0.00 0.00 0.00 0.00 0.00
car 0.00 0 0.00 847 408 874 432 0.00 0.00 0.00 0.00 0.00 0.00 0.00
car 0.00 0 0.00 866 400 892 425 0.00 0.00 0.00 0.00 0.00 0.00 0.00
car 0.00 0 0.00 820 443 843 466 0.00 0.00 0.00 0.00 0.00 0.00 0.00
car 0.00 0 0.00 777 458 801 481 0.00 0.00 0.00 0.00 0.00 0.00 0.00
car 0.00 0 0.00 845 430 870 455 0.00 0.00 0.00 0.00 0.00 0.00 0.00
car 0.00 0 0.00 869 423 894 447 0.00 0.00 0.00 0.00 0.00 0.00 0.00
car 0.00 0 0.00 887 414 909 439 0.00 0.00 0.00 0.00 0.00 0.00 0.00
car 0.00 0 0.00 905 405 929 427 0.00 0.00 0.00 0.00 0.00 0.00 0.00
