pedestrian 0.00 0 0.00 175 678 219 741 0.00 0.00 0.00 0.00 0.00 0.00 0.00
pedestrian 0.00 0 0.00 183 625 253 712 0.00 0.00 0.00 0.00 0.00 0.00 0.00
pedestrian 0.00 0 0.00 495 86 516 148 0.00 0.00 0.00 0.00 0.00 0.00 0.00
pedestrian 0.00 0 0.00 516 159 541 222 0.00 0.00 0.00 0.00 0.00 0.00 0.00
pedestrian 0.00 0 0.00 611 190 633 248 0.00 0.00 0.00 0.00 0.00 0.00 0.00
pedestrian 0.00 0 0.00 588 199 612 253 0.00 0.00 0.00 0.00 0.00 0.00 0.00
pedestrian 0.00 0 0.00 1012 107 1030 148 0.00 0.00 0.00 0.00 0.00 0.00 0.00
pedestrian 0.00 0 0.00 761 406 795 472 0.00 0.00 0.00 0.00 0.00 0.00 0.00
pedestrian 0.00 0 0.00 675 769 722 835 0.00 0.00 0.00 0.00 0.00 0.00 0.00
pedestrian 0.00 0 0.00 804 840 840 912 0.00 0.00 0.00 0.00 0.00 0.00 0.00
pedestrian 0.00 0 0.00 858 827 896 898 0.00 0.00 0.00 0.00 0.00 0.00 0.00
pedestrian 0.00 0 0.00 867 888 899 962 0.00 0.00 0.00 0.00 0.00 0.00 0.00
car 0.00 0 0.00 514 1035 756 1354 0.00 0.00 0.00 0.00 0.00 0.00 0.00
car 0.00 0 0.00 711 1090 920 1478 0.00 0.00 0.00 0.00 0.00 0.00 0.00
car 0.00 0 0.00 1231 971 1441 1290 0.00 0.00 0.00 0.00 0.00 0.00 0.00
van 0.00 0 0.00 623 312 779 413 0.00 0.00 0.00 0.00 0.00 0.00 0.00
car 0.00 0 0.00 922 509 1031 662 0.00 0.00 0.00 0.00 0.00 0.00 0.00
car 0.00 0 0.00 791 55 927 112 0.00 0.00 0.00 0.00 0.00 0.00 0.00
bicycle 0.00 0 0.00 434 86 473 122 0.00 0.00 0.00 0.00 0.00 0.00 0.00
pedestrian 0.00 0 0.00 1021 186 1037 241 0.00 0.00 0.00 0.00 0.00 0.00 0.00
pedestrian 0.00 0 0.00 1033 211 1049 248 0.00 0.00 0.00 0.00 0.00 0.00 0.00
car 0.00 0 0.00 1261 1365 1446 1500 0.00 0.00 0.00 0.00 0.00 0.00 0.00
car 0.00 0 0.00 1271 720 1394 923 0.00 0.00 0.00 0.00 0.00 0.00 0.00
car 0.00 0 0.00 1285 575 1381 700 0.00 0.00 0.00 0.00 0.00 0.00 0.00
car 0.00 0 0.00 1053 265 1123 366 0.00 0.00 0.00 0.00 0.00 0.00 0.00
car 0.00 0 0.00 1294 225 1359 301 0.00 0.00 0.00 0.00 0.00 0.00 0.00
car 0.00 0 0.00 1284 310 1361 405 0.00 0.00 0.00 0.00 0.00 0.00 0.00
van 0.00 0 0.00 1276 393 1386 557 0.00 0.00 0.00 0.00 0.00 0.00 0.00
car 0.00 0 0.00 1073 180 1139 270 0.00 0.00 0.00 0.00 0.00 0.00 0.00
car 0.00 0 0.00 1099 116 1161 190 0.00 0.00 0.00 0.00 0.00 0.00 0.00
car 0.00 0 0.00 1293 150 1354 218 0.00 0.00 0.00 0.00 0.00 0.00 0.00
car 0.00 0 0.00 1289 88 1347 158 0.00 0.00 0.00 0.00 0.00 0.00 0.00
car 0.00 0 0.00 1292 37 1343 99 0.00 0.00 0.00 0.00 0.00 0.00 0.00
car 0.00 0 0.00 1301 3 1344 49 0.00 0.00 0.00 0.00 0.00 0.00 0.00
pedestrian 0.00 0 0.00 1357 32 1372 77 0.00 0.00 0.00 0.00 0.00 0.00 0.00
pedestrian 0.00 0 0.00 1366 55 1374 81 0.00 0.00 0.00 0.00 0.00 0.00 0.00
van 0.00 0 0.00 1115 46 1166 117 0.00 0.00 0.00 0.00 0.00 0.00 0.00
van 0.00 0 0.00 1129 18 1170 66 0.00 0.00 0.00 0.00 0.00 0.00 0.00
car 0.00 0 0.00 1143 0 1191 40 0.00 0.00 0.00 0.00 0.00 0.00 0.00
pedestrian 0.00 0 0.00 805 423 841 500 0.00 0.00 0.00 0.00 0.00 0.00 0.00
