truck 0.00 0 0.00 632 725 806 1328 0.00 0.00 0.00 0.00 0.00 0.00 0.00
people 0.00 0 0.00 450 1038 484 1113 0.00 0.00 0.00 0.00 0.00 0.00 0.00
bicycle 0.00 0 0.00 448 1072 482 1129 0.00 0.00 0.00 0.00 0.00 0.00 0.00
car 0.00 0 0.00 1604 1125 1866 1251 0.00 0.00 0.00 0.00 0.00 0.00 0.00
car 0.00 0 0.00 1716 1231 1992 1372 0.00 0.00 0.00 0.00 0.00 0.00 0.00
car 0.00 0 0.00 1889 1070 2000 1212 0.00 0.00 0.00 0.00 0.00 0.00 0.00
van 0.00 0 0.00 664 659 724 730 0.00 0.00 0.00 0.00 0.00 0.00 0.00
car 0.00 0 0.00 661 565 715 619 0.00 0.00 0.00 0.00 0.00 0.00 0.00
car 0.00 0 0.00 758 478 790 522 0.00 0.00 0.00 0.00 0.00 0.00 0.00
truck 0.00 0 0.00 653 363 715 485 0.00 0.00 0.00 0.00 0.00 0.00 0.00
truck 0.00 0 0.00 660 296 703 372 0.00 0.00 0.00 0.00 0.00 0.00 0.00
truck 0.00 0 0.00 802 421 873 506 0.00 0.00 0.00 0.00 0.00 0.00 0.00
truck 0.00 0 0.00 894 452 1005 589 0.00 0.00 0.00 0.00 0.00 0.00 0.00
van 0.00 0 0.00 777 327 804 352 0.00 0.00 0.00 0.00 0.00 0.00 0.00
van 0.00 0 0.00 763 300 788 325 0.00 0.00 0.00 0.00 0.00 0.00 0.00
car 0.00 0 0.00 746 279 766 294 0.00 0.00 0.00 0.00 0.00 0.00 0.00
truck 0.00 0 0.00 730 236 753 260 0.00 0.00 0.00 0.00 0.00 0.00 0.00
truck 0.00 0 0.00 771 232 792 259 0.00 0.00 0.00 0.00 0.00 0.00 0.00
pedestrian 0.00 0 0.00 830 279 836 299 0.00 0.00 0.00 0.00 0.00 0.00 0.00
pedestrian 0.00 0 0.00 834 278 840 297 0.00 0.00 0.00 0.00 0.00 0.00 0.00
car 0.00 0 0.00 666 273 685 291 0.00 0.00 0.00 0.00 0.00 0.00 0.00
van 0.00 0 0.00 670 255 689 271 0.00 0.00 0.00 0.00 0.00 0.00 0.00
van 0.00 0 0.00 678 248 694 266 0.00 0.00 0.00 0.00 0.00 0.00 0.00
van 0.00 0 0.00 671 245 686 258 0.00 0.00 0.00 0.00 0.00 0.00 0.00
truck 0.00 0 0.00 668 215 691 250 0.00 0.00 0.00 0.00 0.00 0.00 0.00
van 0.00 0 0.00 628 110 637 115 0.00 0.00 0.00 0.00 0.00 0.00 0.00
car 0.00 0 0.00 1590 611 1702 655 0.00 0.00 0.00 0.00 0.00 0.00 0.00
car 0.00 0 0.00 1540 593 1653 635 0.00 0.00 0.00 0.00 0.00 0.00 0.00
tricycle 0.00 0 0.00 1833 591 1877 627 0.00 0.00 0.00 0.00 0.00 0.00 0.00
motor 0.00 0 0.00 1799 576 1826 603 0.00 0.00 0.00 0.00 0.00 0.00 0.00
motor 0.00 0 0.00 1758 568 1777 599 0.00 0.00 0.00 0.00 0.00 0.00 0.00
motor 0.00 0 0.00 1775 573 1794 600 0.00 0.00 0.00 0.00 0.00 0.00 0.00
motor 0.00 0 0.00 1729 538 1757 570 0.00 0.00 0.00 0.00 0.00 0.00 0.00
motor 0.00 0 0.00 1700 543 1731 576 0.00 0.00 0.00 0.00 0.00 0.00 0.00
car 0.00 0 0.00 1626 502 1638 539 0.00 0.00 0.00 0.00 0.00 0.00 0.00
car 0.00 0 0.00 1486 436 1554 466 0.00 0.00 0.00 0.00 0.00 0.00 0.00
motor 0.00 0 0.00 1506 414 1531 433 0.00 0.00 0.00 0.00 0.00 0.00 0.00
car 0.00 0 0.00 1435 399 1504 428 0.00 0.00 0.00 0.00 0.00 0.00 0.00
pedestrian 0.00 0 0.00 1537 392 1544 413 0.00 0.00 0.00 0.00 0.00 0.00 0.00
pedestrian 0.00 0 0.00 1500 376 1509 394 0.00 0.00 0.00 0.00 0.00 0.00 0.00
van 0.00 0 0.00 1335 372 1372 407 0.00 0.00 0.00 0.00 0.00 0.00 0.00
motor 0.00 0 0.00 1384 383 1405 406 0.00 0.00 0.00 0.00 0.00 0.00 0.00
motor 0.00 0 0.00 1382 379 1407 401 0.00 0.00 0.00 0.00 0.00 0.00 0.00
motor 0.00 0 0.00 1300 360 1308 378 0.00 0.00 0.00 0.00 0.00 0.00 0.00
motor 0.00 0 0.00 1274 352 1293 367 0.00 0.00 0.00 0.00 0.00 0.00 0.00
van 0.00 0 0.00 1193 327 1227 352 0.00 0.00 0.00 0.00 0.00 0.00 0.00
van 0.00 0 0.00 1173 305 1197 331 0.00 0.00 0.00 0.00 0.00 0.00 0.00
van 0.00 0 0.00 1273 442 1345 471 0.00 0.00 0.00 0.00 0.00 0.00 0.00
van 0.00 0 0.00 1257 425 1334 457 0.00 0.00 0.00 0.00 0.00 0.00 0.00
van 0.00 0 0.00 1239 420 1307 449 0.00 0.00 0.00 0.00 0.00 0.00 0.00
van 0.00 0 0.00 1214 414 1281 445 0.00 0.00 0.00 0.00 0.00 0.00 0.00
van 0.00 0 0.00 1199 409 1267 441 0.00 0.00 0.00 0.00 0.00 0.00 0.00
van 0.00 0 0.00 1183 383 1246 416 0.00 0.00 0.00 0.00 0.00 0.00 0.00
van 0.00 0 0.00 1165 378 1221 405 0.00 0.00 0.00 0.00 0.00 0.00 0.00
van 0.00 0 0.00 1156 370 1218 399 0.00 0.00 0.00 0.00 0.00 0.00 0.00
van 0.00 0 0.00 1150 365 1212 390 0.00 0.00 0.00 0.00 0.00 0.00 0.00
car 0.00 0 0.00 1054 309 1106 333 0.00 0.00 0.00 0.00 0.00 0.00 0.00
van 0.00 0 0.00 1141 276 1182 297 0.00 0.00 0.00 0.00 0.00 0.00 0.00
car 0.00 0 0.00 1099 268 1142 284 0.00 0.00 0.00 0.00 0.00 0.00 0.00
tricycle 0.00 0 0.00 1022 238 1036 251 0.00 0.00 0.00 0.00 0.00 0.00 0.00
car 0.00 0 0.00 971 220 996 232 0.00 0.00 0.00 0.00 0.00 0.00 0.00
car 0.00 0 0.00 974 224 999 233 0.00 0.00 0.00 0.00 0.00 0.00 0.00
car 0.00 0 0.00 979 218 1006 230 0.00 0.00 0.00 0.00 0.00 0.00 0.00
car 0.00 0 0.00 953 210 969 222 0.00 0.00 0.00 0.00 0.00 0.00 0.00
van 0.00 0 0.00 917 192 937 203 0.00 0.00 0.00 0.00 0.00 0.00 0.00
car 0.00 0 0.00 901 197 928 206 0.00 0.00 0.00 0.00 0.00 0.00 0.00
car 0.00 0 0.00 863 274 898 288 0.00 0.00 0.00 0.00 0.00 0.00 0.00
