car 0.00 0 0.00 366 950 467 994 0.00 0.00 0.00 0.00 0.00 0.00 0.00
car 0.00 0 0.00 129 960 234 1004 0.00 0.00 0.00 0.00 0.00 0.00 0.00
car 0.00 0 0.00 103 1000 201 1048 0.00 0.00 0.00 0.00 0.00 0.00 0.00
car 0.00 0 0.00 5 979 104 1032 0.00 0.00 0.00 0.00 0.00 0.00 0.00
car 0.00 0 0.00 14 932 114 978 0.00 0.00 0.00 0.00 0.00 0.00 0.00
car 0.00 0 0.00 586 888 663 932 0.00 0.00 0.00 0.00 0.00 0.00 0.00
car 0.00 0 0.00 794 687 815 712 0.00 0.00 0.00 0.00 0.00 0.00 0.00
car 0.00 0 0.00 695 778 725 811 0.00 0.00 0.00 0.00 0.00 0.00 0.00
car 0.00 0 0.00 669 763 698 798 0.00 0.00 0.00 0.00 0.00 0.00 0.00
car 0.00 0 0.00 686 735 716 761 0.00 0.00 0.00 0.00 0.00 0.00 0.00
car 0.00 0 0.00 718 736 747 766 0.00 0.00 0.00 0.00 0.00 0.00 0.00
car 0.00 0 0.00 599 761 635 791 0.00 0.00 0.00 0.00 0.00 0.00 0.00
car 0.00 0 0.00 621 736 650 764 0.00 0.00 0.00 0.00 0.00 0.00 0.00
car 0.00 0 0.00 703 712 731 737 0.00 0.00 0.00 0.00 0.00 0.00 0.00
van 0.00 0 0.00 633 762 663 797 0.00 0.00 0.00 0.00 0.00 0.00 0.00
truck 0.00 0 0.00 654 715 690 766 0.00 0.00 0.00 0.00 0.00 0.00 0.00
car 0.00 0 0.00 643 715 667 743 0.00 0.00 0.00 0.00 0.00 0.00 0.00
car 0.00 0 0.00 721 690 746 713 0.00 0.00 0.00 0.00 0.00 0.00 0.00
car 0.00 0 0.00 714 796 755 836 0.00 0.00 0.00 0.00 0.00 0.00 0.00
car 0.00 0 0.00 740 665 758 686 0.00 0.00 0.00 0.00 0.00 0.00 0.00
car 0.00 0 0.00 796 661 811 677 0.00 0.00 0.00 0.00 0.00 0.00 0.00
car 0.00 0 0.00 890 973 974 1022 0.00 0.00 0.00 0.00 0.00 0.00 0.00
car 0.00 0 0.00 1018 992 1114 1047 0.00 0.00 0.00 0.00 0.00 0.00 0.00
car 0.00 0 0.00 923 1024 1025 1050 0.00 0.00 0.00 0.00 0.00 0.00 0.00
car 0.00 0 0.00 1162 1013 1283 1050 0.00 0.00 0.00 0.00 0.00 0.00 0.00
pedestrian 0.00 0 0.00 815 900 825 928 0.00 0.00 0.00 0.00 0.00 0.00 0.00
people 0.00 0 0.00 935 874 944 899 0.00 0.00 0.00 0.00 0.00 0.00 0.00
motor 0.00 0 0.00 925 880 949 896 0.00 0.00 0.00 0.00 0.00 0.00 0.00
car 0.00 0 0.00 832 583 844 593 0.00 0.00 0.00 0.00 0.00 0.00 0.00
car 0.00 0 0.00 864 542 878 558 0.00 0.00 0.00 0.00 0.00 0.00 0.00
car 0.00 0 0.00 843 525 851 532 0.00 0.00 0.00 0.00 0.00 0.00 0.00
car 0.00 0 0.00 851 519 858 528 0.00 0.00 0.00 0.00 0.00 0.00 0.00
van 0.00 0 0.00 783 544 808 561 0.00 0.00 0.00 0.00 0.00 0.00 0.00
people 0.00 0 0.00 516 866 526 883 0.00 0.00 0.00 0.00 0.00 0.00 0.00
people 0.00 0 0.00 501 867 512 887 0.00 0.00 0.00 0.00 0.00 0.00 0.00
people 0.00 0 0.00 571 818 579 830 0.00 0.00 0.00 0.00 0.00 0.00 0.00
people 0.00 0 0.00 579 801 585 815 0.00 0.00 0.00 0.00 0.00 0.00 0.00
pedestrian 0.00 0 0.00 495 798 502 816 0.00 0.00 0.00 0.00 0.00 0.00 0.00
pedestrian 0.00 0 0.00 498 793 505 814 0.00 0.00 0.00 0.00 0.00 0.00 0.00
people 0.00 0 0.00 570 782 581 801 0.00 0.00 0.00 0.00 0.00 0.00 0.00
motor 0.00 0 0.00 498 875 509 898 0.00 0.00 0.00 0.00 0.00 0.00 0.00
motor 0.00 0 0.00 513 875 523 894 0.00 0.00 0.00 0.00 0.00 0.00 0.00
motor 0.00 0 0.00 569 827 583 843 0.00 0.00 0.00 0.00 0.00 0.00 0.00
motor 0.00 0 0.00 577 809 587 822 0.00 0.00 0.00 0.00 0.00 0.00 0.00
people 0.00 0 0.00 556 789 564 807 0.00 0.00 0.00 0.00 0.00 0.00 0.00
people 0.00 0 0.00 483 846 498 864 0.00 0.00 0.00 0.00 0.00 0.00 0.00
motor 0.00 0 0.00 474 858 502 874 0.00 0.00 0.00 0.00 0.00 0.00 0.00
