car 0.00 0 0.00 1091 962 1128 1035 0.00 0.00 0.00 0.00 0.00 0.00 0.00
car 0.00 0 0.00 1144 994 1178 1066 0.00 0.00 0.00 0.00 0.00 0.00 0.00
car 0.00 0 0.00 1074 871 1143 918 0.00 0.00 0.00 0.00 0.00 0.00 0.00
car 0.00 0 0.00 1476 663 1538 693 0.00 0.00 0.00 0.00 0.00 0.00 0.00
car 0.00 0 0.00 1457 750 1519 805 0.00 0.00 0.00 0.00 0.00 0.00 0.00
car 0.00 0 0.00 1520 518 1551 561 0.00 0.00 0.00 0.00 0.00 0.00 0.00
car 0.00 0 0.00 1541 458 1594 488 0.00 0.00 0.00 0.00 0.00 0.00 0.00
car 0.00 0 0.00 1434 427 1486 461 0.00 0.00 0.00 0.00 0.00 0.00 0.00
car 0.00 0 0.00 1418 453 1472 482 0.00 0.00 0.00 0.00 0.00 0.00 0.00
car 0.00 0 0.00 1357 430 1399 458 0.00 0.00 0.00 0.00 0.00 0.00 0.00
pedestrian 0.00 0 0.00 906 777 917 793 0.00 0.00 0.00 0.00 0.00 0.00 0.00
car 0.00 0 0.00 770 830 820 887 0.00 0.00 0.00 0.00 0.00 0.00 0.00
car 0.00 0 0.00 1076 318 1117 341 0.00 0.00 0.00 0.00 0.00 0.00 0.00
car 0.00 0 0.00 1100 298 1143 320 0.00 0.00 0.00 0.00 0.00 0.00 0.00
car 0.00 0 0.00 419 172 456 194 0.00 0.00 0.00 0.00 0.00 0.00 0.00
car 0.00 0 0.00 363 158 389 178 0.00 0.00 0.00 0.00 0.00 0.00 0.00
car 0.00 0 0.00 359 647 411 694 0.00 0.00 0.00 0.00 0.00 0.00 0.00
car 0.00 0 0.00 278 485 310 510 0.00 0.00 0.00 0.00 0.00 0.00 0.00
van 0.00 0 0.00 698 936 760 987 0.00 0.00 0.00 0.00 0.00 0.00 0.00
car 0.00 0 0.00 1454 76 1473 105 0.00 0.00 0.00 0.00 0.00 0.00 0.00
car 0.00 0 0.00 1393 70 1409 94 0.00 0.00 0.00 0.00 0.00 0.00 0.00
truck 0.00 0 0.00 1281 51 1299 79 0.00 0.00 0.00 0.00 0.00 0.00 0.00
car 0.00 0 0.00 1226 55 1242 73 0.00 0.00 0.00 0.00 0.00 0.00 0.00
car 0.00 0 0.00 1202 49 1218 70 0.00 0.00 0.00 0.00 0.00 0.00 0.00
car 0.00 0 0.00 1084 85 1103 104 0.00 0.00 0.00 0.00 0.00 0.00 0.00
car 0.00 0 0.00 1048 80 1064 97 0.00 0.00 0.00 0.00 0.00 0.00 0.00
truck 0.00 0 0.00 901 55 968 85 0.00 0.00 0.00 0.00 0.00 0.00 0.00
car 0.00 0 0.00 902 29 930 44 0.00 0.00 0.00 0.00 0.00 0.00 0.00
car 0.00 0 0.00 910 15 942 30 0.00 0.00 0.00 0.00 0.00 0.00 0.00
car 0.00 0 0.00 817 0 847 11 0.00 0.00 0.00 0.00 0.00 0.00 0.00
car 0.00 0 0.00 765 2 797 16 0.00 0.00 0.00 0.00 0.00 0.00 0.00
car 0.00 0 0.00 758 43 779 65 0.00 0.00 0.00 0.00 0.00 0.00 0.00
car 0.00 0 0.00 732 36 756 58 0.00 0.00 0.00 0.00 0.00 0.00 0.00
