car 0.00 0 0.00 175 413 238 435 0.00 0.00 0.00 0.00 0.00 0.00 0.00
motor 0.00 0 0.00 298 407 320 422 0.00 0.00 0.00 0.00 0.00 0.00 0.00
tricycle 0.00 0 0.00 416 403 445 418 0.00 0.00 0.00 0.00 0.00 0.00 0.00
motor 0.00 0 0.00 458 400 477 413 0.00 0.00 0.00 0.00 0.00 0.00 0.00
van 0.00 0 0.00 528 374 578 397 0.00 0.00 0.00 0.00 0.00 0.00 0.00
truck 0.00 0 0.00 600 369 646 389 0.00 0.00 0.00 0.00 0.00 0.00 0.00
van 0.00 0 0.00 1157 323 1180 336 0.00 0.00 0.00 0.00 0.00 0.00 0.00
pedestrian 0.00 0 0.00 1134 696 1144 725 0.00 0.00 0.00 0.00 0.00 0.00 0.00
pedestrian 0.00 0 0.00 1107 686 1122 722 0.00 0.00 0.00 0.00 0.00 0.00 0.00
pedestrian 0.00 0 0.00 1086 693 1097 727 0.00 0.00 0.00 0.00 0.00 0.00 0.00
pedestrian 0.00 0 0.00 993 709 1009 746 0.00 0.00 0.00 0.00 0.00 0.00 0.00
pedestrian 0.00 0 0.00 976 706 993 743 0.00 0.00 0.00 0.00 0.00 0.00 0.00
pedestrian 0.00 0 0.00 913 710 928 747 0.00 0.00 0.00 0.00 0.00 0.00 0.00
pedestrian 0.00 0 0.00 762 722 778 760 0.00 0.00 0.00 0.00 0.00 0.00 0.00
pedestrian 0.00 0 0.00 668 761 690 804 0.00 0.00 0.00 0.00 0.00 0.00 0.00
pedestrian 0.00 0 0.00 1509 524 1516 540 0.00 0.00 0.00 0.00 0.00 0.00 0.00
pedestrian 0.00 0 0.00 1530 503 1537 515 0.00 0.00 0.00 0.00 0.00 0.00 0.00
pedestrian 0.00 0 0.00 1223 522 1231 538 0.00 0.00 0.00 0.00 0.00 0.00 0.00
people 0.00 0 0.00 1461 478 1472 492 0.00 0.00 0.00 0.00 0.00 0.00 0.00
people 0.00 0 0.00 1455 483 1465 497 0.00 0.00 0.00 0.00 0.00 0.00 0.00
people 0.00 0 0.00 1476 519 1486 531 0.00 0.00 0.00 0.00 0.00 0.00 0.00
people 0.00 0 0.00 1485 507 1497 520 0.00 0.00 0.00 0.00 0.00 0.00 0.00
people 0.00 0 0.00 1497 514 1507 524 0.00 0.00 0.00 0.00 0.00 0.00 0.00
pedestrian 0.00 0 0.00 1503 503 1512 513 0.00 0.00 0.00 0.00 0.00 0.00 0.00
people 0.00 0 0.00 1201 537 1211 551 0.00 0.00 0.00 0.00 0.00 0.00 0.00
people 0.00 0 0.00 1206 536 1216 550 0.00 0.00 0.00 0.00 0.00 0.00 0.00
people 0.00 0 0.00 1190 533 1201 550 0.00 0.00 0.00 0.00 0.00 0.00 0.00
pedestrian 0.00 0 0.00 1195 537 1203 550 0.00 0.00 0.00 0.00 0.00 0.00 0.00
