car 0.00 0 0.00 1049 1180 1182 1346 0.00 0.00 0.00 0.00 0.00 0.00 0.00
car 0.00 0 0.00 1751 1239 1945 1364 0.00 0.00 0.00 0.00 0.00 0.00 0.00
tricycle 0.00 0 0.00 1957 1210 2000 1260 0.00 0.00 0.00 0.00 0.00 0.00 0.00
van 0.00 0 0.00 1944 1357 2000 1464 0.00 0.00 0.00 0.00 0.00 0.00 0.00
bicycle 0.00 0 0.00 1530 1178 1575 1224 0.00 0.00 0.00 0.00 0.00 0.00 0.00
tricycle 0.00 0 0.00 1394 1147 1523 1242 0.00 0.00 0.00 0.00 0.00 0.00 0.00
pedestrian 0.00 0 0.00 1302 1428 1336 1500 0.00 0.00 0.00 0.00 0.00 0.00 0.00
pedestrian 0.00 0 0.00 1249 1416 1285 1500 0.00 0.00 0.00 0.00 0.00 0.00 0.00
people 0.00 0 0.00 1219 1325 1257 1379 0.00 0.00 0.00 0.00 0.00 0.00 0.00
people 0.00 0 0.00 1200 1328 1245 1379 0.00 0.00 0.00 0.00 0.00 0.00 0.00
motor 0.00 0 0.00 1196 1334 1270 1387 0.00 0.00 0.00 0.00 0.00 0.00 0.00
pedestrian 0.00 0 0.00 953 1140 980 1205 0.00 0.00 0.00 0.00 0.00 0.00 0.00
pedestrian 0.00 0 0.00 1166 1084 1189 1146 0.00 0.00 0.00 0.00 0.00 0.00 0.00
pedestrian 0.00 0 0.00 964 1012 985 1062 0.00 0.00 0.00 0.00 0.00 0.00 0.00
car 0.00 0 0.00 908 982 1021 1062 0.00 0.00 0.00 0.00 0.00 0.00 0.00
car 0.00 0 0.00 863 928 975 999 0.00 0.00 0.00 0.00 0.00 0.00 0.00
car 0.00 0 0.00 803 910 910 973 0.00 0.00 0.00 0.00 0.00 0.00 0.00
car 0.00 0 0.00 850 859 965 913 0.00 0.00 0.00 0.00 0.00 0.00 0.00
car 0.00 0 0.00 814 834 935 879 0.00 0.00 0.00 0.00 0.00 0.00 0.00
car 0.00 0 0.00 815 805 919 849 0.00 0.00 0.00 0.00 0.00 0.00 0.00
car 0.00 0 0.00 786 782 893 828 0.00 0.00 0.00 0.00 0.00 0.00 0.00
car 0.00 0 0.00 775 760 869 797 0.00 0.00 0.00 0.00 0.00 0.00 0.00
motor 0.00 0 0.00 986 843 1042 886 0.00 0.00 0.00 0.00 0.00 0.00 0.00
bicycle 0.00 0 0.00 955 754 979 784 0.00 0.00 0.00 0.00 0.00 0.00 0.00
truck 0.00 0 0.00 364 1301 498 1500 0.00 0.00 0.00 0.00 0.00 0.00 0.00
car 0.00 0 0.00 629 1113 724 1266 0.00 0.00 0.00 0.00 0.00 0.00 0.00
car 0.00 0 0.00 413 1132 524 1303 0.00 0.00 0.00 0.00 0.00 0.00 0.00
car 0.00 0 0.00 434 989 520 1101 0.00 0.00 0.00 0.00 0.00 0.00 0.00
car 0.00 0 0.00 466 913 531 991 0.00 0.00 0.00 0.00 0.00 0.00 0.00
car 0.00 0 0.00 457 823 533 920 0.00 0.00 0.00 0.00 0.00 0.00 0.00
pedestrian 0.00 0 0.00 436 810 456 850 0.00 0.00 0.00 0.00 0.00 0.00 0.00
car 0.00 0 0.00 489 797 540 850 0.00 0.00 0.00 0.00 0.00 0.00 0.00
car 0.00 0 0.00 506 732 548 777 0.00 0.00 0.00 0.00 0.00 0.00 0.00
car 0.00 0 0.00 616 724 655 762 0.00 0.00 0.00 0.00 0.00 0.00 0.00
car 0.00 0 0.00 680 722 719 761 0.00 0.00 0.00 0.00 0.00 0.00 0.00
car 0.00 0 0.00 764 717 856 755 0.00 0.00 0.00 0.00 0.00 0.00 0.00
car 0.00 0 0.00 746 687 810 720 0.00 0.00 0.00 0.00 0.00 0.00 0.00
car 0.00 0 0.00 743 669 813 697 0.00 0.00 0.00 0.00 0.00 0.00 0.00
car 0.00 0 0.00 525 664 560 694 0.00 0.00 0.00 0.00 0.00 0.00 0.00
car 0.00 0 0.00 763 649 796 675 0.00 0.00 0.00 0.00 0.00 0.00 0.00
pedestrian 0.00 0 0.00 789 626 800 649 0.00 0.00 0.00 0.00 0.00 0.00 0.00
motor 0.00 0 0.00 757 633 783 652 0.00 0.00 0.00 0.00 0.00 0.00 0.00
van 0.00 0 0.00 692 630 751 664 0.00 0.00 0.00 0.00 0.00 0.00 0.00
people 0.00 0 0.00 569 688 583 713 0.00 0.00 0.00 0.00 0.00 0.00 0.00
motor 0.00 0 0.00 570 696 585 718 0.00 0.00 0.00 0.00 0.00 0.00 0.00
car 0.00 0 0.00 533 634 566 667 0.00 0.00 0.00 0.00 0.00 0.00 0.00
car 0.00 0 0.00 705 619 777 642 0.00 0.00 0.00 0.00 0.00 0.00 0.00
car 0.00 0 0.00 686 615 743 637 0.00 0.00 0.00 0.00 0.00 0.00 0.00
car 0.00 0 0.00 688 597 737 620 0.00 0.00 0.00 0.00 0.00 0.00 0.00
van 0.00 0 0.00 635 592 664 623 0.00 0.00 0.00 0.00 0.00 0.00 0.00
van 0.00 0 0.00 0 1166 140 1239 0.00 0.00 0.00 0.00 0.00 0.00 0.00
car 0.00 0 0.00 0 1113 200 1186 0.00 0.00 0.00 0.00 0.00 0.00 0.00
truck 0.00 0 0.00 8 1022 246 1136 0.00 0.00 0.00 0.00 0.00 0.00 0.00
car 0.00 0 0.00 131 939 268 1004 0.00 0.00 0.00 0.00 0.00 0.00 0.00
car 0.00 0 0.00 162 900 297 952 0.00 0.00 0.00 0.00 0.00 0.00 0.00
van 0.00 0 0.00 191 852 328 908 0.00 0.00 0.00 0.00 0.00 0.00 0.00
car 0.00 0 0.00 201 835 335 882 0.00 0.00 0.00 0.00 0.00 0.00 0.00
car 0.00 0 0.00 226 808 349 851 0.00 0.00 0.00 0.00 0.00 0.00 0.00
car 0.00 0 0.00 130 778 195 822 0.00 0.00 0.00 0.00 0.00 0.00 0.00
car 0.00 0 0.00 185 717 239 755 0.00 0.00 0.00 0.00 0.00 0.00 0.00
car 0.00 0 0.00 254 705 301 746 0.00 0.00 0.00 0.00 0.00 0.00 0.00
car 0.00 0 0.00 605 573 628 595 0.00 0.00 0.00 0.00 0.00 0.00 0.00
car 0.00 0 0.00 546 581 595 602 0.00 0.00 0.00 0.00 0.00 0.00 0.00
pedestrian 0.00 0 0.00 544 577 554 595 0.00 0.00 0.00 0.00 0.00 0.00 0.00
car 0.00 0 0.00 564 563 584 583 0.00 0.00 0.00 0.00 0.00 0.00 0.00
van 0.00 0 0.00 539 572 559 592 0.00 0.00 0.00 0.00 0.00 0.00 0.00
people 0.00 0 0.00 654 565 662 580 0.00 0.00 0.00 0.00 0.00 0.00 0.00
people 0.00 0 0.00 665 555 674 567 0.00 0.00 0.00 0.00 0.00 0.00 0.00
motor 0.00 0 0.00 652 572 663 582 0.00 0.00 0.00 0.00 0.00 0.00 0.00
motor 0.00 0 0.00 665 561 673 571 0.00 0.00 0.00 0.00 0.00 0.00 0.00
car 0.00 0 0.00 691 576 745 596 0.00 0.00 0.00 0.00 0.00 0.00 0.00
car 0.00 0 0.00 695 566 741 584 0.00 0.00 0.00 0.00 0.00 0.00 0.00
car 0.00 0 0.00 684 563 729 580 0.00 0.00 0.00 0.00 0.00 0.00 0.00
car 0.00 0 0.00 701 554 720 569 0.00 0.00 0.00 0.00 0.00 0.00 0.00
car 0.00 0 0.00 694 544 714 562 0.00 0.00 0.00 0.00 0.00 0.00 0.00
car 0.00 0 0.00 663 536 701 555 0.00 0.00 0.00 0.00 0.00 0.00 0.00
pedestrian 0.00 0 0.00 745 568 753 591 0.00 0.00 0.00 0.00 0.00 0.00 0.00
bicycle 0.00 0 0.00 819 614 842 631 0.00 0.00 0.00 0.00 0.00 0.00 0.00
bicycle 0.00 0 0.00 770 590 794 606 0.00 0.00 0.00 0.00 0.00 0.00 0.00
car 0.00 0 0.00 721 527 757 543 0.00 0.00 0.00 0.00 0.00 0.00 0.00
car 0.00 0 0.00 765 526 808 546 0.00 0.00 0.00 0.00 0.00 0.00 0.00
car 0.00 0 0.00 536 541 577 559 0.00 0.00 0.00 0.00 0.00 0.00 0.00
pedestrian 0.00 0 0.00 620 529 626 544 0.00 0.00 0.00 0.00 0.00 0.00 0.00
car 0.00 0 0.00 667 524 695 536 0.00 0.00 0.00 0.00 0.00 0.00 0.00
car 0.00 0 0.00 565 523 584 534 0.00 0.00 0.00 0.00 0.00 0.00 0.00
