car 0.00 0 0.00 2 852 179 967 0.00 0.00 0.00 0.00 0.00 0.00 0.00
car 0.00 0 0.00 94 560 219 672 0.00 0.00 0.00 0.00 0.00 0.00 0.00
car 0.00 0 0.00 185 550 306 667 0.00 0.00 0.00 0.00 0.00 0.00 0.00
car 0.00 0 0.00 192 467 298 548 0.00 0.00 0.00 0.00 0.00 0.00 0.00
car 0.00 0 0.00 878 888 1058 992 0.00 0.00 0.00 0.00 0.00 0.00 0.00
car 0.00 0 0.00 884 798 1049 895 0.00 0.00 0.00 0.00 0.00 0.00 0.00
car 0.00 0 0.00 874 591 1009 662 0.00 0.00 0.00 0.00 0.00 0.00 0.00
car 0.00 0 0.00 867 533 1002 598 0.00 0.00 0.00 0.00 0.00 0.00 0.00
car 0.00 0 0.00 881 496 1000 548 0.00 0.00 0.00 0.00 0.00 0.00 0.00
car 0.00 0 0.00 884 452 997 501 0.00 0.00 0.00 0.00 0.00 0.00 0.00
car 0.00 0 0.00 884 415 987 463 0.00 0.00 0.00 0.00 0.00 0.00 0.00
car 0.00 0 0.00 871 378 982 422 0.00 0.00 0.00 0.00 0.00 0.00 0.00
car 0.00 0 0.00 898 345 994 392 0.00 0.00 0.00 0.00 0.00 0.00 0.00
car 0.00 0 0.00 896 322 982 355 0.00 0.00 0.00 0.00 0.00 0.00 0.00
car 0.00 0 0.00 895 296 979 331 0.00 0.00 0.00 0.00 0.00 0.00 0.00
car 0.00 0 0.00 850 264 927 301 0.00 0.00 0.00 0.00 0.00 0.00 0.00
car 0.00 0 0.00 813 244 897 276 0.00 0.00 0.00 0.00 0.00 0.00 0.00
car 0.00 0 0.00 822 223 896 257 0.00 0.00 0.00 0.00 0.00 0.00 0.00
car 0.00 0 0.00 839 204 916 240 0.00 0.00 0.00 0.00 0.00 0.00 0.00
car 0.00 0 0.00 845 184 927 220 0.00 0.00 0.00 0.00 0.00 0.00 0.00
car 0.00 0 0.00 814 154 886 187 0.00 0.00 0.00 0.00 0.00 0.00 0.00
car 0.00 0 0.00 813 129 884 158 0.00 0.00 0.00 0.00 0.00 0.00 0.00
car 0.00 0 0.00 825 103 889 131 0.00 0.00 0.00 0.00 0.00 0.00 0.00
car 0.00 0 0.00 820 81 886 106 0.00 0.00 0.00 0.00 0.00 0.00 0.00
car 0.00 0 0.00 854 8 895 26 0.00 0.00 0.00 0.00 0.00 0.00 0.00
car 0.00 0 0.00 829 8 851 42 0.00 0.00 0.00 0.00 0.00 0.00 0.00
car 0.00 0 0.00 416 624 564 695 0.00 0.00 0.00 0.00 0.00 0.00 0.00
car 0.00 0 0.00 455 559 588 638 0.00 0.00 0.00 0.00 0.00 0.00 0.00
car 0.00 0 0.00 467 501 588 569 0.00 0.00 0.00 0.00 0.00 0.00 0.00
car 0.00 0 0.00 488 464 606 523 0.00 0.00 0.00 0.00 0.00 0.00 0.00
car 0.00 0 0.00 298 436 382 513 0.00 0.00 0.00 0.00 0.00 0.00 0.00
car 0.00 0 0.00 296 332 383 397 0.00 0.00 0.00 0.00 0.00 0.00 0.00
car 0.00 0 0.00 361 360 432 426 0.00 0.00 0.00 0.00 0.00 0.00 0.00
car 0.00 0 0.00 522 420 633 479 0.00 0.00 0.00 0.00 0.00 0.00 0.00
car 0.00 0 0.00 537 390 648 443 0.00 0.00 0.00 0.00 0.00 0.00 0.00
car 0.00 0 0.00 555 364 661 414 0.00 0.00 0.00 0.00 0.00 0.00 0.00
car 0.00 0 0.00 619 293 685 336 0.00 0.00 0.00 0.00 0.00 0.00 0.00
car 0.00 0 0.00 619 265 714 315 0.00 0.00 0.00 0.00 0.00 0.00 0.00
car 0.00 0 0.00 631 243 715 290 0.00 0.00 0.00 0.00 0.00 0.00 0.00
car 0.00 0 0.00 617 207 695 248 0.00 0.00 0.00 0.00 0.00 0.00 0.00
car 0.00 0 0.00 633 193 705 226 0.00 0.00 0.00 0.00 0.00 0.00 0.00
car 0.00 0 0.00 639 179 714 210 0.00 0.00 0.00 0.00 0.00 0.00 0.00
car 0.00 0 0.00 645 164 715 193 0.00 0.00 0.00 0.00 0.00 0.00 0.00
car 0.00 0 0.00 663 151 741 187 0.00 0.00 0.00 0.00 0.00 0.00 0.00
car 0.00 0 0.00 654 139 726 168 0.00 0.00 0.00 0.00 0.00 0.00 0.00
car 0.00 0 0.00 678 90 739 122 0.00 0.00 0.00 0.00 0.00 0.00 0.00
car 0.00 0 0.00 686 83 745 109 0.00 0.00 0.00 0.00 0.00 0.00 0.00
car 0.00 0 0.00 704 49 763 80 0.00 0.00 0.00 0.00 0.00 0.00 0.00
car 0.00 0 0.00 635 19 660 45 0.00 0.00 0.00 0.00 0.00 0.00 0.00
car 0.00 0 0.00 730 30 768 47 0.00 0.00 0.00 0.00 0.00 0.00 0.00
car 0.00 0 0.00 732 14 776 31 0.00 0.00 0.00 0.00 0.00 0.00 0.00
car 0.00 0 0.00 726 21 776 42 0.00 0.00 0.00 0.00 0.00 0.00 0.00
pedestrian 0.00 0 0.00 743 593 765 636 0.00 0.00 0.00 0.00 0.00 0.00 0.00
pedestrian 0.00 0 0.00 779 465 795 506 0.00 0.00 0.00 0.00 0.00 0.00 0.00
pedestrian 0.00 0 0.00 842 517 861 560 0.00 0.00 0.00 0.00 0.00 0.00 0.00
pedestrian 0.00 0 0.00 762 137 773 166 0.00 0.00 0.00 0.00 0.00 0.00 0.00
pedestrian 0.00 0 0.00 760 89 767 113 0.00 0.00 0.00 0.00 0.00 0.00 0.00
pedestrian 0.00 0 0.00 795 87 803 111 0.00 0.00 0.00 0.00 0.00 0.00 0.00
motor 0.00 0 0.00 333 15 350 44 0.00 0.00 0.00 0.00 0.00 0.00 0.00
bicycle 0.00 0 0.00 1115 879 1147 930 0.00 0.00 0.00 0.00 0.00 0.00 0.00
van 0.00 0 0.00 313 566 407 670 0.00 0.00 0.00 0.00 0.00 0.00 0.00
van 0.00 0 0.00 408 280 478 348 0.00 0.00 0.00 0.00 0.00 0.00 0.00
van 0.00 0 0.00 586 310 677 372 0.00 0.00 0.00 0.00 0.00 0.00 0.00
pedestrian 0.00 0 0.00 825 969 854 1005 0.00 0.00 0.00 0.00 0.00 0.00 0.00
people 0.00 0 0.00 335 18 346 41 0.00 0.00 0.00 0.00 0.00 0.00 0.00
