car 0.00 0 0.00 570 600 614 647 0.00 0.00 0.00 0.00 0.00 0.00 0.00
car 0.00 0 0.00 743 458 781 498 0.00 0.00 0.00 0.00 0.00 0.00 0.00
car 0.00 0 0.00 593 419 631 457 0.00 0.00 0.00 0.00 0.00 0.00 0.00
car 0.00 0 0.00 687 608 731 656 0.00 0.00 0.00 0.00 0.00 0.00 0.00
car 0.00 0 0.00 598 294 627 322 0.00 0.00 0.00 0.00 0.00 0.00 0.00
car 0.00 0 0.00 442 351 468 376 0.00 0.00 0.00 0.00 0.00 0.00 0.00
car 0.00 0 0.00 428 326 454 351 0.00 0.00 0.00 0.00 0.00 0.00 0.00
car 0.00 0 0.00 491 434 518 466 0.00 0.00 0.00 0.00 0.00 0.00 0.00
car 0.00 0 0.00 527 626 564 675 0.00 0.00 0.00 0.00 0.00 0.00 0.00
car 0.00 0 0.00 665 715 734 764 0.00 0.00 0.00 0.00 0.00 0.00 0.00
car 0.00 0 0.00 584 731 638 787 0.00 0.00 0.00 0.00 0.00 0.00 0.00
car 0.00 0 0.00 442 424 470 453 0.00 0.00 0.00 0.00 0.00 0.00 0.00
car 0.00 0 0.00 402 329 425 356 0.00 0.00 0.00 0.00 0.00 0.00 0.00
car 0.00 0 0.00 409 248 447 265 0.00 0.00 0.00 0.00 0.00 0.00 0.00
car 0.00 0 0.00 543 547 576 589 0.00 0.00 0.00 0.00 0.00 0.00 0.00
car 0.00 0 0.00 308 254 350 272 0.00 0.00 0.00 0.00 0.00 0.00 0.00
car 0.00 0 0.00 242 254 287 273 0.00 0.00 0.00 0.00 0.00 0.00 0.00
car 0.00 0 0.00 260 246 299 262 0.00 0.00 0.00 0.00 0.00 0.00 0.00
car 0.00 0 0.00 179 277 220 294 0.00 0.00 0.00 0.00 0.00 0.00 0.00
car 0.00 0 0.00 6 302 50 319 0.00 0.00 0.00 0.00 0.00 0.00 0.00
van 0.00 0 0.00 512 284 542 311 0.00 0.00 0.00 0.00 0.00 0.00 0.00
van 0.00 0 0.00 523 491 552 529 0.00 0.00 0.00 0.00 0.00 0.00 0.00
van 0.00 0 0.00 841 470 881 505 0.00 0.00 0.00 0.00 0.00 0.00 0.00
car 0.00 0 0.00 1156 479 1199 502 0.00 0.00 0.00 0.00 0.00 0.00 0.00
van 0.00 0 0.00 1154 421 1202 455 0.00 0.00 0.00 0.00 0.00 0.00 0.00
car 0.00 0 0.00 496 379 524 409 0.00 0.00 0.00 0.00 0.00 0.00 0.00
truck 0.00 0 0.00 471 333 506 376 0.00 0.00 0.00 0.00 0.00 0.00 0.00
van 0.00 0 0.00 460 319 479 342 0.00 0.00 0.00 0.00 0.00 0.00 0.00
van 0.00 0 0.00 467 396 497 428 0.00 0.00 0.00 0.00 0.00 0.00 0.00
car 0.00 0 0.00 361 219 390 236 0.00 0.00 0.00 0.00 0.00 0.00 0.00
car 0.00 0 0.00 377 188 391 207 0.00 0.00 0.00 0.00 0.00 0.00 0.00
car 0.00 0 0.00 357 142 376 159 0.00 0.00 0.00 0.00 0.00 0.00 0.00
van 0.00 0 0.00 1005 519 1063 558 0.00 0.00 0.00 0.00 0.00 0.00 0.00
pedestrian 0.00 0 0.00 1114 751 1127 778 0.00 0.00 0.00 0.00 0.00 0.00 0.00
pedestrian 0.00 0 0.00 1055 708 1067 732 0.00 0.00 0.00 0.00 0.00 0.00 0.00
pedestrian 0.00 0 0.00 1057 702 1065 722 0.00 0.00 0.00 0.00 0.00 0.00 0.00
pedestrian 0.00 0 0.00 1061 699 1070 721 0.00 0.00 0.00 0.00 0.00 0.00 0.00
pedestrian 0.00 0 0.00 1278 479 1291 499 0.00 0.00 0.00 0.00 0.00 0.00 0.00
pedestrian 0.00 0 0.00 1202 506 1216 522 0.00 0.00 0.00 0.00 0.00 0.00 0.00
pedestrian 0.00 0 0.00 1200 499 1209 514 0.00 0.00 0.00 0.00 0.00 0.00 0.00
pedestrian 0.00 0 0.00 1306 454 1312 474 0.00 0.00 0.00 0.00 0.00 0.00 0.00
pedestrian 0.00 0 0.00 1320 454 1328 467 0.00 0.00 0.00 0.00 0.00 0.00 0.00
pedestrian 0.00 0 0.00 860 524 870 544 0.00 0.00 0.00 0.00 0.00 0.00 0.00
pedestrian 0.00 0 0.00 815 468 825 488 0.00 0.00 0.00 0.00 0.00 0.00 0.00
pedestrian 0.00 0 0.00 696 353 705 366 0.00 0.00 0.00 0.00 0.00 0.00 0.00
