car 0.00 0 0.00 410 105 431 124 0.00 0.00 0.00 0.00 0.00 0.00 0.00
car 0.00 0 0.00 576 17 586 29 0.00 0.00 0.00 0.00 0.00 0.00 0.00
truck 0.00 0 0.00 578 29 595 77 0.00 0.00 0.00 0.00 0.00 0.00 0.00
car 0.00 0 0.00 584 75 596 88 0.00 0.00 0.00 0.00 0.00 0.00 0.00
car 0.00 0 0.00 584 103 597 118 0.00 0.00 0.00 0.00 0.00 0.00 0.00
car 0.00 0 0.00 590 124 603 140 0.00 0.00 0.00 0.00 0.00 0.00 0.00
car 0.00 0 0.00 584 145 598 162 0.00 0.00 0.00 0.00 0.00 0.00 0.00
car 0.00 0 0.00 595 165 607 182 0.00 0.00 0.00 0.00 0.00 0.00 0.00
car 0.00 0 0.00 591 182 604 200 0.00 0.00 0.00 0.00 0.00 0.00 0.00
car 0.00 0 0.00 602 203 615 220 0.00 0.00 0.00 0.00 0.00 0.00 0.00
van 0.00 0 0.00 589 216 603 238 0.00 0.00 0.00 0.00 0.00 0.00 0.00
car 0.00 0 0.00 606 237 620 256 0.00 0.00 0.00 0.00 0.00 0.00 0.00
car 0.00 0 0.00 591 256 605 279 0.00 0.00 0.00 0.00 0.00 0.00 0.00
truck 0.00 0 0.00 591 275 608 312 0.00 0.00 0.00 0.00 0.00 0.00 0.00
car 0.00 0 0.00 611 270 625 288 0.00 0.00 0.00 0.00 0.00 0.00 0.00
car 0.00 0 0.00 611 306 627 329 0.00 0.00 0.00 0.00 0.00 0.00 0.00
bus 0.00 0 0.00 593 318 616 394 0.00 0.00 0.00 0.00 0.00 0.00 0.00
truck 0.00 0 0.00 617 345 639 389 0.00 0.00 0.00 0.00 0.00 0.00 0.00
car 0.00 0 0.00 599 411 615 441 0.00 0.00 0.00 0.00 0.00 0.00 0.00
car 0.00 0 0.00 671 270 687 300 0.00 0.00 0.00 0.00 0.00 0.00 0.00
car 0.00 0 0.00 638 192 651 211 0.00 0.00 0.00 0.00 0.00 0.00 0.00
car 0.00 0 0.00 652 151 665 172 0.00 0.00 0.00 0.00 0.00 0.00 0.00
van 0.00 0 0.00 600 457 619 489 0.00 0.00 0.00 0.00 0.00 0.00 0.00
truck 0.00 0 0.00 623 435 649 501 0.00 0.00 0.00 0.00 0.00 0.00 0.00
car 0.00 0 0.00 604 503 621 539 0.00 0.00 0.00 0.00 0.00 0.00 0.00
car 0.00 0 0.00 629 527 647 561 0.00 0.00 0.00 0.00 0.00 0.00 0.00
car 0.00 0 0.00 608 557 629 594 0.00 0.00 0.00 0.00 0.00 0.00 0.00
car 0.00 0 0.00 637 585 657 622 0.00 0.00 0.00 0.00 0.00 0.00 0.00
car 0.00 0 0.00 613 673 634 715 0.00 0.00 0.00 0.00 0.00 0.00 0.00
van 0.00 0 0.00 645 703 667 749 0.00 0.00 0.00 0.00 0.00 0.00 0.00
car 0.00 0 0.00 619 751 641 787 0.00 0.00 0.00 0.00 0.00 0.00 0.00
car 0.00 0 0.00 664 379 682 412 0.00 0.00 0.00 0.00 0.00 0.00 0.00
car 0.00 0 0.00 630 128 643 148 0.00 0.00 0.00 0.00 0.00 0.00 0.00
truck 0.00 0 0.00 635 51 654 90 0.00 0.00 0.00 0.00 0.00 0.00 0.00
