car 0.00 0 0.00 520 1018 592 1050 0.00 0.00 0.00 0.00 0.00 0.00 0.00
car 0.00 0 0.00 511 982 570 1024 0.00 0.00 0.00 0.00 0.00 0.00 0.00
car 0.00 0 0.00 766 819 802 900 0.00 0.00 0.00 0.00 0.00 0.00 0.00
car 0.00 0 0.00 874 779 933 879 0.00 0.00 0.00 0.00 0.00 0.00 0.00
car 0.00 0 0.00 755 612 791 682 0.00 0.00 0.00 0.00 0.00 0.00 0.00
car 0.00 0 0.00 810 610 858 685 0.00 0.00 0.00 0.00 0.00 0.00 0.00
car 0.00 0 0.00 770 475 814 545 0.00 0.00 0.00 0.00 0.00 0.00 0.00
car 0.00 0 0.00 670 325 716 396 0.00 0.00 0.00 0.00 0.00 0.00 0.00
car 0.00 0 0.00 711 260 751 324 0.00 0.00 0.00 0.00 0.00 0.00 0.00
car 0.00 0 0.00 666 125 697 180 0.00 0.00 0.00 0.00 0.00 0.00 0.00
van 0.00 0 0.00 1229 179 1270 225 0.00 0.00 0.00 0.00 0.00 0.00 0.00
car 0.00 0 0.00 1321 77 1371 115 0.00 0.00 0.00 0.00 0.00 0.00 0.00
pedestrian 0.00 0 0.00 1012 119 1023 139 0.00 0.00 0.00 0.00 0.00 0.00 0.00
van 0.00 0 0.00 1020 155 1052 198 0.00 0.00 0.00 0.00 0.00 0.00 0.00
car 0.00 0 0.00 942 99 989 133 0.00 0.00 0.00 0.00 0.00 0.00 0.00
car 0.00 0 0.00 898 62 942 91 0.00 0.00 0.00 0.00 0.00 0.00 0.00
van 0.00 0 0.00 359 617 426 684 0.00 0.00 0.00 0.00 0.00 0.00 0.00
van 0.00 0 0.00 438 560 494 601 0.00 0.00 0.00 0.00 0.00 0.00 0.00
car 0.00 0 0.00 431 512 495 545 0.00 0.00 0.00 0.00 0.00 0.00 0.00
car 0.00 0 0.00 426 480 491 513 0.00 0.00 0.00 0.00 0.00 0.00 0.00
car 0.00 0 0.00 416 447 489 489 0.00 0.00 0.00 0.00 0.00 0.00 0.00
car 0.00 0 0.00 516 796 578 895 0.00 0.00 0.00 0.00 0.00 0.00 0.00
car 0.00 0 0.00 507 894 593 987 0.00 0.00 0.00 0.00 0.00 0.00 0.00
car 0.00 0 0.00 570 3 601 47 0.00 0.00 0.00 0.00 0.00 0.00 0.00
