car 0.00 0 0.00 854 893 978 952 0.00 0.00 0.00 0.00 0.00 0.00 0.00
truck 0.00 0 0.00 620 789 873 917 0.00 0.00 0.00 0.00 0.00 0.00 0.00
truck 0.00 0 0.00 1254 726 1714 858 0.00 0.00 0.00 0.00 0.00 0.00 0.00
truck 0.00 0 0.00 1652 521 1809 579 0.00 0.00 0.00 0.00 0.00 0.00 0.00
truck 0.00 0 0.00 1211 544 1400 616 0.00 0.00 0.00 0.00 0.00 0.00 0.00
truck 0.00 0 0.00 957 560 1160 637 0.00 0.00 0.00 0.00 0.00 0.00 0.00
pedestrian 0.00 0 0.00 1189 567 1203 595 0.00 0.00 0.00 0.00 0.00 0.00 0.00
truck 0.00 0 0.00 1129 458 1185 545 0.00 0.00 0.00 0.00 0.00 0.00 0.00
truck 0.00 0 0.00 1027 443 1114 543 0.00 0.00 0.00 0.00 0.00 0.00 0.00
truck 0.00 0 0.00 903 456 1025 556 0.00 0.00 0.00 0.00 0.00 0.00 0.00
truck 0.00 0 0.00 830 491 875 549 0.00 0.00 0.00 0.00 0.00 0.00 0.00
truck 0.00 0 0.00 748 456 850 557 0.00 0.00 0.00 0.00 0.00 0.00 0.00
truck 0.00 0 0.00 700 458 778 567 0.00 0.00 0.00 0.00 0.00 0.00 0.00
truck 0.00 0 0.00 517 530 659 594 0.00 0.00 0.00 0.00 0.00 0.00 0.00
truck 0.00 0 0.00 769 564 872 605 0.00 0.00 0.00 0.00 0.00 0.00 0.00
van 0.00 0 0.00 154 529 227 579 0.00 0.00 0.00 0.00 0.00 0.00 0.00
pedestrian 0.00 0 0.00 62 435 73 458 0.00 0.00 0.00 0.00 0.00 0.00 0.00
awning-tricycle 0.00 0 0.00 32 496 91 546 0.00 0.00 0.00 0.00 0.00 0.00 0.00
truck 0.00 0 0.00 321 431 502 523 0.00 0.00 0.00 0.00 0.00 0.00 0.00
truck 0.00 0 0.00 339 530 412 594 0.00 0.00 0.00 0.00 0.00 0.00 0.00
motor 0.00 0 0.00 416 554 436 585 0.00 0.00 0.00 0.00 0.00 0.00 0.00
tricycle 0.00 0 0.00 256 369 294 391 0.00 0.00 0.00 0.00 0.00 0.00 0.00
pedestrian 0.00 0 0.00 377 325 388 342 0.00 0.00 0.00 0.00 0.00 0.00 0.00
pedestrian 0.00 0 0.00 298 332 307 345 0.00 0.00 0.00 0.00 0.00 0.00 0.00
pedestrian 0.00 0 0.00 293 330 300 345 0.00 0.00 0.00 0.00 0.00 0.00 0.00
pedestrian 0.00 0 0.00 273 330 285 348 0.00 0.00 0.00 0.00 0.00 0.00 0.00
pedestrian 0.00 0 0.00 259 332 275 353 0.00 0.00 0.00 0.00 0.00 0.00 0.00
pedestrian 0.00 0 0.00 270 326 279 346 0.00 0.00 0.00 0.00 0.00 0.00 0.00
awning-tricycle 0.00 0 0.00 23 423 77 457 0.00 0.00 0.00 0.00 0.00 0.00 0.00
motor 0.00 0 0.00 505 490 519 517 0.00 0.00 0.00 0.00 0.00 0.00 0.00
motor 0.00 0 0.00 524 502 554 528 0.00 0.00 0.00 0.00 0.00 0.00 0.00
motor 0.00 0 0.00 462 288 510 311 0.00 0.00 0.00 0.00 0.00 0.00 0.00
van 0.00 0 0.00 510 276 558 300 0.00 0.00 0.00 0.00 0.00 0.00 0.00
truck 0.00 0 0.00 586 241 645 284 0.00 0.00 0.00 0.00 0.00 0.00 0.00
car 0.00 0 0.00 695 242 731 264 0.00 0.00 0.00 0.00 0.00 0.00 0.00
car 0.00 0 0.00 718 222 751 238 0.00 0.00 0.00 0.00 0.00 0.00 0.00
car 0.00 0 0.00 794 182 821 199 0.00 0.00 0.00 0.00 0.00 0.00 0.00
truck 0.00 0 0.00 764 181 809 208 0.00 0.00 0.00 0.00 0.00 0.00 0.00
truck 0.00 0 0.00 810 185 864 216 0.00 0.00 0.00 0.00 0.00 0.00 0.00
people 0.00 0 0.00 936 151 941 161 0.00 0.00 0.00 0.00 0.00 0.00 0.00
motor 0.00 0 0.00 935 154 943 162 0.00 0.00 0.00 0.00 0.00 0.00 0.00
truck 0.00 0 0.00 1083 74 1129 102 0.00 0.00 0.00 0.00 0.00 0.00 0.00
pedestrian 0.00 0 0.00 1041 165 1047 175 0.00 0.00 0.00 0.00 0.00 0.00 0.00
car 0.00 0 0.00 1249 158 1268 174 0.00 0.00 0.00 0.00 0.00 0.00 0.00
car 0.00 0 0.00 1265 154 1291 168 0.00 0.00 0.00 0.00 0.00 0.00 0.00
van 0.00 0 0.00 1283 150 1303 166 0.00 0.00 0.00 0.00 0.00 0.00 0.00
car 0.00 0 0.00 1279 165 1313 179 0.00 0.00 0.00 0.00 0.00 0.00 0.00
awning-tricycle 0.00 0 0.00 1303 151 1322 165 0.00 0.00 0.00 0.00 0.00 0.00 0.00
truck 0.00 0 0.00 1319 153 1348 168 0.00 0.00 0.00 0.00 0.00 0.00 0.00
van 0.00 0 0.00 1383 122 1397 137 0.00 0.00 0.00 0.00 0.00 0.00 0.00
van 0.00 0 0.00 1368 110 1382 124 0.00 0.00 0.00 0.00 0.00 0.00 0.00
truck 0.00 0 0.00 1341 94 1361 120 0.00 0.00 0.00 0.00 0.00 0.00 0.00
truck 0.00 0 0.00 1463 479 1581 530 0.00 0.00 0.00 0.00 0.00 0.00 0.00
truck 0.00 0 0.00 1594 476 1706 518 0.00 0.00 0.00 0.00 0.00 0.00 0.00
motor 0.00 0 0.00 1562 476 1595 498 0.00 0.00 0.00 0.00 0.00 0.00 0.00
awning-tricycle 0.00 0 0.00 1731 389 1772 410 0.00 0.00 0.00 0.00 0.00 0.00 0.00
motor 0.00 0 0.00 1880 379 1899 397 0.00 0.00 0.00 0.00 0.00 0.00 0.00
