van 0.00 0 0.00 850 1109 948 1201 0.00 0.00 0.00 0.00 0.00 0.00 0.00
van 0.00 0 0.00 832 936 905 1019 0.00 0.00 0.00 0.00 0.00 0.00 0.00
van 0.00 0 0.00 944 984 1021 1074 0.00 0.00 0.00 0.00 0.00 0.00 0.00
van 0.00 0 0.00 1438 763 1536 807 0.00 0.00 0.00 0.00 0.00 0.00 0.00
van 0.00 0 0.00 957 707 1042 749 0.00 0.00 0.00 0.00 0.00 0.00 0.00
car 0.00 0 0.00 300 782 392 836 0.00 0.00 0.00 0.00 0.00 0.00 0.00
car 0.00 0 0.00 375 926 467 986 0.00 0.00 0.00 0.00 0.00 0.00 0.00
car 0.00 0 0.00 994 838 1059 905 0.00 0.00 0.00 0.00 0.00 0.00 0.00
car 0.00 0 0.00 930 859 1009 936 0.00 0.00 0.00 0.00 0.00 0.00 0.00
car 0.00 0 0.00 1036 811 1111 884 0.00 0.00 0.00 0.00 0.00 0.00 0.00
car 0.00 0 0.00 1069 911 1146 984 0.00 0.00 0.00 0.00 0.00 0.00 0.00
car 0.00 0 0.00 1025 936 1102 1003 0.00 0.00 0.00 0.00 0.00 0.00 0.00
car 0.00 0 0.00 1109 774 1182 838 0.00 0.00 0.00 0.00 0.00 0.00 0.00
car 0.00 0 0.00 1323 707 1390 759 0.00 0.00 0.00 0.00 0.00 0.00 0.00
car 0.00 0 0.00 1142 861 1215 917 0.00 0.00 0.00 0.00 0.00 0.00 0.00
car 0.00 0 0.00 315 755 396 799 0.00 0.00 0.00 0.00 0.00 0.00 0.00
car 0.00 0 0.00 577 703 663 738 0.00 0.00 0.00 0.00 0.00 0.00 0.00
car 0.00 0 0.00 886 684 921 742 0.00 0.00 0.00 0.00 0.00 0.00 0.00
van 0.00 0 0.00 1509 709 1582 749 0.00 0.00 0.00 0.00 0.00 0.00 0.00
truck 0.00 0 0.00 311 828 432 930 0.00 0.00 0.00 0.00 0.00 0.00 0.00
truck 0.00 0 0.00 288 838 396 901 0.00 0.00 0.00 0.00 0.00 0.00 0.00
truck 0.00 0 0.00 352 884 459 940 0.00 0.00 0.00 0.00 0.00 0.00 0.00
truck 0.00 0 0.00 840 769 923 842 0.00 0.00 0.00 0.00 0.00 0.00 0.00
truck 0.00 0 0.00 877 907 948 988 0.00 0.00 0.00 0.00 0.00 0.00 0.00
truck 0.00 0 0.00 915 890 980 965 0.00 0.00 0.00 0.00 0.00 0.00 0.00
truck 0.00 0 0.00 967 944 1096 1057 0.00 0.00 0.00 0.00 0.00 0.00 0.00
truck 0.00 0 0.00 1096 863 1205 959 0.00 0.00 0.00 0.00 0.00 0.00 0.00
truck 0.00 0 0.00 1194 909 1302 1003 0.00 0.00 0.00 0.00 0.00 0.00 0.00
truck 0.00 0 0.00 1159 815 1280 915 0.00 0.00 0.00 0.00 0.00 0.00 0.00
truck 0.00 0 0.00 1196 801 1300 872 0.00 0.00 0.00 0.00 0.00 0.00 0.00
truck 0.00 0 0.00 1255 792 1340 859 0.00 0.00 0.00 0.00 0.00 0.00 0.00
car 0.00 0 0.00 527 1219 594 1353 0.00 0.00 0.00 0.00 0.00 0.00 0.00
tricycle 0.00 0 0.00 1550 826 1592 857 0.00 0.00 0.00 0.00 0.00 0.00 0.00
tricycle 0.00 0 0.00 305 1030 371 1080 0.00 0.00 0.00 0.00 0.00 0.00 0.00
pedestrian 0.00 0 0.00 486 972 500 1005 0.00 0.00 0.00 0.00 0.00 0.00 0.00
people 0.00 0 0.00 1580 809 1596 834 0.00 0.00 0.00 0.00 0.00 0.00 0.00
motor 0.00 0 0.00 407 1222 480 1272 0.00 0.00 0.00 0.00 0.00 0.00 0.00
van 0.00 0 0.00 1486 269 1523 286 0.00 0.00 0.00 0.00 0.00 0.00 0.00
van 0.00 0 0.00 1484 255 1525 280 0.00 0.00 0.00 0.00 0.00 0.00 0.00
van 0.00 0 0.00 1930 459 1988 488 0.00 0.00 0.00 0.00 0.00 0.00 0.00
car 0.00 0 0.00 1582 257 1617 278 0.00 0.00 0.00 0.00 0.00 0.00 0.00
car 0.00 0 0.00 1596 280 1638 299 0.00 0.00 0.00 0.00 0.00 0.00 0.00
car 0.00 0 0.00 1627 294 1667 313 0.00 0.00 0.00 0.00 0.00 0.00 0.00
car 0.00 0 0.00 1671 284 1713 307 0.00 0.00 0.00 0.00 0.00 0.00 0.00
car 0.00 0 0.00 1692 274 1732 290 0.00 0.00 0.00 0.00 0.00 0.00 0.00
truck 0.00 0 0.00 1696 247 1759 278 0.00 0.00 0.00 0.00 0.00 0.00 0.00
van 0.00 0 0.00 1690 328 1736 347 0.00 0.00 0.00 0.00 0.00 0.00 0.00
car 0.00 0 0.00 1700 336 1746 361 0.00 0.00 0.00 0.00 0.00 0.00 0.00
car 0.00 0 0.00 1713 355 1767 376 0.00 0.00 0.00 0.00 0.00 0.00 0.00
car 0.00 0 0.00 1723 365 1769 386 0.00 0.00 0.00 0.00 0.00 0.00 0.00
car 0.00 0 0.00 1742 380 1788 405 0.00 0.00 0.00 0.00 0.00 0.00 0.00
car 0.00 0 0.00 1736 397 1786 422 0.00 0.00 0.00 0.00 0.00 0.00 0.00
car 0.00 0 0.00 1761 430 1823 451 0.00 0.00 0.00 0.00 0.00 0.00 0.00
car 0.00 0 0.00 1780 447 1834 467 0.00 0.00 0.00 0.00 0.00 0.00 0.00
van 0.00 0 0.00 1798 453 1852 478 0.00 0.00 0.00 0.00 0.00 0.00 0.00
car 0.00 0 0.00 1807 472 1861 494 0.00 0.00 0.00 0.00 0.00 0.00 0.00
car 0.00 0 0.00 1823 478 1871 511 0.00 0.00 0.00 0.00 0.00 0.00 0.00
car 0.00 0 0.00 1838 497 1907 528 0.00 0.00 0.00 0.00 0.00 0.00 0.00
car 0.00 0 0.00 1859 519 1927 553 0.00 0.00 0.00 0.00 0.00 0.00 0.00
car 0.00 0 0.00 1871 536 1938 578 0.00 0.00 0.00 0.00 0.00 0.00 0.00
car 0.00 0 0.00 1867 411 1911 434 0.00 0.00 0.00 0.00 0.00 0.00 0.00
car 0.00 0 0.00 1900 430 1959 451 0.00 0.00 0.00 0.00 0.00 0.00 0.00
van 0.00 0 0.00 1350 140 1384 153 0.00 0.00 0.00 0.00 0.00 0.00 0.00
car 0.00 0 0.00 1388 140 1411 151 0.00 0.00 0.00 0.00 0.00 0.00 0.00
car 0.00 0 0.00 1730 553 1780 580 0.00 0.00 0.00 0.00 0.00 0.00 0.00
pedestrian 0.00 0 0.00 1732 715 1764 751 0.00 0.00 0.00 0.00 0.00 0.00 0.00
pedestrian 0.00 0 0.00 1568 1022 1596 1053 0.00 0.00 0.00 0.00 0.00 0.00 0.00
pedestrian 0.00 0 0.00 1248 1310 1277 1341 0.00 0.00 0.00 0.00 0.00 0.00 0.00
pedestrian 0.00 0 0.00 547 1395 576 1426 0.00 0.00 0.00 0.00 0.00 0.00 0.00
car 0.00 0 0.00 1722 578 1785 648 0.00 0.00 0.00 0.00 0.00 0.00 0.00
