pedestrian 0.00 0 0.00 359 236 371 266 0.00 0.00 0.00 0.00 0.00 0.00 0.00
pedestrian 0.00 0 0.00 342 228 358 258 0.00 0.00 0.00 0.00 0.00 0.00 0.00
people 0.00 0 0.00 334 453 361 477 0.00 0.00 0.00 0.00 0.00 0.00 0.00
pedestrian 0.00 0 0.00 1028 579 1051 621 0.00 0.00 0.00 0.00 0.00 0.00 0.00
bicycle 0.00 0 0.00 642 317 655 355 0.00 0.00 0.00 0.00 0.00 0.00 0.00
bicycle 0.00 0 0.00 574 180 591 200 0.00 0.00 0.00 0.00 0.00 0.00 0.00
bicycle 0.00 0 0.00 640 267 651 300 0.00 0.00 0.00 0.00 0.00 0.00 0.00
bicycle 0.00 0 0.00 552 149 564 169 0.00 0.00 0.00 0.00 0.00 0.00 0.00
bicycle 0.00 0 0.00 533 111 540 133 0.00 0.00 0.00 0.00 0.00 0.00 0.00
bicycle 0.00 0 0.00 531 77 539 99 0.00 0.00 0.00 0.00 0.00 0.00 0.00
people 0.00 0 0.00 644 318 655 347 0.00 0.00 0.00 0.00 0.00 0.00 0.00
people 0.00 0 0.00 641 262 651 289 0.00 0.00 0.00 0.00 0.00 0.00 0.00
people 0.00 0 0.00 574 169 587 190 0.00 0.00 0.00 0.00 0.00 0.00 0.00
people 0.00 0 0.00 551 137 564 163 0.00 0.00 0.00 0.00 0.00 0.00 0.00
people 0.00 0 0.00 529 103 541 127 0.00 0.00 0.00 0.00 0.00 0.00 0.00
people 0.00 0 0.00 530 70 539 92 0.00 0.00 0.00 0.00 0.00 0.00 0.00
truck 0.00 0 0.00 605 74 660 160 0.00 0.00 0.00 0.00 0.00 0.00 0.00
pedestrian 0.00 0 0.00 595 217 606 246 0.00 0.00 0.00 0.00 0.00 0.00 0.00
motor 0.00 0 0.00 913 142 942 170 0.00 0.00 0.00 0.00 0.00 0.00 0.00
motor 0.00 0 0.00 957 151 994 177 0.00 0.00 0.00 0.00 0.00 0.00 0.00
motor 0.00 0 0.00 779 102 798 126 0.00 0.00 0.00 0.00 0.00 0.00 0.00
car 0.00 0 0.00 911 293 1006 347 0.00 0.00 0.00 0.00 0.00 0.00 0.00
truck 0.00 0 0.00 1007 249 1110 316 0.00 0.00 0.00 0.00 0.00 0.00 0.00
pedestrian 0.00 0 0.00 833 113 841 128 0.00 0.00 0.00 0.00 0.00 0.00 0.00
pedestrian 0.00 0 0.00 839 102 849 125 0.00 0.00 0.00 0.00 0.00 0.00 0.00
pedestrian 0.00 0 0.00 931 120 942 145 0.00 0.00 0.00 0.00 0.00 0.00 0.00
pedestrian 0.00 0 0.00 1030 138 1040 163 0.00 0.00 0.00 0.00 0.00 0.00 0.00
pedestrian 0.00 0 0.00 1025 133 1037 159 0.00 0.00 0.00 0.00 0.00 0.00 0.00
pedestrian 0.00 0 0.00 1044 133 1061 162 0.00 0.00 0.00 0.00 0.00 0.00 0.00
