motor 0.00 0 0.00 832 0 852 17 0.00 0.00 0.00 0.00 0.00 0.00 0.00
car 0.00 0 0.00 800 4 848 73 0.00 0.00 0.00 0.00 0.00 0.00 0.00
pedestrian 0.00 0 0.00 807 69 823 104 0.00 0.00 0.00 0.00 0.00 0.00 0.00
van 0.00 0 0.00 676 0 718 41 0.00 0.00 0.00 0.00 0.00 0.00 0.00
people 0.00 0 0.00 743 68 762 90 0.00 0.00 0.00 0.00 0.00 0.00 0.00
motor 0.00 0 0.00 744 70 763 115 0.00 0.00 0.00 0.00 0.00 0.00 0.00
car 0.00 0 0.00 663 72 705 141 0.00 0.00 0.00 0.00 0.00 0.00 0.00
car 0.00 0 0.00 666 145 710 213 0.00 0.00 0.00 0.00 0.00 0.00 0.00
pedestrian 0.00 0 0.00 707 128 723 169 0.00 0.00 0.00 0.00 0.00 0.00 0.00
van 0.00 0 0.00 316 179 433 238 0.00 0.00 0.00 0.00 0.00 0.00 0.00
car 0.00 0 0.00 308 238 419 288 0.00 0.00 0.00 0.00 0.00 0.00 0.00
car 0.00 0 0.00 187 397 292 454 0.00 0.00 0.00 0.00 0.00 0.00 0.00
car 0.00 0 0.00 636 304 705 391 0.00 0.00 0.00 0.00 0.00 0.00 0.00
car 0.00 0 0.00 625 412 679 511 0.00 0.00 0.00 0.00 0.00 0.00 0.00
car 0.00 0 0.00 791 384 848 480 0.00 0.00 0.00 0.00 0.00 0.00 0.00
car 0.00 0 0.00 611 547 679 668 0.00 0.00 0.00 0.00 0.00 0.00 0.00
people 0.00 0 0.00 774 507 797 540 0.00 0.00 0.00 0.00 0.00 0.00 0.00
motor 0.00 0 0.00 775 507 796 556 0.00 0.00 0.00 0.00 0.00 0.00 0.00
car 0.00 0 0.00 749 655 824 782 0.00 0.00 0.00 0.00 0.00 0.00 0.00
pedestrian 0.00 0 0.00 670 654 697 684 0.00 0.00 0.00 0.00 0.00 0.00 0.00
people 0.00 0 0.00 673 691 693 714 0.00 0.00 0.00 0.00 0.00 0.00 0.00
car 0.00 0 0.00 428 451 494 555 0.00 0.00 0.00 0.00 0.00 0.00 0.00
truck 0.00 0 0.00 953 302 1029 455 0.00 0.00 0.00 0.00 0.00 0.00 0.00
car 0.00 0 0.00 981 463 1057 566 0.00 0.00 0.00 0.00 0.00 0.00 0.00
bicycle 0.00 0 0.00 1078 333 1122 366 0.00 0.00 0.00 0.00 0.00 0.00 0.00
tricycle 0.00 0 0.00 1160 455 1204 486 0.00 0.00 0.00 0.00 0.00 0.00 0.00
car 0.00 0 0.00 1006 656 1077 780 0.00 0.00 0.00 0.00 0.00 0.00 0.00
car 0.00 0 0.00 1214 704 1314 857 0.00 0.00 0.00 0.00 0.00 0.00 0.00
van 0.00 0 0.00 1019 787 1107 961 0.00 0.00 0.00 0.00 0.00 0.00 0.00
car 0.00 0 0.00 0 1211 133 1327 0.00 0.00 0.00 0.00 0.00 0.00 0.00
car 0.00 0 0.00 628 1319 746 1498 0.00 0.00 0.00 0.00 0.00 0.00 0.00
car 0.00 0 0.00 841 1198 934 1440 0.00 0.00 0.00 0.00 0.00 0.00 0.00
van 0.00 0 0.00 1100 1361 1215 1500 0.00 0.00 0.00 0.00 0.00 0.00 0.00
