truck 0.00 0 0.00 0 42 21 68 0.00 0.00 0.00 0.00 0.00 0.00 0.00
truck 0.00 0 0.00 21 59 44 85 0.00 0.00 0.00 0.00 0.00 0.00 0.00
truck 0.00 0 0.00 146 125 179 158 0.00 0.00 0.00 0.00 0.00 0.00 0.00
truck 0.00 0 0.00 91 150 117 177 0.00 0.00 0.00 0.00 0.00 0.00 0.00
bus 0.00 0 0.00 58 71 95 115 0.00 0.00 0.00 0.00 0.00 0.00 0.00
bus 0.00 0 0.00 44 110 87 154 0.00 0.00 0.00 0.00 0.00 0.00 0.00
car 0.00 0 0.00 129 107 144 121 0.00 0.00 0.00 0.00 0.00 0.00 0.00
car 0.00 0 0.00 120 158 138 174 0.00 0.00 0.00 0.00 0.00 0.00 0.00
car 0.00 0 0.00 192 179 213 204 0.00 0.00 0.00 0.00 0.00 0.00 0.00
car 0.00 0 0.00 158 162 179 179 0.00 0.00 0.00 0.00 0.00 0.00 0.00
car 0.00 0 0.00 131 137 150 158 0.00 0.00 0.00 0.00 0.00 0.00 0.00
car 0.00 0 0.00 387 291 418 321 0.00 0.00 0.00 0.00 0.00 0.00 0.00
car 0.00 0 0.00 498 340 533 369 0.00 0.00 0.00 0.00 0.00 0.00 0.00
car 0.00 0 0.00 397 126 429 141 0.00 0.00 0.00 0.00 0.00 0.00 0.00
car 0.00 0 0.00 489 193 508 214 0.00 0.00 0.00 0.00 0.00 0.00 0.00
car 0.00 0 0.00 519 196 541 219 0.00 0.00 0.00 0.00 0.00 0.00 0.00
car 0.00 0 0.00 561 159 579 178 0.00 0.00 0.00 0.00 0.00 0.00 0.00
car 0.00 0 0.00 487 126 506 143 0.00 0.00 0.00 0.00 0.00 0.00 0.00
car 0.00 0 0.00 518 121 536 137 0.00 0.00 0.00 0.00 0.00 0.00 0.00
car 0.00 0 0.00 642 382 677 413 0.00 0.00 0.00 0.00 0.00 0.00 0.00
car 0.00 0 0.00 591 319 628 353 0.00 0.00 0.00 0.00 0.00 0.00 0.00
car 0.00 0 0.00 527 306 563 336 0.00 0.00 0.00 0.00 0.00 0.00 0.00
car 0.00 0 0.00 582 116 598 139 0.00 0.00 0.00 0.00 0.00 0.00 0.00
car 0.00 0 0.00 504 84 520 101 0.00 0.00 0.00 0.00 0.00 0.00 0.00
car 0.00 0 0.00 381 192 404 216 0.00 0.00 0.00 0.00 0.00 0.00 0.00
car 0.00 0 0.00 299 146 319 163 0.00 0.00 0.00 0.00 0.00 0.00 0.00
car 0.00 0 0.00 726 520 789 571 0.00 0.00 0.00 0.00 0.00 0.00 0.00
car 0.00 0 0.00 816 464 873 516 0.00 0.00 0.00 0.00 0.00 0.00 0.00
car 0.00 0 0.00 526 39 538 58 0.00 0.00 0.00 0.00 0.00 0.00 0.00
car 0.00 0 0.00 663 106 676 122 0.00 0.00 0.00 0.00 0.00 0.00 0.00
car 0.00 0 0.00 547 31 560 49 0.00 0.00 0.00 0.00 0.00 0.00 0.00
car 0.00 0 0.00 394 117 422 131 0.00 0.00 0.00 0.00 0.00 0.00 0.00
car 0.00 0 0.00 782 252 803 273 0.00 0.00 0.00 0.00 0.00 0.00 0.00
car 0.00 0 0.00 818 249 837 273 0.00 0.00 0.00 0.00 0.00 0.00 0.00
car 0.00 0 0.00 758 191 776 212 0.00 0.00 0.00 0.00 0.00 0.00 0.00
car 0.00 0 0.00 774 185 792 209 0.00 0.00 0.00 0.00 0.00 0.00 0.00
car 0.00 0 0.00 791 187 810 210 0.00 0.00 0.00 0.00 0.00 0.00 0.00
car 0.00 0 0.00 807 189 827 209 0.00 0.00 0.00 0.00 0.00 0.00 0.00
car 0.00 0 0.00 825 188 845 206 0.00 0.00 0.00 0.00 0.00 0.00 0.00
car 0.00 0 0.00 843 186 864 208 0.00 0.00 0.00 0.00 0.00 0.00 0.00
car 0.00 0 0.00 860 185 879 205 0.00 0.00 0.00 0.00 0.00 0.00 0.00
car 0.00 0 0.00 879 182 900 208 0.00 0.00 0.00 0.00 0.00 0.00 0.00
car 0.00 0 0.00 965 248 986 270 0.00 0.00 0.00 0.00 0.00 0.00 0.00
car 0.00 0 0.00 927 251 948 269 0.00 0.00 0.00 0.00 0.00 0.00 0.00
car 0.00 0 0.00 918 211 952 230 0.00 0.00 0.00 0.00 0.00 0.00 0.00
car 0.00 0 0.00 854 226 893 244 0.00 0.00 0.00 0.00 0.00 0.00 0.00
car 0.00 0 0.00 962 225 993 243 0.00 0.00 0.00 0.00 0.00 0.00 0.00
car 0.00 0 0.00 1002 168 1020 187 0.00 0.00 0.00 0.00 0.00 0.00 0.00
car 0.00 0 0.00 1021 156 1043 174 0.00 0.00 0.00 0.00 0.00 0.00 0.00
car 0.00 0 0.00 1047 164 1070 186 0.00 0.00 0.00 0.00 0.00 0.00 0.00
car 0.00 0 0.00 1124 135 1146 156 0.00 0.00 0.00 0.00 0.00 0.00 0.00
car 0.00 0 0.00 1179 200 1202 221 0.00 0.00 0.00 0.00 0.00 0.00 0.00
car 0.00 0 0.00 1225 227 1251 247 0.00 0.00 0.00 0.00 0.00 0.00 0.00
car 0.00 0 0.00 1204 239 1229 262 0.00 0.00 0.00 0.00 0.00 0.00 0.00
car 0.00 0 0.00 1175 288 1202 314 0.00 0.00 0.00 0.00 0.00 0.00 0.00
car 0.00 0 0.00 1212 285 1243 317 0.00 0.00 0.00 0.00 0.00 0.00 0.00
car 0.00 0 0.00 1144 323 1173 350 0.00 0.00 0.00 0.00 0.00 0.00 0.00
car 0.00 0 0.00 1207 326 1232 352 0.00 0.00 0.00 0.00 0.00 0.00 0.00
car 0.00 0 0.00 1246 325 1278 348 0.00 0.00 0.00 0.00 0.00 0.00 0.00
car 0.00 0 0.00 1238 286 1264 317 0.00 0.00 0.00 0.00 0.00 0.00 0.00
car 0.00 0 0.00 1254 272 1283 296 0.00 0.00 0.00 0.00 0.00 0.00 0.00
car 0.00 0 0.00 1278 271 1308 296 0.00 0.00 0.00 0.00 0.00 0.00 0.00
car 0.00 0 0.00 1299 271 1327 296 0.00 0.00 0.00 0.00 0.00 0.00 0.00
car 0.00 0 0.00 1218 271 1242 293 0.00 0.00 0.00 0.00 0.00 0.00 0.00
car 0.00 0 0.00 1203 273 1224 294 0.00 0.00 0.00 0.00 0.00 0.00 0.00
car 0.00 0 0.00 1177 274 1206 296 0.00 0.00 0.00 0.00 0.00 0.00 0.00
car 0.00 0 0.00 1161 271 1185 298 0.00 0.00 0.00 0.00 0.00 0.00 0.00
car 0.00 0 0.00 1142 284 1164 317 0.00 0.00 0.00 0.00 0.00 0.00 0.00
car 0.00 0 0.00 1120 289 1134 316 0.00 0.00 0.00 0.00 0.00 0.00 0.00
car 0.00 0 0.00 1133 243 1156 263 0.00 0.00 0.00 0.00 0.00 0.00 0.00
car 0.00 0 0.00 1152 243 1175 266 0.00 0.00 0.00 0.00 0.00 0.00 0.00
car 0.00 0 0.00 1170 241 1194 266 0.00 0.00 0.00 0.00 0.00 0.00 0.00
car 0.00 0 0.00 1135 229 1157 246 0.00 0.00 0.00 0.00 0.00 0.00 0.00
car 0.00 0 0.00 1158 229 1179 245 0.00 0.00 0.00 0.00 0.00 0.00 0.00
car 0.00 0 0.00 1169 226 1195 248 0.00 0.00 0.00 0.00 0.00 0.00 0.00
car 0.00 0 0.00 1191 227 1212 248 0.00 0.00 0.00 0.00 0.00 0.00 0.00
car 0.00 0 0.00 875 248 894 273 0.00 0.00 0.00 0.00 0.00 0.00 0.00
car 0.00 0 0.00 914 200 948 214 0.00 0.00 0.00 0.00 0.00 0.00 0.00
car 0.00 0 0.00 964 219 989 231 0.00 0.00 0.00 0.00 0.00 0.00 0.00
car 0.00 0 0.00 910 190 944 211 0.00 0.00 0.00 0.00 0.00 0.00 0.00
car 0.00 0 0.00 908 183 941 204 0.00 0.00 0.00 0.00 0.00 0.00 0.00
car 0.00 0 0.00 950 193 981 208 0.00 0.00 0.00 0.00 0.00 0.00 0.00
car 0.00 0 0.00 947 201 983 217 0.00 0.00 0.00 0.00 0.00 0.00 0.00
car 0.00 0 0.00 936 178 964 192 0.00 0.00 0.00 0.00 0.00 0.00 0.00
car 0.00 0 0.00 991 160 1008 173 0.00 0.00 0.00 0.00 0.00 0.00 0.00
car 0.00 0 0.00 1017 188 1035 210 0.00 0.00 0.00 0.00 0.00 0.00 0.00
car 0.00 0 0.00 1094 200 1112 220 0.00 0.00 0.00 0.00 0.00 0.00 0.00
car 0.00 0 0.00 905 163 934 180 0.00 0.00 0.00 0.00 0.00 0.00 0.00
car 0.00 0 0.00 928 169 963 183 0.00 0.00 0.00 0.00 0.00 0.00 0.00
van 0.00 0 0.00 983 243 1010 271 0.00 0.00 0.00 0.00 0.00 0.00 0.00
van 0.00 0 0.00 893 243 915 269 0.00 0.00 0.00 0.00 0.00 0.00 0.00
van 0.00 0 0.00 850 217 887 234 0.00 0.00 0.00 0.00 0.00 0.00 0.00
van 0.00 0 0.00 1231 322 1260 352 0.00 0.00 0.00 0.00 0.00 0.00 0.00
van 0.00 0 0.00 1195 194 1218 219 0.00 0.00 0.00 0.00 0.00 0.00 0.00
van 0.00 0 0.00 1112 198 1133 219 0.00 0.00 0.00 0.00 0.00 0.00 0.00
van 0.00 0 0.00 1081 198 1097 219 0.00 0.00 0.00 0.00 0.00 0.00 0.00
van 0.00 0 0.00 1059 195 1082 221 0.00 0.00 0.00 0.00 0.00 0.00 0.00
van 0.00 0 0.00 1044 197 1066 224 0.00 0.00 0.00 0.00 0.00 0.00 0.00
van 0.00 0 0.00 1126 162 1149 186 0.00 0.00 0.00 0.00 0.00 0.00 0.00
van 0.00 0 0.00 1141 163 1164 187 0.00 0.00 0.00 0.00 0.00 0.00 0.00
van 0.00 0 0.00 1159 162 1179 185 0.00 0.00 0.00 0.00 0.00 0.00 0.00
van 0.00 0 0.00 1174 159 1196 186 0.00 0.00 0.00 0.00 0.00 0.00 0.00
van 0.00 0 0.00 976 131 995 156 0.00 0.00 0.00 0.00 0.00 0.00 0.00
van 0.00 0 0.00 1025 197 1046 222 0.00 0.00 0.00 0.00 0.00 0.00 0.00
car 0.00 0 0.00 1043 225 1064 248 0.00 0.00 0.00 0.00 0.00 0.00 0.00
car 0.00 0 0.00 1062 228 1083 246 0.00 0.00 0.00 0.00 0.00 0.00 0.00
van 0.00 0 0.00 808 177 829 196 0.00 0.00 0.00 0.00 0.00 0.00 0.00
car 0.00 0 0.00 791 177 810 195 0.00 0.00 0.00 0.00 0.00 0.00 0.00
car 0.00 0 0.00 762 177 787 194 0.00 0.00 0.00 0.00 0.00 0.00 0.00
van 0.00 0 0.00 737 355 781 402 0.00 0.00 0.00 0.00 0.00 0.00 0.00
truck 0.00 0 0.00 837 250 866 302 0.00 0.00 0.00 0.00 0.00 0.00 0.00
truck 0.00 0 0.00 881 250 910 298 0.00 0.00 0.00 0.00 0.00 0.00 0.00
truck 0.00 0 0.00 973 251 1004 296 0.00 0.00 0.00 0.00 0.00 0.00 0.00
truck 0.00 0 0.00 1148 95 1178 121 0.00 0.00 0.00 0.00 0.00 0.00 0.00
truck 0.00 0 0.00 827 313 857 358 0.00 0.00 0.00 0.00 0.00 0.00 0.00
truck 0.00 0 0.00 904 250 935 296 0.00 0.00 0.00 0.00 0.00 0.00 0.00
truck 0.00 0 0.00 854 319 883 355 0.00 0.00 0.00 0.00 0.00 0.00 0.00
truck 0.00 0 0.00 878 318 910 359 0.00 0.00 0.00 0.00 0.00 0.00 0.00
truck 0.00 0 0.00 901 314 935 360 0.00 0.00 0.00 0.00 0.00 0.00 0.00
truck 0.00 0 0.00 923 304 961 364 0.00 0.00 0.00 0.00 0.00 0.00 0.00
truck 0.00 0 0.00 951 307 988 368 0.00 0.00 0.00 0.00 0.00 0.00 0.00
truck 0.00 0 0.00 999 310 1042 354 0.00 0.00 0.00 0.00 0.00 0.00 0.00
truck 0.00 0 0.00 875 148 931 176 0.00 0.00 0.00 0.00 0.00 0.00 0.00
truck 0.00 0 0.00 877 142 924 168 0.00 0.00 0.00 0.00 0.00 0.00 0.00
truck 0.00 0 0.00 875 138 916 160 0.00 0.00 0.00 0.00 0.00 0.00 0.00
truck 0.00 0 0.00 870 132 919 153 0.00 0.00 0.00 0.00 0.00 0.00 0.00
truck 0.00 0 0.00 864 110 918 140 0.00 0.00 0.00 0.00 0.00 0.00 0.00
truck 0.00 0 0.00 869 123 921 152 0.00 0.00 0.00 0.00 0.00 0.00 0.00
truck 0.00 0 0.00 868 110 929 137 0.00 0.00 0.00 0.00 0.00 0.00 0.00
truck 0.00 0 0.00 1169 93 1200 127 0.00 0.00 0.00 0.00 0.00 0.00 0.00
bus 0.00 0 0.00 991 102 1024 146 0.00 0.00 0.00 0.00 0.00 0.00 0.00
bus 0.00 0 0.00 1066 104 1108 146 0.00 0.00 0.00 0.00 0.00 0.00 0.00
bus 0.00 0 0.00 1011 104 1046 144 0.00 0.00 0.00 0.00 0.00 0.00 0.00
bus 0.00 0 0.00 1087 106 1128 146 0.00 0.00 0.00 0.00 0.00 0.00 0.00
bus 0.00 0 0.00 1170 106 1216 158 0.00 0.00 0.00 0.00 0.00 0.00 0.00
bus 0.00 0 0.00 676 3 690 21 0.00 0.00 0.00 0.00 0.00 0.00 0.00
bus 0.00 0 0.00 673 10 690 32 0.00 0.00 0.00 0.00 0.00 0.00 0.00
bus 0.00 0 0.00 690 12 705 34 0.00 0.00 0.00 0.00 0.00 0.00 0.00
bus 0.00 0 0.00 691 5 707 23 0.00 0.00 0.00 0.00 0.00 0.00 0.00
bus 0.00 0 0.00 693 0 704 16 0.00 0.00 0.00 0.00 0.00 0.00 0.00
bus 0.00 0 0.00 663 5 677 28 0.00 0.00 0.00 0.00 0.00 0.00 0.00
bus 0.00 0 0.00 670 23 687 50 0.00 0.00 0.00 0.00 0.00 0.00 0.00
bus 0.00 0 0.00 683 26 702 51 0.00 0.00 0.00 0.00 0.00 0.00 0.00
bus 0.00 0 0.00 593 10 611 43 0.00 0.00 0.00 0.00 0.00 0.00 0.00
car 0.00 0 0.00 630 36 642 51 0.00 0.00 0.00 0.00 0.00 0.00 0.00
bus 0.00 0 0.00 630 0 648 22 0.00 0.00 0.00 0.00 0.00 0.00 0.00
truck 0.00 0 0.00 603 197 646 249 0.00 0.00 0.00 0.00 0.00 0.00 0.00
truck 0.00 0 0.00 770 485 859 567 0.00 0.00 0.00 0.00 0.00 0.00 0.00
van 0.00 0 0.00 540 245 565 276 0.00 0.00 0.00 0.00 0.00 0.00 0.00
van 0.00 0 0.00 478 526 526 569 0.00 0.00 0.00 0.00 0.00 0.00 0.00
van 0.00 0 0.00 530 380 572 420 0.00 0.00 0.00 0.00 0.00 0.00 0.00
truck 0.00 0 0.00 512 133 535 169 0.00 0.00 0.00 0.00 0.00 0.00 0.00
car 0.00 0 0.00 757 229 794 249 0.00 0.00 0.00 0.00 0.00 0.00 0.00
car 0.00 0 0.00 749 249 768 275 0.00 0.00 0.00 0.00 0.00 0.00 0.00
van 0.00 0 0.00 1113 161 1135 190 0.00 0.00 0.00 0.00 0.00 0.00 0.00
van 0.00 0 0.00 1144 82 1164 99 0.00 0.00 0.00 0.00 0.00 0.00 0.00
car 0.00 0 0.00 1098 61 1110 71 0.00 0.00 0.00 0.00 0.00 0.00 0.00
car 0.00 0 0.00 1113 62 1124 73 0.00 0.00 0.00 0.00 0.00 0.00 0.00
car 0.00 0 0.00 1117 67 1134 79 0.00 0.00 0.00 0.00 0.00 0.00 0.00
pedestrian 0.00 0 0.00 636 157 644 171 0.00 0.00 0.00 0.00 0.00 0.00 0.00
bus 0.00 0 0.00 1139 382 1274 430 0.00 0.00 0.00 0.00 0.00 0.00 0.00
van 0.00 0 0.00 289 135 309 151 0.00 0.00 0.00 0.00 0.00 0.00 0.00
pedestrian 0.00 0 0.00 275 128 284 142 0.00 0.00 0.00 0.00 0.00 0.00 0.00
pedestrian 0.00 0 0.00 391 164 396 176 0.00 0.00 0.00 0.00 0.00 0.00 0.00
pedestrian 0.00 0 0.00 383 168 390 181 0.00 0.00 0.00 0.00 0.00 0.00 0.00
car 0.00 0 0.00 305 266 341 291 0.00 0.00 0.00 0.00 0.00 0.00 0.00
