car 0.00 0 0.00 7 0 294 134 0.00 0.00 0.00 0.00 0.00 0.00 0.00
car 0.00 0 0.00 92 123 388 279 0.00 0.00 0.00 0.00 0.00 0.00 0.00
car 0.00 0 0.00 429 31 661 161 0.00 0.00 0.00 0.00 0.00 0.00 0.00
pedestrian 0.00 0 0.00 472 393 536 483 0.00 0.00 0.00 0.00 0.00 0.00 0.00
pedestrian 0.00 0 0.00 523 545 570 632 0.00 0.00 0.00 0.00 0.00 0.00 0.00
pedestrian 0.00 0 0.00 783 521 848 599 0.00 0.00 0.00 0.00 0.00 0.00 0.00
pedestrian 0.00 0 0.00 917 293 965 379 0.00 0.00 0.00 0.00 0.00 0.00 0.00
pedestrian 0.00 0 0.00 1071 265 1131 363 0.00 0.00 0.00 0.00 0.00 0.00 0.00
pedestrian 0.00 0 0.00 839 355 882 417 0.00 0.00 0.00 0.00 0.00 0.00 0.00
people 0.00 0 0.00 671 522 750 592 0.00 0.00 0.00 0.00 0.00 0.00 0.00
people 0.00 0 0.00 1182 261 1249 326 0.00 0.00 0.00 0.00 0.00 0.00 0.00
people 0.00 0 0.00 1276 293 1343 357 0.00 0.00 0.00 0.00 0.00 0.00 0.00
bicycle 0.00 0 0.00 492 637 641 732 0.00 0.00 0.00 0.00 0.00 0.00 0.00
car 0.00 0 0.00 344 1 587 72 0.00 0.00 0.00 0.00 0.00 0.00 0.00
