bicycle 0.00 0 0.00 801 290 807 305 0.00 0.00 0.00 0.00 0.00 0.00 0.00
bicycle 0.00 0 0.00 814 291 821 304 0.00 0.00 0.00 0.00 0.00 0.00 0.00
bicycle 0.00 0 0.00 959 271 965 282 0.00 0.00 0.00 0.00 0.00 0.00 0.00
bicycle 0.00 0 0.00 1007 289 1021 300 0.00 0.00 0.00 0.00 0.00 0.00 0.00
bicycle 0.00 0 0.00 1019 292 1026 305 0.00 0.00 0.00 0.00 0.00 0.00 0.00
bicycle 0.00 0 0.00 1027 312 1034 326 0.00 0.00 0.00 0.00 0.00 0.00 0.00
pedestrian 0.00 0 0.00 811 188 814 198 0.00 0.00 0.00 0.00 0.00 0.00 0.00
bicycle 0.00 0 0.00 1939 552 1974 576 0.00 0.00 0.00 0.00 0.00 0.00 0.00
bicycle 0.00 0 0.00 1958 564 2000 589 0.00 0.00 0.00 0.00 0.00 0.00 0.00
bicycle 0.00 0 0.00 1905 536 1939 554 0.00 0.00 0.00 0.00 0.00 0.00 0.00
