car 0.00 0 0.00 1221 1212 1537 1381 0.00 0.00 0.00 0.00 0.00 0.00 0.00
car 0.00 0 0.00 1106 378 1246 435 0.00 0.00 0.00 0.00 0.00 0.00 0.00
car 0.00 0 0.00 1119 338 1257 398 0.00 0.00 0.00 0.00 0.00 0.00 0.00
car 0.00 0 0.00 1136 278 1231 326 0.00 0.00 0.00 0.00 0.00 0.00 0.00
car 0.00 0 0.00 1147 254 1250 304 0.00 0.00 0.00 0.00 0.00 0.00 0.00
car 0.00 0 0.00 1143 235 1231 276 0.00 0.00 0.00 0.00 0.00 0.00 0.00
car 0.00 0 0.00 1143 222 1255 264 0.00 0.00 0.00 0.00 0.00 0.00 0.00
car 0.00 0 0.00 1152 207 1257 245 0.00 0.00 0.00 0.00 0.00 0.00 0.00
car 0.00 0 0.00 1167 190 1250 227 0.00 0.00 0.00 0.00 0.00 0.00 0.00
car 0.00 0 0.00 1158 161 1237 201 0.00 0.00 0.00 0.00 0.00 0.00 0.00
car 0.00 0 0.00 1163 152 1255 192 0.00 0.00 0.00 0.00 0.00 0.00 0.00
car 0.00 0 0.00 1165 142 1257 175 0.00 0.00 0.00 0.00 0.00 0.00 0.00
car 0.00 0 0.00 1175 130 1244 160 0.00 0.00 0.00 0.00 0.00 0.00 0.00
car 0.00 0 0.00 1180 109 1256 138 0.00 0.00 0.00 0.00 0.00 0.00 0.00
car 0.00 0 0.00 1191 100 1260 128 0.00 0.00 0.00 0.00 0.00 0.00 0.00
car 0.00 0 0.00 1181 92 1260 119 0.00 0.00 0.00 0.00 0.00 0.00 0.00
car 0.00 0 0.00 1184 79 1256 109 0.00 0.00 0.00 0.00 0.00 0.00 0.00
car 0.00 0 0.00 1194 74 1264 103 0.00 0.00 0.00 0.00 0.00 0.00 0.00
car 0.00 0 0.00 1194 67 1266 92 0.00 0.00 0.00 0.00 0.00 0.00 0.00
car 0.00 0 0.00 1202 58 1265 83 0.00 0.00 0.00 0.00 0.00 0.00 0.00
car 0.00 0 0.00 1199 53 1265 76 0.00 0.00 0.00 0.00 0.00 0.00 0.00
car 0.00 0 0.00 1194 49 1259 72 0.00 0.00 0.00 0.00 0.00 0.00 0.00
car 0.00 0 0.00 1209 39 1265 62 0.00 0.00 0.00 0.00 0.00 0.00 0.00
car 0.00 0 0.00 1203 33 1264 56 0.00 0.00 0.00 0.00 0.00 0.00 0.00
car 0.00 0 0.00 1196 21 1260 44 0.00 0.00 0.00 0.00 0.00 0.00 0.00
car 0.00 0 0.00 1207 16 1265 38 0.00 0.00 0.00 0.00 0.00 0.00 0.00
car 0.00 0 0.00 1209 11 1265 30 0.00 0.00 0.00 0.00 0.00 0.00 0.00
car 0.00 0 0.00 1213 3 1266 23 0.00 0.00 0.00 0.00 0.00 0.00 0.00
car 0.00 0 0.00 1204 0 1258 15 0.00 0.00 0.00 0.00 0.00 0.00 0.00
car 0.00 0 0.00 1226 0 1266 19 0.00 0.00 0.00 0.00 0.00 0.00 0.00
car 0.00 0 0.00 1014 63 1074 91 0.00 0.00 0.00 0.00 0.00 0.00 0.00
car 0.00 0 0.00 963 91 1025 122 0.00 0.00 0.00 0.00 0.00 0.00 0.00
bicycle 0.00 0 0.00 996 74 1020 91 0.00 0.00 0.00 0.00 0.00 0.00 0.00
motor 0.00 0 0.00 983 124 1012 147 0.00 0.00 0.00 0.00 0.00 0.00 0.00
motor 0.00 0 0.00 968 129 997 153 0.00 0.00 0.00 0.00 0.00 0.00 0.00
van 0.00 0 0.00 1018 110 1060 158 0.00 0.00 0.00 0.00 0.00 0.00 0.00
motor 0.00 0 0.00 991 175 1006 197 0.00 0.00 0.00 0.00 0.00 0.00 0.00
motor 0.00 0 0.00 968 194 1001 219 0.00 0.00 0.00 0.00 0.00 0.00 0.00
bicycle 0.00 0 0.00 945 239 963 267 0.00 0.00 0.00 0.00 0.00 0.00 0.00
car 0.00 0 0.00 860 366 927 430 0.00 0.00 0.00 0.00 0.00 0.00 0.00
van 0.00 0 0.00 887 413 955 496 0.00 0.00 0.00 0.00 0.00 0.00 0.00
pedestrian 0.00 0 0.00 869 415 893 468 0.00 0.00 0.00 0.00 0.00 0.00 0.00
car 0.00 0 0.00 742 518 835 599 0.00 0.00 0.00 0.00 0.00 0.00 0.00
van 0.00 0 0.00 444 597 636 699 0.00 0.00 0.00 0.00 0.00 0.00 0.00
van 0.00 0 0.00 481 677 666 826 0.00 0.00 0.00 0.00 0.00 0.00 0.00
bicycle 0.00 0 0.00 420 712 490 763 0.00 0.00 0.00 0.00 0.00 0.00 0.00
motor 0.00 0 0.00 382 722 451 782 0.00 0.00 0.00 0.00 0.00 0.00 0.00
motor 0.00 0 0.00 119 828 209 909 0.00 0.00 0.00 0.00 0.00 0.00 0.00
car 0.00 0 0.00 229 910 478 1061 0.00 0.00 0.00 0.00 0.00 0.00 0.00
car 0.00 0 0.00 1023 870 1297 1010 0.00 0.00 0.00 0.00 0.00 0.00 0.00
car 0.00 0 0.00 1000 661 1223 756 0.00 0.00 0.00 0.00 0.00 0.00 0.00
car 0.00 0 0.00 1065 499 1236 571 0.00 0.00 0.00 0.00 0.00 0.00 0.00
car 0.00 0 0.00 1096 433 1247 499 0.00 0.00 0.00 0.00 0.00 0.00 0.00
van 0.00 0 0.00 1044 564 1205 685 0.00 0.00 0.00 0.00 0.00 0.00 0.00
pedestrian 0.00 0 0.00 1253 549 1274 611 0.00 0.00 0.00 0.00 0.00 0.00 0.00
car 0.00 0 0.00 1817 314 1905 379 0.00 0.00 0.00 0.00 0.00 0.00 0.00
car 0.00 0 0.00 1543 30 1574 54 0.00 0.00 0.00 0.00 0.00 0.00 0.00
car 0.00 0 0.00 1539 6 1574 30 0.00 0.00 0.00 0.00 0.00 0.00 0.00
car 0.00 0 0.00 1600 0 1633 16 0.00 0.00 0.00 0.00 0.00 0.00 0.00
van 0.00 0 0.00 1732 59 1776 91 0.00 0.00 0.00 0.00 0.00 0.00 0.00
van 0.00 0 0.00 1651 131 1702 184 0.00 0.00 0.00 0.00 0.00 0.00 0.00
bus 0.00 0 0.00 1600 46 1683 118 0.00 0.00 0.00 0.00 0.00 0.00 0.00
