pedestrian 0.00 0 0.00 204 101 209 111 0.00 0.00 0.00 0.00 0.00 0.00 0.00
pedestrian 0.00 0 0.00 199 99 204 112 0.00 0.00 0.00 0.00 0.00 0.00 0.00
pedestrian 0.00 0 0.00 280 163 284 177 0.00 0.00 0.00 0.00 0.00 0.00 0.00
car 0.00 0 0.00 283 30 296 41 0.00 0.00 0.00 0.00 0.00 0.00 0.00
car 0.00 0 0.00 325 89 342 101 0.00 0.00 0.00 0.00 0.00 0.00 0.00
car 0.00 0 0.00 306 42 314 50 0.00 0.00 0.00 0.00 0.00 0.00 0.00
car 0.00 0 0.00 253 17 261 24 0.00 0.00 0.00 0.00 0.00 0.00 0.00
car 0.00 0 0.00 276 67 295 79 0.00 0.00 0.00 0.00 0.00 0.00 0.00
car 0.00 0 0.00 405 95 429 105 0.00 0.00 0.00 0.00 0.00 0.00 0.00
car 0.00 0 0.00 313 47 323 54 0.00 0.00 0.00 0.00 0.00 0.00 0.00
car 0.00 0 0.00 320 50 330 58 0.00 0.00 0.00 0.00 0.00 0.00 0.00
car 0.00 0 0.00 325 54 335 61 0.00 0.00 0.00 0.00 0.00 0.00 0.00
car 0.00 0 0.00 347 65 358 72 0.00 0.00 0.00 0.00 0.00 0.00 0.00
motor 0.00 0 0.00 311 64 316 70 0.00 0.00 0.00 0.00 0.00 0.00 0.00
car 0.00 0 0.00 352 91 369 102 0.00 0.00 0.00 0.00 0.00 0.00 0.00
people 0.00 0 0.00 312 62 315 67 0.00 0.00 0.00 0.00 0.00 0.00 0.00
car 0.00 0 0.00 280 44 293 56 0.00 0.00 0.00 0.00 0.00 0.00 0.00
car 0.00 0 0.00 398 151 424 170 0.00 0.00 0.00 0.00 0.00 0.00 0.00
car 0.00 0 0.00 418 164 440 181 0.00 0.00 0.00 0.00 0.00 0.00 0.00
car 0.00 0 0.00 589 414 611 431 0.00 0.00 0.00 0.00 0.00 0.00 0.00
car 0.00 0 0.00 562 379 581 395 0.00 0.00 0.00 0.00 0.00 0.00 0.00
motor 0.00 0 0.00 438 315 466 330 0.00 0.00 0.00 0.00 0.00 0.00 0.00
car 0.00 0 0.00 430 105 446 115 0.00 0.00 0.00 0.00 0.00 0.00 0.00
car 0.00 0 0.00 445 110 458 122 0.00 0.00 0.00 0.00 0.00 0.00 0.00
car 0.00 0 0.00 458 116 471 127 0.00 0.00 0.00 0.00 0.00 0.00 0.00
car 0.00 0 0.00 506 125 525 138 0.00 0.00 0.00 0.00 0.00 0.00 0.00
car 0.00 0 0.00 530 153 549 165 0.00 0.00 0.00 0.00 0.00 0.00 0.00
car 0.00 0 0.00 543 160 564 172 0.00 0.00 0.00 0.00 0.00 0.00 0.00
car 0.00 0 0.00 458 138 489 154 0.00 0.00 0.00 0.00 0.00 0.00 0.00
car 0.00 0 0.00 525 125 547 141 0.00 0.00 0.00 0.00 0.00 0.00 0.00
car 0.00 0 0.00 558 119 579 130 0.00 0.00 0.00 0.00 0.00 0.00 0.00
car 0.00 0 0.00 469 172 496 188 0.00 0.00 0.00 0.00 0.00 0.00 0.00
car 0.00 0 0.00 495 168 520 188 0.00 0.00 0.00 0.00 0.00 0.00 0.00
van 0.00 0 0.00 436 173 457 194 0.00 0.00 0.00 0.00 0.00 0.00 0.00
car 0.00 0 0.00 452 187 478 208 0.00 0.00 0.00 0.00 0.00 0.00 0.00
car 0.00 0 0.00 470 197 499 219 0.00 0.00 0.00 0.00 0.00 0.00 0.00
car 0.00 0 0.00 492 216 522 237 0.00 0.00 0.00 0.00 0.00 0.00 0.00
car 0.00 0 0.00 515 227 547 253 0.00 0.00 0.00 0.00 0.00 0.00 0.00
car 0.00 0 0.00 539 245 578 273 0.00 0.00 0.00 0.00 0.00 0.00 0.00
car 0.00 0 0.00 589 177 615 198 0.00 0.00 0.00 0.00 0.00 0.00 0.00
car 0.00 0 0.00 567 268 607 295 0.00 0.00 0.00 0.00 0.00 0.00 0.00
car 0.00 0 0.00 646 318 695 351 0.00 0.00 0.00 0.00 0.00 0.00 0.00
car 0.00 0 0.00 605 286 647 318 0.00 0.00 0.00 0.00 0.00 0.00 0.00
car 0.00 0 0.00 700 349 755 386 0.00 0.00 0.00 0.00 0.00 0.00 0.00
van 0.00 0 0.00 759 372 814 421 0.00 0.00 0.00 0.00 0.00 0.00 0.00
car 0.00 0 0.00 830 432 901 482 0.00 0.00 0.00 0.00 0.00 0.00 0.00
car 0.00 0 0.00 931 347 988 380 0.00 0.00 0.00 0.00 0.00 0.00 0.00
car 0.00 0 0.00 903 445 978 494 0.00 0.00 0.00 0.00 0.00 0.00 0.00
car 0.00 0 0.00 1044 481 1142 529 0.00 0.00 0.00 0.00 0.00 0.00 0.00
car 0.00 0 0.00 978 530 1067 589 0.00 0.00 0.00 0.00 0.00 0.00 0.00
car 0.00 0 0.00 728 250 763 270 0.00 0.00 0.00 0.00 0.00 0.00 0.00
car 0.00 0 0.00 693 234 728 255 0.00 0.00 0.00 0.00 0.00 0.00 0.00
car 0.00 0 0.00 625 199 658 219 0.00 0.00 0.00 0.00 0.00 0.00 0.00
car 0.00 0 0.00 405 82 417 91 0.00 0.00 0.00 0.00 0.00 0.00 0.00
motor 0.00 0 0.00 709 496 724 522 0.00 0.00 0.00 0.00 0.00 0.00 0.00
motor 0.00 0 0.00 738 503 755 530 0.00 0.00 0.00 0.00 0.00 0.00 0.00
motor 0.00 0 0.00 762 507 780 535 0.00 0.00 0.00 0.00 0.00 0.00 0.00
motor 0.00 0 0.00 812 572 833 602 0.00 0.00 0.00 0.00 0.00 0.00 0.00
motor 0.00 0 0.00 856 600 888 633 0.00 0.00 0.00 0.00 0.00 0.00 0.00
motor 0.00 0 0.00 870 593 892 621 0.00 0.00 0.00 0.00 0.00 0.00 0.00
motor 0.00 0 0.00 988 664 1013 701 0.00 0.00 0.00 0.00 0.00 0.00 0.00
motor 0.00 0 0.00 1056 798 1111 853 0.00 0.00 0.00 0.00 0.00 0.00 0.00
motor 0.00 0 0.00 1097 799 1137 845 0.00 0.00 0.00 0.00 0.00 0.00 0.00
motor 0.00 0 0.00 1118 778 1163 820 0.00 0.00 0.00 0.00 0.00 0.00 0.00
motor 0.00 0 0.00 1211 884 1276 942 0.00 0.00 0.00 0.00 0.00 0.00 0.00
motor 0.00 0 0.00 1223 600 1261 648 0.00 0.00 0.00 0.00 0.00 0.00 0.00
motor 0.00 0 0.00 1154 416 1180 445 0.00 0.00 0.00 0.00 0.00 0.00 0.00
motor 0.00 0 0.00 1124 409 1148 424 0.00 0.00 0.00 0.00 0.00 0.00 0.00
motor 0.00 0 0.00 1079 393 1104 407 0.00 0.00 0.00 0.00 0.00 0.00 0.00
motor 0.00 0 0.00 1063 387 1089 403 0.00 0.00 0.00 0.00 0.00 0.00 0.00
motor 0.00 0 0.00 1006 360 1032 376 0.00 0.00 0.00 0.00 0.00 0.00 0.00
motor 0.00 0 0.00 1028 377 1055 392 0.00 0.00 0.00 0.00 0.00 0.00 0.00
motor 0.00 0 0.00 1053 384 1079 398 0.00 0.00 0.00 0.00 0.00 0.00 0.00
people 0.00 0 0.00 1233 877 1260 919 0.00 0.00 0.00 0.00 0.00 0.00 0.00
people 0.00 0 0.00 1137 771 1154 798 0.00 0.00 0.00 0.00 0.00 0.00 0.00
people 0.00 0 0.00 1111 783 1129 811 0.00 0.00 0.00 0.00 0.00 0.00 0.00
people 0.00 0 0.00 1069 794 1093 824 0.00 0.00 0.00 0.00 0.00 0.00 0.00
pedestrian 0.00 0 0.00 779 763 795 802 0.00 0.00 0.00 0.00 0.00 0.00 0.00
people 0.00 0 0.00 877 588 885 606 0.00 0.00 0.00 0.00 0.00 0.00 0.00
people 0.00 0 0.00 815 562 827 586 0.00 0.00 0.00 0.00 0.00 0.00 0.00
people 0.00 0 0.00 997 655 1010 683 0.00 0.00 0.00 0.00 0.00 0.00 0.00
people 0.00 0 0.00 763 499 775 520 0.00 0.00 0.00 0.00 0.00 0.00 0.00
people 0.00 0 0.00 738 494 752 515 0.00 0.00 0.00 0.00 0.00 0.00 0.00
people 0.00 0 0.00 709 489 720 508 0.00 0.00 0.00 0.00 0.00 0.00 0.00
people 0.00 0 0.00 1232 588 1257 623 0.00 0.00 0.00 0.00 0.00 0.00 0.00
