car 0.00 0 0.00 433 0 468 8 0.00 0.00 0.00 0.00 0.00 0.00 0.00
car 0.00 0 0.00 298 4 334 20 0.00 0.00 0.00 0.00 0.00 0.00 0.00
car 0.00 0 0.00 351 17 389 34 0.00 0.00 0.00 0.00 0.00 0.00 0.00
car 0.00 0 0.00 338 39 378 56 0.00 0.00 0.00 0.00 0.00 0.00 0.00
van 0.00 0 0.00 299 50 333 69 0.00 0.00 0.00 0.00 0.00 0.00 0.00
car 0.00 0 0.00 478 23 513 40 0.00 0.00 0.00 0.00 0.00 0.00 0.00
bus 0.00 0 0.00 593 0 619 18 0.00 0.00 0.00 0.00 0.00 0.00 0.00
truck 0.00 0 0.00 551 16 593 51 0.00 0.00 0.00 0.00 0.00 0.00 0.00
truck 0.00 0 0.00 367 93 394 126 0.00 0.00 0.00 0.00 0.00 0.00 0.00
car 0.00 0 0.00 460 97 481 123 0.00 0.00 0.00 0.00 0.00 0.00 0.00
car 0.00 0 0.00 492 94 515 120 0.00 0.00 0.00 0.00 0.00 0.00 0.00
car 0.00 0 0.00 408 144 431 169 0.00 0.00 0.00 0.00 0.00 0.00 0.00
car 0.00 0 0.00 312 171 364 199 0.00 0.00 0.00 0.00 0.00 0.00 0.00
car 0.00 0 0.00 209 229 268 257 0.00 0.00 0.00 0.00 0.00 0.00 0.00
van 0.00 0 0.00 494 196 537 223 0.00 0.00 0.00 0.00 0.00 0.00 0.00
car 0.00 0 0.00 288 189 341 213 0.00 0.00 0.00 0.00 0.00 0.00 0.00
car 0.00 0 0.00 181 245 245 272 0.00 0.00 0.00 0.00 0.00 0.00 0.00
car 0.00 0 0.00 290 309 354 341 0.00 0.00 0.00 0.00 0.00 0.00 0.00
motor 0.00 0 0.00 457 357 479 377 0.00 0.00 0.00 0.00 0.00 0.00 0.00
motor 0.00 0 0.00 493 361 507 384 0.00 0.00 0.00 0.00 0.00 0.00 0.00
truck 0.00 0 0.00 578 231 626 319 0.00 0.00 0.00 0.00 0.00 0.00 0.00
truck 0.00 0 0.00 752 242 822 286 0.00 0.00 0.00 0.00 0.00 0.00 0.00
truck 0.00 0 0.00 778 298 830 364 0.00 0.00 0.00 0.00 0.00 0.00 0.00
car 0.00 0 0.00 947 296 1007 327 0.00 0.00 0.00 0.00 0.00 0.00 0.00
car 0.00 0 0.00 841 497 923 544 0.00 0.00 0.00 0.00 0.00 0.00 0.00
car 0.00 0 0.00 1064 457 1136 493 0.00 0.00 0.00 0.00 0.00 0.00 0.00
car 0.00 0 0.00 1004 393 1068 430 0.00 0.00 0.00 0.00 0.00 0.00 0.00
car 0.00 0 0.00 860 580 950 621 0.00 0.00 0.00 0.00 0.00 0.00 0.00
car 0.00 0 0.00 992 378 1062 408 0.00 0.00 0.00 0.00 0.00 0.00 0.00
car 0.00 0 0.00 836 468 911 507 0.00 0.00 0.00 0.00 0.00 0.00 0.00
car 0.00 0 0.00 1153 621 1246 673 0.00 0.00 0.00 0.00 0.00 0.00 0.00
car 0.00 0 0.00 1190 653 1287 707 0.00 0.00 0.00 0.00 0.00 0.00 0.00
car 0.00 0 0.00 1208 688 1313 749 0.00 0.00 0.00 0.00 0.00 0.00 0.00
motor 0.00 0 0.00 1319 827 1336 870 0.00 0.00 0.00 0.00 0.00 0.00 0.00
car 0.00 0 0.00 356 896 452 994 0.00 0.00 0.00 0.00 0.00 0.00 0.00
car 0.00 0 0.00 413 921 518 1028 0.00 0.00 0.00 0.00 0.00 0.00 0.00
car 0.00 0 0.00 1349 57 1398 75 0.00 0.00 0.00 0.00 0.00 0.00 0.00
car 0.00 0 0.00 1490 108 1510 136 0.00 0.00 0.00 0.00 0.00 0.00 0.00
car 0.00 0 0.00 1364 93 1381 117 0.00 0.00 0.00 0.00 0.00 0.00 0.00
van 0.00 0 0.00 1334 84 1349 112 0.00 0.00 0.00 0.00 0.00 0.00 0.00
car 0.00 0 0.00 1305 89 1327 111 0.00 0.00 0.00 0.00 0.00 0.00 0.00
car 0.00 0 0.00 1280 83 1299 108 0.00 0.00 0.00 0.00 0.00 0.00 0.00
car 0.00 0 0.00 1253 78 1274 106 0.00 0.00 0.00 0.00 0.00 0.00 0.00
pedestrian 0.00 0 0.00 658 67 665 83 0.00 0.00 0.00 0.00 0.00 0.00 0.00
motor 0.00 0 0.00 635 50 642 60 0.00 0.00 0.00 0.00 0.00 0.00 0.00
people 0.00 0 0.00 637 45 641 54 0.00 0.00 0.00 0.00 0.00 0.00 0.00
motor 0.00 0 0.00 794 620 805 640 0.00 0.00 0.00 0.00 0.00 0.00 0.00
people 0.00 0 0.00 793 609 802 626 0.00 0.00 0.00 0.00 0.00 0.00 0.00
