motor 0.00 0 0.00 213 725 240 796 0.00 0.00 0.00 0.00 0.00 0.00 0.00
pedestrian 0.00 0 0.00 374 727 398 809 0.00 0.00 0.00 0.00 0.00 0.00 0.00
pedestrian 0.00 0 0.00 377 810 432 918 0.00 0.00 0.00 0.00 0.00 0.00 0.00
pedestrian 0.00 0 0.00 422 835 483 941 0.00 0.00 0.00 0.00 0.00 0.00 0.00
pedestrian 0.00 0 0.00 486 799 517 904 0.00 0.00 0.00 0.00 0.00 0.00 0.00
pedestrian 0.00 0 0.00 522 765 546 851 0.00 0.00 0.00 0.00 0.00 0.00 0.00
motor 0.00 0 0.00 248 648 295 696 0.00 0.00 0.00 0.00 0.00 0.00 0.00
awning-tricycle 0.00 0 0.00 262 580 353 666 0.00 0.00 0.00 0.00 0.00 0.00 0.00
pedestrian 0.00 0 0.00 332 609 352 664 0.00 0.00 0.00 0.00 0.00 0.00 0.00
pedestrian 0.00 0 0.00 621 674 642 745 0.00 0.00 0.00 0.00 0.00 0.00 0.00
pedestrian 0.00 0 0.00 792 632 809 692 0.00 0.00 0.00 0.00 0.00 0.00 0.00
pedestrian 0.00 0 0.00 810 627 833 691 0.00 0.00 0.00 0.00 0.00 0.00 0.00
pedestrian 0.00 0 0.00 883 679 910 759 0.00 0.00 0.00 0.00 0.00 0.00 0.00
pedestrian 0.00 0 0.00 906 671 931 753 0.00 0.00 0.00 0.00 0.00 0.00 0.00
pedestrian 0.00 0 0.00 915 692 951 772 0.00 0.00 0.00 0.00 0.00 0.00 0.00
pedestrian 0.00 0 0.00 338 448 344 459 0.00 0.00 0.00 0.00 0.00 0.00 0.00
truck 0.00 0 0.00 345 434 391 457 0.00 0.00 0.00 0.00 0.00 0.00 0.00
truck 0.00 0 0.00 390 433 424 458 0.00 0.00 0.00 0.00 0.00 0.00 0.00
truck 0.00 0 0.00 431 433 477 452 0.00 0.00 0.00 0.00 0.00 0.00 0.00
truck 0.00 0 0.00 476 429 519 449 0.00 0.00 0.00 0.00 0.00 0.00 0.00
bicycle 0.00 0 0.00 536 605 582 630 0.00 0.00 0.00 0.00 0.00 0.00 0.00
bicycle 0.00 0 0.00 675 575 709 596 0.00 0.00 0.00 0.00 0.00 0.00 0.00
motor 0.00 0 0.00 686 556 720 577 0.00 0.00 0.00 0.00 0.00 0.00 0.00
motor 0.00 0 0.00 712 530 740 548 0.00 0.00 0.00 0.00 0.00 0.00 0.00
motor 0.00 0 0.00 722 517 749 533 0.00 0.00 0.00 0.00 0.00 0.00 0.00
bicycle 0.00 0 0.00 733 514 757 528 0.00 0.00 0.00 0.00 0.00 0.00 0.00
pedestrian 0.00 0 0.00 788 536 799 571 0.00 0.00 0.00 0.00 0.00 0.00 0.00
pedestrian 0.00 0 0.00 776 530 788 563 0.00 0.00 0.00 0.00 0.00 0.00 0.00
pedestrian 0.00 0 0.00 828 550 842 585 0.00 0.00 0.00 0.00 0.00 0.00 0.00
pedestrian 0.00 0 0.00 863 555 875 589 0.00 0.00 0.00 0.00 0.00 0.00 0.00
pedestrian 0.00 0 0.00 847 553 863 583 0.00 0.00 0.00 0.00 0.00 0.00 0.00
pedestrian 0.00 0 0.00 880 553 896 596 0.00 0.00 0.00 0.00 0.00 0.00 0.00
pedestrian 0.00 0 0.00 898 551 910 583 0.00 0.00 0.00 0.00 0.00 0.00 0.00
pedestrian 0.00 0 0.00 893 544 902 576 0.00 0.00 0.00 0.00 0.00 0.00 0.00
pedestrian 0.00 0 0.00 859 542 869 578 0.00 0.00 0.00 0.00 0.00 0.00 0.00
pedestrian 0.00 0 0.00 849 532 860 565 0.00 0.00 0.00 0.00 0.00 0.00 0.00
pedestrian 0.00 0 0.00 826 522 835 555 0.00 0.00 0.00 0.00 0.00 0.00 0.00
pedestrian 0.00 0 0.00 832 524 838 553 0.00 0.00 0.00 0.00 0.00 0.00 0.00
pedestrian 0.00 0 0.00 881 532 891 565 0.00 0.00 0.00 0.00 0.00 0.00 0.00
pedestrian 0.00 0 0.00 790 491 796 512 0.00 0.00 0.00 0.00 0.00 0.00 0.00
pedestrian 0.00 0 0.00 782 489 789 509 0.00 0.00 0.00 0.00 0.00 0.00 0.00
pedestrian 0.00 0 0.00 818 490 824 510 0.00 0.00 0.00 0.00 0.00 0.00 0.00
pedestrian 0.00 0 0.00 815 489 819 508 0.00 0.00 0.00 0.00 0.00 0.00 0.00
car 0.00 0 0.00 824 464 857 477 0.00 0.00 0.00 0.00 0.00 0.00 0.00
bicycle 0.00 0 0.00 863 500 892 517 0.00 0.00 0.00 0.00 0.00 0.00 0.00
truck 0.00 0 0.00 830 453 868 470 0.00 0.00 0.00 0.00 0.00 0.00 0.00
pedestrian 0.00 0 0.00 346 602 361 659 0.00 0.00 0.00 0.00 0.00 0.00 0.00
