car 0.00 0 0.00 670 906 687 947 0.00 0.00 0.00 0.00 0.00 0.00 0.00
car 0.00 0 0.00 540 705 563 730 0.00 0.00 0.00 0.00 0.00 0.00 0.00
car 0.00 0 0.00 560 666 573 686 0.00 0.00 0.00 0.00 0.00 0.00 0.00
van 0.00 0 0.00 419 824 454 842 0.00 0.00 0.00 0.00 0.00 0.00 0.00
car 0.00 0 0.00 350 816 382 834 0.00 0.00 0.00 0.00 0.00 0.00 0.00
van 0.00 0 0.00 409 922 428 958 0.00 0.00 0.00 0.00 0.00 0.00 0.00
van 0.00 0 0.00 557 962 570 998 0.00 0.00 0.00 0.00 0.00 0.00 0.00
car 0.00 0 0.00 345 952 381 969 0.00 0.00 0.00 0.00 0.00 0.00 0.00
car 0.00 0 0.00 546 923 558 958 0.00 0.00 0.00 0.00 0.00 0.00 0.00
car 0.00 0 0.00 536 962 555 1003 0.00 0.00 0.00 0.00 0.00 0.00 0.00
car 0.00 0 0.00 529 739 556 755 0.00 0.00 0.00 0.00 0.00 0.00 0.00
car 0.00 0 0.00 678 803 690 835 0.00 0.00 0.00 0.00 0.00 0.00 0.00
car 0.00 0 0.00 514 804 541 824 0.00 0.00 0.00 0.00 0.00 0.00 0.00
car 0.00 0 0.00 556 766 582 788 0.00 0.00 0.00 0.00 0.00 0.00 0.00
car 0.00 0 0.00 524 775 547 796 0.00 0.00 0.00 0.00 0.00 0.00 0.00
bus 0.00 0 0.00 946 872 999 919 0.00 0.00 0.00 0.00 0.00 0.00 0.00
car 0.00 0 0.00 962 1003 981 1044 0.00 0.00 0.00 0.00 0.00 0.00 0.00
car 0.00 0 0.00 703 530 715 549 0.00 0.00 0.00 0.00 0.00 0.00 0.00
car 0.00 0 0.00 724 505 733 521 0.00 0.00 0.00 0.00 0.00 0.00 0.00
car 0.00 0 0.00 720 534 730 552 0.00 0.00 0.00 0.00 0.00 0.00 0.00
truck 0.00 0 0.00 717 569 730 600 0.00 0.00 0.00 0.00 0.00 0.00 0.00
truck 0.00 0 0.00 708 631 727 709 0.00 0.00 0.00 0.00 0.00 0.00 0.00
truck 0.00 0 0.00 682 720 699 762 0.00 0.00 0.00 0.00 0.00 0.00 0.00
truck 0.00 0 0.00 611 573 644 588 0.00 0.00 0.00 0.00 0.00 0.00 0.00
truck 0.00 0 0.00 606 550 638 563 0.00 0.00 0.00 0.00 0.00 0.00 0.00
truck 0.00 0 0.00 616 377 637 383 0.00 0.00 0.00 0.00 0.00 0.00 0.00
truck 0.00 0 0.00 620 371 638 378 0.00 0.00 0.00 0.00 0.00 0.00 0.00
truck 0.00 0 0.00 608 449 631 458 0.00 0.00 0.00 0.00 0.00 0.00 0.00
car 0.00 0 0.00 614 431 630 444 0.00 0.00 0.00 0.00 0.00 0.00 0.00
car 0.00 0 0.00 674 389 691 399 0.00 0.00 0.00 0.00 0.00 0.00 0.00
car 0.00 0 0.00 740 371 746 384 0.00 0.00 0.00 0.00 0.00 0.00 0.00
car 0.00 0 0.00 635 348 651 357 0.00 0.00 0.00 0.00 0.00 0.00 0.00
car 0.00 0 0.00 574 412 595 420 0.00 0.00 0.00 0.00 0.00 0.00 0.00
car 0.00 0 0.00 621 417 633 430 0.00 0.00 0.00 0.00 0.00 0.00 0.00
car 0.00 0 0.00 630 362 647 370 0.00 0.00 0.00 0.00 0.00 0.00 0.00
car 0.00 0 0.00 606 329 612 339 0.00 0.00 0.00 0.00 0.00 0.00 0.00
car 0.00 0 0.00 642 385 660 394 0.00 0.00 0.00 0.00 0.00 0.00 0.00
car 0.00 0 0.00 563 641 575 660 0.00 0.00 0.00 0.00 0.00 0.00 0.00
car 0.00 0 0.00 478 726 498 739 0.00 0.00 0.00 0.00 0.00 0.00 0.00
tricycle 0.00 0 0.00 551 668 559 684 0.00 0.00 0.00 0.00 0.00 0.00 0.00
truck 0.00 0 0.00 545 685 571 713 0.00 0.00 0.00 0.00 0.00 0.00 0.00
truck 0.00 0 0.00 580 744 603 801 0.00 0.00 0.00 0.00 0.00 0.00 0.00
car 0.00 0 0.00 664 1027 679 1050 0.00 0.00 0.00 0.00 0.00 0.00 0.00
car 0.00 0 0.00 795 931 824 951 0.00 0.00 0.00 0.00 0.00 0.00 0.00
car 0.00 0 0.00 688 665 701 689 0.00 0.00 0.00 0.00 0.00 0.00 0.00
van 0.00 0 0.00 514 597 521 611 0.00 0.00 0.00 0.00 0.00 0.00 0.00
truck 0.00 0 0.00 799 148 807 163 0.00 0.00 0.00 0.00 0.00 0.00 0.00
truck 0.00 0 0.00 759 151 765 167 0.00 0.00 0.00 0.00 0.00 0.00 0.00
truck 0.00 0 0.00 759 109 765 121 0.00 0.00 0.00 0.00 0.00 0.00 0.00
truck 0.00 0 0.00 752 163 759 182 0.00 0.00 0.00 0.00 0.00 0.00 0.00
truck 0.00 0 0.00 753 74 760 86 0.00 0.00 0.00 0.00 0.00 0.00 0.00
truck 0.00 0 0.00 760 69 767 78 0.00 0.00 0.00 0.00 0.00 0.00 0.00
truck 0.00 0 0.00 664 86 679 94 0.00 0.00 0.00 0.00 0.00 0.00 0.00
car 0.00 0 0.00 763 183 767 188 0.00 0.00 0.00 0.00 0.00 0.00 0.00
car 0.00 0 0.00 773 95 777 100 0.00 0.00 0.00 0.00 0.00 0.00 0.00
car 0.00 0 0.00 762 96 767 101 0.00 0.00 0.00 0.00 0.00 0.00 0.00
truck 0.00 0 0.00 697 28 705 37 0.00 0.00 0.00 0.00 0.00 0.00 0.00
truck 0.00 0 0.00 721 37 732 48 0.00 0.00 0.00 0.00 0.00 0.00 0.00
van 0.00 0 0.00 893 192 904 198 0.00 0.00 0.00 0.00 0.00 0.00 0.00
