car 0.00 0 0.00 684 303 690 311 0.00 0.00 0.00 0.00 0.00 0.00 0.00
car 0.00 0 0.00 624 326 626 331 0.00 0.00 0.00 0.00 0.00 0.00 0.00
car 0.00 0 0.00 627 323 629 325 0.00 0.00 0.00 0.00 0.00 0.00 0.00
car 0.00 0 0.00 631 322 635 324 0.00 0.00 0.00 0.00 0.00 0.00 0.00
car 0.00 0 0.00 636 324 640 327 0.00 0.00 0.00 0.00 0.00 0.00 0.00
car 0.00 0 0.00 624 339 626 343 0.00 0.00 0.00 0.00 0.00 0.00 0.00
truck 0.00 0 0.00 618 349 622 354 0.00 0.00 0.00 0.00 0.00 0.00 0.00
truck 0.00 0 0.00 651 348 656 354 0.00 0.00 0.00 0.00 0.00 0.00 0.00
car 0.00 0 0.00 616 362 622 368 0.00 0.00 0.00 0.00 0.00 0.00 0.00
car 0.00 0 0.00 684 320 689 327 0.00 0.00 0.00 0.00 0.00 0.00 0.00
car 0.00 0 0.00 696 317 704 324 0.00 0.00 0.00 0.00 0.00 0.00 0.00
car 0.00 0 0.00 708 301 714 305 0.00 0.00 0.00 0.00 0.00 0.00 0.00
car 0.00 0 0.00 716 299 721 306 0.00 0.00 0.00 0.00 0.00 0.00 0.00
car 0.00 0 0.00 728 290 736 299 0.00 0.00 0.00 0.00 0.00 0.00 0.00
car 0.00 0 0.00 714 320 723 329 0.00 0.00 0.00 0.00 0.00 0.00 0.00
car 0.00 0 0.00 694 326 701 333 0.00 0.00 0.00 0.00 0.00 0.00 0.00
car 0.00 0 0.00 697 345 706 354 0.00 0.00 0.00 0.00 0.00 0.00 0.00
car 0.00 0 0.00 734 316 744 326 0.00 0.00 0.00 0.00 0.00 0.00 0.00
car 0.00 0 0.00 717 344 727 354 0.00 0.00 0.00 0.00 0.00 0.00 0.00
car 0.00 0 0.00 712 359 724 371 0.00 0.00 0.00 0.00 0.00 0.00 0.00
car 0.00 0 0.00 722 371 738 387 0.00 0.00 0.00 0.00 0.00 0.00 0.00
car 0.00 0 0.00 741 334 752 346 0.00 0.00 0.00 0.00 0.00 0.00 0.00
car 0.00 0 0.00 757 319 770 332 0.00 0.00 0.00 0.00 0.00 0.00 0.00
car 0.00 0 0.00 768 346 782 361 0.00 0.00 0.00 0.00 0.00 0.00 0.00
car 0.00 0 0.00 782 316 797 331 0.00 0.00 0.00 0.00 0.00 0.00 0.00
car 0.00 0 0.00 796 366 817 384 0.00 0.00 0.00 0.00 0.00 0.00 0.00
car 0.00 0 0.00 845 324 864 339 0.00 0.00 0.00 0.00 0.00 0.00 0.00
car 0.00 0 0.00 814 397 838 419 0.00 0.00 0.00 0.00 0.00 0.00 0.00
car 0.00 0 0.00 846 362 873 386 0.00 0.00 0.00 0.00 0.00 0.00 0.00
car 0.00 0 0.00 892 353 923 379 0.00 0.00 0.00 0.00 0.00 0.00 0.00
car 0.00 0 0.00 882 421 920 454 0.00 0.00 0.00 0.00 0.00 0.00 0.00
car 0.00 0 0.00 819 430 846 456 0.00 0.00 0.00 0.00 0.00 0.00 0.00
car 0.00 0 0.00 813 473 846 505 0.00 0.00 0.00 0.00 0.00 0.00 0.00
car 0.00 0 0.00 932 539 990 596 0.00 0.00 0.00 0.00 0.00 0.00 0.00
car 0.00 0 0.00 1127 585 1237 671 0.00 0.00 0.00 0.00 0.00 0.00 0.00
car 0.00 0 0.00 1075 684 1194 790 0.00 0.00 0.00 0.00 0.00 0.00 0.00
car 0.00 0 0.00 783 869 855 976 0.00 0.00 0.00 0.00 0.00 0.00 0.00
car 0.00 0 0.00 663 926 725 1036 0.00 0.00 0.00 0.00 0.00 0.00 0.00
car 0.00 0 0.00 618 855 660 936 0.00 0.00 0.00 0.00 0.00 0.00 0.00
car 0.00 0 0.00 717 707 763 774 0.00 0.00 0.00 0.00 0.00 0.00 0.00
car 0.00 0 0.00 608 750 639 808 0.00 0.00 0.00 0.00 0.00 0.00 0.00
car 0.00 0 0.00 635 701 669 756 0.00 0.00 0.00 0.00 0.00 0.00 0.00
car 0.00 0 0.00 672 670 706 721 0.00 0.00 0.00 0.00 0.00 0.00 0.00
car 0.00 0 0.00 711 621 747 667 0.00 0.00 0.00 0.00 0.00 0.00 0.00
car 0.00 0 0.00 737 502 769 541 0.00 0.00 0.00 0.00 0.00 0.00 0.00
car 0.00 0 0.00 692 567 721 601 0.00 0.00 0.00 0.00 0.00 0.00 0.00
car 0.00 0 0.00 708 518 733 550 0.00 0.00 0.00 0.00 0.00 0.00 0.00
car 0.00 0 0.00 700 496 722 521 0.00 0.00 0.00 0.00 0.00 0.00 0.00
car 0.00 0 0.00 666 606 694 647 0.00 0.00 0.00 0.00 0.00 0.00 0.00
car 0.00 0 0.00 636 622 661 664 0.00 0.00 0.00 0.00 0.00 0.00 0.00
car 0.00 0 0.00 626 588 653 626 0.00 0.00 0.00 0.00 0.00 0.00 0.00
van 0.00 0 0.00 655 553 684 591 0.00 0.00 0.00 0.00 0.00 0.00 0.00
car 0.00 0 0.00 633 551 655 579 0.00 0.00 0.00 0.00 0.00 0.00 0.00
truck 0.00 0 0.00 606 525 638 562 0.00 0.00 0.00 0.00 0.00 0.00 0.00
bicycle 0.00 0 0.00 607 508 615 517 0.00 0.00 0.00 0.00 0.00 0.00 0.00
people 0.00 0 0.00 607 508 611 512 0.00 0.00 0.00 0.00 0.00 0.00 0.00
car 0.00 0 0.00 665 531 686 552 0.00 0.00 0.00 0.00 0.00 0.00 0.00
car 0.00 0 0.00 731 488 754 511 0.00 0.00 0.00 0.00 0.00 0.00 0.00
car 0.00 0 0.00 617 515 632 533 0.00 0.00 0.00 0.00 0.00 0.00 0.00
car 0.00 0 0.00 697 483 717 501 0.00 0.00 0.00 0.00 0.00 0.00 0.00
car 0.00 0 0.00 720 449 739 471 0.00 0.00 0.00 0.00 0.00 0.00 0.00
car 0.00 0 0.00 692 468 710 487 0.00 0.00 0.00 0.00 0.00 0.00 0.00
car 0.00 0 0.00 688 455 705 474 0.00 0.00 0.00 0.00 0.00 0.00 0.00
car 0.00 0 0.00 687 442 702 458 0.00 0.00 0.00 0.00 0.00 0.00 0.00
car 0.00 0 0.00 682 431 697 446 0.00 0.00 0.00 0.00 0.00 0.00 0.00
car 0.00 0 0.00 727 463 747 488 0.00 0.00 0.00 0.00 0.00 0.00 0.00
car 0.00 0 0.00 675 497 695 522 0.00 0.00 0.00 0.00 0.00 0.00 0.00
car 0.00 0 0.00 669 478 688 500 0.00 0.00 0.00 0.00 0.00 0.00 0.00
car 0.00 0 0.00 652 510 669 534 0.00 0.00 0.00 0.00 0.00 0.00 0.00
car 0.00 0 0.00 634 516 651 539 0.00 0.00 0.00 0.00 0.00 0.00 0.00
car 0.00 0 0.00 628 490 643 507 0.00 0.00 0.00 0.00 0.00 0.00 0.00
bus 0.00 0 0.00 607 457 631 490 0.00 0.00 0.00 0.00 0.00 0.00 0.00
car 0.00 0 0.00 632 465 645 483 0.00 0.00 0.00 0.00 0.00 0.00 0.00
car 0.00 0 0.00 647 462 661 480 0.00 0.00 0.00 0.00 0.00 0.00 0.00
car 0.00 0 0.00 665 450 679 467 0.00 0.00 0.00 0.00 0.00 0.00 0.00
car 0.00 0 0.00 639 407 650 421 0.00 0.00 0.00 0.00 0.00 0.00 0.00
car 0.00 0 0.00 606 433 615 444 0.00 0.00 0.00 0.00 0.00 0.00 0.00
car 0.00 0 0.00 629 435 642 451 0.00 0.00 0.00 0.00 0.00 0.00 0.00
van 0.00 0 0.00 640 428 656 445 0.00 0.00 0.00 0.00 0.00 0.00 0.00
car 0.00 0 0.00 656 413 668 428 0.00 0.00 0.00 0.00 0.00 0.00 0.00
car 0.00 0 0.00 659 435 673 452 0.00 0.00 0.00 0.00 0.00 0.00 0.00
car 0.00 0 0.00 644 443 659 458 0.00 0.00 0.00 0.00 0.00 0.00 0.00
car 0.00 0 0.00 349 1011 418 1050 0.00 0.00 0.00 0.00 0.00 0.00 0.00
car 0.00 0 0.00 239 972 279 1017 0.00 0.00 0.00 0.00 0.00 0.00 0.00
