van 0.00 0 0.00 383 825 440 962 0.00 0.00 0.00 0.00 0.00 0.00 0.00
van 0.00 0 0.00 1205 431 1293 488 0.00 0.00 0.00 0.00 0.00 0.00 0.00
van 0.00 0 0.00 991 646 1083 815 0.00 0.00 0.00 0.00 0.00 0.00 0.00
van 0.00 0 0.00 1053 864 1233 1047 0.00 0.00 0.00 0.00 0.00 0.00 0.00
car 0.00 0 0.00 1347 506 1400 555 0.00 0.00 0.00 0.00 0.00 0.00 0.00
van 0.00 0 0.00 882 415 984 526 0.00 0.00 0.00 0.00 0.00 0.00 0.00
pedestrian 0.00 0 0.00 1075 548 1083 568 0.00 0.00 0.00 0.00 0.00 0.00 0.00
pedestrian 0.00 0 0.00 229 910 245 931 0.00 0.00 0.00 0.00 0.00 0.00 0.00
motor 0.00 0 0.00 1141 695 1177 714 0.00 0.00 0.00 0.00 0.00 0.00 0.00
motor 0.00 0 0.00 1118 741 1133 771 0.00 0.00 0.00 0.00 0.00 0.00 0.00
motor 0.00 0 0.00 1183 738 1210 761 0.00 0.00 0.00 0.00 0.00 0.00 0.00
pedestrian 0.00 0 0.00 1158 696 1170 711 0.00 0.00 0.00 0.00 0.00 0.00 0.00
pedestrian 0.00 0 0.00 1121 743 1132 760 0.00 0.00 0.00 0.00 0.00 0.00 0.00
pedestrian 0.00 0 0.00 1194 742 1202 752 0.00 0.00 0.00 0.00 0.00 0.00 0.00
pedestrian 0.00 0 0.00 1196 737 1209 749 0.00 0.00 0.00 0.00 0.00 0.00 0.00
pedestrian 0.00 0 0.00 1346 377 1359 394 0.00 0.00 0.00 0.00 0.00 0.00 0.00
car 0.00 0 0.00 1298 356 1334 384 0.00 0.00 0.00 0.00 0.00 0.00 0.00
car 0.00 0 0.00 1339 360 1383 388 0.00 0.00 0.00 0.00 0.00 0.00 0.00
van 0.00 0 0.00 809 296 858 337 0.00 0.00 0.00 0.00 0.00 0.00 0.00
bus 0.00 0 0.00 708 240 768 300 0.00 0.00 0.00 0.00 0.00 0.00 0.00
car 0.00 0 0.00 874 247 905 273 0.00 0.00 0.00 0.00 0.00 0.00 0.00
car 0.00 0 0.00 872 290 908 314 0.00 0.00 0.00 0.00 0.00 0.00 0.00
car 0.00 0 0.00 898 286 933 307 0.00 0.00 0.00 0.00 0.00 0.00 0.00
car 0.00 0 0.00 933 287 973 301 0.00 0.00 0.00 0.00 0.00 0.00 0.00
car 0.00 0 0.00 919 276 961 295 0.00 0.00 0.00 0.00 0.00 0.00 0.00
car 0.00 0 0.00 951 297 986 317 0.00 0.00 0.00 0.00 0.00 0.00 0.00
car 0.00 0 0.00 963 306 1004 325 0.00 0.00 0.00 0.00 0.00 0.00 0.00
car 0.00 0 0.00 1098 333 1135 354 0.00 0.00 0.00 0.00 0.00 0.00 0.00
car 0.00 0 0.00 1160 331 1204 355 0.00 0.00 0.00 0.00 0.00 0.00 0.00
car 0.00 0 0.00 1141 322 1182 342 0.00 0.00 0.00 0.00 0.00 0.00 0.00
car 0.00 0 0.00 1122 312 1162 331 0.00 0.00 0.00 0.00 0.00 0.00 0.00
car 0.00 0 0.00 1082 321 1123 342 0.00 0.00 0.00 0.00 0.00 0.00 0.00
car 0.00 0 0.00 1067 309 1110 333 0.00 0.00 0.00 0.00 0.00 0.00 0.00
car 0.00 0 0.00 1107 303 1148 323 0.00 0.00 0.00 0.00 0.00 0.00 0.00
car 0.00 0 0.00 1089 291 1129 312 0.00 0.00 0.00 0.00 0.00 0.00 0.00
car 0.00 0 0.00 1049 299 1082 320 0.00 0.00 0.00 0.00 0.00 0.00 0.00
car 0.00 0 0.00 1077 283 1110 300 0.00 0.00 0.00 0.00 0.00 0.00 0.00
car 0.00 0 0.00 1034 292 1073 313 0.00 0.00 0.00 0.00 0.00 0.00 0.00
car 0.00 0 0.00 1021 280 1063 300 0.00 0.00 0.00 0.00 0.00 0.00 0.00
car 0.00 0 0.00 1046 267 1076 281 0.00 0.00 0.00 0.00 0.00 0.00 0.00
car 0.00 0 0.00 1030 257 1063 270 0.00 0.00 0.00 0.00 0.00 0.00 0.00
car 0.00 0 0.00 1012 275 1043 293 0.00 0.00 0.00 0.00 0.00 0.00 0.00
car 0.00 0 0.00 993 264 1024 283 0.00 0.00 0.00 0.00 0.00 0.00 0.00
car 0.00 0 0.00 894 246 924 268 0.00 0.00 0.00 0.00 0.00 0.00 0.00
car 0.00 0 0.00 851 237 880 255 0.00 0.00 0.00 0.00 0.00 0.00 0.00
car 0.00 0 0.00 870 233 901 250 0.00 0.00 0.00 0.00 0.00 0.00 0.00
car 0.00 0 0.00 1031 192 1063 208 0.00 0.00 0.00 0.00 0.00 0.00 0.00
car 0.00 0 0.00 1059 203 1096 224 0.00 0.00 0.00 0.00 0.00 0.00 0.00
car 0.00 0 0.00 1083 213 1114 227 0.00 0.00 0.00 0.00 0.00 0.00 0.00
car 0.00 0 0.00 1019 186 1043 204 0.00 0.00 0.00 0.00 0.00 0.00 0.00
van 0.00 0 0.00 1013 246 1051 267 0.00 0.00 0.00 0.00 0.00 0.00 0.00
van 0.00 0 0.00 1056 271 1096 289 0.00 0.00 0.00 0.00 0.00 0.00 0.00
van 0.00 0 0.00 1081 222 1110 240 0.00 0.00 0.00 0.00 0.00 0.00 0.00
car 0.00 0 0.00 956 241 977 257 0.00 0.00 0.00 0.00 0.00 0.00 0.00
car 0.00 0 0.00 918 221 950 238 0.00 0.00 0.00 0.00 0.00 0.00 0.00
car 0.00 0 0.00 932 229 957 248 0.00 0.00 0.00 0.00 0.00 0.00 0.00
car 0.00 0 0.00 964 210 995 224 0.00 0.00 0.00 0.00 0.00 0.00 0.00
car 0.00 0 0.00 953 164 978 181 0.00 0.00 0.00 0.00 0.00 0.00 0.00
car 0.00 0 0.00 926 168 948 183 0.00 0.00 0.00 0.00 0.00 0.00 0.00
car 0.00 0 0.00 911 170 935 181 0.00 0.00 0.00 0.00 0.00 0.00 0.00
car 0.00 0 0.00 896 174 918 187 0.00 0.00 0.00 0.00 0.00 0.00 0.00
car 0.00 0 0.00 896 194 922 212 0.00 0.00 0.00 0.00 0.00 0.00 0.00
car 0.00 0 0.00 910 192 933 212 0.00 0.00 0.00 0.00 0.00 0.00 0.00
van 0.00 0 0.00 977 163 994 177 0.00 0.00 0.00 0.00 0.00 0.00 0.00
van 0.00 0 0.00 880 194 902 214 0.00 0.00 0.00 0.00 0.00 0.00 0.00
van 0.00 0 0.00 856 171 882 192 0.00 0.00 0.00 0.00 0.00 0.00 0.00
car 0.00 0 0.00 877 169 896 190 0.00 0.00 0.00 0.00 0.00 0.00 0.00
car 0.00 0 0.00 798 211 819 226 0.00 0.00 0.00 0.00 0.00 0.00 0.00
car 0.00 0 0.00 806 204 832 224 0.00 0.00 0.00 0.00 0.00 0.00 0.00
car 0.00 0 0.00 862 199 888 219 0.00 0.00 0.00 0.00 0.00 0.00 0.00
van 0.00 0 0.00 823 174 849 194 0.00 0.00 0.00 0.00 0.00 0.00 0.00
van 0.00 0 0.00 463 205 485 229 0.00 0.00 0.00 0.00 0.00 0.00 0.00
van 0.00 0 0.00 626 183 646 200 0.00 0.00 0.00 0.00 0.00 0.00 0.00
van 0.00 0 0.00 798 172 821 187 0.00 0.00 0.00 0.00 0.00 0.00 0.00
van 0.00 0 0.00 653 150 674 165 0.00 0.00 0.00 0.00 0.00 0.00 0.00
van 0.00 0 0.00 428 107 463 126 0.00 0.00 0.00 0.00 0.00 0.00 0.00
car 0.00 0 0.00 676 174 708 192 0.00 0.00 0.00 0.00 0.00 0.00 0.00
car 0.00 0 0.00 767 146 794 161 0.00 0.00 0.00 0.00 0.00 0.00 0.00
car 0.00 0 0.00 745 136 765 150 0.00 0.00 0.00 0.00 0.00 0.00 0.00
van 0.00 0 0.00 753 134 786 156 0.00 0.00 0.00 0.00 0.00 0.00 0.00
motor 0.00 0 0.00 928 151 933 161 0.00 0.00 0.00 0.00 0.00 0.00 0.00
car 0.00 0 0.00 670 147 684 160 0.00 0.00 0.00 0.00 0.00 0.00 0.00
car 0.00 0 0.00 676 122 697 136 0.00 0.00 0.00 0.00 0.00 0.00 0.00
car 0.00 0 0.00 723 97 744 110 0.00 0.00 0.00 0.00 0.00 0.00 0.00
car 0.00 0 0.00 712 114 734 124 0.00 0.00 0.00 0.00 0.00 0.00 0.00
car 0.00 0 0.00 688 146 703 158 0.00 0.00 0.00 0.00 0.00 0.00 0.00
car 0.00 0 0.00 739 107 758 117 0.00 0.00 0.00 0.00 0.00 0.00 0.00
bus 0.00 0 0.00 581 127 622 164 0.00 0.00 0.00 0.00 0.00 0.00 0.00
van 0.00 0 0.00 547 118 569 144 0.00 0.00 0.00 0.00 0.00 0.00 0.00
bus 0.00 0 0.00 512 94 550 126 0.00 0.00 0.00 0.00 0.00 0.00 0.00
bus 0.00 0 0.00 510 77 539 106 0.00 0.00 0.00 0.00 0.00 0.00 0.00
van 0.00 0 0.00 666 66 692 83 0.00 0.00 0.00 0.00 0.00 0.00 0.00
van 0.00 0 0.00 559 50 573 76 0.00 0.00 0.00 0.00 0.00 0.00 0.00
car 0.00 0 0.00 700 73 718 82 0.00 0.00 0.00 0.00 0.00 0.00 0.00
car 0.00 0 0.00 640 82 659 90 0.00 0.00 0.00 0.00 0.00 0.00 0.00
car 0.00 0 0.00 596 92 614 102 0.00 0.00 0.00 0.00 0.00 0.00 0.00
car 0.00 0 0.00 567 92 587 105 0.00 0.00 0.00 0.00 0.00 0.00 0.00
van 0.00 0 0.00 560 85 576 95 0.00 0.00 0.00 0.00 0.00 0.00 0.00
van 0.00 0 0.00 575 84 592 97 0.00 0.00 0.00 0.00 0.00 0.00 0.00
van 0.00 0 0.00 536 78 566 97 0.00 0.00 0.00 0.00 0.00 0.00 0.00
van 0.00 0 0.00 535 75 566 87 0.00 0.00 0.00 0.00 0.00 0.00 0.00
awning-tricycle 0.00 0 0.00 571 112 582 124 0.00 0.00 0.00 0.00 0.00 0.00 0.00
car 0.00 0 0.00 615 70 636 79 0.00 0.00 0.00 0.00 0.00 0.00 0.00
pedestrian 0.00 0 0.00 627 138 632 149 0.00 0.00 0.00 0.00 0.00 0.00 0.00
pedestrian 0.00 0 0.00 621 138 627 146 0.00 0.00 0.00 0.00 0.00 0.00 0.00
pedestrian 0.00 0 0.00 656 152 660 166 0.00 0.00 0.00 0.00 0.00 0.00 0.00
pedestrian 0.00 0 0.00 631 130 638 142 0.00 0.00 0.00 0.00 0.00 0.00 0.00
pedestrian 0.00 0 0.00 611 128 616 140 0.00 0.00 0.00 0.00 0.00 0.00 0.00
motor 0.00 0 0.00 572 150 580 161 0.00 0.00 0.00 0.00 0.00 0.00 0.00
people 0.00 0 0.00 574 152 578 160 0.00 0.00 0.00 0.00 0.00 0.00 0.00
people 0.00 0 0.00 575 115 580 122 0.00 0.00 0.00 0.00 0.00 0.00 0.00
van 0.00 0 0.00 580 51 594 79 0.00 0.00 0.00 0.00 0.00 0.00 0.00
motor 0.00 0 0.00 374 109 383 116 0.00 0.00 0.00 0.00 0.00 0.00 0.00
people 0.00 0 0.00 375 107 380 114 0.00 0.00 0.00 0.00 0.00 0.00 0.00
people 0.00 0 0.00 362 11 365 16 0.00 0.00 0.00 0.00 0.00 0.00 0.00
motor 0.00 0 0.00 362 14 366 19 0.00 0.00 0.00 0.00 0.00 0.00 0.00
car 0.00 0 0.00 348 13 358 20 0.00 0.00 0.00 0.00 0.00 0.00 0.00
car 0.00 0 0.00 419 9 427 16 0.00 0.00 0.00 0.00 0.00 0.00 0.00
car 0.00 0 0.00 376 4 386 10 0.00 0.00 0.00 0.00 0.00 0.00 0.00
van 0.00 0 0.00 389 9 399 18 0.00 0.00 0.00 0.00 0.00 0.00 0.00
car 0.00 0 0.00 405 9 416 16 0.00 0.00 0.00 0.00 0.00 0.00 0.00
car 0.00 0 0.00 536 42 549 52 0.00 0.00 0.00 0.00 0.00 0.00 0.00
car 0.00 0 0.00 548 42 559 50 0.00 0.00 0.00 0.00 0.00 0.00 0.00
car 0.00 0 0.00 473 6 483 14 0.00 0.00 0.00 0.00 0.00 0.00 0.00
car 0.00 0 0.00 378 0 388 3 0.00 0.00 0.00 0.00 0.00 0.00 0.00
van 0.00 0 0.00 130 110 150 132 0.00 0.00 0.00 0.00 0.00 0.00 0.00
car 0.00 0 0.00 186 83 206 96 0.00 0.00 0.00 0.00 0.00 0.00 0.00
car 0.00 0 0.00 184 76 197 87 0.00 0.00 0.00 0.00 0.00 0.00 0.00
car 0.00 0 0.00 68 29 78 36 0.00 0.00 0.00 0.00 0.00 0.00 0.00
pedestrian 0.00 0 0.00 75 5 80 11 0.00 0.00 0.00 0.00 0.00 0.00 0.00
car 0.00 0 0.00 10 470 84 508 0.00 0.00 0.00 0.00 0.00 0.00 0.00
car 0.00 0 0.00 17 459 86 487 0.00 0.00 0.00 0.00 0.00 0.00 0.00
motor 0.00 0 0.00 111 461 123 483 0.00 0.00 0.00 0.00 0.00 0.00 0.00
motor 0.00 0 0.00 132 454 149 475 0.00 0.00 0.00 0.00 0.00 0.00 0.00
people 0.00 0 0.00 109 462 118 473 0.00 0.00 0.00 0.00 0.00 0.00 0.00
people 0.00 0 0.00 132 458 143 469 0.00 0.00 0.00 0.00 0.00 0.00 0.00
people 0.00 0 0.00 132 451 146 467 0.00 0.00 0.00 0.00 0.00 0.00 0.00
