truck 0.00 0 0.00 258 796 707 1078 0.00 0.00 0.00 0.00 0.00 0.00 0.00
truck 0.00 0 0.00 1432 1218 1982 1490 0.00 0.00 0.00 0.00 0.00 0.00 0.00
van 0.00 0 0.00 1438 957 1714 1101 0.00 0.00 0.00 0.00 0.00 0.00 0.00
van 0.00 0 0.00 1207 900 1479 1136 0.00 0.00 0.00 0.00 0.00 0.00 0.00
car 0.00 0 0.00 1186 803 1449 959 0.00 0.00 0.00 0.00 0.00 0.00 0.00
van 0.00 0 0.00 1083 690 1324 828 0.00 0.00 0.00 0.00 0.00 0.00 0.00
car 0.00 0 0.00 1257 596 1468 711 0.00 0.00 0.00 0.00 0.00 0.00 0.00
van 0.00 0 0.00 1035 595 1255 743 0.00 0.00 0.00 0.00 0.00 0.00 0.00
pedestrian 0.00 0 0.00 1029 717 1063 798 0.00 0.00 0.00 0.00 0.00 0.00 0.00
pedestrian 0.00 0 0.00 1002 764 1036 850 0.00 0.00 0.00 0.00 0.00 0.00 0.00
van 0.00 0 0.00 1079 518 1296 618 0.00 0.00 0.00 0.00 0.00 0.00 0.00
van 0.00 0 0.00 991 467 1086 606 0.00 0.00 0.00 0.00 0.00 0.00 0.00
van 0.00 0 0.00 963 343 1055 484 0.00 0.00 0.00 0.00 0.00 0.00 0.00
van 0.00 0 0.00 1093 439 1274 529 0.00 0.00 0.00 0.00 0.00 0.00 0.00
truck 0.00 0 0.00 1071 221 1260 439 0.00 0.00 0.00 0.00 0.00 0.00 0.00
car 0.00 0 0.00 986 254 1143 342 0.00 0.00 0.00 0.00 0.00 0.00 0.00
car 0.00 0 0.00 1152 103 1271 167 0.00 0.00 0.00 0.00 0.00 0.00 0.00
truck 0.00 0 0.00 930 131 1054 231 0.00 0.00 0.00 0.00 0.00 0.00 0.00
pedestrian 0.00 0 0.00 836 118 863 187 0.00 0.00 0.00 0.00 0.00 0.00 0.00
pedestrian 0.00 0 0.00 1189 171 1210 229 0.00 0.00 0.00 0.00 0.00 0.00 0.00
car 0.00 0 0.00 1260 0 1400 48 0.00 0.00 0.00 0.00 0.00 0.00 0.00
pedestrian 0.00 0 0.00 1096 48 1111 90 0.00 0.00 0.00 0.00 0.00 0.00 0.00
pedestrian 0.00 0 0.00 1068 37 1091 90 0.00 0.00 0.00 0.00 0.00 0.00 0.00
car 0.00 0 0.00 529 187 663 278 0.00 0.00 0.00 0.00 0.00 0.00 0.00
car 0.00 0 0.00 500 512 722 659 0.00 0.00 0.00 0.00 0.00 0.00 0.00
car 0.00 0 0.00 475 429 721 559 0.00 0.00 0.00 0.00 0.00 0.00 0.00
car 0.00 0 0.00 532 368 707 471 0.00 0.00 0.00 0.00 0.00 0.00 0.00
van 0.00 0 0.00 479 303 644 429 0.00 0.00 0.00 0.00 0.00 0.00 0.00
car 0.00 0 0.00 380 314 471 440 0.00 0.00 0.00 0.00 0.00 0.00 0.00
car 0.00 0 0.00 296 200 464 279 0.00 0.00 0.00 0.00 0.00 0.00 0.00
car 0.00 0 0.00 246 286 394 404 0.00 0.00 0.00 0.00 0.00 0.00 0.00
car 0.00 0 0.00 122 282 263 395 0.00 0.00 0.00 0.00 0.00 0.00 0.00
car 0.00 0 0.00 0 5 94 78 0.00 0.00 0.00 0.00 0.00 0.00 0.00
car 0.00 0 0.00 0 319 72 401 0.00 0.00 0.00 0.00 0.00 0.00 0.00
truck 0.00 0 0.00 311 559 458 823 0.00 0.00 0.00 0.00 0.00 0.00 0.00
tricycle 0.00 0 0.00 468 734 588 807 0.00 0.00 0.00 0.00 0.00 0.00 0.00
