bus 0.00 0 0.00 1000 807 1190 954 0.00 0.00 0.00 0.00 0.00 0.00 0.00
bus 0.00 0 0.00 959 741 1137 875 0.00 0.00 0.00 0.00 0.00 0.00 0.00
bus 0.00 0 0.00 941 698 1087 802 0.00 0.00 0.00 0.00 0.00 0.00 0.00
bus 0.00 0 0.00 929 661 1066 756 0.00 0.00 0.00 0.00 0.00 0.00 0.00
bus 0.00 0 0.00 931 635 1059 714 0.00 0.00 0.00 0.00 0.00 0.00 0.00
bus 0.00 0 0.00 940 614 1062 689 0.00 0.00 0.00 0.00 0.00 0.00 0.00
bus 0.00 0 0.00 946 593 1062 668 0.00 0.00 0.00 0.00 0.00 0.00 0.00
bus 0.00 0 0.00 945 498 1045 555 0.00 0.00 0.00 0.00 0.00 0.00 0.00
bus 0.00 0 0.00 937 483 1031 535 0.00 0.00 0.00 0.00 0.00 0.00 0.00
bus 0.00 0 0.00 936 468 1027 514 0.00 0.00 0.00 0.00 0.00 0.00 0.00
bus 0.00 0 0.00 925 448 1004 490 0.00 0.00 0.00 0.00 0.00 0.00 0.00
car 0.00 0 0.00 759 394 774 408 0.00 0.00 0.00 0.00 0.00 0.00 0.00
car 0.00 0 0.00 971 305 980 314 0.00 0.00 0.00 0.00 0.00 0.00 0.00
car 0.00 0 0.00 1012 309 1020 315 0.00 0.00 0.00 0.00 0.00 0.00 0.00
car 0.00 0 0.00 1028 307 1035 315 0.00 0.00 0.00 0.00 0.00 0.00 0.00
car 0.00 0 0.00 535 660 568 700 0.00 0.00 0.00 0.00 0.00 0.00 0.00
van 0.00 0 0.00 29 826 97 883 0.00 0.00 0.00 0.00 0.00 0.00 0.00
pedestrian 0.00 0 0.00 1143 597 1151 615 0.00 0.00 0.00 0.00 0.00 0.00 0.00
pedestrian 0.00 0 0.00 1119 654 1125 668 0.00 0.00 0.00 0.00 0.00 0.00 0.00
pedestrian 0.00 0 0.00 1123 652 1131 663 0.00 0.00 0.00 0.00 0.00 0.00 0.00
pedestrian 0.00 0 0.00 1246 864 1264 889 0.00 0.00 0.00 0.00 0.00 0.00 0.00
pedestrian 0.00 0 0.00 1218 887 1225 906 0.00 0.00 0.00 0.00 0.00 0.00 0.00
pedestrian 0.00 0 0.00 1221 885 1231 898 0.00 0.00 0.00 0.00 0.00 0.00 0.00
pedestrian 0.00 0 0.00 1328 929 1343 954 0.00 0.00 0.00 0.00 0.00 0.00 0.00
pedestrian 0.00 0 0.00 1232 714 1243 732 0.00 0.00 0.00 0.00 0.00 0.00 0.00
pedestrian 0.00 0 0.00 1210 702 1219 718 0.00 0.00 0.00 0.00 0.00 0.00 0.00
pedestrian 0.00 0 0.00 1214 708 1222 725 0.00 0.00 0.00 0.00 0.00 0.00 0.00
pedestrian 0.00 0 0.00 1219 711 1227 729 0.00 0.00 0.00 0.00 0.00 0.00 0.00
pedestrian 0.00 0 0.00 1260 719 1272 737 0.00 0.00 0.00 0.00 0.00 0.00 0.00
car 0.00 0 0.00 153 890 230 935 0.00 0.00 0.00 0.00 0.00 0.00 0.00
