truck 0.00 0 0.00 1156 69 1293 129 0.00 0.00 0.00 0.00 0.00 0.00 0.00
car 0.00 0 0.00 680 163 729 240 0.00 0.00 0.00 0.00 0.00 0.00 0.00
car 0.00 0 0.00 730 148 762 211 0.00 0.00 0.00 0.00 0.00 0.00 0.00
car 0.00 0 0.00 800 159 834 224 0.00 0.00 0.00 0.00 0.00 0.00 0.00
van 0.00 0 0.00 833 157 868 230 0.00 0.00 0.00 0.00 0.00 0.00 0.00
car 0.00 0 0.00 875 206 911 269 0.00 0.00 0.00 0.00 0.00 0.00 0.00
car 0.00 0 0.00 919 204 955 273 0.00 0.00 0.00 0.00 0.00 0.00 0.00
car 0.00 0 0.00 1106 224 1148 305 0.00 0.00 0.00 0.00 0.00 0.00 0.00
car 0.00 0 0.00 1145 252 1179 313 0.00 0.00 0.00 0.00 0.00 0.00 0.00
car 0.00 0 0.00 1182 256 1227 338 0.00 0.00 0.00 0.00 0.00 0.00 0.00
car 0.00 0 0.00 1244 283 1289 351 0.00 0.00 0.00 0.00 0.00 0.00 0.00
car 0.00 0 0.00 1295 284 1337 359 0.00 0.00 0.00 0.00 0.00 0.00 0.00
car 0.00 0 0.00 1329 256 1373 330 0.00 0.00 0.00 0.00 0.00 0.00 0.00
car 0.00 0 0.00 442 447 523 515 0.00 0.00 0.00 0.00 0.00 0.00 0.00
car 0.00 0 0.00 495 401 551 466 0.00 0.00 0.00 0.00 0.00 0.00 0.00
car 0.00 0 0.00 526 371 588 442 0.00 0.00 0.00 0.00 0.00 0.00 0.00
car 0.00 0 0.00 563 354 622 414 0.00 0.00 0.00 0.00 0.00 0.00 0.00
car 0.00 0 0.00 484 475 567 544 0.00 0.00 0.00 0.00 0.00 0.00 0.00
truck 0.00 0 0.00 618 607 710 701 0.00 0.00 0.00 0.00 0.00 0.00 0.00
truck 0.00 0 0.00 651 612 837 768 0.00 0.00 0.00 0.00 0.00 0.00 0.00
car 0.00 0 0.00 600 409 674 472 0.00 0.00 0.00 0.00 0.00 0.00 0.00
car 0.00 0 0.00 634 421 732 505 0.00 0.00 0.00 0.00 0.00 0.00 0.00
car 0.00 0 0.00 652 462 752 549 0.00 0.00 0.00 0.00 0.00 0.00 0.00
car 0.00 0 0.00 759 507 847 585 0.00 0.00 0.00 0.00 0.00 0.00 0.00
car 0.00 0 0.00 776 447 844 512 0.00 0.00 0.00 0.00 0.00 0.00 0.00
van 0.00 0 0.00 669 362 752 419 0.00 0.00 0.00 0.00 0.00 0.00 0.00
car 0.00 0 0.00 631 342 673 388 0.00 0.00 0.00 0.00 0.00 0.00 0.00
car 0.00 0 0.00 801 384 880 451 0.00 0.00 0.00 0.00 0.00 0.00 0.00
car 0.00 0 0.00 844 416 909 471 0.00 0.00 0.00 0.00 0.00 0.00 0.00
car 0.00 0 0.00 860 451 942 518 0.00 0.00 0.00 0.00 0.00 0.00 0.00
car 0.00 0 0.00 948 475 1011 548 0.00 0.00 0.00 0.00 0.00 0.00 0.00
car 0.00 0 0.00 722 380 790 444 0.00 0.00 0.00 0.00 0.00 0.00 0.00
car 0.00 0 0.00 1099 124 1123 163 0.00 0.00 0.00 0.00 0.00 0.00 0.00
car 0.00 0 0.00 1129 123 1160 171 0.00 0.00 0.00 0.00 0.00 0.00 0.00
car 0.00 0 0.00 969 100 1004 149 0.00 0.00 0.00 0.00 0.00 0.00 0.00
car 0.00 0 0.00 1376 272 1400 351 0.00 0.00 0.00 0.00 0.00 0.00 0.00
