pedestrian 0.00 0 0.00 179 869 216 892 0.00 0.00 0.00 0.00 0.00 0.00 0.00
car 0.00 0 0.00 182 715 259 849 0.00 0.00 0.00 0.00 0.00 0.00 0.00
car 0.00 0 0.00 151 47 224 137 0.00 0.00 0.00 0.00 0.00 0.00 0.00
car 0.00 0 0.00 280 49 353 131 0.00 0.00 0.00 0.00 0.00 0.00 0.00
van 0.00 0 0.00 76 44 148 125 0.00 0.00 0.00 0.00 0.00 0.00 0.00
van 0.00 0 0.00 347 38 404 129 0.00 0.00 0.00 0.00 0.00 0.00 0.00
car 0.00 0 0.00 0 13 55 120 0.00 0.00 0.00 0.00 0.00 0.00 0.00
car 0.00 0 0.00 50 262 157 359 0.00 0.00 0.00 0.00 0.00 0.00 0.00
car 0.00 0 0.00 111 273 217 383 0.00 0.00 0.00 0.00 0.00 0.00 0.00
car 0.00 0 0.00 565 91 626 194 0.00 0.00 0.00 0.00 0.00 0.00 0.00
pedestrian 0.00 0 0.00 571 268 589 301 0.00 0.00 0.00 0.00 0.00 0.00 0.00
pedestrian 0.00 0 0.00 426 244 449 273 0.00 0.00 0.00 0.00 0.00 0.00 0.00
pedestrian 0.00 0 0.00 430 267 447 297 0.00 0.00 0.00 0.00 0.00 0.00 0.00
pedestrian 0.00 0 0.00 429 280 451 304 0.00 0.00 0.00 0.00 0.00 0.00 0.00
pedestrian 0.00 0 0.00 454 117 475 145 0.00 0.00 0.00 0.00 0.00 0.00 0.00
pedestrian 0.00 0 0.00 429 142 451 176 0.00 0.00 0.00 0.00 0.00 0.00 0.00
pedestrian 0.00 0 0.00 433 124 455 158 0.00 0.00 0.00 0.00 0.00 0.00 0.00
pedestrian 0.00 0 0.00 446 83 465 116 0.00 0.00 0.00 0.00 0.00 0.00 0.00
pedestrian 0.00 0 0.00 475 33 489 68 0.00 0.00 0.00 0.00 0.00 0.00 0.00
pedestrian 0.00 0 0.00 508 97 523 129 0.00 0.00 0.00 0.00 0.00 0.00 0.00
pedestrian 0.00 0 0.00 383 163 406 192 0.00 0.00 0.00 0.00 0.00 0.00 0.00
pedestrian 0.00 0 0.00 383 139 405 167 0.00 0.00 0.00 0.00 0.00 0.00 0.00
pedestrian 0.00 0 0.00 412 126 431 160 0.00 0.00 0.00 0.00 0.00 0.00 0.00
pedestrian 0.00 0 0.00 498 93 514 127 0.00 0.00 0.00 0.00 0.00 0.00 0.00
people 0.00 0 0.00 538 58 552 79 0.00 0.00 0.00 0.00 0.00 0.00 0.00
pedestrian 0.00 0 0.00 433 88 453 125 0.00 0.00 0.00 0.00 0.00 0.00 0.00
pedestrian 0.00 0 0.00 440 45 457 80 0.00 0.00 0.00 0.00 0.00 0.00 0.00
pedestrian 0.00 0 0.00 726 466 741 497 0.00 0.00 0.00 0.00 0.00 0.00 0.00
people 0.00 0 0.00 714 376 734 397 0.00 0.00 0.00 0.00 0.00 0.00 0.00
people 0.00 0 0.00 524 376 543 395 0.00 0.00 0.00 0.00 0.00 0.00 0.00
bicycle 0.00 0 0.00 708 373 740 411 0.00 0.00 0.00 0.00 0.00 0.00 0.00
pedestrian 0.00 0 0.00 883 237 902 265 0.00 0.00 0.00 0.00 0.00 0.00 0.00
pedestrian 0.00 0 0.00 858 250 879 276 0.00 0.00 0.00 0.00 0.00 0.00 0.00
pedestrian 0.00 0 0.00 857 234 876 264 0.00 0.00 0.00 0.00 0.00 0.00 0.00
pedestrian 0.00 0 0.00 941 385 961 412 0.00 0.00 0.00 0.00 0.00 0.00 0.00
car 0.00 0 0.00 958 339 1014 445 0.00 0.00 0.00 0.00 0.00 0.00 0.00
car 0.00 0 0.00 960 209 1010 308 0.00 0.00 0.00 0.00 0.00 0.00 0.00
car 0.00 0 0.00 959 97 1008 186 0.00 0.00 0.00 0.00 0.00 0.00 0.00
pedestrian 0.00 0 0.00 1005 16 1022 54 0.00 0.00 0.00 0.00 0.00 0.00 0.00
car 0.00 0 0.00 959 0 1008 80 0.00 0.00 0.00 0.00 0.00 0.00 0.00
motor 0.00 0 0.00 1132 266 1169 288 0.00 0.00 0.00 0.00 0.00 0.00 0.00
bicycle 0.00 0 0.00 1146 527 1186 558 0.00 0.00 0.00 0.00 0.00 0.00 0.00
car 0.00 0 0.00 1110 812 1257 878 0.00 0.00 0.00 0.00 0.00 0.00 0.00
pedestrian 0.00 0 0.00 1254 819 1285 843 0.00 0.00 0.00 0.00 0.00 0.00 0.00
pedestrian 0.00 0 0.00 1067 854 1092 872 0.00 0.00 0.00 0.00 0.00 0.00 0.00
pedestrian 0.00 0 0.00 995 846 1020 865 0.00 0.00 0.00 0.00 0.00 0.00 0.00
pedestrian 0.00 0 0.00 923 666 946 693 0.00 0.00 0.00 0.00 0.00 0.00 0.00
people 0.00 0 0.00 959 892 981 918 0.00 0.00 0.00 0.00 0.00 0.00 0.00
people 0.00 0 0.00 929 824 957 850 0.00 0.00 0.00 0.00 0.00 0.00 0.00
bicycle 0.00 0 0.00 929 808 945 859 0.00 0.00 0.00 0.00 0.00 0.00 0.00
bicycle 0.00 0 0.00 961 881 979 928 0.00 0.00 0.00 0.00 0.00 0.00 0.00
bicycle 0.00 0 0.00 1036 518 1051 562 0.00 0.00 0.00 0.00 0.00 0.00 0.00
bicycle 0.00 0 0.00 887 580 902 629 0.00 0.00 0.00 0.00 0.00 0.00 0.00
people 0.00 0 0.00 886 589 906 612 0.00 0.00 0.00 0.00 0.00 0.00 0.00
people 0.00 0 0.00 1039 522 1066 544 0.00 0.00 0.00 0.00 0.00 0.00 0.00
pedestrian 0.00 0 0.00 1141 584 1168 603 0.00 0.00 0.00 0.00 0.00 0.00 0.00
bicycle 0.00 0 0.00 1142 746 1190 764 0.00 0.00 0.00 0.00 0.00 0.00 0.00
motor 0.00 0 0.00 1126 712 1173 733 0.00 0.00 0.00 0.00 0.00 0.00 0.00
motor 0.00 0 0.00 1140 674 1188 699 0.00 0.00 0.00 0.00 0.00 0.00 0.00
bicycle 0.00 0 0.00 1140 626 1186 654 0.00 0.00 0.00 0.00 0.00 0.00 0.00
pedestrian 0.00 0 0.00 1272 967 1319 992 0.00 0.00 0.00 0.00 0.00 0.00 0.00
pedestrian 0.00 0 0.00 756 781 780 802 0.00 0.00 0.00 0.00 0.00 0.00 0.00
car 0.00 0 0.00 951 600 1016 727 0.00 0.00 0.00 0.00 0.00 0.00 0.00
van 0.00 0 0.00 964 470 1017 564 0.00 0.00 0.00 0.00 0.00 0.00 0.00
bicycle 0.00 0 0.00 1188 677 1213 712 0.00 0.00 0.00 0.00 0.00 0.00 0.00
bicycle 0.00 0 0.00 1215 663 1241 708 0.00 0.00 0.00 0.00 0.00 0.00 0.00
pedestrian 0.00 0 0.00 1131 661 1152 678 0.00 0.00 0.00 0.00 0.00 0.00 0.00
bicycle 0.00 0 0.00 1131 599 1171 620 0.00 0.00 0.00 0.00 0.00 0.00 0.00
bicycle 0.00 0 0.00 1253 907 1276 952 0.00 0.00 0.00 0.00 0.00 0.00 0.00
truck 0.00 0 0.00 666 937 855 1050 0.00 0.00 0.00 0.00 0.00 0.00 0.00
people 0.00 0 0.00 233 954 260 990 0.00 0.00 0.00 0.00 0.00 0.00 0.00
motor 0.00 0 0.00 224 950 290 984 0.00 0.00 0.00 0.00 0.00 0.00 0.00
pedestrian 0.00 0 0.00 308 152 330 185 0.00 0.00 0.00 0.00 0.00 0.00 0.00
pedestrian 0.00 0 0.00 340 133 364 164 0.00 0.00 0.00 0.00 0.00 0.00 0.00
pedestrian 0.00 0 0.00 325 131 341 161 0.00 0.00 0.00 0.00 0.00 0.00 0.00
