car 0.00 0 0.00 785 810 879 846 0.00 0.00 0.00 0.00 0.00 0.00 0.00
car 0.00 0 0.00 1126 758 1220 804 0.00 0.00 0.00 0.00 0.00 0.00 0.00
van 0.00 0 0.00 532 615 602 649 0.00 0.00 0.00 0.00 0.00 0.00 0.00
car 0.00 0 0.00 616 612 695 650 0.00 0.00 0.00 0.00 0.00 0.00 0.00
car 0.00 0 0.00 706 610 777 641 0.00 0.00 0.00 0.00 0.00 0.00 0.00
car 0.00 0 0.00 795 609 863 641 0.00 0.00 0.00 0.00 0.00 0.00 0.00
car 0.00 0 0.00 882 607 949 640 0.00 0.00 0.00 0.00 0.00 0.00 0.00
car 0.00 0 0.00 962 604 1025 636 0.00 0.00 0.00 0.00 0.00 0.00 0.00
car 0.00 0 0.00 1052 589 1112 622 0.00 0.00 0.00 0.00 0.00 0.00 0.00
truck 0.00 0 0.00 857 505 953 556 0.00 0.00 0.00 0.00 0.00 0.00 0.00
car 0.00 0 0.00 966 507 1037 545 0.00 0.00 0.00 0.00 0.00 0.00 0.00
motor 0.00 0 0.00 1078 449 1093 474 0.00 0.00 0.00 0.00 0.00 0.00 0.00
motor 0.00 0 0.00 1102 450 1120 476 0.00 0.00 0.00 0.00 0.00 0.00 0.00
motor 0.00 0 0.00 923 454 952 470 0.00 0.00 0.00 0.00 0.00 0.00 0.00
tricycle 0.00 0 0.00 728 514 772 541 0.00 0.00 0.00 0.00 0.00 0.00 0.00
pedestrian 0.00 0 0.00 625 497 637 509 0.00 0.00 0.00 0.00 0.00 0.00 0.00
pedestrian 0.00 0 0.00 609 497 619 514 0.00 0.00 0.00 0.00 0.00 0.00 0.00
motor 0.00 0 0.00 615 524 630 550 0.00 0.00 0.00 0.00 0.00 0.00 0.00
pedestrian 0.00 0 0.00 656 480 664 498 0.00 0.00 0.00 0.00 0.00 0.00 0.00
people 0.00 0 0.00 657 466 670 481 0.00 0.00 0.00 0.00 0.00 0.00 0.00
people 0.00 0 0.00 666 466 679 480 0.00 0.00 0.00 0.00 0.00 0.00 0.00
pedestrian 0.00 0 0.00 545 476 555 490 0.00 0.00 0.00 0.00 0.00 0.00 0.00
pedestrian 0.00 0 0.00 317 476 331 491 0.00 0.00 0.00 0.00 0.00 0.00 0.00
pedestrian 0.00 0 0.00 301 474 314 493 0.00 0.00 0.00 0.00 0.00 0.00 0.00
pedestrian 0.00 0 0.00 293 476 305 496 0.00 0.00 0.00 0.00 0.00 0.00 0.00
pedestrian 0.00 0 0.00 271 439 287 454 0.00 0.00 0.00 0.00 0.00 0.00 0.00
pedestrian 0.00 0 0.00 221 412 237 431 0.00 0.00 0.00 0.00 0.00 0.00 0.00
pedestrian 0.00 0 0.00 158 380 172 394 0.00 0.00 0.00 0.00 0.00 0.00 0.00
pedestrian 0.00 0 0.00 133 343 150 356 0.00 0.00 0.00 0.00 0.00 0.00 0.00
pedestrian 0.00 0 0.00 142 336 153 349 0.00 0.00 0.00 0.00 0.00 0.00 0.00
car 0.00 0 0.00 200 277 239 335 0.00 0.00 0.00 0.00 0.00 0.00 0.00
car 0.00 0 0.00 119 257 176 321 0.00 0.00 0.00 0.00 0.00 0.00 0.00
car 0.00 0 0.00 43 203 90 259 0.00 0.00 0.00 0.00 0.00 0.00 0.00
car 0.00 0 0.00 87 216 148 253 0.00 0.00 0.00 0.00 0.00 0.00 0.00
van 0.00 0 0.00 130 175 178 226 0.00 0.00 0.00 0.00 0.00 0.00 0.00
truck 0.00 0 0.00 113 52 221 170 0.00 0.00 0.00 0.00 0.00 0.00 0.00
car 0.00 0 0.00 192 75 238 125 0.00 0.00 0.00 0.00 0.00 0.00 0.00
car 0.00 0 0.00 233 97 278 156 0.00 0.00 0.00 0.00 0.00 0.00 0.00
truck 0.00 0 0.00 1272 450 1400 509 0.00 0.00 0.00 0.00 0.00 0.00 0.00
car 0.00 0 0.00 1296 1019 1395 1050 0.00 0.00 0.00 0.00 0.00 0.00 0.00
