truck 0.00 0 0.00 170 38 202 61 0.00 0.00 0.00 0.00 0.00 0.00 0.00
bus 0.00 0 0.00 124 55 162 78 0.00 0.00 0.00 0.00 0.00 0.00 0.00
car 0.00 0 0.00 82 74 105 89 0.00 0.00 0.00 0.00 0.00 0.00 0.00
van 0.00 0 0.00 107 175 138 198 0.00 0.00 0.00 0.00 0.00 0.00 0.00
car 0.00 0 0.00 215 240 246 263 0.00 0.00 0.00 0.00 0.00 0.00 0.00
car 0.00 0 0.00 1307 0 1318 10 0.00 0.00 0.00 0.00 0.00 0.00 0.00
car 0.00 0 0.00 1312 11 1323 21 0.00 0.00 0.00 0.00 0.00 0.00 0.00
car 0.00 0 0.00 1370 20 1384 36 0.00 0.00 0.00 0.00 0.00 0.00 0.00
motor 0.00 0 0.00 1326 44 1332 52 0.00 0.00 0.00 0.00 0.00 0.00 0.00
car 0.00 0 0.00 1285 262 1302 291 0.00 0.00 0.00 0.00 0.00 0.00 0.00
car 0.00 0 0.00 1304 462 1323 489 0.00 0.00 0.00 0.00 0.00 0.00 0.00
car 0.00 0 0.00 1313 582 1336 621 0.00 0.00 0.00 0.00 0.00 0.00 0.00
car 0.00 0 0.00 1172 685 1231 728 0.00 0.00 0.00 0.00 0.00 0.00 0.00
motor 0.00 0 0.00 1237 604 1242 616 0.00 0.00 0.00 0.00 0.00 0.00 0.00
people 0.00 0 0.00 1236 605 1244 614 0.00 0.00 0.00 0.00 0.00 0.00 0.00
pedestrian 0.00 0 0.00 1091 585 1099 595 0.00 0.00 0.00 0.00 0.00 0.00 0.00
car 0.00 0 0.00 880 517 930 553 0.00 0.00 0.00 0.00 0.00 0.00 0.00
car 0.00 0 0.00 548 434 587 458 0.00 0.00 0.00 0.00 0.00 0.00 0.00
people 0.00 0 0.00 792 576 800 585 0.00 0.00 0.00 0.00 0.00 0.00 0.00
people 0.00 0 0.00 786 575 795 585 0.00 0.00 0.00 0.00 0.00 0.00 0.00
motor 0.00 0 0.00 781 576 802 589 0.00 0.00 0.00 0.00 0.00 0.00 0.00
van 0.00 0 0.00 533 383 567 410 0.00 0.00 0.00 0.00 0.00 0.00 0.00
car 0.00 0 0.00 514 355 547 379 0.00 0.00 0.00 0.00 0.00 0.00 0.00
