car 0.00 0 0.00 748 540 789 605 0.00 0.00 0.00 0.00 0.00 0.00 0.00
car 0.00 0 0.00 703 416 743 469 0.00 0.00 0.00 0.00 0.00 0.00 0.00
car 0.00 0 0.00 789 365 829 410 0.00 0.00 0.00 0.00 0.00 0.00 0.00
car 0.00 0 0.00 862 253 890 289 0.00 0.00 0.00 0.00 0.00 0.00 0.00
car 0.00 0 0.00 929 162 950 193 0.00 0.00 0.00 0.00 0.00 0.00 0.00
car 0.00 0 0.00 934 51 954 73 0.00 0.00 0.00 0.00 0.00 0.00 0.00
car 0.00 0 0.00 860 27 882 51 0.00 0.00 0.00 0.00 0.00 0.00 0.00
car 0.00 0 0.00 802 50 825 70 0.00 0.00 0.00 0.00 0.00 0.00 0.00
car 0.00 0 0.00 970 34 987 57 0.00 0.00 0.00 0.00 0.00 0.00 0.00
car 0.00 0 0.00 943 129 966 153 0.00 0.00 0.00 0.00 0.00 0.00 0.00
car 0.00 0 0.00 916 203 939 237 0.00 0.00 0.00 0.00 0.00 0.00 0.00
car 0.00 0 0.00 854 193 878 223 0.00 0.00 0.00 0.00 0.00 0.00 0.00
car 0.00 0 0.00 866 168 889 191 0.00 0.00 0.00 0.00 0.00 0.00 0.00
van 0.00 0 0.00 875 135 894 165 0.00 0.00 0.00 0.00 0.00 0.00 0.00
van 0.00 0 0.00 840 230 866 267 0.00 0.00 0.00 0.00 0.00 0.00 0.00
van 0.00 0 0.00 1019 333 1056 388 0.00 0.00 0.00 0.00 0.00 0.00 0.00
van 0.00 0 0.00 891 278 921 320 0.00 0.00 0.00 0.00 0.00 0.00 0.00
van 0.00 0 0.00 698 666 749 753 0.00 0.00 0.00 0.00 0.00 0.00 0.00
van 0.00 0 0.00 255 422 325 466 0.00 0.00 0.00 0.00 0.00 0.00 0.00
van 0.00 0 0.00 167 308 225 339 0.00 0.00 0.00 0.00 0.00 0.00 0.00
van 0.00 0 0.00 258 574 318 649 0.00 0.00 0.00 0.00 0.00 0.00 0.00
bus 0.00 0 0.00 734 597 823 787 0.00 0.00 0.00 0.00 0.00 0.00 0.00
pedestrian 0.00 0 0.00 397 333 406 351 0.00 0.00 0.00 0.00 0.00 0.00 0.00
pedestrian 0.00 0 0.00 360 425 369 443 0.00 0.00 0.00 0.00 0.00 0.00 0.00
pedestrian 0.00 0 0.00 367 331 374 348 0.00 0.00 0.00 0.00 0.00 0.00 0.00
pedestrian 0.00 0 0.00 589 289 596 307 0.00 0.00 0.00 0.00 0.00 0.00 0.00
