car 0.00 0 0.00 1016 551 1079 651 0.00 0.00 0.00 0.00 0.00 0.00 0.00
car 0.00 0 0.00 1086 413 1138 487 0.00 0.00 0.00 0.00 0.00 0.00 0.00
car 0.00 0 0.00 1170 417 1230 494 0.00 0.00 0.00 0.00 0.00 0.00 0.00
car 0.00 0 0.00 1078 358 1114 401 0.00 0.00 0.00 0.00 0.00 0.00 0.00
car 0.00 0 0.00 1134 340 1182 391 0.00 0.00 0.00 0.00 0.00 0.00 0.00
car 0.00 0 0.00 1126 294 1163 329 0.00 0.00 0.00 0.00 0.00 0.00 0.00
car 0.00 0 0.00 1110 228 1138 262 0.00 0.00 0.00 0.00 0.00 0.00 0.00
car 0.00 0 0.00 858 407 910 466 0.00 0.00 0.00 0.00 0.00 0.00 0.00
car 0.00 0 0.00 600 528 729 584 0.00 0.00 0.00 0.00 0.00 0.00 0.00
car 0.00 0 0.00 445 502 554 551 0.00 0.00 0.00 0.00 0.00 0.00 0.00
car 0.00 0 0.00 549 420 607 476 0.00 0.00 0.00 0.00 0.00 0.00 0.00
car 0.00 0 0.00 614 420 665 475 0.00 0.00 0.00 0.00 0.00 0.00 0.00
car 0.00 0 0.00 677 412 717 462 0.00 0.00 0.00 0.00 0.00 0.00 0.00
car 0.00 0 0.00 762 300 833 331 0.00 0.00 0.00 0.00 0.00 0.00 0.00
car 0.00 0 0.00 27 556 152 620 0.00 0.00 0.00 0.00 0.00 0.00 0.00
car 0.00 0 0.00 384 566 501 618 0.00 0.00 0.00 0.00 0.00 0.00 0.00
car 0.00 0 0.00 342 478 437 537 0.00 0.00 0.00 0.00 0.00 0.00 0.00
car 0.00 0 0.00 1253 264 1291 293 0.00 0.00 0.00 0.00 0.00 0.00 0.00
bus 0.00 0 0.00 1020 197 1071 260 0.00 0.00 0.00 0.00 0.00 0.00 0.00
pedestrian 0.00 0 0.00 650 678 674 724 0.00 0.00 0.00 0.00 0.00 0.00 0.00
pedestrian 0.00 0 0.00 920 464 937 493 0.00 0.00 0.00 0.00 0.00 0.00 0.00
pedestrian 0.00 0 0.00 799 446 814 481 0.00 0.00 0.00 0.00 0.00 0.00 0.00
people 0.00 0 0.00 876 493 896 528 0.00 0.00 0.00 0.00 0.00 0.00 0.00
people 0.00 0 0.00 903 486 924 517 0.00 0.00 0.00 0.00 0.00 0.00 0.00
people 0.00 0 0.00 962 497 978 526 0.00 0.00 0.00 0.00 0.00 0.00 0.00
bicycle 0.00 0 0.00 876 505 890 541 0.00 0.00 0.00 0.00 0.00 0.00 0.00
bicycle 0.00 0 0.00 903 501 928 520 0.00 0.00 0.00 0.00 0.00 0.00 0.00
motor 0.00 0 0.00 960 506 979 540 0.00 0.00 0.00 0.00 0.00 0.00 0.00
car 0.00 0 0.00 795 415 836 467 0.00 0.00 0.00 0.00 0.00 0.00 0.00
pedestrian 0.00 0 0.00 483 315 496 346 0.00 0.00 0.00 0.00 0.00 0.00 0.00
van 0.00 0 0.00 1137 115 1151 132 0.00 0.00 0.00 0.00 0.00 0.00 0.00
van 0.00 0 0.00 1092 90 1106 103 0.00 0.00 0.00 0.00 0.00 0.00 0.00
car 0.00 0 0.00 1074 76 1086 87 0.00 0.00 0.00 0.00 0.00 0.00 0.00
car 0.00 0 0.00 1053 76 1062 84 0.00 0.00 0.00 0.00 0.00 0.00 0.00
car 0.00 0 0.00 1117 92 1130 102 0.00 0.00 0.00 0.00 0.00 0.00 0.00
car 0.00 0 0.00 1152 114 1170 127 0.00 0.00 0.00 0.00 0.00 0.00 0.00
car 0.00 0 0.00 1167 119 1185 134 0.00 0.00 0.00 0.00 0.00 0.00 0.00
car 0.00 0 0.00 1169 126 1187 140 0.00 0.00 0.00 0.00 0.00 0.00 0.00
car 0.00 0 0.00 1176 133 1194 148 0.00 0.00 0.00 0.00 0.00 0.00 0.00
car 0.00 0 0.00 1180 140 1201 155 0.00 0.00 0.00 0.00 0.00 0.00 0.00
car 0.00 0 0.00 1198 151 1215 169 0.00 0.00 0.00 0.00 0.00 0.00 0.00
car 0.00 0 0.00 1201 163 1223 179 0.00 0.00 0.00 0.00 0.00 0.00 0.00
car 0.00 0 0.00 1211 172 1232 192 0.00 0.00 0.00 0.00 0.00 0.00 0.00
car 0.00 0 0.00 1236 203 1265 222 0.00 0.00 0.00 0.00 0.00 0.00 0.00
car 0.00 0 0.00 1247 212 1279 235 0.00 0.00 0.00 0.00 0.00 0.00 0.00
car 0.00 0 0.00 1261 228 1292 252 0.00 0.00 0.00 0.00 0.00 0.00 0.00
car 0.00 0 0.00 1248 243 1284 269 0.00 0.00 0.00 0.00 0.00 0.00 0.00
car 0.00 0 0.00 1290 270 1336 300 0.00 0.00 0.00 0.00 0.00 0.00 0.00
car 0.00 0 0.00 1313 292 1358 324 0.00 0.00 0.00 0.00 0.00 0.00 0.00
car 0.00 0 0.00 1346 334 1400 370 0.00 0.00 0.00 0.00 0.00 0.00 0.00
car 0.00 0 0.00 1312 231 1353 259 0.00 0.00 0.00 0.00 0.00 0.00 0.00
car 0.00 0 0.00 1304 213 1333 242 0.00 0.00 0.00 0.00 0.00 0.00 0.00
car 0.00 0 0.00 1292 201 1320 229 0.00 0.00 0.00 0.00 0.00 0.00 0.00
car 0.00 0 0.00 1273 195 1305 218 0.00 0.00 0.00 0.00 0.00 0.00 0.00
car 0.00 0 0.00 1246 179 1286 199 0.00 0.00 0.00 0.00 0.00 0.00 0.00
car 0.00 0 0.00 1229 161 1268 182 0.00 0.00 0.00 0.00 0.00 0.00 0.00
car 0.00 0 0.00 1239 170 1276 189 0.00 0.00 0.00 0.00 0.00 0.00 0.00
car 0.00 0 0.00 1318 170 1362 187 0.00 0.00 0.00 0.00 0.00 0.00 0.00
car 0.00 0 0.00 1357 191 1399 216 0.00 0.00 0.00 0.00 0.00 0.00 0.00
car 0.00 0 0.00 1367 199 1400 223 0.00 0.00 0.00 0.00 0.00 0.00 0.00
car 0.00 0 0.00 1014 177 1034 204 0.00 0.00 0.00 0.00 0.00 0.00 0.00
car 0.00 0 0.00 1016 118 1033 137 0.00 0.00 0.00 0.00 0.00 0.00 0.00
