car 0.00 0 0.00 232 747 365 963 0.00 0.00 0.00 0.00 0.00 0.00 0.00
car 0.00 0 0.00 390 877 517 1050 0.00 0.00 0.00 0.00 0.00 0.00 0.00
car 0.00 0 0.00 750 836 861 1050 0.00 0.00 0.00 0.00 0.00 0.00 0.00
car 0.00 0 0.00 1270 818 1400 942 0.00 0.00 0.00 0.00 0.00 0.00 0.00
car 0.00 0 0.00 1249 920 1399 1050 0.00 0.00 0.00 0.00 0.00 0.00 0.00
pedestrian 0.00 0 0.00 333 558 369 606 0.00 0.00 0.00 0.00 0.00 0.00 0.00
pedestrian 0.00 0 0.00 154 596 201 641 0.00 0.00 0.00 0.00 0.00 0.00 0.00
pedestrian 0.00 0 0.00 0 513 22 554 0.00 0.00 0.00 0.00 0.00 0.00 0.00
car 0.00 0 0.00 19 393 189 506 0.00 0.00 0.00 0.00 0.00 0.00 0.00
car 0.00 0 0.00 95 170 208 224 0.00 0.00 0.00 0.00 0.00 0.00 0.00
car 0.00 0 0.00 592 180 710 235 0.00 0.00 0.00 0.00 0.00 0.00 0.00
pedestrian 0.00 0 0.00 691 415 717 458 0.00 0.00 0.00 0.00 0.00 0.00 0.00
motor 0.00 0 0.00 731 530 759 589 0.00 0.00 0.00 0.00 0.00 0.00 0.00
people 0.00 0 0.00 735 536 756 571 0.00 0.00 0.00 0.00 0.00 0.00 0.00
van 0.00 0 0.00 738 181 830 241 0.00 0.00 0.00 0.00 0.00 0.00 0.00
car 0.00 0 0.00 867 379 1005 450 0.00 0.00 0.00 0.00 0.00 0.00 0.00
people 0.00 0 0.00 879 435 907 478 0.00 0.00 0.00 0.00 0.00 0.00 0.00
bicycle 0.00 0 0.00 871 443 917 483 0.00 0.00 0.00 0.00 0.00 0.00 0.00
car 0.00 0 0.00 1120 414 1264 538 0.00 0.00 0.00 0.00 0.00 0.00 0.00
car 0.00 0 0.00 1045 200 1173 256 0.00 0.00 0.00 0.00 0.00 0.00 0.00
car 0.00 0 0.00 1191 209 1315 258 0.00 0.00 0.00 0.00 0.00 0.00 0.00
van 0.00 0 0.00 1303 343 1400 419 0.00 0.00 0.00 0.00 0.00 0.00 0.00
