bicycle 0.00 0 0.00 194 384 228 410 0.00 0.00 0.00 0.00 0.00 0.00 0.00
bicycle 0.00 0 0.00 716 144 727 160 0.00 0.00 0.00 0.00 0.00 0.00 0.00
bicycle 0.00 0 0.00 905 77 916 100 0.00 0.00 0.00 0.00 0.00 0.00 0.00
bicycle 0.00 0 0.00 879 105 892 126 0.00 0.00 0.00 0.00 0.00 0.00 0.00
pedestrian 0.00 0 0.00 1006 108 1015 135 0.00 0.00 0.00 0.00 0.00 0.00 0.00
pedestrian 0.00 0 0.00 1018 60 1026 81 0.00 0.00 0.00 0.00 0.00 0.00 0.00
pedestrian 0.00 0 0.00 1004 60 1017 82 0.00 0.00 0.00 0.00 0.00 0.00 0.00
pedestrian 0.00 0 0.00 1020 116 1031 132 0.00 0.00 0.00 0.00 0.00 0.00 0.00
bicycle 0.00 0 0.00 1024 81 1047 98 0.00 0.00 0.00 0.00 0.00 0.00 0.00
pedestrian 0.00 0 0.00 1045 82 1050 97 0.00 0.00 0.00 0.00 0.00 0.00 0.00
pedestrian 0.00 0 0.00 1067 203 1078 233 0.00 0.00 0.00 0.00 0.00 0.00 0.00
pedestrian 0.00 0 0.00 1104 239 1113 261 0.00 0.00 0.00 0.00 0.00 0.00 0.00
bicycle 0.00 0 0.00 1050 264 1075 287 0.00 0.00 0.00 0.00 0.00 0.00 0.00
pedestrian 0.00 0 0.00 1146 365 1159 406 0.00 0.00 0.00 0.00 0.00 0.00 0.00
pedestrian 0.00 0 0.00 1125 368 1143 410 0.00 0.00 0.00 0.00 0.00 0.00 0.00
