car 0.00 0 0.00 229 927 300 976 0.00 0.00 0.00 0.00 0.00 0.00 0.00
car 0.00 0 0.00 261 858 320 900 0.00 0.00 0.00 0.00 0.00 0.00 0.00
car 0.00 0 0.00 329 835 389 880 0.00 0.00 0.00 0.00 0.00 0.00 0.00
car 0.00 0 0.00 379 850 440 897 0.00 0.00 0.00 0.00 0.00 0.00 0.00
car 0.00 0 0.00 443 861 500 903 0.00 0.00 0.00 0.00 0.00 0.00 0.00
car 0.00 0 0.00 475 869 538 916 0.00 0.00 0.00 0.00 0.00 0.00 0.00
car 0.00 0 0.00 509 880 565 922 0.00 0.00 0.00 0.00 0.00 0.00 0.00
car 0.00 0 0.00 532 888 594 935 0.00 0.00 0.00 0.00 0.00 0.00 0.00
car 0.00 0 0.00 604 893 663 941 0.00 0.00 0.00 0.00 0.00 0.00 0.00
car 0.00 0 0.00 645 892 706 951 0.00 0.00 0.00 0.00 0.00 0.00 0.00
car 0.00 0 0.00 677 911 735 966 0.00 0.00 0.00 0.00 0.00 0.00 0.00
car 0.00 0 0.00 710 920 769 975 0.00 0.00 0.00 0.00 0.00 0.00 0.00
car 0.00 0 0.00 780 944 838 995 0.00 0.00 0.00 0.00 0.00 0.00 0.00
car 0.00 0 0.00 825 951 876 1000 0.00 0.00 0.00 0.00 0.00 0.00 0.00
car 0.00 0 0.00 866 956 920 1014 0.00 0.00 0.00 0.00 0.00 0.00 0.00
car 0.00 0 0.00 917 958 976 1019 0.00 0.00 0.00 0.00 0.00 0.00 0.00
car 0.00 0 0.00 1046 1018 1102 1081 0.00 0.00 0.00 0.00 0.00 0.00 0.00
car 0.00 0 0.00 1120 1036 1208 1086 0.00 0.00 0.00 0.00 0.00 0.00 0.00
car 0.00 0 0.00 1136 1013 1224 1062 0.00 0.00 0.00 0.00 0.00 0.00 0.00
car 0.00 0 0.00 1304 1018 1350 1082 0.00 0.00 0.00 0.00 0.00 0.00 0.00
car 0.00 0 0.00 1324 966 1371 1028 0.00 0.00 0.00 0.00 0.00 0.00 0.00
car 0.00 0 0.00 1353 912 1396 963 0.00 0.00 0.00 0.00 0.00 0.00 0.00
car 0.00 0 0.00 1195 934 1266 978 0.00 0.00 0.00 0.00 0.00 0.00 0.00
car 0.00 0 0.00 1111 922 1165 979 0.00 0.00 0.00 0.00 0.00 0.00 0.00
car 0.00 0 0.00 1518 957 1558 1025 0.00 0.00 0.00 0.00 0.00 0.00 0.00
car 0.00 0 0.00 1502 1031 1591 1075 0.00 0.00 0.00 0.00 0.00 0.00 0.00
car 0.00 0 0.00 1499 1064 1585 1108 0.00 0.00 0.00 0.00 0.00 0.00 0.00
car 0.00 0 0.00 1470 1174 1552 1222 0.00 0.00 0.00 0.00 0.00 0.00 0.00
car 0.00 0 0.00 1465 1143 1567 1189 0.00 0.00 0.00 0.00 0.00 0.00 0.00
car 0.00 0 0.00 1472 1111 1574 1161 0.00 0.00 0.00 0.00 0.00 0.00 0.00
car 0.00 0 0.00 1312 1139 1355 1196 0.00 0.00 0.00 0.00 0.00 0.00 0.00
car 0.00 0 0.00 1610 860 1644 904 0.00 0.00 0.00 0.00 0.00 0.00 0.00
car 0.00 0 0.00 1490 843 1524 886 0.00 0.00 0.00 0.00 0.00 0.00 0.00
car 0.00 0 0.00 1532 812 1568 854 0.00 0.00 0.00 0.00 0.00 0.00 0.00
car 0.00 0 0.00 1447 831 1489 880 0.00 0.00 0.00 0.00 0.00 0.00 0.00
car 0.00 0 0.00 1458 803 1491 841 0.00 0.00 0.00 0.00 0.00 0.00 0.00
car 0.00 0 0.00 1407 826 1444 873 0.00 0.00 0.00 0.00 0.00 0.00 0.00
car 0.00 0 0.00 1369 818 1406 865 0.00 0.00 0.00 0.00 0.00 0.00 0.00
car 0.00 0 0.00 1333 812 1369 858 0.00 0.00 0.00 0.00 0.00 0.00 0.00
van 0.00 0 0.00 1295 788 1334 841 0.00 0.00 0.00 0.00 0.00 0.00 0.00
car 0.00 0 0.00 1251 782 1289 818 0.00 0.00 0.00 0.00 0.00 0.00 0.00
van 0.00 0 0.00 1344 767 1379 816 0.00 0.00 0.00 0.00 0.00 0.00 0.00
car 0.00 0 0.00 1418 783 1457 834 0.00 0.00 0.00 0.00 0.00 0.00 0.00
car 0.00 0 0.00 1577 734 1636 765 0.00 0.00 0.00 0.00 0.00 0.00 0.00
car 0.00 0 0.00 1427 710 1486 738 0.00 0.00 0.00 0.00 0.00 0.00 0.00
car 0.00 0 0.00 83 769 132 799 0.00 0.00 0.00 0.00 0.00 0.00 0.00
car 0.00 0 0.00 116 759 170 791 0.00 0.00 0.00 0.00 0.00 0.00 0.00
car 0.00 0 0.00 136 743 193 774 0.00 0.00 0.00 0.00 0.00 0.00 0.00
car 0.00 0 0.00 160 731 218 761 0.00 0.00 0.00 0.00 0.00 0.00 0.00
car 0.00 0 0.00 186 718 246 747 0.00 0.00 0.00 0.00 0.00 0.00 0.00
car 0.00 0 0.00 219 706 271 733 0.00 0.00 0.00 0.00 0.00 0.00 0.00
car 0.00 0 0.00 554 582 601 601 0.00 0.00 0.00 0.00 0.00 0.00 0.00
