van 0.00 0 0.00 252 634 297 681 0.00 0.00 0.00 0.00 0.00 0.00 0.00
van 0.00 0 0.00 645 467 676 499 0.00 0.00 0.00 0.00 0.00 0.00 0.00
car 0.00 0 0.00 558 427 588 457 0.00 0.00 0.00 0.00 0.00 0.00 0.00
truck 0.00 0 0.00 662 381 706 453 0.00 0.00 0.00 0.00 0.00 0.00 0.00
car 0.00 0 0.00 810 457 837 503 0.00 0.00 0.00 0.00 0.00 0.00 0.00
car 0.00 0 0.00 1069 617 1104 670 0.00 0.00 0.00 0.00 0.00 0.00 0.00
bus 0.00 0 0.00 1158 405 1220 517 0.00 0.00 0.00 0.00 0.00 0.00 0.00
car 0.00 0 0.00 947 342 1004 363 0.00 0.00 0.00 0.00 0.00 0.00 0.00
car 0.00 0 0.00 1163 356 1230 382 0.00 0.00 0.00 0.00 0.00 0.00 0.00
car 0.00 0 0.00 1176 322 1235 350 0.00 0.00 0.00 0.00 0.00 0.00 0.00
car 0.00 0 0.00 953 308 1006 328 0.00 0.00 0.00 0.00 0.00 0.00 0.00
car 0.00 0 0.00 332 267 378 284 0.00 0.00 0.00 0.00 0.00 0.00 0.00
bus 0.00 0 0.00 389 262 528 330 0.00 0.00 0.00 0.00 0.00 0.00 0.00
van 0.00 0 0.00 88 256 133 271 0.00 0.00 0.00 0.00 0.00 0.00 0.00
car 0.00 0 0.00 171 283 220 300 0.00 0.00 0.00 0.00 0.00 0.00 0.00
van 0.00 0 0.00 572 159 595 174 0.00 0.00 0.00 0.00 0.00 0.00 0.00
bus 0.00 0 0.00 556 190 610 243 0.00 0.00 0.00 0.00 0.00 0.00 0.00
van 0.00 0 0.00 609 249 636 268 0.00 0.00 0.00 0.00 0.00 0.00 0.00
bus 0.00 0 0.00 787 106 834 142 0.00 0.00 0.00 0.00 0.00 0.00 0.00
bus 0.00 0 0.00 873 88 931 122 0.00 0.00 0.00 0.00 0.00 0.00 0.00
van 0.00 0 0.00 747 107 767 118 0.00 0.00 0.00 0.00 0.00 0.00 0.00
bus 0.00 0 0.00 1143 132 1175 178 0.00 0.00 0.00 0.00 0.00 0.00 0.00
bus 0.00 0 0.00 1166 106 1188 149 0.00 0.00 0.00 0.00 0.00 0.00 0.00
bus 0.00 0 0.00 1146 48 1162 86 0.00 0.00 0.00 0.00 0.00 0.00 0.00
pedestrian 0.00 0 0.00 1086 48 1090 57 0.00 0.00 0.00 0.00 0.00 0.00 0.00
car 0.00 0 0.00 1156 16 1165 24 0.00 0.00 0.00 0.00 0.00 0.00 0.00
car 0.00 0 0.00 1091 28 1101 36 0.00 0.00 0.00 0.00 0.00 0.00 0.00
car 0.00 0 0.00 1075 16 1084 23 0.00 0.00 0.00 0.00 0.00 0.00 0.00
car 0.00 0 0.00 1057 91 1070 101 0.00 0.00 0.00 0.00 0.00 0.00 0.00
car 0.00 0 0.00 1010 128 1026 145 0.00 0.00 0.00 0.00 0.00 0.00 0.00
van 0.00 0 0.00 948 156 965 172 0.00 0.00 0.00 0.00 0.00 0.00 0.00
van 0.00 0 0.00 883 210 902 229 0.00 0.00 0.00 0.00 0.00 0.00 0.00
car 0.00 0 0.00 832 234 852 248 0.00 0.00 0.00 0.00 0.00 0.00 0.00
car 0.00 0 0.00 880 396 907 433 0.00 0.00 0.00 0.00 0.00 0.00 0.00
car 0.00 0 0.00 789 166 812 179 0.00 0.00 0.00 0.00 0.00 0.00 0.00
car 0.00 0 0.00 826 203 848 216 0.00 0.00 0.00 0.00 0.00 0.00 0.00
car 0.00 0 0.00 902 170 920 181 0.00 0.00 0.00 0.00 0.00 0.00 0.00
car 0.00 0 0.00 942 142 957 153 0.00 0.00 0.00 0.00 0.00 0.00 0.00
car 0.00 0 0.00 943 113 960 123 0.00 0.00 0.00 0.00 0.00 0.00 0.00
car 0.00 0 0.00 944 95 958 105 0.00 0.00 0.00 0.00 0.00 0.00 0.00
car 0.00 0 0.00 958 89 969 97 0.00 0.00 0.00 0.00 0.00 0.00 0.00
van 0.00 0 0.00 972 86 987 98 0.00 0.00 0.00 0.00 0.00 0.00 0.00
car 0.00 0 0.00 968 79 981 90 0.00 0.00 0.00 0.00 0.00 0.00 0.00
car 0.00 0 0.00 987 79 999 91 0.00 0.00 0.00 0.00 0.00 0.00 0.00
car 0.00 0 0.00 1020 84 1033 92 0.00 0.00 0.00 0.00 0.00 0.00 0.00
bus 0.00 0 0.00 983 103 1001 120 0.00 0.00 0.00 0.00 0.00 0.00 0.00
van 0.00 0 0.00 964 121 979 135 0.00 0.00 0.00 0.00 0.00 0.00 0.00
van 0.00 0 0.00 1045 62 1058 73 0.00 0.00 0.00 0.00 0.00 0.00 0.00
van 0.00 0 0.00 976 56 992 68 0.00 0.00 0.00 0.00 0.00 0.00 0.00
