car 0.00 0 0.00 29 751 102 817 0.00 0.00 0.00 0.00 0.00 0.00 0.00
car 0.00 0 0.00 63 754 132 822 0.00 0.00 0.00 0.00 0.00 0.00 0.00
truck 0.00 0 0.00 98 716 207 807 0.00 0.00 0.00 0.00 0.00 0.00 0.00
car 0.00 0 0.00 526 790 567 863 0.00 0.00 0.00 0.00 0.00 0.00 0.00
car 0.00 0 0.00 498 711 560 754 0.00 0.00 0.00 0.00 0.00 0.00 0.00
car 0.00 0 0.00 515 672 579 712 0.00 0.00 0.00 0.00 0.00 0.00 0.00
car 0.00 0 0.00 1162 768 1251 810 0.00 0.00 0.00 0.00 0.00 0.00 0.00
car 0.00 0 0.00 903 710 976 753 0.00 0.00 0.00 0.00 0.00 0.00 0.00
car 0.00 0 0.00 788 271 803 292 0.00 0.00 0.00 0.00 0.00 0.00 0.00
car 0.00 0 0.00 831 298 854 315 0.00 0.00 0.00 0.00 0.00 0.00 0.00
car 0.00 0 0.00 795 246 807 266 0.00 0.00 0.00 0.00 0.00 0.00 0.00
car 0.00 0 0.00 829 91 837 102 0.00 0.00 0.00 0.00 0.00 0.00 0.00
car 0.00 0 0.00 992 150 1008 164 0.00 0.00 0.00 0.00 0.00 0.00 0.00
car 0.00 0 0.00 1018 140 1041 153 0.00 0.00 0.00 0.00 0.00 0.00 0.00
car 0.00 0 0.00 956 300 990 316 0.00 0.00 0.00 0.00 0.00 0.00 0.00
car 0.00 0 0.00 794 396 812 423 0.00 0.00 0.00 0.00 0.00 0.00 0.00
car 0.00 0 0.00 1106 137 1122 147 0.00 0.00 0.00 0.00 0.00 0.00 0.00
truck 0.00 0 0.00 1047 130 1113 152 0.00 0.00 0.00 0.00 0.00 0.00 0.00
truck 0.00 0 0.00 1054 144 1087 161 0.00 0.00 0.00 0.00 0.00 0.00 0.00
truck 0.00 0 0.00 1142 126 1183 144 0.00 0.00 0.00 0.00 0.00 0.00 0.00
truck 0.00 0 0.00 1171 111 1191 131 0.00 0.00 0.00 0.00 0.00 0.00 0.00
truck 0.00 0 0.00 1151 108 1167 128 0.00 0.00 0.00 0.00 0.00 0.00 0.00
car 0.00 0 0.00 461 409 498 431 0.00 0.00 0.00 0.00 0.00 0.00 0.00
truck 0.00 0 0.00 799 214 813 238 0.00 0.00 0.00 0.00 0.00 0.00 0.00
pedestrian 0.00 0 0.00 638 732 646 751 0.00 0.00 0.00 0.00 0.00 0.00 0.00
pedestrian 0.00 0 0.00 577 716 585 736 0.00 0.00 0.00 0.00 0.00 0.00 0.00
pedestrian 0.00 0 0.00 210 456 223 473 0.00 0.00 0.00 0.00 0.00 0.00 0.00
pedestrian 0.00 0 0.00 985 310 990 325 0.00 0.00 0.00 0.00 0.00 0.00 0.00
pedestrian 0.00 0 0.00 992 306 999 321 0.00 0.00 0.00 0.00 0.00 0.00 0.00
pedestrian 0.00 0 0.00 981 306 987 319 0.00 0.00 0.00 0.00 0.00 0.00 0.00
bicycle 0.00 0 0.00 779 297 786 312 0.00 0.00 0.00 0.00 0.00 0.00 0.00
bicycle 0.00 0 0.00 814 354 821 370 0.00 0.00 0.00 0.00 0.00 0.00 0.00
motor 0.00 0 0.00 1037 855 1070 877 0.00 0.00 0.00 0.00 0.00 0.00 0.00
