car 0.00 0 0.00 1502 729 1600 851 0.00 0.00 0.00 0.00 0.00 0.00 0.00
car 0.00 0 0.00 1579 367 1637 419 0.00 0.00 0.00 0.00 0.00 0.00 0.00
car 0.00 0 0.00 1549 228 1588 263 0.00 0.00 0.00 0.00 0.00 0.00 0.00
car 0.00 0 0.00 1585 182 1614 208 0.00 0.00 0.00 0.00 0.00 0.00 0.00
car 0.00 0 0.00 1583 159 1613 179 0.00 0.00 0.00 0.00 0.00 0.00 0.00
car 0.00 0 0.00 1427 186 1506 211 0.00 0.00 0.00 0.00 0.00 0.00 0.00
pedestrian 0.00 0 0.00 1187 198 1198 230 0.00 0.00 0.00 0.00 0.00 0.00 0.00
pedestrian 0.00 0 0.00 1224 296 1273 345 0.00 0.00 0.00 0.00 0.00 0.00 0.00
pedestrian 0.00 0 0.00 1021 455 1099 527 0.00 0.00 0.00 0.00 0.00 0.00 0.00
pedestrian 0.00 0 0.00 1101 261 1162 304 0.00 0.00 0.00 0.00 0.00 0.00 0.00
van 0.00 0 0.00 1147 228 1193 276 0.00 0.00 0.00 0.00 0.00 0.00 0.00
car 0.00 0 0.00 1199 207 1240 242 0.00 0.00 0.00 0.00 0.00 0.00 0.00
car 0.00 0 0.00 997 329 1065 381 0.00 0.00 0.00 0.00 0.00 0.00 0.00
bicycle 0.00 0 0.00 1037 288 1070 317 0.00 0.00 0.00 0.00 0.00 0.00 0.00
bicycle 0.00 0 0.00 965 329 997 360 0.00 0.00 0.00 0.00 0.00 0.00 0.00
motor 0.00 0 0.00 990 309 1033 336 0.00 0.00 0.00 0.00 0.00 0.00 0.00
motor 0.00 0 0.00 765 366 816 392 0.00 0.00 0.00 0.00 0.00 0.00 0.00
motor 0.00 0 0.00 928 284 958 311 0.00 0.00 0.00 0.00 0.00 0.00 0.00
motor 0.00 0 0.00 950 272 978 300 0.00 0.00 0.00 0.00 0.00 0.00 0.00
motor 0.00 0 0.00 919 347 953 374 0.00 0.00 0.00 0.00 0.00 0.00 0.00
pedestrian 0.00 0 0.00 911 347 926 381 0.00 0.00 0.00 0.00 0.00 0.00 0.00
pedestrian 0.00 0 0.00 919 336 932 375 0.00 0.00 0.00 0.00 0.00 0.00 0.00
motor 0.00 0 0.00 660 426 704 455 0.00 0.00 0.00 0.00 0.00 0.00 0.00
pedestrian 0.00 0 0.00 1658 271 1671 307 0.00 0.00 0.00 0.00 0.00 0.00 0.00
car 0.00 0 0.00 1282 119 1308 139 0.00 0.00 0.00 0.00 0.00 0.00 0.00
car 0.00 0 0.00 1339 115 1363 137 0.00 0.00 0.00 0.00 0.00 0.00 0.00
car 0.00 0 0.00 1307 110 1330 137 0.00 0.00 0.00 0.00 0.00 0.00 0.00
car 0.00 0 0.00 1366 96 1392 119 0.00 0.00 0.00 0.00 0.00 0.00 0.00
car 0.00 0 0.00 1749 520 1886 579 0.00 0.00 0.00 0.00 0.00 0.00 0.00
car 0.00 0 0.00 1731 475 1864 527 0.00 0.00 0.00 0.00 0.00 0.00 0.00
motor 0.00 0 0.00 1838 634 1910 680 0.00 0.00 0.00 0.00 0.00 0.00 0.00
motor 0.00 0 0.00 1834 611 1915 657 0.00 0.00 0.00 0.00 0.00 0.00 0.00
bicycle 0.00 0 0.00 1969 607 1993 660 0.00 0.00 0.00 0.00 0.00 0.00 0.00
car 0.00 0 0.00 1698 358 1800 398 0.00 0.00 0.00 0.00 0.00 0.00 0.00
car 0.00 0 0.00 1693 309 1792 357 0.00 0.00 0.00 0.00 0.00 0.00 0.00
van 0.00 0 0.00 1691 179 1725 214 0.00 0.00 0.00 0.00 0.00 0.00 0.00
car 0.00 0 0.00 1695 165 1719 189 0.00 0.00 0.00 0.00 0.00 0.00 0.00
car 0.00 0 0.00 1668 148 1703 167 0.00 0.00 0.00 0.00 0.00 0.00 0.00
van 0.00 0 0.00 1657 135 1710 161 0.00 0.00 0.00 0.00 0.00 0.00 0.00
car 0.00 0 0.00 1677 115 1704 135 0.00 0.00 0.00 0.00 0.00 0.00 0.00
car 0.00 0 0.00 1570 63 1587 78 0.00 0.00 0.00 0.00 0.00 0.00 0.00
car 0.00 0 0.00 1590 49 1605 60 0.00 0.00 0.00 0.00 0.00 0.00 0.00
van 0.00 0 0.00 1601 35 1615 48 0.00 0.00 0.00 0.00 0.00 0.00 0.00
car 0.00 0 0.00 1610 34 1633 46 0.00 0.00 0.00 0.00 0.00 0.00 0.00
car 0.00 0 0.00 1486 77 1502 92 0.00 0.00 0.00 0.00 0.00 0.00 0.00
car 0.00 0 0.00 1508 60 1522 74 0.00 0.00 0.00 0.00 0.00 0.00 0.00
car 0.00 0 0.00 1475 67 1492 79 0.00 0.00 0.00 0.00 0.00 0.00 0.00
car 0.00 0 0.00 1644 85 1663 104 0.00 0.00 0.00 0.00 0.00 0.00 0.00
car 0.00 0 0.00 1672 104 1696 117 0.00 0.00 0.00 0.00 0.00 0.00 0.00
car 0.00 0 0.00 1672 96 1690 107 0.00 0.00 0.00 0.00 0.00 0.00 0.00
car 0.00 0 0.00 1667 85 1684 101 0.00 0.00 0.00 0.00 0.00 0.00 0.00
car 0.00 0 0.00 1666 79 1681 93 0.00 0.00 0.00 0.00 0.00 0.00 0.00
car 0.00 0 0.00 1659 72 1677 84 0.00 0.00 0.00 0.00 0.00 0.00 0.00
car 0.00 0 0.00 1657 66 1676 78 0.00 0.00 0.00 0.00 0.00 0.00 0.00
car 0.00 0 0.00 1657 55 1698 70 0.00 0.00 0.00 0.00 0.00 0.00 0.00
car 0.00 0 0.00 1654 51 1669 62 0.00 0.00 0.00 0.00 0.00 0.00 0.00
car 0.00 0 0.00 1653 42 1670 56 0.00 0.00 0.00 0.00 0.00 0.00 0.00
car 0.00 0 0.00 1654 48 1669 60 0.00 0.00 0.00 0.00 0.00 0.00 0.00
car 0.00 0 0.00 1590 10 1599 20 0.00 0.00 0.00 0.00 0.00 0.00 0.00
car 0.00 0 0.00 1606 1 1616 13 0.00 0.00 0.00 0.00 0.00 0.00 0.00
people 0.00 0 0.00 1637 161 1646 178 0.00 0.00 0.00 0.00 0.00 0.00 0.00
motor 0.00 0 0.00 1637 169 1644 182 0.00 0.00 0.00 0.00 0.00 0.00 0.00
people 0.00 0 0.00 1640 190 1652 213 0.00 0.00 0.00 0.00 0.00 0.00 0.00
motor 0.00 0 0.00 1639 197 1654 218 0.00 0.00 0.00 0.00 0.00 0.00 0.00
car 0.00 0 0.00 708 511 821 582 0.00 0.00 0.00 0.00 0.00 0.00 0.00
car 0.00 0 0.00 746 869 944 1088 0.00 0.00 0.00 0.00 0.00 0.00 0.00
car 0.00 0 0.00 58 754 265 857 0.00 0.00 0.00 0.00 0.00 0.00 0.00
car 0.00 0 0.00 464 644 620 753 0.00 0.00 0.00 0.00 0.00 0.00 0.00
car 0.00 0 0.00 491 563 641 653 0.00 0.00 0.00 0.00 0.00 0.00 0.00
pedestrian 0.00 0 0.00 412 497 446 555 0.00 0.00 0.00 0.00 0.00 0.00 0.00
bicycle 0.00 0 0.00 374 583 416 618 0.00 0.00 0.00 0.00 0.00 0.00 0.00
car 0.00 0 0.00 1 964 165 1197 0.00 0.00 0.00 0.00 0.00 0.00 0.00
car 0.00 0 0.00 1388 86 1406 111 0.00 0.00 0.00 0.00 0.00 0.00 0.00
car 0.00 0 0.00 1134 139 1189 162 0.00 0.00 0.00 0.00 0.00 0.00 0.00
pedestrian 0.00 0 0.00 1170 142 1178 163 0.00 0.00 0.00 0.00 0.00 0.00 0.00
pedestrian 0.00 0 0.00 1227 133 1236 154 0.00 0.00 0.00 0.00 0.00 0.00 0.00
pedestrian 0.00 0 0.00 1207 131 1216 153 0.00 0.00 0.00 0.00 0.00 0.00 0.00
pedestrian 0.00 0 0.00 1198 136 1209 160 0.00 0.00 0.00 0.00 0.00 0.00 0.00
motor 0.00 0 0.00 1301 96 1324 109 0.00 0.00 0.00 0.00 0.00 0.00 0.00
motor 0.00 0 0.00 1271 113 1287 125 0.00 0.00 0.00 0.00 0.00 0.00 0.00
pedestrian 0.00 0 0.00 1232 115 1238 135 0.00 0.00 0.00 0.00 0.00 0.00 0.00
pedestrian 0.00 0 0.00 1221 117 1228 137 0.00 0.00 0.00 0.00 0.00 0.00 0.00
motor 0.00 0 0.00 1916 467 1936 511 0.00 0.00 0.00 0.00 0.00 0.00 0.00
motor 0.00 0 0.00 1877 431 1893 470 0.00 0.00 0.00 0.00 0.00 0.00 0.00
motor 0.00 0 0.00 1897 428 1909 467 0.00 0.00 0.00 0.00 0.00 0.00 0.00
bicycle 0.00 0 0.00 1875 393 1891 424 0.00 0.00 0.00 0.00 0.00 0.00 0.00
motor 0.00 0 0.00 1761 245 1789 262 0.00 0.00 0.00 0.00 0.00 0.00 0.00
motor 0.00 0 0.00 1748 236 1776 253 0.00 0.00 0.00 0.00 0.00 0.00 0.00
motor 0.00 0 0.00 1764 231 1790 249 0.00 0.00 0.00 0.00 0.00 0.00 0.00
motor 0.00 0 0.00 1749 208 1762 230 0.00 0.00 0.00 0.00 0.00 0.00 0.00
motor 0.00 0 0.00 1741 200 1760 219 0.00 0.00 0.00 0.00 0.00 0.00 0.00
people 0.00 0 0.00 1637 105 1644 117 0.00 0.00 0.00 0.00 0.00 0.00 0.00
motor 0.00 0 0.00 1636 107 1646 122 0.00 0.00 0.00 0.00 0.00 0.00 0.00
car 0.00 0 0.00 1402 74 1416 93 0.00 0.00 0.00 0.00 0.00 0.00 0.00
car 0.00 0 0.00 1408 70 1422 89 0.00 0.00 0.00 0.00 0.00 0.00 0.00
car 0.00 0 0.00 1418 67 1430 83 0.00 0.00 0.00 0.00 0.00 0.00 0.00
car 0.00 0 0.00 1424 52 1450 64 0.00 0.00 0.00 0.00 0.00 0.00 0.00
car 0.00 0 0.00 1450 45 1465 57 0.00 0.00 0.00 0.00 0.00 0.00 0.00
bus 0.00 0 0.00 1501 11 1522 35 0.00 0.00 0.00 0.00 0.00 0.00 0.00
car 0.00 0 0.00 1523 38 1534 50 0.00 0.00 0.00 0.00 0.00 0.00 0.00
car 0.00 0 0.00 1465 37 1482 51 0.00 0.00 0.00 0.00 0.00 0.00 0.00
pedestrian 0.00 0 0.00 1468 39 1471 53 0.00 0.00 0.00 0.00 0.00 0.00 0.00
pedestrian 0.00 0 0.00 1470 39 1475 53 0.00 0.00 0.00 0.00 0.00 0.00 0.00
people 0.00 0 0.00 1448 73 1453 86 0.00 0.00 0.00 0.00 0.00 0.00 0.00
car 0.00 0 0.00 1542 25 1556 37 0.00 0.00 0.00 0.00 0.00 0.00 0.00
car 0.00 0 0.00 1538 16 1551 26 0.00 0.00 0.00 0.00 0.00 0.00 0.00
car 0.00 0 0.00 1522 14 1533 24 0.00 0.00 0.00 0.00 0.00 0.00 0.00
car 0.00 0 0.00 1555 0 1570 10 0.00 0.00 0.00 0.00 0.00 0.00 0.00
pedestrian 0.00 0 0.00 1501 3 1506 14 0.00 0.00 0.00 0.00 0.00 0.00 0.00
pedestrian 0.00 0 0.00 1504 3 1510 14 0.00 0.00 0.00 0.00 0.00 0.00 0.00
motor 0.00 0 0.00 607 467 630 505 0.00 0.00 0.00 0.00 0.00 0.00 0.00
bicycle 0.00 0 0.00 1024 309 1053 327 0.00 0.00 0.00 0.00 0.00 0.00 0.00
pedestrian 0.00 0 0.00 774 350 784 383 0.00 0.00 0.00 0.00 0.00 0.00 0.00
car 0.00 0 0.00 1921 980 2000 1169 0.00 0.00 0.00 0.00 0.00 0.00 0.00
