truck 0.00 0 0.00 1572 937 1873 1138 0.00 0.00 0.00 0.00 0.00 0.00 0.00
truck 0.00 0 0.00 1139 661 1235 721 0.00 0.00 0.00 0.00 0.00 0.00 0.00
pedestrian 0.00 0 0.00 1047 598 1055 614 0.00 0.00 0.00 0.00 0.00 0.00 0.00
car 0.00 0 0.00 1064 1366 1215 1500 0.00 0.00 0.00 0.00 0.00 0.00 0.00
truck 0.00 0 0.00 679 1125 758 1265 0.00 0.00 0.00 0.00 0.00 0.00 0.00
car 0.00 0 0.00 758 1003 826 1106 0.00 0.00 0.00 0.00 0.00 0.00 0.00
car 0.00 0 0.00 936 866 993 932 0.00 0.00 0.00 0.00 0.00 0.00 0.00
car 0.00 0 0.00 871 742 908 784 0.00 0.00 0.00 0.00 0.00 0.00 0.00
truck 0.00 0 0.00 953 568 991 596 0.00 0.00 0.00 0.00 0.00 0.00 0.00
car 0.00 0 0.00 886 573 906 587 0.00 0.00 0.00 0.00 0.00 0.00 0.00
car 0.00 0 0.00 877 561 894 574 0.00 0.00 0.00 0.00 0.00 0.00 0.00
car 0.00 0 0.00 122 695 208 722 0.00 0.00 0.00 0.00 0.00 0.00 0.00
truck 0.00 0 0.00 244 553 298 572 0.00 0.00 0.00 0.00 0.00 0.00 0.00
truck 0.00 0 0.00 336 549 379 565 0.00 0.00 0.00 0.00 0.00 0.00 0.00
pedestrian 0.00 0 0.00 452 558 459 570 0.00 0.00 0.00 0.00 0.00 0.00 0.00
car 0.00 0 0.00 443 559 481 571 0.00 0.00 0.00 0.00 0.00 0.00 0.00
pedestrian 0.00 0 0.00 466 552 471 562 0.00 0.00 0.00 0.00 0.00 0.00 0.00
car 0.00 0 0.00 461 550 497 563 0.00 0.00 0.00 0.00 0.00 0.00 0.00
truck 0.00 0 0.00 525 554 575 570 0.00 0.00 0.00 0.00 0.00 0.00 0.00
pedestrian 0.00 0 0.00 617 554 623 569 0.00 0.00 0.00 0.00 0.00 0.00 0.00
car 0.00 0 0.00 596 555 634 568 0.00 0.00 0.00 0.00 0.00 0.00 0.00
people 0.00 0 0.00 642 556 649 569 0.00 0.00 0.00 0.00 0.00 0.00 0.00
car 0.00 0 0.00 641 556 679 568 0.00 0.00 0.00 0.00 0.00 0.00 0.00
car 0.00 0 0.00 641 546 672 558 0.00 0.00 0.00 0.00 0.00 0.00 0.00
van 0.00 0 0.00 620 490 633 497 0.00 0.00 0.00 0.00 0.00 0.00 0.00
car 0.00 0 0.00 783 540 806 551 0.00 0.00 0.00 0.00 0.00 0.00 0.00
truck 0.00 0 0.00 814 528 830 541 0.00 0.00 0.00 0.00 0.00 0.00 0.00
people 0.00 0 0.00 849 524 852 531 0.00 0.00 0.00 0.00 0.00 0.00 0.00
motor 0.00 0 0.00 848 526 853 533 0.00 0.00 0.00 0.00 0.00 0.00 0.00
car 0.00 0 0.00 821 518 832 528 0.00 0.00 0.00 0.00 0.00 0.00 0.00
car 0.00 0 0.00 806 501 815 509 0.00 0.00 0.00 0.00 0.00 0.00 0.00
truck 0.00 0 0.00 826 496 832 504 0.00 0.00 0.00 0.00 0.00 0.00 0.00
car 0.00 0 0.00 803 487 809 493 0.00 0.00 0.00 0.00 0.00 0.00 0.00
car 0.00 0 0.00 802 480 807 485 0.00 0.00 0.00 0.00 0.00 0.00 0.00
car 0.00 0 0.00 800 475 805 480 0.00 0.00 0.00 0.00 0.00 0.00 0.00
car 0.00 0 0.00 799 471 803 475 0.00 0.00 0.00 0.00 0.00 0.00 0.00
van 0.00 0 0.00 809 475 814 481 0.00 0.00 0.00 0.00 0.00 0.00 0.00
