car 0.00 0 0.00 639 755 666 787 0.00 0.00 0.00 0.00 0.00 0.00 0.00
car 0.00 0 0.00 684 756 710 787 0.00 0.00 0.00 0.00 0.00 0.00 0.00
car 0.00 0 0.00 730 769 752 787 0.00 0.00 0.00 0.00 0.00 0.00 0.00
car 0.00 0 0.00 672 605 697 645 0.00 0.00 0.00 0.00 0.00 0.00 0.00
car 0.00 0 0.00 707 580 732 621 0.00 0.00 0.00 0.00 0.00 0.00 0.00
car 0.00 0 0.00 747 541 769 579 0.00 0.00 0.00 0.00 0.00 0.00 0.00
car 0.00 0 0.00 689 506 711 546 0.00 0.00 0.00 0.00 0.00 0.00 0.00
car 0.00 0 0.00 729 479 748 509 0.00 0.00 0.00 0.00 0.00 0.00 0.00
car 0.00 0 0.00 708 428 726 456 0.00 0.00 0.00 0.00 0.00 0.00 0.00
car 0.00 0 0.00 738 411 755 439 0.00 0.00 0.00 0.00 0.00 0.00 0.00
car 0.00 0 0.00 719 372 736 397 0.00 0.00 0.00 0.00 0.00 0.00 0.00
car 0.00 0 0.00 743 358 760 381 0.00 0.00 0.00 0.00 0.00 0.00 0.00
car 0.00 0 0.00 724 330 739 353 0.00 0.00 0.00 0.00 0.00 0.00 0.00
car 0.00 0 0.00 729 286 744 307 0.00 0.00 0.00 0.00 0.00 0.00 0.00
car 0.00 0 0.00 749 295 764 317 0.00 0.00 0.00 0.00 0.00 0.00 0.00
car 0.00 0 0.00 649 251 665 269 0.00 0.00 0.00 0.00 0.00 0.00 0.00
van 0.00 0 0.00 620 229 633 248 0.00 0.00 0.00 0.00 0.00 0.00 0.00
car 0.00 0 0.00 641 110 653 119 0.00 0.00 0.00 0.00 0.00 0.00 0.00
truck 0.00 0 0.00 603 41 622 62 0.00 0.00 0.00 0.00 0.00 0.00 0.00
van 0.00 0 0.00 635 0 648 11 0.00 0.00 0.00 0.00 0.00 0.00 0.00
truck 0.00 0 0.00 702 40 721 61 0.00 0.00 0.00 0.00 0.00 0.00 0.00
car 0.00 0 0.00 704 36 717 44 0.00 0.00 0.00 0.00 0.00 0.00 0.00
car 0.00 0 0.00 723 20 735 30 0.00 0.00 0.00 0.00 0.00 0.00 0.00
car 0.00 0 0.00 745 67 761 79 0.00 0.00 0.00 0.00 0.00 0.00 0.00
car 0.00 0 0.00 778 69 793 81 0.00 0.00 0.00 0.00 0.00 0.00 0.00
car 0.00 0 0.00 888 179 911 196 0.00 0.00 0.00 0.00 0.00 0.00 0.00
van 0.00 0 0.00 823 83 840 99 0.00 0.00 0.00 0.00 0.00 0.00 0.00
car 0.00 0 0.00 966 123 987 136 0.00 0.00 0.00 0.00 0.00 0.00 0.00
car 0.00 0 0.00 960 118 981 130 0.00 0.00 0.00 0.00 0.00 0.00 0.00
car 0.00 0 0.00 1080 179 1107 193 0.00 0.00 0.00 0.00 0.00 0.00 0.00
van 0.00 0 0.00 1115 182 1140 198 0.00 0.00 0.00 0.00 0.00 0.00 0.00
car 0.00 0 0.00 1169 193 1195 206 0.00 0.00 0.00 0.00 0.00 0.00 0.00
bus 0.00 0 0.00 1186 199 1230 221 0.00 0.00 0.00 0.00 0.00 0.00 0.00
car 0.00 0 0.00 1205 209 1237 223 0.00 0.00 0.00 0.00 0.00 0.00 0.00
car 0.00 0 0.00 1216 214 1243 228 0.00 0.00 0.00 0.00 0.00 0.00 0.00
car 0.00 0 0.00 1225 217 1252 233 0.00 0.00 0.00 0.00 0.00 0.00 0.00
van 0.00 0 0.00 1236 222 1266 236 0.00 0.00 0.00 0.00 0.00 0.00 0.00
bus 0.00 0 0.00 1237 223 1283 246 0.00 0.00 0.00 0.00 0.00 0.00 0.00
car 0.00 0 0.00 1261 234 1290 249 0.00 0.00 0.00 0.00 0.00 0.00 0.00
car 0.00 0 0.00 1270 240 1303 255 0.00 0.00 0.00 0.00 0.00 0.00 0.00
car 0.00 0 0.00 1293 252 1321 266 0.00 0.00 0.00 0.00 0.00 0.00 0.00
truck 0.00 0 0.00 1304 248 1359 280 0.00 0.00 0.00 0.00 0.00 0.00 0.00
car 0.00 0 0.00 1331 265 1366 284 0.00 0.00 0.00 0.00 0.00 0.00 0.00
truck 0.00 0 0.00 1177 226 1241 264 0.00 0.00 0.00 0.00 0.00 0.00 0.00
truck 0.00 0 0.00 1079 205 1136 232 0.00 0.00 0.00 0.00 0.00 0.00 0.00
truck 0.00 0 0.00 1090 211 1152 240 0.00 0.00 0.00 0.00 0.00 0.00 0.00
truck 0.00 0 0.00 1110 221 1160 246 0.00 0.00 0.00 0.00 0.00 0.00 0.00
truck 0.00 0 0.00 1113 225 1178 260 0.00 0.00 0.00 0.00 0.00 0.00 0.00
bus 0.00 0 0.00 1128 242 1179 270 0.00 0.00 0.00 0.00 0.00 0.00 0.00
bus 0.00 0 0.00 1141 246 1189 275 0.00 0.00 0.00 0.00 0.00 0.00 0.00
truck 0.00 0 0.00 1151 247 1222 284 0.00 0.00 0.00 0.00 0.00 0.00 0.00
truck 0.00 0 0.00 1166 258 1238 292 0.00 0.00 0.00 0.00 0.00 0.00 0.00
truck 0.00 0 0.00 1182 268 1248 299 0.00 0.00 0.00 0.00 0.00 0.00 0.00
van 0.00 0 0.00 1282 310 1324 332 0.00 0.00 0.00 0.00 0.00 0.00 0.00
car 0.00 0 0.00 1028 312 1062 336 0.00 0.00 0.00 0.00 0.00 0.00 0.00
truck 0.00 0 0.00 611 400 640 444 0.00 0.00 0.00 0.00 0.00 0.00 0.00
