pedestrian 0.00 0 0.00 245 770 252 787 0.00 0.00 0.00 0.00 0.00 0.00 0.00
pedestrian 0.00 0 0.00 263 771 272 787 0.00 0.00 0.00 0.00 0.00 0.00 0.00
pedestrian 0.00 0 0.00 273 773 279 787 0.00 0.00 0.00 0.00 0.00 0.00 0.00
people 0.00 0 0.00 294 774 302 787 0.00 0.00 0.00 0.00 0.00 0.00 0.00
car 0.00 0 0.00 540 549 561 576 0.00 0.00 0.00 0.00 0.00 0.00 0.00
motor 0.00 0 0.00 530 536 537 548 0.00 0.00 0.00 0.00 0.00 0.00 0.00
people 0.00 0 0.00 530 533 537 547 0.00 0.00 0.00 0.00 0.00 0.00 0.00
van 0.00 0 0.00 626 511 646 537 0.00 0.00 0.00 0.00 0.00 0.00 0.00
car 0.00 0 0.00 761 547 779 574 0.00 0.00 0.00 0.00 0.00 0.00 0.00
car 0.00 0 0.00 608 468 625 488 0.00 0.00 0.00 0.00 0.00 0.00 0.00
car 0.00 0 0.00 641 414 655 429 0.00 0.00 0.00 0.00 0.00 0.00 0.00
pedestrian 0.00 0 0.00 544 441 548 454 0.00 0.00 0.00 0.00 0.00 0.00 0.00
pedestrian 0.00 0 0.00 550 433 554 443 0.00 0.00 0.00 0.00 0.00 0.00 0.00
pedestrian 0.00 0 0.00 566 401 568 408 0.00 0.00 0.00 0.00 0.00 0.00 0.00
van 0.00 0 0.00 645 361 659 376 0.00 0.00 0.00 0.00 0.00 0.00 0.00
van 0.00 0 0.00 649 322 660 334 0.00 0.00 0.00 0.00 0.00 0.00 0.00
car 0.00 0 0.00 631 331 643 341 0.00 0.00 0.00 0.00 0.00 0.00 0.00
car 0.00 0 0.00 697 333 708 347 0.00 0.00 0.00 0.00 0.00 0.00 0.00
car 0.00 0 0.00 676 323 688 336 0.00 0.00 0.00 0.00 0.00 0.00 0.00
van 0.00 0 0.00 721 327 729 340 0.00 0.00 0.00 0.00 0.00 0.00 0.00
van 0.00 0 0.00 719 320 729 332 0.00 0.00 0.00 0.00 0.00 0.00 0.00
van 0.00 0 0.00 717 300 726 311 0.00 0.00 0.00 0.00 0.00 0.00 0.00
car 0.00 0 0.00 694 292 704 303 0.00 0.00 0.00 0.00 0.00 0.00 0.00
van 0.00 0 0.00 652 288 663 298 0.00 0.00 0.00 0.00 0.00 0.00 0.00
van 0.00 0 0.00 641 271 652 282 0.00 0.00 0.00 0.00 0.00 0.00 0.00
car 0.00 0 0.00 678 279 686 287 0.00 0.00 0.00 0.00 0.00 0.00 0.00
car 0.00 0 0.00 658 259 666 267 0.00 0.00 0.00 0.00 0.00 0.00 0.00
van 0.00 0 0.00 658 240 667 248 0.00 0.00 0.00 0.00 0.00 0.00 0.00
van 0.00 0 0.00 660 227 668 238 0.00 0.00 0.00 0.00 0.00 0.00 0.00
bus 0.00 0 0.00 629 200 642 219 0.00 0.00 0.00 0.00 0.00 0.00 0.00
bus 0.00 0 0.00 622 187 636 203 0.00 0.00 0.00 0.00 0.00 0.00 0.00
bus 0.00 0 0.00 627 166 638 177 0.00 0.00 0.00 0.00 0.00 0.00 0.00
van 0.00 0 0.00 639 171 646 178 0.00 0.00 0.00 0.00 0.00 0.00 0.00
van 0.00 0 0.00 642 164 649 170 0.00 0.00 0.00 0.00 0.00 0.00 0.00
van 0.00 0 0.00 666 184 672 192 0.00 0.00 0.00 0.00 0.00 0.00 0.00
van 0.00 0 0.00 661 207 667 214 0.00 0.00 0.00 0.00 0.00 0.00 0.00
van 0.00 0 0.00 748 307 757 315 0.00 0.00 0.00 0.00 0.00 0.00 0.00
van 0.00 0 0.00 751 323 761 334 0.00 0.00 0.00 0.00 0.00 0.00 0.00
pedestrian 0.00 0 0.00 757 377 761 384 0.00 0.00 0.00 0.00 0.00 0.00 0.00
pedestrian 0.00 0 0.00 802 346 805 354 0.00 0.00 0.00 0.00 0.00 0.00 0.00
pedestrian 0.00 0 0.00 792 361 794 370 0.00 0.00 0.00 0.00 0.00 0.00 0.00
pedestrian 0.00 0 0.00 796 360 800 370 0.00 0.00 0.00 0.00 0.00 0.00 0.00
pedestrian 0.00 0 0.00 812 362 816 372 0.00 0.00 0.00 0.00 0.00 0.00 0.00
pedestrian 0.00 0 0.00 820 344 824 354 0.00 0.00 0.00 0.00 0.00 0.00 0.00
van 0.00 0 0.00 783 365 809 376 0.00 0.00 0.00 0.00 0.00 0.00 0.00
van 0.00 0 0.00 792 368 818 380 0.00 0.00 0.00 0.00 0.00 0.00 0.00
van 0.00 0 0.00 858 349 884 360 0.00 0.00 0.00 0.00 0.00 0.00 0.00
van 0.00 0 0.00 888 364 915 376 0.00 0.00 0.00 0.00 0.00 0.00 0.00
van 0.00 0 0.00 823 361 851 374 0.00 0.00 0.00 0.00 0.00 0.00 0.00
bus 0.00 0 0.00 826 361 862 378 0.00 0.00 0.00 0.00 0.00 0.00 0.00
car 0.00 0 0.00 863 360 886 372 0.00 0.00 0.00 0.00 0.00 0.00 0.00
van 0.00 0 0.00 901 358 923 369 0.00 0.00 0.00 0.00 0.00 0.00 0.00
van 0.00 0 0.00 899 323 923 336 0.00 0.00 0.00 0.00 0.00 0.00 0.00
van 0.00 0 0.00 896 321 919 336 0.00 0.00 0.00 0.00 0.00 0.00 0.00
car 0.00 0 0.00 920 362 948 373 0.00 0.00 0.00 0.00 0.00 0.00 0.00
car 0.00 0 0.00 961 331 976 341 0.00 0.00 0.00 0.00 0.00 0.00 0.00
pedestrian 0.00 0 0.00 969 338 972 346 0.00 0.00 0.00 0.00 0.00 0.00 0.00
car 0.00 0 0.00 975 290 994 298 0.00 0.00 0.00 0.00 0.00 0.00 0.00
car 0.00 0 0.00 971 314 985 326 0.00 0.00 0.00 0.00 0.00 0.00 0.00
car 0.00 0 0.00 969 361 997 372 0.00 0.00 0.00 0.00 0.00 0.00 0.00
pedestrian 0.00 0 0.00 1013 336 1017 344 0.00 0.00 0.00 0.00 0.00 0.00 0.00
pedestrian 0.00 0 0.00 1063 332 1069 341 0.00 0.00 0.00 0.00 0.00 0.00 0.00
van 0.00 0 0.00 1027 357 1048 368 0.00 0.00 0.00 0.00 0.00 0.00 0.00
car 0.00 0 0.00 1062 349 1084 360 0.00 0.00 0.00 0.00 0.00 0.00 0.00
van 0.00 0 0.00 1071 354 1098 365 0.00 0.00 0.00 0.00 0.00 0.00 0.00
car 0.00 0 0.00 1136 355 1164 365 0.00 0.00 0.00 0.00 0.00 0.00 0.00
car 0.00 0 0.00 1131 345 1160 356 0.00 0.00 0.00 0.00 0.00 0.00 0.00
car 0.00 0 0.00 1164 334 1192 345 0.00 0.00 0.00 0.00 0.00 0.00 0.00
van 0.00 0 0.00 1196 350 1224 361 0.00 0.00 0.00 0.00 0.00 0.00 0.00
