car 0.00 0 0.00 153 585 297 721 0.00 0.00 0.00 0.00 0.00 0.00 0.00
car 0.00 0 0.00 60 957 244 1049 0.00 0.00 0.00 0.00 0.00 0.00 0.00
pedestrian 0.00 0 0.00 372 1009 424 1050 0.00 0.00 0.00 0.00 0.00 0.00 0.00
motor 0.00 0 0.00 429 665 457 725 0.00 0.00 0.00 0.00 0.00 0.00 0.00
motor 0.00 0 0.00 497 612 563 688 0.00 0.00 0.00 0.00 0.00 0.00 0.00
bicycle 0.00 0 0.00 396 511 443 555 0.00 0.00 0.00 0.00 0.00 0.00 0.00
car 0.00 0 0.00 847 364 959 465 0.00 0.00 0.00 0.00 0.00 0.00 0.00
people 0.00 0 0.00 754 480 778 514 0.00 0.00 0.00 0.00 0.00 0.00 0.00
people 0.00 0 0.00 724 473 750 505 0.00 0.00 0.00 0.00 0.00 0.00 0.00
people 0.00 0 0.00 748 455 771 488 0.00 0.00 0.00 0.00 0.00 0.00 0.00
people 0.00 0 0.00 708 458 732 488 0.00 0.00 0.00 0.00 0.00 0.00 0.00
people 0.00 0 0.00 929 461 956 503 0.00 0.00 0.00 0.00 0.00 0.00 0.00
people 0.00 0 0.00 972 410 999 458 0.00 0.00 0.00 0.00 0.00 0.00 0.00
bicycle 0.00 0 0.00 922 466 958 511 0.00 0.00 0.00 0.00 0.00 0.00 0.00
bicycle 0.00 0 0.00 967 422 997 465 0.00 0.00 0.00 0.00 0.00 0.00 0.00
van 0.00 0 0.00 929 283 1031 380 0.00 0.00 0.00 0.00 0.00 0.00 0.00
car 0.00 0 0.00 1032 227 1109 306 0.00 0.00 0.00 0.00 0.00 0.00 0.00
people 0.00 0 0.00 1279 271 1301 301 0.00 0.00 0.00 0.00 0.00 0.00 0.00
bicycle 0.00 0 0.00 1279 275 1295 319 0.00 0.00 0.00 0.00 0.00 0.00 0.00
