car 0.00 0 0.00 547 240 565 254 0.00 0.00 0.00 0.00 0.00 0.00 0.00
car 0.00 0 0.00 554 236 573 249 0.00 0.00 0.00 0.00 0.00 0.00 0.00
car 0.00 0 0.00 559 229 583 241 0.00 0.00 0.00 0.00 0.00 0.00 0.00
car 0.00 0 0.00 581 219 596 233 0.00 0.00 0.00 0.00 0.00 0.00 0.00
car 0.00 0 0.00 636 192 652 201 0.00 0.00 0.00 0.00 0.00 0.00 0.00
car 0.00 0 0.00 651 188 664 197 0.00 0.00 0.00 0.00 0.00 0.00 0.00
car 0.00 0 0.00 500 263 525 278 0.00 0.00 0.00 0.00 0.00 0.00 0.00
car 0.00 0 0.00 522 263 545 278 0.00 0.00 0.00 0.00 0.00 0.00 0.00
van 0.00 0 0.00 545 259 561 278 0.00 0.00 0.00 0.00 0.00 0.00 0.00
car 0.00 0 0.00 731 284 769 301 0.00 0.00 0.00 0.00 0.00 0.00 0.00
car 0.00 0 0.00 766 276 802 291 0.00 0.00 0.00 0.00 0.00 0.00 0.00
pedestrian 0.00 0 0.00 776 283 782 299 0.00 0.00 0.00 0.00 0.00 0.00 0.00
van 0.00 0 0.00 791 282 826 301 0.00 0.00 0.00 0.00 0.00 0.00 0.00
van 0.00 0 0.00 807 288 844 311 0.00 0.00 0.00 0.00 0.00 0.00 0.00
car 0.00 0 0.00 886 239 901 253 0.00 0.00 0.00 0.00 0.00 0.00 0.00
car 0.00 0 0.00 915 239 928 252 0.00 0.00 0.00 0.00 0.00 0.00 0.00
van 0.00 0 0.00 824 315 844 343 0.00 0.00 0.00 0.00 0.00 0.00 0.00
van 0.00 0 0.00 830 336 849 366 0.00 0.00 0.00 0.00 0.00 0.00 0.00
car 0.00 0 0.00 907 294 926 312 0.00 0.00 0.00 0.00 0.00 0.00 0.00
van 0.00 0 0.00 936 267 966 287 0.00 0.00 0.00 0.00 0.00 0.00 0.00
bicycle 0.00 0 0.00 941 287 947 300 0.00 0.00 0.00 0.00 0.00 0.00 0.00
people 0.00 0 0.00 941 282 946 297 0.00 0.00 0.00 0.00 0.00 0.00 0.00
pedestrian 0.00 0 0.00 951 298 955 317 0.00 0.00 0.00 0.00 0.00 0.00 0.00
pedestrian 0.00 0 0.00 882 314 890 335 0.00 0.00 0.00 0.00 0.00 0.00 0.00
pedestrian 0.00 0 0.00 884 298 892 317 0.00 0.00 0.00 0.00 0.00 0.00 0.00
pedestrian 0.00 0 0.00 821 401 827 427 0.00 0.00 0.00 0.00 0.00 0.00 0.00
pedestrian 0.00 0 0.00 827 398 837 426 0.00 0.00 0.00 0.00 0.00 0.00 0.00
pedestrian 0.00 0 0.00 841 423 852 450 0.00 0.00 0.00 0.00 0.00 0.00 0.00
car 0.00 0 0.00 823 450 859 491 0.00 0.00 0.00 0.00 0.00 0.00 0.00
car 0.00 0 0.00 891 412 921 445 0.00 0.00 0.00 0.00 0.00 0.00 0.00
pedestrian 0.00 0 0.00 900 379 908 404 0.00 0.00 0.00 0.00 0.00 0.00 0.00
bicycle 0.00 0 0.00 915 379 923 396 0.00 0.00 0.00 0.00 0.00 0.00 0.00
people 0.00 0 0.00 915 372 922 390 0.00 0.00 0.00 0.00 0.00 0.00 0.00
pedestrian 0.00 0 0.00 969 349 979 372 0.00 0.00 0.00 0.00 0.00 0.00 0.00
car 0.00 0 0.00 934 418 967 454 0.00 0.00 0.00 0.00 0.00 0.00 0.00
truck 0.00 0 0.00 843 486 934 529 0.00 0.00 0.00 0.00 0.00 0.00 0.00
pedestrian 0.00 0 0.00 915 498 925 532 0.00 0.00 0.00 0.00 0.00 0.00 0.00
van 0.00 0 0.00 820 563 925 623 0.00 0.00 0.00 0.00 0.00 0.00 0.00
pedestrian 0.00 0 0.00 933 635 944 675 0.00 0.00 0.00 0.00 0.00 0.00 0.00
pedestrian 0.00 0 0.00 969 635 979 674 0.00 0.00 0.00 0.00 0.00 0.00 0.00
people 0.00 0 0.00 959 642 976 664 0.00 0.00 0.00 0.00 0.00 0.00 0.00
motor 0.00 0 0.00 930 679 951 707 0.00 0.00 0.00 0.00 0.00 0.00 0.00
pedestrian 0.00 0 0.00 935 1091 958 1156 0.00 0.00 0.00 0.00 0.00 0.00 0.00
pedestrian 0.00 0 0.00 937 1140 953 1181 0.00 0.00 0.00 0.00 0.00 0.00 0.00
truck 0.00 0 0.00 776 1023 921 1422 0.00 0.00 0.00 0.00 0.00 0.00 0.00
pedestrian 0.00 0 0.00 1084 1145 1116 1220 0.00 0.00 0.00 0.00 0.00 0.00 0.00
truck 0.00 0 0.00 950 826 1045 993 0.00 0.00 0.00 0.00 0.00 0.00 0.00
truck 0.00 0 0.00 946 730 1019 826 0.00 0.00 0.00 0.00 0.00 0.00 0.00
van 0.00 0 0.00 1140 689 1206 774 0.00 0.00 0.00 0.00 0.00 0.00 0.00
pedestrian 0.00 0 0.00 979 352 986 373 0.00 0.00 0.00 0.00 0.00 0.00 0.00
car 0.00 0 0.00 974 386 1002 412 0.00 0.00 0.00 0.00 0.00 0.00 0.00
car 0.00 0 0.00 976 420 1011 452 0.00 0.00 0.00 0.00 0.00 0.00 0.00
car 0.00 0 0.00 950 456 984 493 0.00 0.00 0.00 0.00 0.00 0.00 0.00
pedestrian 0.00 0 0.00 959 308 967 323 0.00 0.00 0.00 0.00 0.00 0.00 0.00
pedestrian 0.00 0 0.00 1031 484 1041 513 0.00 0.00 0.00 0.00 0.00 0.00 0.00
pedestrian 0.00 0 0.00 1028 475 1037 504 0.00 0.00 0.00 0.00 0.00 0.00 0.00
truck 0.00 0 0.00 1017 436 1053 479 0.00 0.00 0.00 0.00 0.00 0.00 0.00
pedestrian 0.00 0 0.00 981 646 995 691 0.00 0.00 0.00 0.00 0.00 0.00 0.00
people 0.00 0 0.00 993 644 1006 672 0.00 0.00 0.00 0.00 0.00 0.00 0.00
pedestrian 0.00 0 0.00 1004 637 1017 677 0.00 0.00 0.00 0.00 0.00 0.00 0.00
bicycle 0.00 0 0.00 996 659 1006 679 0.00 0.00 0.00 0.00 0.00 0.00 0.00
pedestrian 0.00 0 0.00 1013 709 1027 759 0.00 0.00 0.00 0.00 0.00 0.00 0.00
pedestrian 0.00 0 0.00 1068 638 1089 682 0.00 0.00 0.00 0.00 0.00 0.00 0.00
people 0.00 0 0.00 1011 764 1019 778 0.00 0.00 0.00 0.00 0.00 0.00 0.00
pedestrian 0.00 0 0.00 990 735 1020 774 0.00 0.00 0.00 0.00 0.00 0.00 0.00
pedestrian 0.00 0 0.00 1017 901 1048 952 0.00 0.00 0.00 0.00 0.00 0.00 0.00
pedestrian 0.00 0 0.00 1015 875 1045 926 0.00 0.00 0.00 0.00 0.00 0.00 0.00
people 0.00 0 0.00 1286 1460 1333 1500 0.00 0.00 0.00 0.00 0.00 0.00 0.00
motor 0.00 0 0.00 1280 1442 1333 1500 0.00 0.00 0.00 0.00 0.00 0.00 0.00
pedestrian 0.00 0 0.00 1648 1401 1694 1477 0.00 0.00 0.00 0.00 0.00 0.00 0.00
pedestrian 0.00 0 0.00 1578 1366 1618 1433 0.00 0.00 0.00 0.00 0.00 0.00 0.00
pedestrian 0.00 0 0.00 1576 1335 1634 1409 0.00 0.00 0.00 0.00 0.00 0.00 0.00
car 0.00 0 0.00 1295 1048 1445 1227 0.00 0.00 0.00 0.00 0.00 0.00 0.00
pedestrian 0.00 0 0.00 1274 849 1298 902 0.00 0.00 0.00 0.00 0.00 0.00 0.00
pedestrian 0.00 0 0.00 1167 873 1188 925 0.00 0.00 0.00 0.00 0.00 0.00 0.00
people 0.00 0 0.00 1193 868 1208 892 0.00 0.00 0.00 0.00 0.00 0.00 0.00
pedestrian 0.00 0 0.00 1181 841 1194 875 0.00 0.00 0.00 0.00 0.00 0.00 0.00
pedestrian 0.00 0 0.00 1182 824 1201 870 0.00 0.00 0.00 0.00 0.00 0.00 0.00
truck 0.00 0 0.00 1194 723 1319 837 0.00 0.00 0.00 0.00 0.00 0.00 0.00
pedestrian 0.00 0 0.00 1100 589 1125 623 0.00 0.00 0.00 0.00 0.00 0.00 0.00
truck 0.00 0 0.00 1057 546 1112 610 0.00 0.00 0.00 0.00 0.00 0.00 0.00
