car 0.00 0 0.00 356 727 375 750 0.00 0.00 0.00 0.00 0.00 0.00 0.00
car 0.00 0 0.00 346 762 373 787 0.00 0.00 0.00 0.00 0.00 0.00 0.00
car 0.00 0 0.00 503 537 523 562 0.00 0.00 0.00 0.00 0.00 0.00 0.00
van 0.00 0 0.00 438 690 459 719 0.00 0.00 0.00 0.00 0.00 0.00 0.00
truck 0.00 0 0.00 435 706 468 751 0.00 0.00 0.00 0.00 0.00 0.00 0.00
truck 0.00 0 0.00 506 594 550 655 0.00 0.00 0.00 0.00 0.00 0.00 0.00
car 0.00 0 0.00 425 639 447 666 0.00 0.00 0.00 0.00 0.00 0.00 0.00
van 0.00 0 0.00 507 555 531 580 0.00 0.00 0.00 0.00 0.00 0.00 0.00
van 0.00 0 0.00 588 520 607 544 0.00 0.00 0.00 0.00 0.00 0.00 0.00
van 0.00 0 0.00 613 485 632 508 0.00 0.00 0.00 0.00 0.00 0.00 0.00
truck 0.00 0 0.00 506 466 553 527 0.00 0.00 0.00 0.00 0.00 0.00 0.00
car 0.00 0 0.00 640 455 656 471 0.00 0.00 0.00 0.00 0.00 0.00 0.00
car 0.00 0 0.00 661 424 678 444 0.00 0.00 0.00 0.00 0.00 0.00 0.00
van 0.00 0 0.00 590 456 606 477 0.00 0.00 0.00 0.00 0.00 0.00 0.00
truck 0.00 0 0.00 632 422 656 455 0.00 0.00 0.00 0.00 0.00 0.00 0.00
bus 0.00 0 0.00 577 437 599 464 0.00 0.00 0.00 0.00 0.00 0.00 0.00
bus 0.00 0 0.00 587 478 613 509 0.00 0.00 0.00 0.00 0.00 0.00 0.00
car 0.00 0 0.00 703 365 721 382 0.00 0.00 0.00 0.00 0.00 0.00 0.00
car 0.00 0 0.00 673 386 685 403 0.00 0.00 0.00 0.00 0.00 0.00 0.00
van 0.00 0 0.00 634 371 647 385 0.00 0.00 0.00 0.00 0.00 0.00 0.00
truck 0.00 0 0.00 692 305 724 343 0.00 0.00 0.00 0.00 0.00 0.00 0.00
van 0.00 0 0.00 732 335 744 353 0.00 0.00 0.00 0.00 0.00 0.00 0.00
truck 0.00 0 0.00 738 283 766 318 0.00 0.00 0.00 0.00 0.00 0.00 0.00
van 0.00 0 0.00 763 292 781 310 0.00 0.00 0.00 0.00 0.00 0.00 0.00
van 0.00 0 0.00 724 244 734 258 0.00 0.00 0.00 0.00 0.00 0.00 0.00
car 0.00 0 0.00 715 333 733 346 0.00 0.00 0.00 0.00 0.00 0.00 0.00
car 0.00 0 0.00 788 269 803 283 0.00 0.00 0.00 0.00 0.00 0.00 0.00
car 0.00 0 0.00 782 253 798 268 0.00 0.00 0.00 0.00 0.00 0.00 0.00
car 0.00 0 0.00 767 248 781 263 0.00 0.00 0.00 0.00 0.00 0.00 0.00
car 0.00 0 0.00 797 212 812 224 0.00 0.00 0.00 0.00 0.00 0.00 0.00
motor 0.00 0 0.00 752 319 760 328 0.00 0.00 0.00 0.00 0.00 0.00 0.00
people 0.00 0 0.00 755 319 760 327 0.00 0.00 0.00 0.00 0.00 0.00 0.00
van 0.00 0 0.00 806 227 821 245 0.00 0.00 0.00 0.00 0.00 0.00 0.00
car 0.00 0 0.00 810 244 825 262 0.00 0.00 0.00 0.00 0.00 0.00 0.00
car 0.00 0 0.00 833 219 849 233 0.00 0.00 0.00 0.00 0.00 0.00 0.00
car 0.00 0 0.00 858 142 871 155 0.00 0.00 0.00 0.00 0.00 0.00 0.00
bus 0.00 0 0.00 756 166 784 204 0.00 0.00 0.00 0.00 0.00 0.00 0.00
truck 0.00 0 0.00 860 158 889 186 0.00 0.00 0.00 0.00 0.00 0.00 0.00
van 0.00 0 0.00 897 208 915 224 0.00 0.00 0.00 0.00 0.00 0.00 0.00
pedestrian 0.00 0 0.00 850 735 855 740 0.00 0.00 0.00 0.00 0.00 0.00 0.00
pedestrian 0.00 0 0.00 862 765 867 771 0.00 0.00 0.00 0.00 0.00 0.00 0.00
pedestrian 0.00 0 0.00 877 744 882 749 0.00 0.00 0.00 0.00 0.00 0.00 0.00
pedestrian 0.00 0 0.00 881 733 885 739 0.00 0.00 0.00 0.00 0.00 0.00 0.00
pedestrian 0.00 0 0.00 892 746 896 751 0.00 0.00 0.00 0.00 0.00 0.00 0.00
pedestrian 0.00 0 0.00 882 741 887 746 0.00 0.00 0.00 0.00 0.00 0.00 0.00
truck 0.00 0 0.00 760 540 819 578 0.00 0.00 0.00 0.00 0.00 0.00 0.00
truck 0.00 0 0.00 768 528 816 559 0.00 0.00 0.00 0.00 0.00 0.00 0.00
bus 0.00 0 0.00 774 516 832 549 0.00 0.00 0.00 0.00 0.00 0.00 0.00
pedestrian 0.00 0 0.00 886 483 891 491 0.00 0.00 0.00 0.00 0.00 0.00 0.00
van 0.00 0 0.00 915 96 927 109 0.00 0.00 0.00 0.00 0.00 0.00 0.00
van 0.00 0 0.00 909 140 928 158 0.00 0.00 0.00 0.00 0.00 0.00 0.00
car 0.00 0 0.00 935 113 947 125 0.00 0.00 0.00 0.00 0.00 0.00 0.00
van 0.00 0 0.00 1004 58 1015 72 0.00 0.00 0.00 0.00 0.00 0.00 0.00
truck 0.00 0 0.00 917 516 956 543 0.00 0.00 0.00 0.00 0.00 0.00 0.00
truck 0.00 0 0.00 908 556 949 582 0.00 0.00 0.00 0.00 0.00 0.00 0.00
truck 0.00 0 0.00 1006 21 1027 42 0.00 0.00 0.00 0.00 0.00 0.00 0.00
