car 0.00 0 0.00 0 0 19 11 0.00 0.00 0.00 0.00 0.00 0.00 0.00
van 0.00 0 0.00 173 64 199 96 0.00 0.00 0.00 0.00 0.00 0.00 0.00
van 0.00 0 0.00 228 126 244 147 0.00 0.00 0.00 0.00 0.00 0.00 0.00
van 0.00 0 0.00 329 96 340 111 0.00 0.00 0.00 0.00 0.00 0.00 0.00
van 0.00 0 0.00 248 189 282 205 0.00 0.00 0.00 0.00 0.00 0.00 0.00
van 0.00 0 0.00 44 209 108 239 0.00 0.00 0.00 0.00 0.00 0.00 0.00
van 0.00 0 0.00 17 299 73 334 0.00 0.00 0.00 0.00 0.00 0.00 0.00
car 0.00 0 0.00 108 291 146 312 0.00 0.00 0.00 0.00 0.00 0.00 0.00
car 0.00 0 0.00 136 196 154 211 0.00 0.00 0.00 0.00 0.00 0.00 0.00
pedestrian 0.00 0 0.00 120 226 127 239 0.00 0.00 0.00 0.00 0.00 0.00 0.00
van 0.00 0 0.00 635 840 700 926 0.00 0.00 0.00 0.00 0.00 0.00 0.00
van 0.00 0 0.00 788 838 878 910 0.00 0.00 0.00 0.00 0.00 0.00 0.00
van 0.00 0 0.00 874 962 1002 1047 0.00 0.00 0.00 0.00 0.00 0.00 0.00
car 0.00 0 0.00 804 622 858 679 0.00 0.00 0.00 0.00 0.00 0.00 0.00
car 0.00 0 0.00 766 638 816 698 0.00 0.00 0.00 0.00 0.00 0.00 0.00
car 0.00 0 0.00 723 646 774 709 0.00 0.00 0.00 0.00 0.00 0.00 0.00
car 0.00 0 0.00 854 616 889 664 0.00 0.00 0.00 0.00 0.00 0.00 0.00
motor 0.00 0 0.00 96 516 104 538 0.00 0.00 0.00 0.00 0.00 0.00 0.00
van 0.00 0 0.00 659 652 711 716 0.00 0.00 0.00 0.00 0.00 0.00 0.00
van 0.00 0 0.00 1365 460 1400 487 0.00 0.00 0.00 0.00 0.00 0.00 0.00
car 0.00 0 0.00 1345 450 1382 473 0.00 0.00 0.00 0.00 0.00 0.00 0.00
van 0.00 0 0.00 1229 390 1278 418 0.00 0.00 0.00 0.00 0.00 0.00 0.00
car 0.00 0 0.00 1202 383 1239 404 0.00 0.00 0.00 0.00 0.00 0.00 0.00
motor 0.00 0 0.00 1198 494 1219 515 0.00 0.00 0.00 0.00 0.00 0.00 0.00
motor 0.00 0 0.00 863 425 880 438 0.00 0.00 0.00 0.00 0.00 0.00 0.00
motor 0.00 0 0.00 786 431 806 444 0.00 0.00 0.00 0.00 0.00 0.00 0.00
motor 0.00 0 0.00 905 467 919 478 0.00 0.00 0.00 0.00 0.00 0.00 0.00
motor 0.00 0 0.00 827 415 837 425 0.00 0.00 0.00 0.00 0.00 0.00 0.00
motor 0.00 0 0.00 821 415 828 424 0.00 0.00 0.00 0.00 0.00 0.00 0.00
motor 0.00 0 0.00 842 411 852 422 0.00 0.00 0.00 0.00 0.00 0.00 0.00
motor 0.00 0 0.00 858 409 868 419 0.00 0.00 0.00 0.00 0.00 0.00 0.00
car 0.00 0 0.00 835 458 894 487 0.00 0.00 0.00 0.00 0.00 0.00 0.00
car 0.00 0 0.00 640 447 674 484 0.00 0.00 0.00 0.00 0.00 0.00 0.00
car 0.00 0 0.00 719 429 750 464 0.00 0.00 0.00 0.00 0.00 0.00 0.00
van 0.00 0 0.00 685 441 722 478 0.00 0.00 0.00 0.00 0.00 0.00 0.00
car 0.00 0 0.00 819 440 875 466 0.00 0.00 0.00 0.00 0.00 0.00 0.00
car 0.00 0 0.00 806 343 849 361 0.00 0.00 0.00 0.00 0.00 0.00 0.00
car 0.00 0 0.00 750 349 790 369 0.00 0.00 0.00 0.00 0.00 0.00 0.00
van 0.00 0 0.00 698 404 737 420 0.00 0.00 0.00 0.00 0.00 0.00 0.00
pedestrian 0.00 0 0.00 738 396 743 410 0.00 0.00 0.00 0.00 0.00 0.00 0.00
car 0.00 0 0.00 464 389 512 414 0.00 0.00 0.00 0.00 0.00 0.00 0.00
car 0.00 0 0.00 306 382 358 413 0.00 0.00 0.00 0.00 0.00 0.00 0.00
car 0.00 0 0.00 304 373 356 398 0.00 0.00 0.00 0.00 0.00 0.00 0.00
car 0.00 0 0.00 555 349 597 371 0.00 0.00 0.00 0.00 0.00 0.00 0.00
car 0.00 0 0.00 550 340 594 360 0.00 0.00 0.00 0.00 0.00 0.00 0.00
car 0.00 0 0.00 460 344 503 368 0.00 0.00 0.00 0.00 0.00 0.00 0.00
car 0.00 0 0.00 452 336 499 356 0.00 0.00 0.00 0.00 0.00 0.00 0.00
car 0.00 0 0.00 452 327 494 343 0.00 0.00 0.00 0.00 0.00 0.00 0.00
car 0.00 0 0.00 444 316 488 336 0.00 0.00 0.00 0.00 0.00 0.00 0.00
car 0.00 0 0.00 441 306 479 324 0.00 0.00 0.00 0.00 0.00 0.00 0.00
car 0.00 0 0.00 432 299 476 319 0.00 0.00 0.00 0.00 0.00 0.00 0.00
car 0.00 0 0.00 520 303 564 322 0.00 0.00 0.00 0.00 0.00 0.00 0.00
car 0.00 0 0.00 536 321 581 339 0.00 0.00 0.00 0.00 0.00 0.00 0.00
car 0.00 0 0.00 493 350 536 375 0.00 0.00 0.00 0.00 0.00 0.00 0.00
car 0.00 0 0.00 512 287 550 305 0.00 0.00 0.00 0.00 0.00 0.00 0.00
car 0.00 0 0.00 500 277 534 293 0.00 0.00 0.00 0.00 0.00 0.00 0.00
motor 0.00 0 0.00 602 299 611 312 0.00 0.00 0.00 0.00 0.00 0.00 0.00
motor 0.00 0 0.00 588 284 600 298 0.00 0.00 0.00 0.00 0.00 0.00 0.00
motor 0.00 0 0.00 594 290 608 303 0.00 0.00 0.00 0.00 0.00 0.00 0.00
motor 0.00 0 0.00 253 395 264 417 0.00 0.00 0.00 0.00 0.00 0.00 0.00
awning-tricycle 0.00 0 0.00 143 340 164 366 0.00 0.00 0.00 0.00 0.00 0.00 0.00
bicycle 0.00 0 0.00 103 240 118 251 0.00 0.00 0.00 0.00 0.00 0.00 0.00
motor 0.00 0 0.00 273 216 287 226 0.00 0.00 0.00 0.00 0.00 0.00 0.00
awning-tricycle 0.00 0 0.00 218 222 241 233 0.00 0.00 0.00 0.00 0.00 0.00 0.00
motor 0.00 0 0.00 192 241 208 248 0.00 0.00 0.00 0.00 0.00 0.00 0.00
pedestrian 0.00 0 0.00 193 236 199 245 0.00 0.00 0.00 0.00 0.00 0.00 0.00
people 0.00 0 0.00 277 212 284 222 0.00 0.00 0.00 0.00 0.00 0.00 0.00
people 0.00 0 0.00 231 224 236 231 0.00 0.00 0.00 0.00 0.00 0.00 0.00
people 0.00 0 0.00 103 239 113 248 0.00 0.00 0.00 0.00 0.00 0.00 0.00
car 0.00 0 0.00 534 225 555 246 0.00 0.00 0.00 0.00 0.00 0.00 0.00
car 0.00 0 0.00 525 214 542 230 0.00 0.00 0.00 0.00 0.00 0.00 0.00
car 0.00 0 0.00 409 248 446 264 0.00 0.00 0.00 0.00 0.00 0.00 0.00
car 0.00 0 0.00 403 239 438 253 0.00 0.00 0.00 0.00 0.00 0.00 0.00
car 0.00 0 0.00 398 230 431 247 0.00 0.00 0.00 0.00 0.00 0.00 0.00
car 0.00 0 0.00 413 258 449 274 0.00 0.00 0.00 0.00 0.00 0.00 0.00
car 0.00 0 0.00 322 163 340 176 0.00 0.00 0.00 0.00 0.00 0.00 0.00
