van 0.00 0 0.00 449 580 483 602 0.00 0.00 0.00 0.00 0.00 0.00 0.00
van 0.00 0 0.00 524 559 542 582 0.00 0.00 0.00 0.00 0.00 0.00 0.00
van 0.00 0 0.00 547 557 563 582 0.00 0.00 0.00 0.00 0.00 0.00 0.00
van 0.00 0 0.00 844 582 883 605 0.00 0.00 0.00 0.00 0.00 0.00 0.00
van 0.00 0 0.00 730 760 759 806 0.00 0.00 0.00 0.00 0.00 0.00 0.00
car 0.00 0 0.00 643 785 675 823 0.00 0.00 0.00 0.00 0.00 0.00 0.00
car 0.00 0 0.00 1038 610 1058 635 0.00 0.00 0.00 0.00 0.00 0.00 0.00
car 0.00 0 0.00 750 568 787 587 0.00 0.00 0.00 0.00 0.00 0.00 0.00
car 0.00 0 0.00 719 582 752 600 0.00 0.00 0.00 0.00 0.00 0.00 0.00
car 0.00 0 0.00 686 572 713 589 0.00 0.00 0.00 0.00 0.00 0.00 0.00
car 0.00 0 0.00 499 560 519 582 0.00 0.00 0.00 0.00 0.00 0.00 0.00
car 0.00 0 0.00 570 571 599 588 0.00 0.00 0.00 0.00 0.00 0.00 0.00
car 0.00 0 0.00 543 582 579 602 0.00 0.00 0.00 0.00 0.00 0.00 0.00
people 0.00 0 0.00 735 600 743 615 0.00 0.00 0.00 0.00 0.00 0.00 0.00
people 0.00 0 0.00 741 603 748 615 0.00 0.00 0.00 0.00 0.00 0.00 0.00
people 0.00 0 0.00 725 660 735 680 0.00 0.00 0.00 0.00 0.00 0.00 0.00
bicycle 0.00 0 0.00 724 670 737 689 0.00 0.00 0.00 0.00 0.00 0.00 0.00
motor 0.00 0 0.00 728 606 749 619 0.00 0.00 0.00 0.00 0.00 0.00 0.00
car 0.00 0 0.00 778 565 809 582 0.00 0.00 0.00 0.00 0.00 0.00 0.00
car 0.00 0 0.00 953 580 997 599 0.00 0.00 0.00 0.00 0.00 0.00 0.00
truck 0.00 0 0.00 1062 561 1153 595 0.00 0.00 0.00 0.00 0.00 0.00 0.00
car 0.00 0 0.00 1362 696 1433 727 0.00 0.00 0.00 0.00 0.00 0.00 0.00
car 0.00 0 0.00 1308 609 1341 628 0.00 0.00 0.00 0.00 0.00 0.00 0.00
car 0.00 0 0.00 1278 611 1319 630 0.00 0.00 0.00 0.00 0.00 0.00 0.00
car 0.00 0 0.00 1252 730 1329 758 0.00 0.00 0.00 0.00 0.00 0.00 0.00
car 0.00 0 0.00 1273 742 1351 772 0.00 0.00 0.00 0.00 0.00 0.00 0.00
car 0.00 0 0.00 1237 796 1297 839 0.00 0.00 0.00 0.00 0.00 0.00 0.00
car 0.00 0 0.00 1132 797 1226 838 0.00 0.00 0.00 0.00 0.00 0.00 0.00
car 0.00 0 0.00 1431 844 1524 888 0.00 0.00 0.00 0.00 0.00 0.00 0.00
car 0.00 0 0.00 1464 877 1540 924 0.00 0.00 0.00 0.00 0.00 0.00 0.00
bicycle 0.00 0 0.00 1440 758 1475 786 0.00 0.00 0.00 0.00 0.00 0.00 0.00
van 0.00 0 0.00 1565 840 1691 905 0.00 0.00 0.00 0.00 0.00 0.00 0.00
van 0.00 0 0.00 1255 705 1324 735 0.00 0.00 0.00 0.00 0.00 0.00 0.00
pedestrian 0.00 0 0.00 1311 796 1323 826 0.00 0.00 0.00 0.00 0.00 0.00 0.00
pedestrian 0.00 0 0.00 1366 781 1383 817 0.00 0.00 0.00 0.00 0.00 0.00 0.00
van 0.00 0 0.00 1079 742 1166 779 0.00 0.00 0.00 0.00 0.00 0.00 0.00
car 0.00 0 0.00 1071 729 1144 756 0.00 0.00 0.00 0.00 0.00 0.00 0.00
van 0.00 0 0.00 694 1246 762 1385 0.00 0.00 0.00 0.00 0.00 0.00 0.00
bicycle 0.00 0 0.00 68 865 109 889 0.00 0.00 0.00 0.00 0.00 0.00 0.00
car 0.00 0 0.00 1418 1123 1570 1203 0.00 0.00 0.00 0.00 0.00 0.00 0.00
car 0.00 0 0.00 574 498 588 510 0.00 0.00 0.00 0.00 0.00 0.00 0.00
truck 0.00 0 0.00 883 507 922 521 0.00 0.00 0.00 0.00 0.00 0.00 0.00
truck 0.00 0 0.00 1119 481 1204 506 0.00 0.00 0.00 0.00 0.00 0.00 0.00
truck 0.00 0 0.00 1183 490 1243 509 0.00 0.00 0.00 0.00 0.00 0.00 0.00
