car 0.00 0 0.00 575 942 618 1038 0.00 0.00 0.00 0.00 0.00 0.00 0.00
motor 0.00 0 0.00 541 631 555 658 0.00 0.00 0.00 0.00 0.00 0.00 0.00
motor 0.00 0 0.00 567 604 579 629 0.00 0.00 0.00 0.00 0.00 0.00 0.00
motor 0.00 0 0.00 507 574 521 597 0.00 0.00 0.00 0.00 0.00 0.00 0.00
motor 0.00 0 0.00 535 511 545 534 0.00 0.00 0.00 0.00 0.00 0.00 0.00
motor 0.00 0 0.00 519 475 534 496 0.00 0.00 0.00 0.00 0.00 0.00 0.00
car 0.00 0 0.00 546 405 571 439 0.00 0.00 0.00 0.00 0.00 0.00 0.00
car 0.00 0 0.00 540 199 557 219 0.00 0.00 0.00 0.00 0.00 0.00 0.00
truck 0.00 0 0.00 675 223 711 272 0.00 0.00 0.00 0.00 0.00 0.00 0.00
truck 0.00 0 0.00 623 206 671 269 0.00 0.00 0.00 0.00 0.00 0.00 0.00
truck 0.00 0 0.00 614 198 652 244 0.00 0.00 0.00 0.00 0.00 0.00 0.00
truck 0.00 0 0.00 613 179 652 215 0.00 0.00 0.00 0.00 0.00 0.00 0.00
truck 0.00 0 0.00 692 207 723 254 0.00 0.00 0.00 0.00 0.00 0.00 0.00
truck 0.00 0 0.00 716 178 739 222 0.00 0.00 0.00 0.00 0.00 0.00 0.00
truck 0.00 0 0.00 694 172 719 212 0.00 0.00 0.00 0.00 0.00 0.00 0.00
truck 0.00 0 0.00 638 152 668 185 0.00 0.00 0.00 0.00 0.00 0.00 0.00
truck 0.00 0 0.00 667 119 695 157 0.00 0.00 0.00 0.00 0.00 0.00 0.00
car 0.00 0 0.00 536 98 551 113 0.00 0.00 0.00 0.00 0.00 0.00 0.00
car 0.00 0 0.00 549 91 563 101 0.00 0.00 0.00 0.00 0.00 0.00 0.00
car 0.00 0 0.00 522 94 535 104 0.00 0.00 0.00 0.00 0.00 0.00 0.00
people 0.00 0 0.00 544 632 554 651 0.00 0.00 0.00 0.00 0.00 0.00 0.00
people 0.00 0 0.00 569 606 578 620 0.00 0.00 0.00 0.00 0.00 0.00 0.00
people 0.00 0 0.00 508 574 518 588 0.00 0.00 0.00 0.00 0.00 0.00 0.00
people 0.00 0 0.00 536 513 544 526 0.00 0.00 0.00 0.00 0.00 0.00 0.00
people 0.00 0 0.00 522 477 529 489 0.00 0.00 0.00 0.00 0.00 0.00 0.00
