pedestrian 0.00 0 0.00 301 466 328 494 0.00 0.00 0.00 0.00 0.00 0.00 0.00
pedestrian 0.00 0 0.00 559 590 582 614 0.00 0.00 0.00 0.00 0.00 0.00 0.00
pedestrian 0.00 0 0.00 1015 590 1032 621 0.00 0.00 0.00 0.00 0.00 0.00 0.00
pedestrian 0.00 0 0.00 1155 378 1175 402 0.00 0.00 0.00 0.00 0.00 0.00 0.00
pedestrian 0.00 0 0.00 1132 375 1152 403 0.00 0.00 0.00 0.00 0.00 0.00 0.00
car 0.00 0 0.00 928 433 1036 495 0.00 0.00 0.00 0.00 0.00 0.00 0.00
car 0.00 0 0.00 764 389 873 452 0.00 0.00 0.00 0.00 0.00 0.00 0.00
bus 0.00 0 0.00 897 346 1044 433 0.00 0.00 0.00 0.00 0.00 0.00 0.00
car 0.00 0 0.00 941 324 1048 379 0.00 0.00 0.00 0.00 0.00 0.00 0.00
bus 0.00 0 0.00 576 228 829 383 0.00 0.00 0.00 0.00 0.00 0.00 0.00
bus 0.00 0 0.00 356 207 454 270 0.00 0.00 0.00 0.00 0.00 0.00 0.00
pedestrian 0.00 0 0.00 1328 243 1346 267 0.00 0.00 0.00 0.00 0.00 0.00 0.00
pedestrian 0.00 0 0.00 1341 233 1358 255 0.00 0.00 0.00 0.00 0.00 0.00 0.00
pedestrian 0.00 0 0.00 1354 221 1372 246 0.00 0.00 0.00 0.00 0.00 0.00 0.00
