pedestrian 0.00 0 0.00 667 476 691 517 0.00 0.00 0.00 0.00 0.00 0.00 0.00
pedestrian 0.00 0 0.00 629 447 645 486 0.00 0.00 0.00 0.00 0.00 0.00 0.00
pedestrian 0.00 0 0.00 647 415 668 449 0.00 0.00 0.00 0.00 0.00 0.00 0.00
pedestrian 0.00 0 0.00 664 311 673 329 0.00 0.00 0.00 0.00 0.00 0.00 0.00
pedestrian 0.00 0 0.00 656 306 664 323 0.00 0.00 0.00 0.00 0.00 0.00 0.00
pedestrian 0.00 0 0.00 653 300 660 313 0.00 0.00 0.00 0.00 0.00 0.00 0.00
people 0.00 0 0.00 775 370 785 379 0.00 0.00 0.00 0.00 0.00 0.00 0.00
pedestrian 0.00 0 0.00 381 357 391 380 0.00 0.00 0.00 0.00 0.00 0.00 0.00
bicycle 0.00 0 0.00 369 368 389 384 0.00 0.00 0.00 0.00 0.00 0.00 0.00
pedestrian 0.00 0 0.00 640 294 646 309 0.00 0.00 0.00 0.00 0.00 0.00 0.00
motor 0.00 0 0.00 769 372 795 384 0.00 0.00 0.00 0.00 0.00 0.00 0.00
people 0.00 0 0.00 1093 371 1112 390 0.00 0.00 0.00 0.00 0.00 0.00 0.00
pedestrian 0.00 0 0.00 1175 315 1183 328 0.00 0.00 0.00 0.00 0.00 0.00 0.00
pedestrian 0.00 0 0.00 977 792 1006 861 0.00 0.00 0.00 0.00 0.00 0.00 0.00
pedestrian 0.00 0 0.00 957 807 980 847 0.00 0.00 0.00 0.00 0.00 0.00 0.00
pedestrian 0.00 0 0.00 783 597 812 657 0.00 0.00 0.00 0.00 0.00 0.00 0.00
pedestrian 0.00 0 0.00 1337 451 1348 477 0.00 0.00 0.00 0.00 0.00 0.00 0.00
pedestrian 0.00 0 0.00 1322 440 1336 472 0.00 0.00 0.00 0.00 0.00 0.00 0.00
pedestrian 0.00 0 0.00 1324 343 1333 357 0.00 0.00 0.00 0.00 0.00 0.00 0.00
pedestrian 0.00 0 0.00 1257 335 1263 348 0.00 0.00 0.00 0.00 0.00 0.00 0.00
pedestrian 0.00 0 0.00 1296 312 1305 328 0.00 0.00 0.00 0.00 0.00 0.00 0.00
truck 0.00 0 0.00 1027 263 1048 274 0.00 0.00 0.00 0.00 0.00 0.00 0.00
van 0.00 0 0.00 1006 263 1024 271 0.00 0.00 0.00 0.00 0.00 0.00 0.00
car 0.00 0 0.00 980 261 998 270 0.00 0.00 0.00 0.00 0.00 0.00 0.00
car 0.00 0 0.00 951 259 974 269 0.00 0.00 0.00 0.00 0.00 0.00 0.00
car 0.00 0 0.00 926 256 948 266 0.00 0.00 0.00 0.00 0.00 0.00 0.00
car 0.00 0 0.00 993 261 1009 269 0.00 0.00 0.00 0.00 0.00 0.00 0.00
car 0.00 0 0.00 902 256 919 265 0.00 0.00 0.00 0.00 0.00 0.00 0.00
car 0.00 0 0.00 857 253 873 261 0.00 0.00 0.00 0.00 0.00 0.00 0.00
pedestrian 0.00 0 0.00 650 264 656 275 0.00 0.00 0.00 0.00 0.00 0.00 0.00
pedestrian 0.00 0 0.00 644 261 649 270 0.00 0.00 0.00 0.00 0.00 0.00 0.00
pedestrian 0.00 0 0.00 641 261 646 271 0.00 0.00 0.00 0.00 0.00 0.00 0.00
