car 0.00 0 0.00 0 972 86 1017 0.00 0.00 0.00 0.00 0.00 0.00 0.00
car 0.00 0 0.00 336 976 423 1020 0.00 0.00 0.00 0.00 0.00 0.00 0.00
car 0.00 0 0.00 1086 966 1182 1014 0.00 0.00 0.00 0.00 0.00 0.00 0.00
car 0.00 0 0.00 1211 988 1309 1033 0.00 0.00 0.00 0.00 0.00 0.00 0.00
car 0.00 0 0.00 1348 998 1400 1045 0.00 0.00 0.00 0.00 0.00 0.00 0.00
car 0.00 0 0.00 666 606 700 666 0.00 0.00 0.00 0.00 0.00 0.00 0.00
motor 0.00 0 0.00 388 925 430 946 0.00 0.00 0.00 0.00 0.00 0.00 0.00
motor 0.00 0 0.00 637 628 652 663 0.00 0.00 0.00 0.00 0.00 0.00 0.00
motor 0.00 0 0.00 692 234 704 260 0.00 0.00 0.00 0.00 0.00 0.00 0.00
bicycle 0.00 0 0.00 1136 943 1171 959 0.00 0.00 0.00 0.00 0.00 0.00 0.00
bicycle 0.00 0 0.00 1226 951 1266 970 0.00 0.00 0.00 0.00 0.00 0.00 0.00
bicycle 0.00 0 0.00 785 623 798 647 0.00 0.00 0.00 0.00 0.00 0.00 0.00
bicycle 0.00 0 0.00 710 86 721 104 0.00 0.00 0.00 0.00 0.00 0.00 0.00
bicycle 0.00 0 0.00 797 60 804 80 0.00 0.00 0.00 0.00 0.00 0.00 0.00
tricycle 0.00 0 0.00 759 497 779 535 0.00 0.00 0.00 0.00 0.00 0.00 0.00
pedestrian 0.00 0 0.00 667 940 682 957 0.00 0.00 0.00 0.00 0.00 0.00 0.00
pedestrian 0.00 0 0.00 672 958 683 969 0.00 0.00 0.00 0.00 0.00 0.00 0.00
pedestrian 0.00 0 0.00 682 960 695 977 0.00 0.00 0.00 0.00 0.00 0.00 0.00
pedestrian 0.00 0 0.00 663 853 676 866 0.00 0.00 0.00 0.00 0.00 0.00 0.00
pedestrian 0.00 0 0.00 683 857 696 872 0.00 0.00 0.00 0.00 0.00 0.00 0.00
pedestrian 0.00 0 0.00 824 846 842 859 0.00 0.00 0.00 0.00 0.00 0.00 0.00
people 0.00 0 0.00 1153 944 1169 957 0.00 0.00 0.00 0.00 0.00 0.00 0.00
people 0.00 0 0.00 1244 951 1263 969 0.00 0.00 0.00 0.00 0.00 0.00 0.00
people 0.00 0 0.00 398 926 416 941 0.00 0.00 0.00 0.00 0.00 0.00 0.00
people 0.00 0 0.00 638 639 652 651 0.00 0.00 0.00 0.00 0.00 0.00 0.00
people 0.00 0 0.00 786 625 796 639 0.00 0.00 0.00 0.00 0.00 0.00 0.00
people 0.00 0 0.00 712 87 720 100 0.00 0.00 0.00 0.00 0.00 0.00 0.00
people 0.00 0 0.00 797 62 803 75 0.00 0.00 0.00 0.00 0.00 0.00 0.00
pedestrian 0.00 0 0.00 874 174 886 192 0.00 0.00 0.00 0.00 0.00 0.00 0.00
pedestrian 0.00 0 0.00 928 254 937 272 0.00 0.00 0.00 0.00 0.00 0.00 0.00
pedestrian 0.00 0 0.00 936 328 946 347 0.00 0.00 0.00 0.00 0.00 0.00 0.00
