car 0.00 0 0.00 887 781 1138 880 0.00 0.00 0.00 0.00 0.00 0.00 0.00
car 0.00 0 0.00 598 803 839 905 0.00 0.00 0.00 0.00 0.00 0.00 0.00
car 0.00 0 0.00 522 520 748 641 0.00 0.00 0.00 0.00 0.00 0.00 0.00
car 0.00 0 0.00 509 402 735 512 0.00 0.00 0.00 0.00 0.00 0.00 0.00
car 0.00 0 0.00 939 289 1054 482 0.00 0.00 0.00 0.00 0.00 0.00 0.00
car 0.00 0 0.00 872 80 983 234 0.00 0.00 0.00 0.00 0.00 0.00 0.00
car 0.00 0 0.00 720 24 818 166 0.00 0.00 0.00 0.00 0.00 0.00 0.00
car 0.00 0 0.00 548 195 735 303 0.00 0.00 0.00 0.00 0.00 0.00 0.00
car 0.00 0 0.00 1084 294 1273 400 0.00 0.00 0.00 0.00 0.00 0.00 0.00
car 0.00 0 0.00 1029 194 1218 302 0.00 0.00 0.00 0.00 0.00 0.00 0.00
car 0.00 0 0.00 367 484 480 663 0.00 0.00 0.00 0.00 0.00 0.00 0.00
van 0.00 0 0.00 234 451 359 699 0.00 0.00 0.00 0.00 0.00 0.00 0.00
car 0.00 0 0.00 96 492 215 710 0.00 0.00 0.00 0.00 0.00 0.00 0.00
car 0.00 0 0.00 276 822 553 962 0.00 0.00 0.00 0.00 0.00 0.00 0.00
car 0.00 0 0.00 0 876 135 1010 0.00 0.00 0.00 0.00 0.00 0.00 0.00
car 0.00 0 0.00 943 0 1129 64 0.00 0.00 0.00 0.00 0.00 0.00 0.00
car 0.00 0 0.00 992 43 1149 132 0.00 0.00 0.00 0.00 0.00 0.00 0.00
car 0.00 0 0.00 1011 112 1213 208 0.00 0.00 0.00 0.00 0.00 0.00 0.00
motor 0.00 0 0.00 463 212 546 268 0.00 0.00 0.00 0.00 0.00 0.00 0.00
pedestrian 0.00 0 0.00 1339 208 1376 250 0.00 0.00 0.00 0.00 0.00 0.00 0.00
pedestrian 0.00 0 0.00 1363 193 1400 257 0.00 0.00 0.00 0.00 0.00 0.00 0.00
car 0.00 0 0.00 1185 517 1400 628 0.00 0.00 0.00 0.00 0.00 0.00 0.00
