pedestrian 0.00 0 0.00 652 673 660 697 0.00 0.00 0.00 0.00 0.00 0.00 0.00
pedestrian 0.00 0 0.00 655 650 663 672 0.00 0.00 0.00 0.00 0.00 0.00 0.00
car 0.00 0 0.00 628 493 663 559 0.00 0.00 0.00 0.00 0.00 0.00 0.00
car 0.00 0 0.00 512 451 544 520 0.00 0.00 0.00 0.00 0.00 0.00 0.00
pedestrian 0.00 0 0.00 659 418 664 441 0.00 0.00 0.00 0.00 0.00 0.00 0.00
car 0.00 0 0.00 516 331 543 384 0.00 0.00 0.00 0.00 0.00 0.00 0.00
car 0.00 0 0.00 617 321 649 371 0.00 0.00 0.00 0.00 0.00 0.00 0.00
car 0.00 0 0.00 614 259 648 311 0.00 0.00 0.00 0.00 0.00 0.00 0.00
car 0.00 0 0.00 506 264 535 314 0.00 0.00 0.00 0.00 0.00 0.00 0.00
car 0.00 0 0.00 610 202 640 252 0.00 0.00 0.00 0.00 0.00 0.00 0.00
car 0.00 0 0.00 509 209 537 255 0.00 0.00 0.00 0.00 0.00 0.00 0.00
car 0.00 0 0.00 510 155 537 196 0.00 0.00 0.00 0.00 0.00 0.00 0.00
car 0.00 0 0.00 611 137 636 178 0.00 0.00 0.00 0.00 0.00 0.00 0.00
car 0.00 0 0.00 603 97 631 137 0.00 0.00 0.00 0.00 0.00 0.00 0.00
van 0.00 0 0.00 514 117 537 150 0.00 0.00 0.00 0.00 0.00 0.00 0.00
car 0.00 0 0.00 514 79 539 112 0.00 0.00 0.00 0.00 0.00 0.00 0.00
car 0.00 0 0.00 539 43 565 83 0.00 0.00 0.00 0.00 0.00 0.00 0.00
car 0.00 0 0.00 509 3 540 47 0.00 0.00 0.00 0.00 0.00 0.00 0.00
