people 0.00 0 0.00 277 585 301 625 0.00 0.00 0.00 0.00 0.00 0.00 0.00
people 0.00 0 0.00 333 561 364 600 0.00 0.00 0.00 0.00 0.00 0.00 0.00
people 0.00 0 0.00 885 659 913 707 0.00 0.00 0.00 0.00 0.00 0.00 0.00
people 0.00 0 0.00 803 627 831 667 0.00 0.00 0.00 0.00 0.00 0.00 0.00
people 0.00 0 0.00 785 588 807 616 0.00 0.00 0.00 0.00 0.00 0.00 0.00
people 0.00 0 0.00 800 566 828 602 0.00 0.00 0.00 0.00 0.00 0.00 0.00
people 0.00 0 0.00 879 519 898 552 0.00 0.00 0.00 0.00 0.00 0.00 0.00
people 0.00 0 0.00 1138 716 1170 765 0.00 0.00 0.00 0.00 0.00 0.00 0.00
people 0.00 0 0.00 1468 737 1499 798 0.00 0.00 0.00 0.00 0.00 0.00 0.00
motor 0.00 0 0.00 1476 584 1536 630 0.00 0.00 0.00 0.00 0.00 0.00 0.00
motor 0.00 0 0.00 1313 579 1358 629 0.00 0.00 0.00 0.00 0.00 0.00 0.00
car 0.00 0 0.00 1431 281 1469 307 0.00 0.00 0.00 0.00 0.00 0.00 0.00
car 0.00 0 0.00 1482 277 1519 306 0.00 0.00 0.00 0.00 0.00 0.00 0.00
car 0.00 0 0.00 1563 275 1598 306 0.00 0.00 0.00 0.00 0.00 0.00 0.00
car 0.00 0 0.00 1606 281 1654 310 0.00 0.00 0.00 0.00 0.00 0.00 0.00
car 0.00 0 0.00 1452 270 1511 294 0.00 0.00 0.00 0.00 0.00 0.00 0.00
pedestrian 0.00 0 0.00 1730 298 1745 326 0.00 0.00 0.00 0.00 0.00 0.00 0.00
awning-tricycle 0.00 0 0.00 1685 301 1730 333 0.00 0.00 0.00 0.00 0.00 0.00 0.00
tricycle 0.00 0 0.00 1548 158 1576 169 0.00 0.00 0.00 0.00 0.00 0.00 0.00
people 0.00 0 0.00 1562 155 1570 164 0.00 0.00 0.00 0.00 0.00 0.00 0.00
pedestrian 0.00 0 0.00 1651 153 1659 166 0.00 0.00 0.00 0.00 0.00 0.00 0.00
pedestrian 0.00 0 0.00 1644 153 1651 169 0.00 0.00 0.00 0.00 0.00 0.00 0.00
awning-tricycle 0.00 0 0.00 1645 153 1667 165 0.00 0.00 0.00 0.00 0.00 0.00 0.00
