pedestrian 0.00 0 0.00 464 1373 535 1457 0.00 0.00 0.00 0.00 0.00 0.00 0.00
pedestrian 0.00 0 0.00 525 1386 622 1473 0.00 0.00 0.00 0.00 0.00 0.00 0.00
pedestrian 0.00 0 0.00 686 1337 752 1437 0.00 0.00 0.00 0.00 0.00 0.00 0.00
pedestrian 0.00 0 0.00 907 1284 971 1384 0.00 0.00 0.00 0.00 0.00 0.00 0.00
pedestrian 0.00 0 0.00 1189 1220 1253 1315 0.00 0.00 0.00 0.00 0.00 0.00 0.00
pedestrian 0.00 0 0.00 1275 1176 1341 1282 0.00 0.00 0.00 0.00 0.00 0.00 0.00
pedestrian 0.00 0 0.00 1572 1426 1648 1500 0.00 0.00 0.00 0.00 0.00 0.00 0.00
pedestrian 0.00 0 0.00 483 1286 564 1368 0.00 0.00 0.00 0.00 0.00 0.00 0.00
pedestrian 0.00 0 0.00 152 1026 233 1131 0.00 0.00 0.00 0.00 0.00 0.00 0.00
people 0.00 0 0.00 142 1039 203 1098 0.00 0.00 0.00 0.00 0.00 0.00 0.00
pedestrian 0.00 0 0.00 185 790 238 870 0.00 0.00 0.00 0.00 0.00 0.00 0.00
pedestrian 0.00 0 0.00 374 936 435 1042 0.00 0.00 0.00 0.00 0.00 0.00 0.00
pedestrian 0.00 0 0.00 450 914 514 1018 0.00 0.00 0.00 0.00 0.00 0.00 0.00
pedestrian 0.00 0 0.00 511 939 586 1039 0.00 0.00 0.00 0.00 0.00 0.00 0.00
pedestrian 0.00 0 0.00 574 928 635 1025 0.00 0.00 0.00 0.00 0.00 0.00 0.00
pedestrian 0.00 0 0.00 972 1076 1039 1171 0.00 0.00 0.00 0.00 0.00 0.00 0.00
pedestrian 0.00 0 0.00 1021 951 1058 1034 0.00 0.00 0.00 0.00 0.00 0.00 0.00
pedestrian 0.00 0 0.00 1086 745 1136 842 0.00 0.00 0.00 0.00 0.00 0.00 0.00
pedestrian 0.00 0 0.00 1155 645 1186 729 0.00 0.00 0.00 0.00 0.00 0.00 0.00
pedestrian 0.00 0 0.00 1222 673 1252 762 0.00 0.00 0.00 0.00 0.00 0.00 0.00
pedestrian 0.00 0 0.00 1199 406 1225 482 0.00 0.00 0.00 0.00 0.00 0.00 0.00
pedestrian 0.00 0 0.00 1341 414 1374 489 0.00 0.00 0.00 0.00 0.00 0.00 0.00
pedestrian 0.00 0 0.00 921 301 939 364 0.00 0.00 0.00 0.00 0.00 0.00 0.00
pedestrian 0.00 0 0.00 921 292 946 354 0.00 0.00 0.00 0.00 0.00 0.00 0.00
pedestrian 0.00 0 0.00 919 278 941 334 0.00 0.00 0.00 0.00 0.00 0.00 0.00
pedestrian 0.00 0 0.00 597 132 628 184 0.00 0.00 0.00 0.00 0.00 0.00 0.00
pedestrian 0.00 0 0.00 580 161 603 206 0.00 0.00 0.00 0.00 0.00 0.00 0.00
pedestrian 0.00 0 0.00 632 157 653 221 0.00 0.00 0.00 0.00 0.00 0.00 0.00
pedestrian 0.00 0 0.00 638 139 667 203 0.00 0.00 0.00 0.00 0.00 0.00 0.00
pedestrian 0.00 0 0.00 307 306 346 375 0.00 0.00 0.00 0.00 0.00 0.00 0.00
pedestrian 0.00 0 0.00 196 351 239 431 0.00 0.00 0.00 0.00 0.00 0.00 0.00
car 0.00 0 0.00 297 1037 707 1342 0.00 0.00 0.00 0.00 0.00 0.00 0.00
car 0.00 0 0.00 0 823 135 987 0.00 0.00 0.00 0.00 0.00 0.00 0.00
motor 0.00 0 0.00 972 731 1044 825 0.00 0.00 0.00 0.00 0.00 0.00 0.00
people 0.00 0 0.00 986 728 1030 815 0.00 0.00 0.00 0.00 0.00 0.00 0.00
people 0.00 0 0.00 421 244 451 284 0.00 0.00 0.00 0.00 0.00 0.00 0.00
car 0.00 0 0.00 581 330 777 454 0.00 0.00 0.00 0.00 0.00 0.00 0.00
motor 0.00 0 0.00 798 310 843 362 0.00 0.00 0.00 0.00 0.00 0.00 0.00
pedestrian 0.00 0 0.00 1149 507 1176 583 0.00 0.00 0.00 0.00 0.00 0.00 0.00
motor 0.00 0 0.00 1172 515 1197 594 0.00 0.00 0.00 0.00 0.00 0.00 0.00
motor 0.00 0 0.00 1277 353 1357 405 0.00 0.00 0.00 0.00 0.00 0.00 0.00
van 0.00 0 0.00 1247 259 1342 365 0.00 0.00 0.00 0.00 0.00 0.00 0.00
van 0.00 0 0.00 1066 209 1222 304 0.00 0.00 0.00 0.00 0.00 0.00 0.00
van 0.00 0 0.00 1051 276 1197 372 0.00 0.00 0.00 0.00 0.00 0.00 0.00
van 0.00 0 0.00 984 315 1157 405 0.00 0.00 0.00 0.00 0.00 0.00 0.00
van 0.00 0 0.00 769 203 912 295 0.00 0.00 0.00 0.00 0.00 0.00 0.00
van 0.00 0 0.00 769 169 909 251 0.00 0.00 0.00 0.00 0.00 0.00 0.00
van 0.00 0 0.00 852 76 941 146 0.00 0.00 0.00 0.00 0.00 0.00 0.00
van 0.00 0 0.00 678 155 788 230 0.00 0.00 0.00 0.00 0.00 0.00 0.00
pedestrian 0.00 0 0.00 986 144 1001 192 0.00 0.00 0.00 0.00 0.00 0.00 0.00
pedestrian 0.00 0 0.00 992 105 1005 153 0.00 0.00 0.00 0.00 0.00 0.00 0.00
pedestrian 0.00 0 0.00 1057 117 1084 159 0.00 0.00 0.00 0.00 0.00 0.00 0.00
pedestrian 0.00 0 0.00 1151 113 1167 159 0.00 0.00 0.00 0.00 0.00 0.00 0.00
car 0.00 0 0.00 1116 46 1245 111 0.00 0.00 0.00 0.00 0.00 0.00 0.00
car 0.00 0 0.00 979 31 1062 95 0.00 0.00 0.00 0.00 0.00 0.00 0.00
car 0.00 0 0.00 743 7 860 79 0.00 0.00 0.00 0.00 0.00 0.00 0.00
car 0.00 0 0.00 805 0 897 49 0.00 0.00 0.00 0.00 0.00 0.00 0.00
car 0.00 0 0.00 613 68 723 134 0.00 0.00 0.00 0.00 0.00 0.00 0.00
pedestrian 0.00 0 0.00 563 85 588 146 0.00 0.00 0.00 0.00 0.00 0.00 0.00
