pedestrian 0.00 0 0.00 893 1008 913 1030 0.00 0.00 0.00 0.00 0.00 0.00 0.00
bicycle 0.00 0 0.00 746 994 766 1039 0.00 0.00 0.00 0.00 0.00 0.00 0.00
people 0.00 0 0.00 750 994 767 1025 0.00 0.00 0.00 0.00 0.00 0.00 0.00
awning-tricycle 0.00 0 0.00 850 926 947 976 0.00 0.00 0.00 0.00 0.00 0.00 0.00
motor 0.00 0 0.00 974 897 996 942 0.00 0.00 0.00 0.00 0.00 0.00 0.00
car 0.00 0 0.00 829 720 874 789 0.00 0.00 0.00 0.00 0.00 0.00 0.00
car 0.00 0 0.00 820 656 863 716 0.00 0.00 0.00 0.00 0.00 0.00 0.00
car 0.00 0 0.00 802 593 843 649 0.00 0.00 0.00 0.00 0.00 0.00 0.00
car 0.00 0 0.00 785 534 825 579 0.00 0.00 0.00 0.00 0.00 0.00 0.00
car 0.00 0 0.00 874 539 927 581 0.00 0.00 0.00 0.00 0.00 0.00 0.00
car 0.00 0 0.00 803 454 828 491 0.00 0.00 0.00 0.00 0.00 0.00 0.00
car 0.00 0 0.00 835 449 865 484 0.00 0.00 0.00 0.00 0.00 0.00 0.00
car 0.00 0 0.00 866 447 898 483 0.00 0.00 0.00 0.00 0.00 0.00 0.00
pedestrian 0.00 0 0.00 706 467 715 487 0.00 0.00 0.00 0.00 0.00 0.00 0.00
pedestrian 0.00 0 0.00 688 391 697 414 0.00 0.00 0.00 0.00 0.00 0.00 0.00
pedestrian 0.00 0 0.00 726 352 733 365 0.00 0.00 0.00 0.00 0.00 0.00 0.00
pedestrian 0.00 0 0.00 724 328 732 350 0.00 0.00 0.00 0.00 0.00 0.00 0.00
car 0.00 0 0.00 760 419 788 453 0.00 0.00 0.00 0.00 0.00 0.00 0.00
motor 0.00 0 0.00 758 402 782 418 0.00 0.00 0.00 0.00 0.00 0.00 0.00
motor 0.00 0 0.00 757 387 781 403 0.00 0.00 0.00 0.00 0.00 0.00 0.00
motor 0.00 0 0.00 821 376 832 394 0.00 0.00 0.00 0.00 0.00 0.00 0.00
truck 0.00 0 0.00 411 699 464 788 0.00 0.00 0.00 0.00 0.00 0.00 0.00
motor 0.00 0 0.00 466 706 482 737 0.00 0.00 0.00 0.00 0.00 0.00 0.00
truck 0.00 0 0.00 587 644 633 737 0.00 0.00 0.00 0.00 0.00 0.00 0.00
motor 0.00 0 0.00 450 687 485 705 0.00 0.00 0.00 0.00 0.00 0.00 0.00
motor 0.00 0 0.00 434 676 466 695 0.00 0.00 0.00 0.00 0.00 0.00 0.00
motor 0.00 0 0.00 437 663 471 682 0.00 0.00 0.00 0.00 0.00 0.00 0.00
motor 0.00 0 0.00 441 651 472 669 0.00 0.00 0.00 0.00 0.00 0.00 0.00
pedestrian 0.00 0 0.00 476 666 488 691 0.00 0.00 0.00 0.00 0.00 0.00 0.00
truck 0.00 0 0.00 483 604 526 670 0.00 0.00 0.00 0.00 0.00 0.00 0.00
motor 0.00 0 0.00 442 611 482 629 0.00 0.00 0.00 0.00 0.00 0.00 0.00
motor 0.00 0 0.00 446 589 481 606 0.00 0.00 0.00 0.00 0.00 0.00 0.00
motor 0.00 0 0.00 450 579 487 597 0.00 0.00 0.00 0.00 0.00 0.00 0.00
motor 0.00 0 0.00 454 566 489 582 0.00 0.00 0.00 0.00 0.00 0.00 0.00
bicycle 0.00 0 0.00 465 556 495 571 0.00 0.00 0.00 0.00 0.00 0.00 0.00
pedestrian 0.00 0 0.00 574 509 583 530 0.00 0.00 0.00 0.00 0.00 0.00 0.00
motor 0.00 0 0.00 548 476 560 498 0.00 0.00 0.00 0.00 0.00 0.00 0.00
people 0.00 0 0.00 547 477 559 491 0.00 0.00 0.00 0.00 0.00 0.00 0.00
van 0.00 0 0.00 468 493 497 544 0.00 0.00 0.00 0.00 0.00 0.00 0.00
motor 0.00 0 0.00 415 488 426 513 0.00 0.00 0.00 0.00 0.00 0.00 0.00
motor 0.00 0 0.00 449 489 460 512 0.00 0.00 0.00 0.00 0.00 0.00 0.00
van 0.00 0 0.00 481 456 510 500 0.00 0.00 0.00 0.00 0.00 0.00 0.00
car 0.00 0 0.00 513 438 542 483 0.00 0.00 0.00 0.00 0.00 0.00 0.00
motor 0.00 0 0.00 492 431 520 443 0.00 0.00 0.00 0.00 0.00 0.00 0.00
pedestrian 0.00 0 0.00 453 435 464 454 0.00 0.00 0.00 0.00 0.00 0.00 0.00
van 0.00 0 0.00 606 392 631 434 0.00 0.00 0.00 0.00 0.00 0.00 0.00
van 0.00 0 0.00 501 400 553 437 0.00 0.00 0.00 0.00 0.00 0.00 0.00
motor 0.00 0 0.00 483 394 495 418 0.00 0.00 0.00 0.00 0.00 0.00 0.00
motor 0.00 0 0.00 472 383 498 406 0.00 0.00 0.00 0.00 0.00 0.00 0.00
car 0.00 0 0.00 539 370 563 405 0.00 0.00 0.00 0.00 0.00 0.00 0.00
car 0.00 0 0.00 504 361 531 395 0.00 0.00 0.00 0.00 0.00 0.00 0.00
car 0.00 0 0.00 534 346 559 376 0.00 0.00 0.00 0.00 0.00 0.00 0.00
motor 0.00 0 0.00 678 325 686 341 0.00 0.00 0.00 0.00 0.00 0.00 0.00
people 0.00 0 0.00 678 323 686 334 0.00 0.00 0.00 0.00 0.00 0.00 0.00
motor 0.00 0 0.00 653 297 661 314 0.00 0.00 0.00 0.00 0.00 0.00 0.00
motor 0.00 0 0.00 665 279 671 293 0.00 0.00 0.00 0.00 0.00 0.00 0.00
motor 0.00 0 0.00 611 246 618 257 0.00 0.00 0.00 0.00 0.00 0.00 0.00
people 0.00 0 0.00 654 296 661 308 0.00 0.00 0.00 0.00 0.00 0.00 0.00
people 0.00 0 0.00 664 277 672 288 0.00 0.00 0.00 0.00 0.00 0.00 0.00
people 0.00 0 0.00 611 242 618 253 0.00 0.00 0.00 0.00 0.00 0.00 0.00
pedestrian 0.00 0 0.00 563 284 571 300 0.00 0.00 0.00 0.00 0.00 0.00 0.00
car 0.00 0 0.00 596 276 616 303 0.00 0.00 0.00 0.00 0.00 0.00 0.00
pedestrian 0.00 0 0.00 730 298 736 316 0.00 0.00 0.00 0.00 0.00 0.00 0.00
car 0.00 0 0.00 737 299 757 327 0.00 0.00 0.00 0.00 0.00 0.00 0.00
van 0.00 0 0.00 732 282 752 305 0.00 0.00 0.00 0.00 0.00 0.00 0.00
car 0.00 0 0.00 559 248 578 272 0.00 0.00 0.00 0.00 0.00 0.00 0.00
motor 0.00 0 0.00 575 243 584 254 0.00 0.00 0.00 0.00 0.00 0.00 0.00
people 0.00 0 0.00 576 240 582 250 0.00 0.00 0.00 0.00 0.00 0.00 0.00
car 0.00 0 0.00 556 217 574 239 0.00 0.00 0.00 0.00 0.00 0.00 0.00
car 0.00 0 0.00 573 200 589 218 0.00 0.00 0.00 0.00 0.00 0.00 0.00
car 0.00 0 0.00 724 240 740 260 0.00 0.00 0.00 0.00 0.00 0.00 0.00
car 0.00 0 0.00 718 225 735 241 0.00 0.00 0.00 0.00 0.00 0.00 0.00
car 0.00 0 0.00 718 209 735 225 0.00 0.00 0.00 0.00 0.00 0.00 0.00
car 0.00 0 0.00 714 197 732 214 0.00 0.00 0.00 0.00 0.00 0.00 0.00
car 0.00 0 0.00 723 184 755 203 0.00 0.00 0.00 0.00 0.00 0.00 0.00
pedestrian 0.00 0 0.00 692 207 704 221 0.00 0.00 0.00 0.00 0.00 0.00 0.00
pedestrian 0.00 0 0.00 675 202 682 217 0.00 0.00 0.00 0.00 0.00 0.00 0.00
pedestrian 0.00 0 0.00 700 202 707 217 0.00 0.00 0.00 0.00 0.00 0.00 0.00
motor 0.00 0 0.00 595 207 604 221 0.00 0.00 0.00 0.00 0.00 0.00 0.00
people 0.00 0 0.00 595 206 603 216 0.00 0.00 0.00 0.00 0.00 0.00 0.00
car 0.00 0 0.00 551 172 565 194 0.00 0.00 0.00 0.00 0.00 0.00 0.00
car 0.00 0 0.00 563 159 579 178 0.00 0.00 0.00 0.00 0.00 0.00 0.00
car 0.00 0 0.00 553 148 570 167 0.00 0.00 0.00 0.00 0.00 0.00 0.00
car 0.00 0 0.00 558 137 573 155 0.00 0.00 0.00 0.00 0.00 0.00 0.00
car 0.00 0 0.00 704 161 719 176 0.00 0.00 0.00 0.00 0.00 0.00 0.00
pedestrian 0.00 0 0.00 688 162 696 175 0.00 0.00 0.00 0.00 0.00 0.00 0.00
pedestrian 0.00 0 0.00 678 157 685 171 0.00 0.00 0.00 0.00 0.00 0.00 0.00
pedestrian 0.00 0 0.00 655 156 661 170 0.00 0.00 0.00 0.00 0.00 0.00 0.00
pedestrian 0.00 0 0.00 645 150 652 164 0.00 0.00 0.00 0.00 0.00 0.00 0.00
car 0.00 0 0.00 688 152 702 169 0.00 0.00 0.00 0.00 0.00 0.00 0.00
car 0.00 0 0.00 680 138 696 154 0.00 0.00 0.00 0.00 0.00 0.00 0.00
car 0.00 0 0.00 698 129 712 143 0.00 0.00 0.00 0.00 0.00 0.00 0.00
car 0.00 0 0.00 644 128 658 142 0.00 0.00 0.00 0.00 0.00 0.00 0.00
car 0.00 0 0.00 602 112 613 129 0.00 0.00 0.00 0.00 0.00 0.00 0.00
car 0.00 0 0.00 608 96 622 111 0.00 0.00 0.00 0.00 0.00 0.00 0.00
pedestrian 0.00 0 0.00 629 108 636 119 0.00 0.00 0.00 0.00 0.00 0.00 0.00
motor 0.00 0 0.00 669 134 676 141 0.00 0.00 0.00 0.00 0.00 0.00 0.00
people 0.00 0 0.00 670 131 676 138 0.00 0.00 0.00 0.00 0.00 0.00 0.00
car 0.00 0 0.00 562 114 575 132 0.00 0.00 0.00 0.00 0.00 0.00 0.00
car 0.00 0 0.00 583 100 596 114 0.00 0.00 0.00 0.00 0.00 0.00 0.00
car 0.00 0 0.00 567 97 580 113 0.00 0.00 0.00 0.00 0.00 0.00 0.00
car 0.00 0 0.00 569 83 583 98 0.00 0.00 0.00 0.00 0.00 0.00 0.00
car 0.00 0 0.00 688 88 702 100 0.00 0.00 0.00 0.00 0.00 0.00 0.00
car 0.00 0 0.00 693 96 707 111 0.00 0.00 0.00 0.00 0.00 0.00 0.00
