car 0.00 0 0.00 195 264 222 277 0.00 0.00 0.00 0.00 0.00 0.00 0.00
pedestrian 0.00 0 0.00 232 282 282 299 0.00 0.00 0.00 0.00 0.00 0.00 0.00
car 0.00 0 0.00 274 312 333 334 0.00 0.00 0.00 0.00 0.00 0.00 0.00
car 0.00 0 0.00 271 310 320 324 0.00 0.00 0.00 0.00 0.00 0.00 0.00
car 0.00 0 0.00 262 306 309 324 0.00 0.00 0.00 0.00 0.00 0.00 0.00
car 0.00 0 0.00 257 300 297 320 0.00 0.00 0.00 0.00 0.00 0.00 0.00
car 0.00 0 0.00 317 298 366 317 0.00 0.00 0.00 0.00 0.00 0.00 0.00
car 0.00 0 0.00 305 297 347 313 0.00 0.00 0.00 0.00 0.00 0.00 0.00
car 0.00 0 0.00 284 284 323 300 0.00 0.00 0.00 0.00 0.00 0.00 0.00
car 0.00 0 0.00 259 270 298 284 0.00 0.00 0.00 0.00 0.00 0.00 0.00
car 0.00 0 0.00 217 258 249 268 0.00 0.00 0.00 0.00 0.00 0.00 0.00
car 0.00 0 0.00 213 234 243 243 0.00 0.00 0.00 0.00 0.00 0.00 0.00
car 0.00 0 0.00 341 258 368 272 0.00 0.00 0.00 0.00 0.00 0.00 0.00
car 0.00 0 0.00 342 253 367 266 0.00 0.00 0.00 0.00 0.00 0.00 0.00
car 0.00 0 0.00 362 267 395 283 0.00 0.00 0.00 0.00 0.00 0.00 0.00
car 0.00 0 0.00 383 273 421 288 0.00 0.00 0.00 0.00 0.00 0.00 0.00
car 0.00 0 0.00 398 279 435 296 0.00 0.00 0.00 0.00 0.00 0.00 0.00
bus 0.00 0 0.00 443 295 517 329 0.00 0.00 0.00 0.00 0.00 0.00 0.00
car 0.00 0 0.00 546 290 570 307 0.00 0.00 0.00 0.00 0.00 0.00 0.00
car 0.00 0 0.00 583 303 610 325 0.00 0.00 0.00 0.00 0.00 0.00 0.00
car 0.00 0 0.00 634 317 664 341 0.00 0.00 0.00 0.00 0.00 0.00 0.00
car 0.00 0 0.00 677 318 704 340 0.00 0.00 0.00 0.00 0.00 0.00 0.00
awning-tricycle 0.00 0 0.00 721 337 749 362 0.00 0.00 0.00 0.00 0.00 0.00 0.00
pedestrian 0.00 0 0.00 710 365 718 387 0.00 0.00 0.00 0.00 0.00 0.00 0.00
pedestrian 0.00 0 0.00 720 364 729 386 0.00 0.00 0.00 0.00 0.00 0.00 0.00
car 0.00 0 0.00 4 1012 94 1050 0.00 0.00 0.00 0.00 0.00 0.00 0.00
car 0.00 0 0.00 72 845 291 986 0.00 0.00 0.00 0.00 0.00 0.00 0.00
pedestrian 0.00 0 0.00 0 872 31 936 0.00 0.00 0.00 0.00 0.00 0.00 0.00
pedestrian 0.00 0 0.00 25 872 71 936 0.00 0.00 0.00 0.00 0.00 0.00 0.00
car 0.00 0 0.00 354 769 518 879 0.00 0.00 0.00 0.00 0.00 0.00 0.00
van 0.00 0 0.00 568 685 698 785 0.00 0.00 0.00 0.00 0.00 0.00 0.00
van 0.00 0 0.00 707 658 788 765 0.00 0.00 0.00 0.00 0.00 0.00 0.00
car 0.00 0 0.00 834 595 931 666 0.00 0.00 0.00 0.00 0.00 0.00 0.00
pedestrian 0.00 0 0.00 902 510 915 544 0.00 0.00 0.00 0.00 0.00 0.00 0.00
pedestrian 0.00 0 0.00 914 517 927 554 0.00 0.00 0.00 0.00 0.00 0.00 0.00
pedestrian 0.00 0 0.00 858 415 869 441 0.00 0.00 0.00 0.00 0.00 0.00 0.00
car 0.00 0 0.00 0 465 92 502 0.00 0.00 0.00 0.00 0.00 0.00 0.00
van 0.00 0 0.00 62 444 126 477 0.00 0.00 0.00 0.00 0.00 0.00 0.00
van 0.00 0 0.00 116 430 173 452 0.00 0.00 0.00 0.00 0.00 0.00 0.00
car 0.00 0 0.00 195 386 262 413 0.00 0.00 0.00 0.00 0.00 0.00 0.00
car 0.00 0 0.00 244 373 302 396 0.00 0.00 0.00 0.00 0.00 0.00 0.00
car 0.00 0 0.00 181 337 211 361 0.00 0.00 0.00 0.00 0.00 0.00 0.00
pedestrian 0.00 0 0.00 334 772 346 802 0.00 0.00 0.00 0.00 0.00 0.00 0.00
car 0.00 0 0.00 1042 455 1124 507 0.00 0.00 0.00 0.00 0.00 0.00 0.00
motor 0.00 0 0.00 916 440 942 472 0.00 0.00 0.00 0.00 0.00 0.00 0.00
car 0.00 0 0.00 942 409 1012 452 0.00 0.00 0.00 0.00 0.00 0.00 0.00
car 0.00 0 0.00 791 356 872 402 0.00 0.00 0.00 0.00 0.00 0.00 0.00
people 0.00 0 0.00 921 440 932 466 0.00 0.00 0.00 0.00 0.00 0.00 0.00
motor 0.00 0 0.00 928 442 949 468 0.00 0.00 0.00 0.00 0.00 0.00 0.00
people 0.00 0 0.00 930 437 944 465 0.00 0.00 0.00 0.00 0.00 0.00 0.00
