car 0.00 0 0.00 808 39 910 101 0.00 0.00 0.00 0.00 0.00 0.00 0.00
car 0.00 0 0.00 904 221 1019 334 0.00 0.00 0.00 0.00 0.00 0.00 0.00
van 0.00 0 0.00 683 91 808 191 0.00 0.00 0.00 0.00 0.00 0.00 0.00
van 0.00 0 0.00 527 183 678 295 0.00 0.00 0.00 0.00 0.00 0.00 0.00
van 0.00 0 0.00 378 279 529 397 0.00 0.00 0.00 0.00 0.00 0.00 0.00
van 0.00 0 0.00 596 442 747 579 0.00 0.00 0.00 0.00 0.00 0.00 0.00
car 0.00 0 0.00 776 467 926 603 0.00 0.00 0.00 0.00 0.00 0.00 0.00
car 0.00 0 0.00 0 886 230 1050 0.00 0.00 0.00 0.00 0.00 0.00 0.00
car 0.00 0 0.00 178 391 375 534 0.00 0.00 0.00 0.00 0.00 0.00 0.00
car 0.00 0 0.00 2 528 168 694 0.00 0.00 0.00 0.00 0.00 0.00 0.00
car 0.00 0 0.00 939 597 1184 850 0.00 0.00 0.00 0.00 0.00 0.00 0.00
