car 0.00 0 0.00 1331 851 1400 1032 0.00 0.00 0.00 0.00 0.00 0.00 0.00
car 0.00 0 0.00 533 806 636 980 0.00 0.00 0.00 0.00 0.00 0.00 0.00
car 0.00 0 0.00 593 542 678 666 0.00 0.00 0.00 0.00 0.00 0.00 0.00
car 0.00 0 0.00 790 585 864 722 0.00 0.00 0.00 0.00 0.00 0.00 0.00
car 0.00 0 0.00 1023 582 1115 717 0.00 0.00 0.00 0.00 0.00 0.00 0.00
car 0.00 0 0.00 700 457 778 567 0.00 0.00 0.00 0.00 0.00 0.00 0.00
car 0.00 0 0.00 886 447 960 551 0.00 0.00 0.00 0.00 0.00 0.00 0.00
car 0.00 0 0.00 983 399 1047 488 0.00 0.00 0.00 0.00 0.00 0.00 0.00
car 0.00 0 0.00 661 377 730 455 0.00 0.00 0.00 0.00 0.00 0.00 0.00
truck 0.00 0 0.00 709 216 772 316 0.00 0.00 0.00 0.00 0.00 0.00 0.00
car 0.00 0 0.00 738 170 784 223 0.00 0.00 0.00 0.00 0.00 0.00 0.00
car 0.00 0 0.00 756 136 797 173 0.00 0.00 0.00 0.00 0.00 0.00 0.00
car 0.00 0 0.00 768 84 806 129 0.00 0.00 0.00 0.00 0.00 0.00 0.00
car 0.00 0 0.00 782 58 814 96 0.00 0.00 0.00 0.00 0.00 0.00 0.00
car 0.00 0 0.00 790 33 829 64 0.00 0.00 0.00 0.00 0.00 0.00 0.00
car 0.00 0 0.00 790 2 830 34 0.00 0.00 0.00 0.00 0.00 0.00 0.00
car 0.00 0 0.00 935 1 1001 27 0.00 0.00 0.00 0.00 0.00 0.00 0.00
car 0.00 0 0.00 938 14 996 44 0.00 0.00 0.00 0.00 0.00 0.00 0.00
car 0.00 0 0.00 933 33 1001 59 0.00 0.00 0.00 0.00 0.00 0.00 0.00
car 0.00 0 0.00 945 41 1007 70 0.00 0.00 0.00 0.00 0.00 0.00 0.00
car 0.00 0 0.00 955 65 1005 92 0.00 0.00 0.00 0.00 0.00 0.00 0.00
car 0.00 0 0.00 953 85 1008 113 0.00 0.00 0.00 0.00 0.00 0.00 0.00
car 0.00 0 0.00 953 107 1005 144 0.00 0.00 0.00 0.00 0.00 0.00 0.00
car 0.00 0 0.00 953 181 1030 226 0.00 0.00 0.00 0.00 0.00 0.00 0.00
van 0.00 0 0.00 985 226 1028 288 0.00 0.00 0.00 0.00 0.00 0.00 0.00
car 0.00 0 0.00 981 294 1039 354 0.00 0.00 0.00 0.00 0.00 0.00 0.00
truck 0.00 0 0.00 979 109 1037 188 0.00 0.00 0.00 0.00 0.00 0.00 0.00
