car 0.00 0 0.00 37 233 107 340 0.00 0.00 0.00 0.00 0.00 0.00 0.00
car 0.00 0 0.00 94 421 241 553 0.00 0.00 0.00 0.00 0.00 0.00 0.00
car 0.00 0 0.00 210 556 365 701 0.00 0.00 0.00 0.00 0.00 0.00 0.00
car 0.00 0 0.00 348 680 533 862 0.00 0.00 0.00 0.00 0.00 0.00 0.00
car 0.00 0 0.00 499 677 671 825 0.00 0.00 0.00 0.00 0.00 0.00 0.00
car 0.00 0 0.00 636 625 798 806 0.00 0.00 0.00 0.00 0.00 0.00 0.00
car 0.00 0 0.00 731 559 937 697 0.00 0.00 0.00 0.00 0.00 0.00 0.00
car 0.00 0 0.00 825 495 1006 605 0.00 0.00 0.00 0.00 0.00 0.00 0.00
car 0.00 0 0.00 965 349 1133 473 0.00 0.00 0.00 0.00 0.00 0.00 0.00
car 0.00 0 0.00 1033 292 1177 411 0.00 0.00 0.00 0.00 0.00 0.00 0.00
car 0.00 0 0.00 1085 246 1235 372 0.00 0.00 0.00 0.00 0.00 0.00 0.00
car 0.00 0 0.00 1139 223 1276 323 0.00 0.00 0.00 0.00 0.00 0.00 0.00
car 0.00 0 0.00 1179 188 1349 299 0.00 0.00 0.00 0.00 0.00 0.00 0.00
car 0.00 0 0.00 1254 149 1400 230 0.00 0.00 0.00 0.00 0.00 0.00 0.00
car 0.00 0 0.00 1308 100 1400 163 0.00 0.00 0.00 0.00 0.00 0.00 0.00
car 0.00 0 0.00 1279 690 1398 896 0.00 0.00 0.00 0.00 0.00 0.00 0.00
car 0.00 0 0.00 1149 880 1332 1050 0.00 0.00 0.00 0.00 0.00 0.00 0.00
car 0.00 0 0.00 41 753 217 943 0.00 0.00 0.00 0.00 0.00 0.00 0.00
