truck 0.00 0 0.00 882 535 1052 760 0.00 0.00 0.00 0.00 0.00 0.00 0.00
car 0.00 0 0.00 393 723 504 910 0.00 0.00 0.00 0.00 0.00 0.00 0.00
car 0.00 0 0.00 436 560 534 691 0.00 0.00 0.00 0.00 0.00 0.00 0.00
car 0.00 0 0.00 472 437 553 560 0.00 0.00 0.00 0.00 0.00 0.00 0.00
car 0.00 0 0.00 802 312 861 374 0.00 0.00 0.00 0.00 0.00 0.00 0.00
car 0.00 0 0.00 738 175 786 226 0.00 0.00 0.00 0.00 0.00 0.00 0.00
car 0.00 0 0.00 699 117 739 153 0.00 0.00 0.00 0.00 0.00 0.00 0.00
car 0.00 0 0.00 659 66 692 95 0.00 0.00 0.00 0.00 0.00 0.00 0.00
van 0.00 0 0.00 522 247 573 316 0.00 0.00 0.00 0.00 0.00 0.00 0.00
car 0.00 0 0.00 533 171 576 217 0.00 0.00 0.00 0.00 0.00 0.00 0.00
car 0.00 0 0.00 537 147 563 184 0.00 0.00 0.00 0.00 0.00 0.00 0.00
car 0.00 0 0.00 513 135 554 165 0.00 0.00 0.00 0.00 0.00 0.00 0.00
car 0.00 0 0.00 424 89 480 114 0.00 0.00 0.00 0.00 0.00 0.00 0.00
car 0.00 0 0.00 475 40 497 66 0.00 0.00 0.00 0.00 0.00 0.00 0.00
car 0.00 0 0.00 514 46 540 70 0.00 0.00 0.00 0.00 0.00 0.00 0.00
car 0.00 0 0.00 510 36 534 51 0.00 0.00 0.00 0.00 0.00 0.00 0.00
car 0.00 0 0.00 506 27 525 43 0.00 0.00 0.00 0.00 0.00 0.00 0.00
car 0.00 0 0.00 502 16 521 33 0.00 0.00 0.00 0.00 0.00 0.00 0.00
van 0.00 0 0.00 651 49 677 80 0.00 0.00 0.00 0.00 0.00 0.00 0.00
car 0.00 0 0.00 634 42 660 68 0.00 0.00 0.00 0.00 0.00 0.00 0.00
