pedestrian 0.00 0 0.00 779 861 790 881 0.00 0.00 0.00 0.00 0.00 0.00 0.00
car 0.00 0 0.00 778 445 856 488 0.00 0.00 0.00 0.00 0.00 0.00 0.00
car 0.00 0 0.00 770 415 847 458 0.00 0.00 0.00 0.00 0.00 0.00 0.00
car 0.00 0 0.00 746 161 806 192 0.00 0.00 0.00 0.00 0.00 0.00 0.00
car 0.00 0 0.00 751 75 802 106 0.00 0.00 0.00 0.00 0.00 0.00 0.00
people 0.00 0 0.00 704 36 714 51 0.00 0.00 0.00 0.00 0.00 0.00 0.00
motor 0.00 0 0.00 705 45 715 59 0.00 0.00 0.00 0.00 0.00 0.00 0.00
car 0.00 0 0.00 607 36 657 61 0.00 0.00 0.00 0.00 0.00 0.00 0.00
pedestrian 0.00 0 0.00 585 6 594 24 0.00 0.00 0.00 0.00 0.00 0.00 0.00
people 0.00 0 0.00 578 13 583 20 0.00 0.00 0.00 0.00 0.00 0.00 0.00
pedestrian 0.00 0 0.00 542 176 553 198 0.00 0.00 0.00 0.00 0.00 0.00 0.00
pedestrian 0.00 0 0.00 550 173 561 194 0.00 0.00 0.00 0.00 0.00 0.00 0.00
truck 0.00 0 0.00 419 0 535 23 0.00 0.00 0.00 0.00 0.00 0.00 0.00
awning-tricycle 0.00 0 0.00 1403 40 1449 67 0.00 0.00 0.00 0.00 0.00 0.00 0.00
awning-tricycle 0.00 0 0.00 1452 16 1487 41 0.00 0.00 0.00 0.00 0.00 0.00 0.00
car 0.00 0 0.00 1458 10 1511 36 0.00 0.00 0.00 0.00 0.00 0.00 0.00
car 0.00 0 0.00 1458 0 1508 8 0.00 0.00 0.00 0.00 0.00 0.00 0.00
