car 0.00 0 0.00 227 686 289 753 0.00 0.00 0.00 0.00 0.00 0.00 0.00
car 0.00 0 0.00 645 657 693 741 0.00 0.00 0.00 0.00 0.00 0.00 0.00
car 0.00 0 0.00 836 631 896 721 0.00 0.00 0.00 0.00 0.00 0.00 0.00
car 0.00 0 0.00 745 321 773 356 0.00 0.00 0.00 0.00 0.00 0.00 0.00
car 0.00 0 0.00 574 456 621 498 0.00 0.00 0.00 0.00 0.00 0.00 0.00
car 0.00 0 0.00 792 457 834 523 0.00 0.00 0.00 0.00 0.00 0.00 0.00
car 0.00 0 0.00 781 357 811 398 0.00 0.00 0.00 0.00 0.00 0.00 0.00
car 0.00 0 0.00 668 329 696 374 0.00 0.00 0.00 0.00 0.00 0.00 0.00
car 0.00 0 0.00 700 259 721 288 0.00 0.00 0.00 0.00 0.00 0.00 0.00
car 0.00 0 0.00 155 309 184 327 0.00 0.00 0.00 0.00 0.00 0.00 0.00
car 0.00 0 0.00 179 316 208 337 0.00 0.00 0.00 0.00 0.00 0.00 0.00
car 0.00 0 0.00 747 193 768 211 0.00 0.00 0.00 0.00 0.00 0.00 0.00
car 0.00 0 0.00 798 186 817 208 0.00 0.00 0.00 0.00 0.00 0.00 0.00
car 0.00 0 0.00 852 145 867 158 0.00 0.00 0.00 0.00 0.00 0.00 0.00
car 0.00 0 0.00 1075 257 1104 274 0.00 0.00 0.00 0.00 0.00 0.00 0.00
car 0.00 0 0.00 1006 268 1036 286 0.00 0.00 0.00 0.00 0.00 0.00 0.00
car 0.00 0 0.00 1113 249 1140 267 0.00 0.00 0.00 0.00 0.00 0.00 0.00
car 0.00 0 0.00 1152 248 1183 263 0.00 0.00 0.00 0.00 0.00 0.00 0.00
car 0.00 0 0.00 787 161 806 176 0.00 0.00 0.00 0.00 0.00 0.00 0.00
car 0.00 0 0.00 787 147 810 162 0.00 0.00 0.00 0.00 0.00 0.00 0.00
car 0.00 0 0.00 884 108 899 119 0.00 0.00 0.00 0.00 0.00 0.00 0.00
car 0.00 0 0.00 899 109 915 122 0.00 0.00 0.00 0.00 0.00 0.00 0.00
car 0.00 0 0.00 962 93 977 104 0.00 0.00 0.00 0.00 0.00 0.00 0.00
car 0.00 0 0.00 1133 64 1144 71 0.00 0.00 0.00 0.00 0.00 0.00 0.00
car 0.00 0 0.00 1206 56 1220 64 0.00 0.00 0.00 0.00 0.00 0.00 0.00
car 0.00 0 0.00 1129 69 1141 76 0.00 0.00 0.00 0.00 0.00 0.00 0.00
car 0.00 0 0.00 1073 79 1086 88 0.00 0.00 0.00 0.00 0.00 0.00 0.00
car 0.00 0 0.00 1234 50 1243 57 0.00 0.00 0.00 0.00 0.00 0.00 0.00
car 0.00 0 0.00 1247 46 1255 54 0.00 0.00 0.00 0.00 0.00 0.00 0.00
car 0.00 0 0.00 1279 46 1285 50 0.00 0.00 0.00 0.00 0.00 0.00 0.00
car 0.00 0 0.00 549 736 605 787 0.00 0.00 0.00 0.00 0.00 0.00 0.00
bus 0.00 0 0.00 634 247 680 325 0.00 0.00 0.00 0.00 0.00 0.00 0.00
bus 0.00 0 0.00 1031 85 1066 110 0.00 0.00 0.00 0.00 0.00 0.00 0.00
bus 0.00 0 0.00 969 91 1000 116 0.00 0.00 0.00 0.00 0.00 0.00 0.00
truck 0.00 0 0.00 827 182 853 215 0.00 0.00 0.00 0.00 0.00 0.00 0.00
truck 0.00 0 0.00 700 194 731 227 0.00 0.00 0.00 0.00 0.00 0.00 0.00
truck 0.00 0 0.00 916 116 945 138 0.00 0.00 0.00 0.00 0.00 0.00 0.00
truck 0.00 0 0.00 1177 53 1196 71 0.00 0.00 0.00 0.00 0.00 0.00 0.00
truck 0.00 0 0.00 1214 98 1230 115 0.00 0.00 0.00 0.00 0.00 0.00 0.00
van 0.00 0 0.00 869 148 889 166 0.00 0.00 0.00 0.00 0.00 0.00 0.00
bus 0.00 0 0.00 1054 285 1094 315 0.00 0.00 0.00 0.00 0.00 0.00 0.00
