bus 0.00 0 0.00 716 462 804 688 0.00 0.00 0.00 0.00 0.00 0.00 0.00
bus 0.00 0 0.00 681 307 749 454 0.00 0.00 0.00 0.00 0.00 0.00 0.00
bus 0.00 0 0.00 654 142 719 298 0.00 0.00 0.00 0.00 0.00 0.00 0.00
bus 0.00 0 0.00 749 96 815 234 0.00 0.00 0.00 0.00 0.00 0.00 0.00
bus 0.00 0 0.00 827 25 988 98 0.00 0.00 0.00 0.00 0.00 0.00 0.00
bus 0.00 0 0.00 992 8 1143 73 0.00 0.00 0.00 0.00 0.00 0.00 0.00
bus 0.00 0 0.00 625 0 673 81 0.00 0.00 0.00 0.00 0.00 0.00 0.00
car 0.00 0 0.00 326 470 368 539 0.00 0.00 0.00 0.00 0.00 0.00 0.00
car 0.00 0 0.00 489 555 580 598 0.00 0.00 0.00 0.00 0.00 0.00 0.00
car 0.00 0 0.00 1148 718 1216 787 0.00 0.00 0.00 0.00 0.00 0.00 0.00
car 0.00 0 0.00 1155 23 1216 61 0.00 0.00 0.00 0.00 0.00 0.00 0.00
truck 0.00 0 0.00 1231 0 1343 54 0.00 0.00 0.00 0.00 0.00 0.00 0.00
van 0.00 0 0.00 1155 98 1232 143 0.00 0.00 0.00 0.00 0.00 0.00 0.00
van 0.00 0 0.00 1174 220 1264 271 0.00 0.00 0.00 0.00 0.00 0.00 0.00
van 0.00 0 0.00 963 253 1021 326 0.00 0.00 0.00 0.00 0.00 0.00 0.00
van 0.00 0 0.00 931 280 986 354 0.00 0.00 0.00 0.00 0.00 0.00 0.00
van 0.00 0 0.00 894 308 955 383 0.00 0.00 0.00 0.00 0.00 0.00 0.00
van 0.00 0 0.00 864 360 924 439 0.00 0.00 0.00 0.00 0.00 0.00 0.00
pedestrian 0.00 0 0.00 684 51 695 72 0.00 0.00 0.00 0.00 0.00 0.00 0.00
pedestrian 0.00 0 0.00 682 41 694 63 0.00 0.00 0.00 0.00 0.00 0.00 0.00
car 0.00 0 0.00 883 234 945 266 0.00 0.00 0.00 0.00 0.00 0.00 0.00
motor 0.00 0 0.00 1354 166 1378 194 0.00 0.00 0.00 0.00 0.00 0.00 0.00
people 0.00 0 0.00 1357 161 1377 187 0.00 0.00 0.00 0.00 0.00 0.00 0.00
