car 0.00 0 0.00 418 699 470 754 0.00 0.00 0.00 0.00 0.00 0.00 0.00
car 0.00 0 0.00 535 639 558 677 0.00 0.00 0.00 0.00 0.00 0.00 0.00
car 0.00 0 0.00 540 547 562 577 0.00 0.00 0.00 0.00 0.00 0.00 0.00
truck 0.00 0 0.00 507 675 548 762 0.00 0.00 0.00 0.00 0.00 0.00 0.00
truck 0.00 0 0.00 537 570 564 633 0.00 0.00 0.00 0.00 0.00 0.00 0.00
tricycle 0.00 0 0.00 458 784 479 827 0.00 0.00 0.00 0.00 0.00 0.00 0.00
bicycle 0.00 0 0.00 477 758 492 788 0.00 0.00 0.00 0.00 0.00 0.00 0.00
people 0.00 0 0.00 477 760 489 776 0.00 0.00 0.00 0.00 0.00 0.00 0.00
motor 0.00 0 0.00 808 744 823 765 0.00 0.00 0.00 0.00 0.00 0.00 0.00
people 0.00 0 0.00 810 741 823 760 0.00 0.00 0.00 0.00 0.00 0.00 0.00
car 0.00 0 0.00 733 592 771 624 0.00 0.00 0.00 0.00 0.00 0.00 0.00
truck 0.00 0 0.00 572 327 593 381 0.00 0.00 0.00 0.00 0.00 0.00 0.00
car 0.00 0 0.00 591 215 600 223 0.00 0.00 0.00 0.00 0.00 0.00 0.00
car 0.00 0 0.00 603 202 611 210 0.00 0.00 0.00 0.00 0.00 0.00 0.00
car 0.00 0 0.00 445 428 466 441 0.00 0.00 0.00 0.00 0.00 0.00 0.00
