car 0.00 0 0.00 91 446 292 639 0.00 0.00 0.00 0.00 0.00 0.00 0.00
van 0.00 0 0.00 180 541 406 739 0.00 0.00 0.00 0.00 0.00 0.00 0.00
car 0.00 0 0.00 444 494 569 625 0.00 0.00 0.00 0.00 0.00 0.00 0.00
car 0.00 0 0.00 534 496 705 725 0.00 0.00 0.00 0.00 0.00 0.00 0.00
car 0.00 0 0.00 679 496 841 725 0.00 0.00 0.00 0.00 0.00 0.00 0.00
van 0.00 0 0.00 521 308 666 463 0.00 0.00 0.00 0.00 0.00 0.00 0.00
car 0.00 0 0.00 375 315 530 460 0.00 0.00 0.00 0.00 0.00 0.00 0.00
car 0.00 0 0.00 842 540 990 770 0.00 0.00 0.00 0.00 0.00 0.00 0.00
car 0.00 0 0.00 1020 557 1160 812 0.00 0.00 0.00 0.00 0.00 0.00 0.00
van 0.00 0 0.00 1181 525 1333 750 0.00 0.00 0.00 0.00 0.00 0.00 0.00
van 0.00 0 0.00 1047 345 1161 520 0.00 0.00 0.00 0.00 0.00 0.00 0.00
truck 0.00 0 0.00 1432 479 1621 735 0.00 0.00 0.00 0.00 0.00 0.00 0.00
van 0.00 0 0.00 1421 318 1548 476 0.00 0.00 0.00 0.00 0.00 0.00 0.00
van 0.00 0 0.00 1709 503 1915 705 0.00 0.00 0.00 0.00 0.00 0.00 0.00
van 0.00 0 0.00 1632 302 1793 463 0.00 0.00 0.00 0.00 0.00 0.00 0.00
awning-tricycle 0.00 0 0.00 1814 272 1915 446 0.00 0.00 0.00 0.00 0.00 0.00 0.00
