car 0.00 0 0.00 839 341 910 382 0.00 0.00 0.00 0.00 0.00 0.00 0.00
car 0.00 0 0.00 896 261 962 296 0.00 0.00 0.00 0.00 0.00 0.00 0.00
van 0.00 0 0.00 880 298 956 342 0.00 0.00 0.00 0.00 0.00 0.00 0.00
van 0.00 0 0.00 779 284 854 325 0.00 0.00 0.00 0.00 0.00 0.00 0.00
car 0.00 0 0.00 688 301 747 338 0.00 0.00 0.00 0.00 0.00 0.00 0.00
van 0.00 0 0.00 576 321 653 368 0.00 0.00 0.00 0.00 0.00 0.00 0.00
bus 0.00 0 0.00 386 317 569 461 0.00 0.00 0.00 0.00 0.00 0.00 0.00
bus 0.00 0 0.00 193 458 375 686 0.00 0.00 0.00 0.00 0.00 0.00 0.00
van 0.00 0 0.00 283 341 371 387 0.00 0.00 0.00 0.00 0.00 0.00 0.00
motor 0.00 0 0.00 262 381 306 408 0.00 0.00 0.00 0.00 0.00 0.00 0.00
van 0.00 0 0.00 10 561 68 636 0.00 0.00 0.00 0.00 0.00 0.00 0.00
truck 0.00 0 0.00 41 225 150 311 0.00 0.00 0.00 0.00 0.00 0.00 0.00
car 0.00 0 0.00 15 166 55 203 0.00 0.00 0.00 0.00 0.00 0.00 0.00
pedestrian 0.00 0 0.00 782 218 798 245 0.00 0.00 0.00 0.00 0.00 0.00 0.00
pedestrian 0.00 0 0.00 1286 184 1301 209 0.00 0.00 0.00 0.00 0.00 0.00 0.00
pedestrian 0.00 0 0.00 1308 3 1323 28 0.00 0.00 0.00 0.00 0.00 0.00 0.00
pedestrian 0.00 0 0.00 55 148 75 166 0.00 0.00 0.00 0.00 0.00 0.00 0.00
car 0.00 0 0.00 0 185 21 219 0.00 0.00 0.00 0.00 0.00 0.00 0.00
pedestrian 0.00 0 0.00 295 312 313 330 0.00 0.00 0.00 0.00 0.00 0.00 0.00
pedestrian 0.00 0 0.00 1365 422 1389 453 0.00 0.00 0.00 0.00 0.00 0.00 0.00
pedestrian 0.00 0 0.00 1255 187 1264 207 0.00 0.00 0.00 0.00 0.00 0.00 0.00
pedestrian 0.00 0 0.00 1242 184 1257 208 0.00 0.00 0.00 0.00 0.00 0.00 0.00
pedestrian 0.00 0 0.00 1270 166 1284 192 0.00 0.00 0.00 0.00 0.00 0.00 0.00
pedestrian 0.00 0 0.00 1279 169 1291 191 0.00 0.00 0.00 0.00 0.00 0.00 0.00
pedestrian 0.00 0 0.00 1275 116 1288 141 0.00 0.00 0.00 0.00 0.00 0.00 0.00
pedestrian 0.00 0 0.00 1266 115 1280 138 0.00 0.00 0.00 0.00 0.00 0.00 0.00
pedestrian 0.00 0 0.00 1278 96 1289 116 0.00 0.00 0.00 0.00 0.00 0.00 0.00
pedestrian 0.00 0 0.00 1269 96 1283 112 0.00 0.00 0.00 0.00 0.00 0.00 0.00
