car 0.00 0 0.00 3 12 11 21 0.00 0.00 0.00 0.00 0.00 0.00 0.00
car 0.00 0 0.00 12 10 20 19 0.00 0.00 0.00 0.00 0.00 0.00 0.00
car 0.00 0 0.00 10 20 18 31 0.00 0.00 0.00 0.00 0.00 0.00 0.00
car 0.00 0 0.00 36 17 46 28 0.00 0.00 0.00 0.00 0.00 0.00 0.00
car 0.00 0 0.00 47 15 56 28 0.00 0.00 0.00 0.00 0.00 0.00 0.00
car 0.00 0 0.00 44 40 52 50 0.00 0.00 0.00 0.00 0.00 0.00 0.00
car 0.00 0 0.00 41 52 49 63 0.00 0.00 0.00 0.00 0.00 0.00 0.00
car 0.00 0 0.00 31 52 39 65 0.00 0.00 0.00 0.00 0.00 0.00 0.00
car 0.00 0 0.00 22 8 30 18 0.00 0.00 0.00 0.00 0.00 0.00 0.00
car 0.00 0 0.00 39 7 48 17 0.00 0.00 0.00 0.00 0.00 0.00 0.00
car 0.00 0 0.00 30 9 40 20 0.00 0.00 0.00 0.00 0.00 0.00 0.00
car 0.00 0 0.00 21 42 31 53 0.00 0.00 0.00 0.00 0.00 0.00 0.00
car 0.00 0 0.00 12 44 22 55 0.00 0.00 0.00 0.00 0.00 0.00 0.00
car 0.00 0 0.00 19 53 30 67 0.00 0.00 0.00 0.00 0.00 0.00 0.00
car 0.00 0 0.00 73 98 86 111 0.00 0.00 0.00 0.00 0.00 0.00 0.00
car 0.00 0 0.00 53 135 63 148 0.00 0.00 0.00 0.00 0.00 0.00 0.00
car 0.00 0 0.00 43 136 53 147 0.00 0.00 0.00 0.00 0.00 0.00 0.00
car 0.00 0 0.00 114 92 122 104 0.00 0.00 0.00 0.00 0.00 0.00 0.00
pedestrian 0.00 0 0.00 116 104 121 109 0.00 0.00 0.00 0.00 0.00 0.00 0.00
pedestrian 0.00 0 0.00 109 86 113 91 0.00 0.00 0.00 0.00 0.00 0.00 0.00
pedestrian 0.00 0 0.00 77 81 81 86 0.00 0.00 0.00 0.00 0.00 0.00 0.00
pedestrian 0.00 0 0.00 84 106 89 111 0.00 0.00 0.00 0.00 0.00 0.00 0.00
pedestrian 0.00 0 0.00 71 107 75 112 0.00 0.00 0.00 0.00 0.00 0.00 0.00
pedestrian 0.00 0 0.00 72 101 76 106 0.00 0.00 0.00 0.00 0.00 0.00 0.00
car 0.00 0 0.00 69 136 79 147 0.00 0.00 0.00 0.00 0.00 0.00 0.00
car 0.00 0 0.00 79 134 89 147 0.00 0.00 0.00 0.00 0.00 0.00 0.00
car 0.00 0 0.00 87 133 100 147 0.00 0.00 0.00 0.00 0.00 0.00 0.00
car 0.00 0 0.00 98 132 109 146 0.00 0.00 0.00 0.00 0.00 0.00 0.00
car 0.00 0 0.00 122 92 131 104 0.00 0.00 0.00 0.00 0.00 0.00 0.00
car 0.00 0 0.00 153 87 161 99 0.00 0.00 0.00 0.00 0.00 0.00 0.00
truck 0.00 0 0.00 83 56 195 87 0.00 0.00 0.00 0.00 0.00 0.00 0.00
van 0.00 0 0.00 152 134 176 146 0.00 0.00 0.00 0.00 0.00 0.00 0.00
van 0.00 0 0.00 159 122 167 137 0.00 0.00 0.00 0.00 0.00 0.00 0.00
van 0.00 0 0.00 140 124 148 136 0.00 0.00 0.00 0.00 0.00 0.00 0.00
car 0.00 0 0.00 129 126 139 139 0.00 0.00 0.00 0.00 0.00 0.00 0.00
car 0.00 0 0.00 149 125 159 137 0.00 0.00 0.00 0.00 0.00 0.00 0.00
car 0.00 0 0.00 54 111 62 121 0.00 0.00 0.00 0.00 0.00 0.00 0.00
van 0.00 0 0.00 103 103 111 117 0.00 0.00 0.00 0.00 0.00 0.00 0.00
car 0.00 0 0.00 257 147 274 161 0.00 0.00 0.00 0.00 0.00 0.00 0.00
truck 0.00 0 0.00 87 216 101 236 0.00 0.00 0.00 0.00 0.00 0.00 0.00
car 0.00 0 0.00 321 369 330 387 0.00 0.00 0.00 0.00 0.00 0.00 0.00
car 0.00 0 0.00 255 536 266 553 0.00 0.00 0.00 0.00 0.00 0.00 0.00
car 0.00 0 0.00 400 3 409 14 0.00 0.00 0.00 0.00 0.00 0.00 0.00
car 0.00 0 0.00 478 30 489 42 0.00 0.00 0.00 0.00 0.00 0.00 0.00
car 0.00 0 0.00 450 97 462 110 0.00 0.00 0.00 0.00 0.00 0.00 0.00
car 0.00 0 0.00 453 46 468 59 0.00 0.00 0.00 0.00 0.00 0.00 0.00
van 0.00 0 0.00 529 82 541 97 0.00 0.00 0.00 0.00 0.00 0.00 0.00
van 0.00 0 0.00 510 129 521 145 0.00 0.00 0.00 0.00 0.00 0.00 0.00
car 0.00 0 0.00 533 113 545 128 0.00 0.00 0.00 0.00 0.00 0.00 0.00
van 0.00 0 0.00 550 146 562 164 0.00 0.00 0.00 0.00 0.00 0.00 0.00
bus 0.00 0 0.00 557 188 576 215 0.00 0.00 0.00 0.00 0.00 0.00 0.00
car 0.00 0 0.00 550 258 563 272 0.00 0.00 0.00 0.00 0.00 0.00 0.00
truck 0.00 0 0.00 535 294 558 330 0.00 0.00 0.00 0.00 0.00 0.00 0.00
car 0.00 0 0.00 523 264 533 283 0.00 0.00 0.00 0.00 0.00 0.00 0.00
car 0.00 0 0.00 465 491 479 512 0.00 0.00 0.00 0.00 0.00 0.00 0.00
car 0.00 0 0.00 532 469 547 489 0.00 0.00 0.00 0.00 0.00 0.00 0.00
car 0.00 0 0.00 543 466 557 486 0.00 0.00 0.00 0.00 0.00 0.00 0.00
truck 0.00 0 0.00 413 696 509 719 0.00 0.00 0.00 0.00 0.00 0.00 0.00
truck 0.00 0 0.00 403 730 499 752 0.00 0.00 0.00 0.00 0.00 0.00 0.00
truck 0.00 0 0.00 408 762 508 784 0.00 0.00 0.00 0.00 0.00 0.00 0.00
car 0.00 0 0.00 600 658 627 678 0.00 0.00 0.00 0.00 0.00 0.00 0.00
truck 0.00 0 0.00 558 628 582 666 0.00 0.00 0.00 0.00 0.00 0.00 0.00
truck 0.00 0 0.00 649 720 688 745 0.00 0.00 0.00 0.00 0.00 0.00 0.00
truck 0.00 0 0.00 641 759 685 786 0.00 0.00 0.00 0.00 0.00 0.00 0.00
truck 0.00 0 0.00 656 766 712 787 0.00 0.00 0.00 0.00 0.00 0.00 0.00
van 0.00 0 0.00 749 752 770 782 0.00 0.00 0.00 0.00 0.00 0.00 0.00
truck 0.00 0 0.00 695 596 720 634 0.00 0.00 0.00 0.00 0.00 0.00 0.00
truck 0.00 0 0.00 721 601 745 638 0.00 0.00 0.00 0.00 0.00 0.00 0.00
car 0.00 0 0.00 584 215 598 234 0.00 0.00 0.00 0.00 0.00 0.00 0.00
car 0.00 0 0.00 599 298 611 315 0.00 0.00 0.00 0.00 0.00 0.00 0.00
car 0.00 0 0.00 624 350 638 368 0.00 0.00 0.00 0.00 0.00 0.00 0.00
car 0.00 0 0.00 658 363 672 384 0.00 0.00 0.00 0.00 0.00 0.00 0.00
bus 0.00 0 0.00 665 220 700 273 0.00 0.00 0.00 0.00 0.00 0.00 0.00
truck 0.00 0 0.00 636 271 670 324 0.00 0.00 0.00 0.00 0.00 0.00 0.00
truck 0.00 0 0.00 616 300 640 336 0.00 0.00 0.00 0.00 0.00 0.00 0.00
van 0.00 0 0.00 589 333 602 351 0.00 0.00 0.00 0.00 0.00 0.00 0.00
van 0.00 0 0.00 566 321 585 349 0.00 0.00 0.00 0.00 0.00 0.00 0.00
truck 0.00 0 0.00 666 400 707 463 0.00 0.00 0.00 0.00 0.00 0.00 0.00
van 0.00 0 0.00 726 444 743 466 0.00 0.00 0.00 0.00 0.00 0.00 0.00
van 0.00 0 0.00 573 476 588 497 0.00 0.00 0.00 0.00 0.00 0.00 0.00
van 0.00 0 0.00 653 464 669 487 0.00 0.00 0.00 0.00 0.00 0.00 0.00
van 0.00 0 0.00 720 519 737 545 0.00 0.00 0.00 0.00 0.00 0.00 0.00
car 0.00 0 0.00 639 475 654 497 0.00 0.00 0.00 0.00 0.00 0.00 0.00
car 0.00 0 0.00 612 455 628 476 0.00 0.00 0.00 0.00 0.00 0.00 0.00
car 0.00 0 0.00 576 507 592 529 0.00 0.00 0.00 0.00 0.00 0.00 0.00
car 0.00 0 0.00 564 514 580 534 0.00 0.00 0.00 0.00 0.00 0.00 0.00
car 0.00 0 0.00 756 721 776 749 0.00 0.00 0.00 0.00 0.00 0.00 0.00
bus 0.00 0 0.00 813 672 838 710 0.00 0.00 0.00 0.00 0.00 0.00 0.00
truck 0.00 0 0.00 745 543 780 599 0.00 0.00 0.00 0.00 0.00 0.00 0.00
van 0.00 0 0.00 888 279 904 298 0.00 0.00 0.00 0.00 0.00 0.00 0.00
car 0.00 0 0.00 920 259 936 277 0.00 0.00 0.00 0.00 0.00 0.00 0.00
van 0.00 0 0.00 1233 53 1256 72 0.00 0.00 0.00 0.00 0.00 0.00 0.00
van 0.00 0 0.00 1269 95 1301 120 0.00 0.00 0.00 0.00 0.00 0.00 0.00
van 0.00 0 0.00 1314 131 1345 160 0.00 0.00 0.00 0.00 0.00 0.00 0.00
pedestrian 0.00 0 0.00 1242 580 1247 586 0.00 0.00 0.00 0.00 0.00 0.00 0.00
pedestrian 0.00 0 0.00 1235 578 1240 584 0.00 0.00 0.00 0.00 0.00 0.00 0.00
van 0.00 0 0.00 1377 193 1400 219 0.00 0.00 0.00 0.00 0.00 0.00 0.00
