car 0.00 0 0.00 779 376 788 384 0.00 0.00 0.00 0.00 0.00 0.00 0.00
van 0.00 0 0.00 807 397 819 412 0.00 0.00 0.00 0.00 0.00 0.00 0.00
van 0.00 0 0.00 791 381 801 394 0.00 0.00 0.00 0.00 0.00 0.00 0.00
van 0.00 0 0.00 801 445 821 466 0.00 0.00 0.00 0.00 0.00 0.00 0.00
car 0.00 0 0.00 818 394 830 405 0.00 0.00 0.00 0.00 0.00 0.00 0.00
car 0.00 0 0.00 799 392 811 403 0.00 0.00 0.00 0.00 0.00 0.00 0.00
car 0.00 0 0.00 825 424 840 436 0.00 0.00 0.00 0.00 0.00 0.00 0.00
car 0.00 0 0.00 829 431 843 444 0.00 0.00 0.00 0.00 0.00 0.00 0.00
car 0.00 0 0.00 833 435 849 453 0.00 0.00 0.00 0.00 0.00 0.00 0.00
car 0.00 0 0.00 774 462 794 485 0.00 0.00 0.00 0.00 0.00 0.00 0.00
car 0.00 0 0.00 771 475 792 497 0.00 0.00 0.00 0.00 0.00 0.00 0.00
car 0.00 0 0.00 854 486 878 504 0.00 0.00 0.00 0.00 0.00 0.00 0.00
car 0.00 0 0.00 856 501 883 523 0.00 0.00 0.00 0.00 0.00 0.00 0.00
car 0.00 0 0.00 878 536 904 565 0.00 0.00 0.00 0.00 0.00 0.00 0.00
car 0.00 0 0.00 750 655 793 701 0.00 0.00 0.00 0.00 0.00 0.00 0.00
car 0.00 0 0.00 938 988 1047 1132 0.00 0.00 0.00 0.00 0.00 0.00 0.00
car 0.00 0 0.00 821 1040 929 1236 0.00 0.00 0.00 0.00 0.00 0.00 0.00
pedestrian 0.00 0 0.00 712 1403 759 1497 0.00 0.00 0.00 0.00 0.00 0.00 0.00
pedestrian 0.00 0 0.00 550 1328 588 1434 0.00 0.00 0.00 0.00 0.00 0.00 0.00
people 0.00 0 0.00 591 1357 646 1452 0.00 0.00 0.00 0.00 0.00 0.00 0.00
pedestrian 0.00 0 0.00 1291 1307 1328 1415 0.00 0.00 0.00 0.00 0.00 0.00 0.00
pedestrian 0.00 0 0.00 1161 1211 1202 1312 0.00 0.00 0.00 0.00 0.00 0.00 0.00
people 0.00 0 0.00 730 954 758 1010 0.00 0.00 0.00 0.00 0.00 0.00 0.00
bicycle 0.00 0 0.00 734 978 756 1037 0.00 0.00 0.00 0.00 0.00 0.00 0.00
bus 0.00 0 0.00 284 1224 529 1500 0.00 0.00 0.00 0.00 0.00 0.00 0.00
van 0.00 0 0.00 314 999 526 1139 0.00 0.00 0.00 0.00 0.00 0.00 0.00
van 0.00 0 0.00 333 886 503 970 0.00 0.00 0.00 0.00 0.00 0.00 0.00
car 0.00 0 0.00 48 918 248 988 0.00 0.00 0.00 0.00 0.00 0.00 0.00
people 0.00 0 0.00 351 861 378 897 0.00 0.00 0.00 0.00 0.00 0.00 0.00
motor 0.00 0 0.00 332 882 396 919 0.00 0.00 0.00 0.00 0.00 0.00 0.00
pedestrian 0.00 0 0.00 793 670 808 714 0.00 0.00 0.00 0.00 0.00 0.00 0.00
people 0.00 0 0.00 781 679 796 708 0.00 0.00 0.00 0.00 0.00 0.00 0.00
pedestrian 0.00 0 0.00 899 583 915 616 0.00 0.00 0.00 0.00 0.00 0.00 0.00
pedestrian 0.00 0 0.00 880 556 894 585 0.00 0.00 0.00 0.00 0.00 0.00 0.00
people 0.00 0 0.00 852 536 862 559 0.00 0.00 0.00 0.00 0.00 0.00 0.00
people 0.00 0 0.00 797 508 808 530 0.00 0.00 0.00 0.00 0.00 0.00 0.00
people 0.00 0 0.00 801 473 810 488 0.00 0.00 0.00 0.00 0.00 0.00 0.00
people 0.00 0 0.00 788 435 797 448 0.00 0.00 0.00 0.00 0.00 0.00 0.00
motor 0.00 0 0.00 789 440 799 457 0.00 0.00 0.00 0.00 0.00 0.00 0.00
motor 0.00 0 0.00 804 481 811 498 0.00 0.00 0.00 0.00 0.00 0.00 0.00
motor 0.00 0 0.00 799 516 808 535 0.00 0.00 0.00 0.00 0.00 0.00 0.00
motor 0.00 0 0.00 852 543 862 569 0.00 0.00 0.00 0.00 0.00 0.00 0.00
motor 0.00 0 0.00 781 692 799 716 0.00 0.00 0.00 0.00 0.00 0.00 0.00
tricycle 0.00 0 0.00 847 468 868 488 0.00 0.00 0.00 0.00 0.00 0.00 0.00
pedestrian 0.00 0 0.00 781 413 787 429 0.00 0.00 0.00 0.00 0.00 0.00 0.00
people 0.00 0 0.00 827 407 833 417 0.00 0.00 0.00 0.00 0.00 0.00 0.00
motor 0.00 0 0.00 826 409 834 422 0.00 0.00 0.00 0.00 0.00 0.00 0.00
car 0.00 0 0.00 1567 768 1746 840 0.00 0.00 0.00 0.00 0.00 0.00 0.00
car 0.00 0 0.00 0 570 67 604 0.00 0.00 0.00 0.00 0.00 0.00 0.00
van 0.00 0 0.00 36 592 101 640 0.00 0.00 0.00 0.00 0.00 0.00 0.00
car 0.00 0 0.00 20 628 111 666 0.00 0.00 0.00 0.00 0.00 0.00 0.00
car 0.00 0 0.00 0 643 97 699 0.00 0.00 0.00 0.00 0.00 0.00 0.00
