car 0.00 0 0.00 682 661 766 696 0.00 0.00 0.00 0.00 0.00 0.00 0.00
car 0.00 0 0.00 904 567 935 645 0.00 0.00 0.00 0.00 0.00 0.00 0.00
car 0.00 0 0.00 958 484 1024 559 0.00 0.00 0.00 0.00 0.00 0.00 0.00
car 0.00 0 0.00 979 286 1014 360 0.00 0.00 0.00 0.00 0.00 0.00 0.00
car 0.00 0 0.00 818 554 891 585 0.00 0.00 0.00 0.00 0.00 0.00 0.00
car 0.00 0 0.00 799 494 892 532 0.00 0.00 0.00 0.00 0.00 0.00 0.00
car 0.00 0 0.00 821 455 891 485 0.00 0.00 0.00 0.00 0.00 0.00 0.00
car 0.00 0 0.00 813 402 891 433 0.00 0.00 0.00 0.00 0.00 0.00 0.00
car 0.00 0 0.00 816 358 894 389 0.00 0.00 0.00 0.00 0.00 0.00 0.00
car 0.00 0 0.00 817 309 893 339 0.00 0.00 0.00 0.00 0.00 0.00 0.00
car 0.00 0 0.00 825 267 897 300 0.00 0.00 0.00 0.00 0.00 0.00 0.00
car 0.00 0 0.00 815 227 886 260 0.00 0.00 0.00 0.00 0.00 0.00 0.00
car 0.00 0 0.00 697 152 774 194 0.00 0.00 0.00 0.00 0.00 0.00 0.00
car 0.00 0 0.00 810 49 891 87 0.00 0.00 0.00 0.00 0.00 0.00 0.00
car 0.00 0 0.00 805 10 886 43 0.00 0.00 0.00 0.00 0.00 0.00 0.00
van 0.00 0 0.00 988 83 1020 157 0.00 0.00 0.00 0.00 0.00 0.00 0.00
van 0.00 0 0.00 824 190 897 220 0.00 0.00 0.00 0.00 0.00 0.00 0.00
van 0.00 0 0.00 331 25 370 104 0.00 0.00 0.00 0.00 0.00 0.00 0.00
truck 0.00 0 0.00 800 138 899 184 0.00 0.00 0.00 0.00 0.00 0.00 0.00
car 0.00 0 0.00 689 287 775 327 0.00 0.00 0.00 0.00 0.00 0.00 0.00
car 0.00 0 0.00 700 344 778 380 0.00 0.00 0.00 0.00 0.00 0.00 0.00
car 0.00 0 0.00 697 402 778 433 0.00 0.00 0.00 0.00 0.00 0.00 0.00
car 0.00 0 0.00 697 502 775 538 0.00 0.00 0.00 0.00 0.00 0.00 0.00
van 0.00 0 0.00 701 550 766 580 0.00 0.00 0.00 0.00 0.00 0.00 0.00
bus 0.00 0 0.00 544 389 599 587 0.00 0.00 0.00 0.00 0.00 0.00 0.00
car 0.00 0 0.00 314 625 347 703 0.00 0.00 0.00 0.00 0.00 0.00 0.00
car 0.00 0 0.00 318 535 352 610 0.00 0.00 0.00 0.00 0.00 0.00 0.00
car 0.00 0 0.00 321 438 358 516 0.00 0.00 0.00 0.00 0.00 0.00 0.00
car 0.00 0 0.00 329 333 364 406 0.00 0.00 0.00 0.00 0.00 0.00 0.00
car 0.00 0 0.00 329 227 357 303 0.00 0.00 0.00 0.00 0.00 0.00 0.00
truck 0.00 0 0.00 317 119 365 214 0.00 0.00 0.00 0.00 0.00 0.00 0.00
car 0.00 0 0.00 308 733 347 787 0.00 0.00 0.00 0.00 0.00 0.00 0.00
motor 0.00 0 0.00 633 77 648 118 0.00 0.00 0.00 0.00 0.00 0.00 0.00
people 0.00 0 0.00 633 87 649 107 0.00 0.00 0.00 0.00 0.00 0.00 0.00
pedestrian 0.00 0 0.00 954 69 970 87 0.00 0.00 0.00 0.00 0.00 0.00 0.00
pedestrian 0.00 0 0.00 1003 462 1019 475 0.00 0.00 0.00 0.00 0.00 0.00 0.00
pedestrian 0.00 0 0.00 1041 445 1056 457 0.00 0.00 0.00 0.00 0.00 0.00 0.00
pedestrian 0.00 0 0.00 917 133 929 147 0.00 0.00 0.00 0.00 0.00 0.00 0.00
pedestrian 0.00 0 0.00 740 740 754 762 0.00 0.00 0.00 0.00 0.00 0.00 0.00
pedestrian 0.00 0 0.00 1016 681 1029 696 0.00 0.00 0.00 0.00 0.00 0.00 0.00
pedestrian 0.00 0 0.00 1053 471 1063 484 0.00 0.00 0.00 0.00 0.00 0.00 0.00
