truck 0.00 0 0.00 744 652 815 771 0.00 0.00 0.00 0.00 0.00 0.00 0.00
bus 0.00 0 0.00 670 392 750 433 0.00 0.00 0.00 0.00 0.00 0.00 0.00
car 0.00 0 0.00 746 398 778 414 0.00 0.00 0.00 0.00 0.00 0.00 0.00
car 0.00 0 0.00 783 393 821 410 0.00 0.00 0.00 0.00 0.00 0.00 0.00
car 0.00 0 0.00 818 408 850 424 0.00 0.00 0.00 0.00 0.00 0.00 0.00
car 0.00 0 0.00 886 399 922 416 0.00 0.00 0.00 0.00 0.00 0.00 0.00
car 0.00 0 0.00 875 381 910 398 0.00 0.00 0.00 0.00 0.00 0.00 0.00
car 0.00 0 0.00 851 363 882 380 0.00 0.00 0.00 0.00 0.00 0.00 0.00
car 0.00 0 0.00 909 353 941 368 0.00 0.00 0.00 0.00 0.00 0.00 0.00
truck 0.00 0 0.00 904 324 969 361 0.00 0.00 0.00 0.00 0.00 0.00 0.00
bus 0.00 0 0.00 816 347 859 370 0.00 0.00 0.00 0.00 0.00 0.00 0.00
bus 0.00 0 0.00 748 346 819 385 0.00 0.00 0.00 0.00 0.00 0.00 0.00
bus 0.00 0 0.00 670 357 747 396 0.00 0.00 0.00 0.00 0.00 0.00 0.00
car 0.00 0 0.00 421 402 453 416 0.00 0.00 0.00 0.00 0.00 0.00 0.00
motor 0.00 0 0.00 442 409 459 420 0.00 0.00 0.00 0.00 0.00 0.00 0.00
car 0.00 0 0.00 557 343 575 362 0.00 0.00 0.00 0.00 0.00 0.00 0.00
car 0.00 0 0.00 577 345 593 362 0.00 0.00 0.00 0.00 0.00 0.00 0.00
car 0.00 0 0.00 566 334 583 348 0.00 0.00 0.00 0.00 0.00 0.00 0.00
car 0.00 0 0.00 557 322 575 337 0.00 0.00 0.00 0.00 0.00 0.00 0.00
car 0.00 0 0.00 553 313 568 326 0.00 0.00 0.00 0.00 0.00 0.00 0.00
van 0.00 0 0.00 507 313 523 335 0.00 0.00 0.00 0.00 0.00 0.00 0.00
car 0.00 0 0.00 512 292 527 305 0.00 0.00 0.00 0.00 0.00 0.00 0.00
car 0.00 0 0.00 494 300 510 313 0.00 0.00 0.00 0.00 0.00 0.00 0.00
car 0.00 0 0.00 496 240 509 253 0.00 0.00 0.00 0.00 0.00 0.00 0.00
