people 0.00 0 0.00 109 106 122 126 0.00 0.00 0.00 0.00 0.00 0.00 0.00
motor 0.00 0 0.00 100 110 127 127 0.00 0.00 0.00 0.00 0.00 0.00 0.00
pedestrian 0.00 0 0.00 267 13 277 32 0.00 0.00 0.00 0.00 0.00 0.00 0.00
pedestrian 0.00 0 0.00 434 73 442 89 0.00 0.00 0.00 0.00 0.00 0.00 0.00
pedestrian 0.00 0 0.00 445 72 453 93 0.00 0.00 0.00 0.00 0.00 0.00 0.00
pedestrian 0.00 0 0.00 471 7 478 18 0.00 0.00 0.00 0.00 0.00 0.00 0.00
pedestrian 0.00 0 0.00 464 5 470 18 0.00 0.00 0.00 0.00 0.00 0.00 0.00
pedestrian 0.00 0 0.00 447 0 453 13 0.00 0.00 0.00 0.00 0.00 0.00 0.00
people 0.00 0 0.00 456 3 462 11 0.00 0.00 0.00 0.00 0.00 0.00 0.00
pedestrian 0.00 0 0.00 439 0 445 10 0.00 0.00 0.00 0.00 0.00 0.00 0.00
people 0.00 0 0.00 441 12 446 17 0.00 0.00 0.00 0.00 0.00 0.00 0.00
pedestrian 0.00 0 0.00 915 118 925 136 0.00 0.00 0.00 0.00 0.00 0.00 0.00
pedestrian 0.00 0 0.00 1067 159 1076 179 0.00 0.00 0.00 0.00 0.00 0.00 0.00
pedestrian 0.00 0 0.00 1074 159 1083 179 0.00 0.00 0.00 0.00 0.00 0.00 0.00
car 0.00 0 0.00 915 63 941 79 0.00 0.00 0.00 0.00 0.00 0.00 0.00
car 0.00 0 0.00 898 58 916 72 0.00 0.00 0.00 0.00 0.00 0.00 0.00
car 0.00 0 0.00 915 461 944 529 0.00 0.00 0.00 0.00 0.00 0.00 0.00
people 0.00 0 0.00 938 481 967 513 0.00 0.00 0.00 0.00 0.00 0.00 0.00
people 0.00 0 0.00 935 496 966 539 0.00 0.00 0.00 0.00 0.00 0.00 0.00
people 0.00 0 0.00 967 498 1002 534 0.00 0.00 0.00 0.00 0.00 0.00 0.00
people 0.00 0 0.00 972 488 1001 521 0.00 0.00 0.00 0.00 0.00 0.00 0.00
bicycle 0.00 0 0.00 793 552 866 595 0.00 0.00 0.00 0.00 0.00 0.00 0.00
motor 0.00 0 0.00 594 608 671 669 0.00 0.00 0.00 0.00 0.00 0.00 0.00
motor 0.00 0 0.00 627 643 720 748 0.00 0.00 0.00 0.00 0.00 0.00 0.00
pedestrian 0.00 0 0.00 1333 461 1375 515 0.00 0.00 0.00 0.00 0.00 0.00 0.00
pedestrian 0.00 0 0.00 1376 487 1400 536 0.00 0.00 0.00 0.00 0.00 0.00 0.00
pedestrian 0.00 0 0.00 1359 498 1378 533 0.00 0.00 0.00 0.00 0.00 0.00 0.00
pedestrian 0.00 0 0.00 695 175 704 201 0.00 0.00 0.00 0.00 0.00 0.00 0.00
pedestrian 0.00 0 0.00 653 157 666 184 0.00 0.00 0.00 0.00 0.00 0.00 0.00
