car 0.00 0 0.00 201 159 226 187 0.00 0.00 0.00 0.00 0.00 0.00 0.00
car 0.00 0 0.00 358 63 375 94 0.00 0.00 0.00 0.00 0.00 0.00 0.00
truck 0.00 0 0.00 185 18 289 168 0.00 0.00 0.00 0.00 0.00 0.00 0.00
truck 0.00 0 0.00 623 497 659 574 0.00 0.00 0.00 0.00 0.00 0.00 0.00
car 0.00 0 0.00 377 1007 401 1034 0.00 0.00 0.00 0.00 0.00 0.00 0.00
car 0.00 0 0.00 409 989 438 1015 0.00 0.00 0.00 0.00 0.00 0.00 0.00
car 0.00 0 0.00 433 886 461 911 0.00 0.00 0.00 0.00 0.00 0.00 0.00
van 0.00 0 0.00 478 883 502 911 0.00 0.00 0.00 0.00 0.00 0.00 0.00
car 0.00 0 0.00 935 801 966 817 0.00 0.00 0.00 0.00 0.00 0.00 0.00
van 0.00 0 0.00 970 262 992 295 0.00 0.00 0.00 0.00 0.00 0.00 0.00
car 0.00 0 0.00 985 257 1010 287 0.00 0.00 0.00 0.00 0.00 0.00 0.00
car 0.00 0 0.00 999 248 1023 277 0.00 0.00 0.00 0.00 0.00 0.00 0.00
car 0.00 0 0.00 1022 237 1043 266 0.00 0.00 0.00 0.00 0.00 0.00 0.00
car 0.00 0 0.00 1036 228 1055 256 0.00 0.00 0.00 0.00 0.00 0.00 0.00
car 0.00 0 0.00 1049 217 1073 246 0.00 0.00 0.00 0.00 0.00 0.00 0.00
car 0.00 0 0.00 1064 210 1088 241 0.00 0.00 0.00 0.00 0.00 0.00 0.00
car 0.00 0 0.00 1079 199 1103 230 0.00 0.00 0.00 0.00 0.00 0.00 0.00
car 0.00 0 0.00 1090 190 1116 219 0.00 0.00 0.00 0.00 0.00 0.00 0.00
car 0.00 0 0.00 1190 127 1221 153 0.00 0.00 0.00 0.00 0.00 0.00 0.00
van 0.00 0 0.00 1231 103 1267 132 0.00 0.00 0.00 0.00 0.00 0.00 0.00
car 0.00 0 0.00 1245 151 1277 179 0.00 0.00 0.00 0.00 0.00 0.00 0.00
car 0.00 0 0.00 1275 71 1312 99 0.00 0.00 0.00 0.00 0.00 0.00 0.00
car 0.00 0 0.00 1308 47 1342 74 0.00 0.00 0.00 0.00 0.00 0.00 0.00
truck 0.00 0 0.00 973 364 1004 398 0.00 0.00 0.00 0.00 0.00 0.00 0.00
car 0.00 0 0.00 918 184 936 213 0.00 0.00 0.00 0.00 0.00 0.00 0.00
car 0.00 0 0.00 875 58 906 76 0.00 0.00 0.00 0.00 0.00 0.00 0.00
car 0.00 0 0.00 874 39 908 58 0.00 0.00 0.00 0.00 0.00 0.00 0.00
car 0.00 0 0.00 865 22 898 39 0.00 0.00 0.00 0.00 0.00 0.00 0.00
car 0.00 0 0.00 859 0 891 17 0.00 0.00 0.00 0.00 0.00 0.00 0.00
bus 0.00 0 0.00 799 66 826 128 0.00 0.00 0.00 0.00 0.00 0.00 0.00
motor 0.00 0 0.00 807 193 814 207 0.00 0.00 0.00 0.00 0.00 0.00 0.00
motor 0.00 0 0.00 405 150 415 162 0.00 0.00 0.00 0.00 0.00 0.00 0.00
motor 0.00 0 0.00 431 109 441 124 0.00 0.00 0.00 0.00 0.00 0.00 0.00
pedestrian 0.00 0 0.00 910 429 917 437 0.00 0.00 0.00 0.00 0.00 0.00 0.00
