car 0.00 0 0.00 341 484 377 555 0.00 0.00 0.00 0.00 0.00 0.00 0.00
car 0.00 0 0.00 422 506 454 572 0.00 0.00 0.00 0.00 0.00 0.00 0.00
car 0.00 0 0.00 475 496 510 565 0.00 0.00 0.00 0.00 0.00 0.00 0.00
car 0.00 0 0.00 516 486 562 567 0.00 0.00 0.00 0.00 0.00 0.00 0.00
car 0.00 0 0.00 587 482 632 554 0.00 0.00 0.00 0.00 0.00 0.00 0.00
car 0.00 0 0.00 633 493 680 564 0.00 0.00 0.00 0.00 0.00 0.00 0.00
car 0.00 0 0.00 689 496 726 560 0.00 0.00 0.00 0.00 0.00 0.00 0.00
van 0.00 0 0.00 734 501 766 563 0.00 0.00 0.00 0.00 0.00 0.00 0.00
van 0.00 0 0.00 770 503 798 565 0.00 0.00 0.00 0.00 0.00 0.00 0.00
van 0.00 0 0.00 1027 509 1104 568 0.00 0.00 0.00 0.00 0.00 0.00 0.00
van 0.00 0 0.00 1148 484 1198 546 0.00 0.00 0.00 0.00 0.00 0.00 0.00
van 0.00 0 0.00 1184 496 1233 554 0.00 0.00 0.00 0.00 0.00 0.00 0.00
van 0.00 0 0.00 136 358 206 387 0.00 0.00 0.00 0.00 0.00 0.00 0.00
car 0.00 0 0.00 417 350 487 379 0.00 0.00 0.00 0.00 0.00 0.00 0.00
car 0.00 0 0.00 747 352 822 380 0.00 0.00 0.00 0.00 0.00 0.00 0.00
car 0.00 0 0.00 844 348 915 378 0.00 0.00 0.00 0.00 0.00 0.00 0.00
van 0.00 0 0.00 1164 343 1237 371 0.00 0.00 0.00 0.00 0.00 0.00 0.00
car 0.00 0 0.00 1068 341 1142 375 0.00 0.00 0.00 0.00 0.00 0.00 0.00
car 0.00 0 0.00 1112 490 1140 546 0.00 0.00 0.00 0.00 0.00 0.00 0.00
car 0.00 0 0.00 1282 318 1354 378 0.00 0.00 0.00 0.00 0.00 0.00 0.00
car 0.00 0 0.00 1343 295 1400 357 0.00 0.00 0.00 0.00 0.00 0.00 0.00
car 0.00 0 0.00 1370 477 1400 542 0.00 0.00 0.00 0.00 0.00 0.00 0.00
van 0.00 0 0.00 217 473 264 554 0.00 0.00 0.00 0.00 0.00 0.00 0.00
truck 0.00 0 0.00 266 472 324 569 0.00 0.00 0.00 0.00 0.00 0.00 0.00
truck 0.00 0 0.00 616 345 716 380 0.00 0.00 0.00 0.00 0.00 0.00 0.00
truck 0.00 0 0.00 1263 528 1370 567 0.00 0.00 0.00 0.00 0.00 0.00 0.00
motor 0.00 0 0.00 1318 565 1341 599 0.00 0.00 0.00 0.00 0.00 0.00 0.00
car 0.00 0 0.00 931 347 1008 381 0.00 0.00 0.00 0.00 0.00 0.00 0.00
car 0.00 0 0.00 987 493 1042 557 0.00 0.00 0.00 0.00 0.00 0.00 0.00
car 0.00 0 0.00 943 489 987 558 0.00 0.00 0.00 0.00 0.00 0.00 0.00
van 0.00 0 0.00 904 495 933 558 0.00 0.00 0.00 0.00 0.00 0.00 0.00
car 0.00 0 0.00 852 484 896 564 0.00 0.00 0.00 0.00 0.00 0.00 0.00
car 0.00 0 0.00 807 492 846 558 0.00 0.00 0.00 0.00 0.00 0.00 0.00
car 0.00 0 0.00 521 352 596 381 0.00 0.00 0.00 0.00 0.00 0.00 0.00
pedestrian 0.00 0 0.00 1335 714 1356 728 0.00 0.00 0.00 0.00 0.00 0.00 0.00
pedestrian 0.00 0 0.00 1345 700 1366 714 0.00 0.00 0.00 0.00 0.00 0.00 0.00
pedestrian 0.00 0 0.00 1349 679 1371 693 0.00 0.00 0.00 0.00 0.00 0.00 0.00
