car 0.00 0 0.00 716 360 743 396 0.00 0.00 0.00 0.00 0.00 0.00 0.00
car 0.00 0 0.00 783 221 798 244 0.00 0.00 0.00 0.00 0.00 0.00 0.00
car 0.00 0 0.00 695 163 707 177 0.00 0.00 0.00 0.00 0.00 0.00 0.00
car 0.00 0 0.00 803 66 816 76 0.00 0.00 0.00 0.00 0.00 0.00 0.00
car 0.00 0 0.00 841 86 849 100 0.00 0.00 0.00 0.00 0.00 0.00 0.00
car 0.00 0 0.00 745 62 754 72 0.00 0.00 0.00 0.00 0.00 0.00 0.00
car 0.00 0 0.00 780 27 789 36 0.00 0.00 0.00 0.00 0.00 0.00 0.00
car 0.00 0 0.00 758 33 766 44 0.00 0.00 0.00 0.00 0.00 0.00 0.00
car 0.00 0 0.00 740 34 749 44 0.00 0.00 0.00 0.00 0.00 0.00 0.00
car 0.00 0 0.00 766 18 774 25 0.00 0.00 0.00 0.00 0.00 0.00 0.00
car 0.00 0 0.00 800 6 806 12 0.00 0.00 0.00 0.00 0.00 0.00 0.00
car 0.00 0 0.00 793 23 801 33 0.00 0.00 0.00 0.00 0.00 0.00 0.00
car 0.00 0 0.00 886 118 909 134 0.00 0.00 0.00 0.00 0.00 0.00 0.00
van 0.00 0 0.00 887 112 910 126 0.00 0.00 0.00 0.00 0.00 0.00 0.00
van 0.00 0 0.00 885 102 909 116 0.00 0.00 0.00 0.00 0.00 0.00 0.00
car 0.00 0 0.00 862 23 884 35 0.00 0.00 0.00 0.00 0.00 0.00 0.00
bus 0.00 0 0.00 641 158 671 212 0.00 0.00 0.00 0.00 0.00 0.00 0.00
bus 0.00 0 0.00 822 319 853 409 0.00 0.00 0.00 0.00 0.00 0.00 0.00
car 0.00 0 0.00 783 441 808 480 0.00 0.00 0.00 0.00 0.00 0.00 0.00
van 0.00 0 0.00 745 415 769 458 0.00 0.00 0.00 0.00 0.00 0.00 0.00
car 0.00 0 0.00 849 221 863 240 0.00 0.00 0.00 0.00 0.00 0.00 0.00
car 0.00 0 0.00 700 607 740 675 0.00 0.00 0.00 0.00 0.00 0.00 0.00
van 0.00 0 0.00 795 668 823 730 0.00 0.00 0.00 0.00 0.00 0.00 0.00
car 0.00 0 0.00 777 481 796 518 0.00 0.00 0.00 0.00 0.00 0.00 0.00
