van 0.00 0 0.00 621 697 650 752 0.00 0.00 0.00 0.00 0.00 0.00 0.00
van 0.00 0 0.00 772 467 795 501 0.00 0.00 0.00 0.00 0.00 0.00 0.00
van 0.00 0 0.00 613 393 636 424 0.00 0.00 0.00 0.00 0.00 0.00 0.00
car 0.00 0 0.00 757 302 772 322 0.00 0.00 0.00 0.00 0.00 0.00 0.00
van 0.00 0 0.00 706 355 723 387 0.00 0.00 0.00 0.00 0.00 0.00 0.00
van 0.00 0 0.00 673 269 689 284 0.00 0.00 0.00 0.00 0.00 0.00 0.00
car 0.00 0 0.00 754 252 770 272 0.00 0.00 0.00 0.00 0.00 0.00 0.00
van 0.00 0 0.00 639 238 655 256 0.00 0.00 0.00 0.00 0.00 0.00 0.00
car 0.00 0 0.00 711 222 723 237 0.00 0.00 0.00 0.00 0.00 0.00 0.00
car 0.00 0 0.00 663 216 675 229 0.00 0.00 0.00 0.00 0.00 0.00 0.00
car 0.00 0 0.00 751 215 763 232 0.00 0.00 0.00 0.00 0.00 0.00 0.00
car 0.00 0 0.00 681 188 695 200 0.00 0.00 0.00 0.00 0.00 0.00 0.00
car 0.00 0 0.00 732 191 744 206 0.00 0.00 0.00 0.00 0.00 0.00 0.00
car 0.00 0 0.00 750 173 761 185 0.00 0.00 0.00 0.00 0.00 0.00 0.00
car 0.00 0 0.00 731 160 742 175 0.00 0.00 0.00 0.00 0.00 0.00 0.00
car 0.00 0 0.00 748 151 761 162 0.00 0.00 0.00 0.00 0.00 0.00 0.00
car 0.00 0 0.00 732 142 742 154 0.00 0.00 0.00 0.00 0.00 0.00 0.00
truck 0.00 0 0.00 145 242 188 277 0.00 0.00 0.00 0.00 0.00 0.00 0.00
pedestrian 0.00 0 0.00 830 418 839 435 0.00 0.00 0.00 0.00 0.00 0.00 0.00
pedestrian 0.00 0 0.00 837 442 843 458 0.00 0.00 0.00 0.00 0.00 0.00 0.00
pedestrian 0.00 0 0.00 877 446 885 461 0.00 0.00 0.00 0.00 0.00 0.00 0.00
