truck 0.00 0 0.00 678 0 697 28 0.00 0.00 0.00 0.00 0.00 0.00 0.00
car 0.00 0 0.00 681 29 705 55 0.00 0.00 0.00 0.00 0.00 0.00 0.00
car 0.00 0 0.00 689 60 712 85 0.00 0.00 0.00 0.00 0.00 0.00 0.00
motor 0.00 0 0.00 697 79 718 93 0.00 0.00 0.00 0.00 0.00 0.00 0.00
car 0.00 0 0.00 699 89 723 118 0.00 0.00 0.00 0.00 0.00 0.00 0.00
car 0.00 0 0.00 706 117 729 150 0.00 0.00 0.00 0.00 0.00 0.00 0.00
motor 0.00 0 0.00 731 108 748 120 0.00 0.00 0.00 0.00 0.00 0.00 0.00
truck 0.00 0 0.00 636 44 658 76 0.00 0.00 0.00 0.00 0.00 0.00 0.00
car 0.00 0 0.00 619 80 642 110 0.00 0.00 0.00 0.00 0.00 0.00 0.00
people 0.00 0 0.00 562 75 570 89 0.00 0.00 0.00 0.00 0.00 0.00 0.00
motor 0.00 0 0.00 561 76 571 96 0.00 0.00 0.00 0.00 0.00 0.00 0.00
car 0.00 0 0.00 658 225 685 263 0.00 0.00 0.00 0.00 0.00 0.00 0.00
people 0.00 0 0.00 549 299 558 314 0.00 0.00 0.00 0.00 0.00 0.00 0.00
motor 0.00 0 0.00 542 304 571 319 0.00 0.00 0.00 0.00 0.00 0.00 0.00
people 0.00 0 0.00 723 366 732 379 0.00 0.00 0.00 0.00 0.00 0.00 0.00
motor 0.00 0 0.00 723 368 732 394 0.00 0.00 0.00 0.00 0.00 0.00 0.00
people 0.00 0 0.00 822 755 837 780 0.00 0.00 0.00 0.00 0.00 0.00 0.00
people 0.00 0 0.00 772 749 787 767 0.00 0.00 0.00 0.00 0.00 0.00 0.00
pedestrian 0.00 0 0.00 670 769 690 790 0.00 0.00 0.00 0.00 0.00 0.00 0.00
pedestrian 0.00 0 0.00 649 738 662 757 0.00 0.00 0.00 0.00 0.00 0.00 0.00
pedestrian 0.00 0 0.00 986 915 1002 939 0.00 0.00 0.00 0.00 0.00 0.00 0.00
pedestrian 0.00 0 0.00 1068 921 1079 940 0.00 0.00 0.00 0.00 0.00 0.00 0.00
pedestrian 0.00 0 0.00 1075 946 1092 965 0.00 0.00 0.00 0.00 0.00 0.00 0.00
people 0.00 0 0.00 1117 948 1136 967 0.00 0.00 0.00 0.00 0.00 0.00 0.00
people 0.00 0 0.00 575 949 594 969 0.00 0.00 0.00 0.00 0.00 0.00 0.00
pedestrian 0.00 0 0.00 152 964 176 984 0.00 0.00 0.00 0.00 0.00 0.00 0.00
car 0.00 0 0.00 227 890 337 942 0.00 0.00 0.00 0.00 0.00 0.00 0.00
pedestrian 0.00 0 0.00 424 759 433 780 0.00 0.00 0.00 0.00 0.00 0.00 0.00
motor 0.00 0 0.00 404 774 442 789 0.00 0.00 0.00 0.00 0.00 0.00 0.00
motor 0.00 0 0.00 461 764 496 799 0.00 0.00 0.00 0.00 0.00 0.00 0.00
motor 0.00 0 0.00 412 751 456 770 0.00 0.00 0.00 0.00 0.00 0.00 0.00
motor 0.00 0 0.00 407 739 453 759 0.00 0.00 0.00 0.00 0.00 0.00 0.00
motor 0.00 0 0.00 416 719 457 737 0.00 0.00 0.00 0.00 0.00 0.00 0.00
motor 0.00 0 0.00 402 685 421 720 0.00 0.00 0.00 0.00 0.00 0.00 0.00
motor 0.00 0 0.00 565 946 602 982 0.00 0.00 0.00 0.00 0.00 0.00 0.00
motor 0.00 0 0.00 771 746 791 782 0.00 0.00 0.00 0.00 0.00 0.00 0.00
motor 0.00 0 0.00 819 752 838 788 0.00 0.00 0.00 0.00 0.00 0.00 0.00
motor 0.00 0 0.00 1009 990 1057 1011 0.00 0.00 0.00 0.00 0.00 0.00 0.00
motor 0.00 0 0.00 1006 1035 1048 1050 0.00 0.00 0.00 0.00 0.00 0.00 0.00
motor 0.00 0 0.00 1096 965 1135 987 0.00 0.00 0.00 0.00 0.00 0.00 0.00
motor 0.00 0 0.00 960 819 1001 840 0.00 0.00 0.00 0.00 0.00 0.00 0.00
motor 0.00 0 0.00 1065 795 1101 816 0.00 0.00 0.00 0.00 0.00 0.00 0.00
motor 0.00 0 0.00 1048 920 1067 960 0.00 0.00 0.00 0.00 0.00 0.00 0.00
truck 0.00 0 0.00 817 607 875 716 0.00 0.00 0.00 0.00 0.00 0.00 0.00
van 0.00 0 0.00 805 545 852 607 0.00 0.00 0.00 0.00 0.00 0.00 0.00
car 0.00 0 0.00 785 482 824 540 0.00 0.00 0.00 0.00 0.00 0.00 0.00
car 0.00 0 0.00 774 428 810 474 0.00 0.00 0.00 0.00 0.00 0.00 0.00
car 0.00 0 0.00 757 360 799 411 0.00 0.00 0.00 0.00 0.00 0.00 0.00
car 0.00 0 0.00 734 258 764 297 0.00 0.00 0.00 0.00 0.00 0.00 0.00
van 0.00 0 0.00 728 217 760 255 0.00 0.00 0.00 0.00 0.00 0.00 0.00
car 0.00 0 0.00 519 324 548 375 0.00 0.00 0.00 0.00 0.00 0.00 0.00
car 0.00 0 0.00 524 377 550 427 0.00 0.00 0.00 0.00 0.00 0.00 0.00
car 0.00 0 0.00 518 440 551 504 0.00 0.00 0.00 0.00 0.00 0.00 0.00
car 0.00 0 0.00 519 509 555 578 0.00 0.00 0.00 0.00 0.00 0.00 0.00
