car 0.00 0 0.00 113 890 310 1036 0.00 0.00 0.00 0.00 0.00 0.00 0.00
car 0.00 0 0.00 338 797 507 931 0.00 0.00 0.00 0.00 0.00 0.00 0.00
car 0.00 0 0.00 530 741 672 862 0.00 0.00 0.00 0.00 0.00 0.00 0.00
car 0.00 0 0.00 420 930 609 1050 0.00 0.00 0.00 0.00 0.00 0.00 0.00
car 0.00 0 0.00 20 414 135 475 0.00 0.00 0.00 0.00 0.00 0.00 0.00
car 0.00 0 0.00 223 372 322 419 0.00 0.00 0.00 0.00 0.00 0.00 0.00
car 0.00 0 0.00 391 258 447 298 0.00 0.00 0.00 0.00 0.00 0.00 0.00
car 0.00 0 0.00 582 247 646 281 0.00 0.00 0.00 0.00 0.00 0.00 0.00
car 0.00 0 0.00 704 582 813 655 0.00 0.00 0.00 0.00 0.00 0.00 0.00
car 0.00 0 0.00 762 607 883 688 0.00 0.00 0.00 0.00 0.00 0.00 0.00
car 0.00 0 0.00 935 746 1080 875 0.00 0.00 0.00 0.00 0.00 0.00 0.00
car 0.00 0 0.00 998 709 1132 835 0.00 0.00 0.00 0.00 0.00 0.00 0.00
car 0.00 0 0.00 1038 661 1163 769 0.00 0.00 0.00 0.00 0.00 0.00 0.00
car 0.00 0 0.00 1073 632 1202 737 0.00 0.00 0.00 0.00 0.00 0.00 0.00
car 0.00 0 0.00 1130 610 1255 706 0.00 0.00 0.00 0.00 0.00 0.00 0.00
car 0.00 0 0.00 1162 586 1284 684 0.00 0.00 0.00 0.00 0.00 0.00 0.00
car 0.00 0 0.00 1198 567 1318 658 0.00 0.00 0.00 0.00 0.00 0.00 0.00
car 0.00 0 0.00 1305 527 1385 591 0.00 0.00 0.00 0.00 0.00 0.00 0.00
car 0.00 0 0.00 1321 507 1400 579 0.00 0.00 0.00 0.00 0.00 0.00 0.00
car 0.00 0 0.00 1348 481 1400 523 0.00 0.00 0.00 0.00 0.00 0.00 0.00
car 0.00 0 0.00 1335 440 1400 493 0.00 0.00 0.00 0.00 0.00 0.00 0.00
car 0.00 0 0.00 817 536 914 601 0.00 0.00 0.00 0.00 0.00 0.00 0.00
car 0.00 0 0.00 910 547 1002 607 0.00 0.00 0.00 0.00 0.00 0.00 0.00
car 0.00 0 0.00 993 497 1077 555 0.00 0.00 0.00 0.00 0.00 0.00 0.00
car 0.00 0 0.00 952 459 1043 511 0.00 0.00 0.00 0.00 0.00 0.00 0.00
car 0.00 0 0.00 494 417 616 482 0.00 0.00 0.00 0.00 0.00 0.00 0.00
car 0.00 0 0.00 933 301 976 335 0.00 0.00 0.00 0.00 0.00 0.00 0.00
car 0.00 0 0.00 1276 132 1305 151 0.00 0.00 0.00 0.00 0.00 0.00 0.00
pedestrian 0.00 0 0.00 1076 159 1085 182 0.00 0.00 0.00 0.00 0.00 0.00 0.00
pedestrian 0.00 0 0.00 165 367 183 399 0.00 0.00 0.00 0.00 0.00 0.00 0.00
pedestrian 0.00 0 0.00 1243 134 1252 155 0.00 0.00 0.00 0.00 0.00 0.00 0.00
pedestrian 0.00 0 0.00 478 915 501 954 0.00 0.00 0.00 0.00 0.00 0.00 0.00
van 0.00 0 0.00 854 659 964 749 0.00 0.00 0.00 0.00 0.00 0.00 0.00
van 0.00 0 0.00 1248 531 1358 621 0.00 0.00 0.00 0.00 0.00 0.00 0.00
truck 0.00 0 0.00 336 306 455 389 0.00 0.00 0.00 0.00 0.00 0.00 0.00
bus 0.00 0 0.00 1295 105 1372 145 0.00 0.00 0.00 0.00 0.00 0.00 0.00
car 0.00 0 0.00 808 109 853 124 0.00 0.00 0.00 0.00 0.00 0.00 0.00
van 0.00 0 0.00 757 174 783 198 0.00 0.00 0.00 0.00 0.00 0.00 0.00
van 0.00 0 0.00 1070 446 1167 508 0.00 0.00 0.00 0.00 0.00 0.00 0.00
pedestrian 0.00 0 0.00 1211 169 1223 188 0.00 0.00 0.00 0.00 0.00 0.00 0.00
