van 0.00 0 0.00 1163 3 1201 53 0.00 0.00 0.00 0.00 0.00 0.00 0.00
car 0.00 0 0.00 1177 43 1227 88 0.00 0.00 0.00 0.00 0.00 0.00 0.00
pedestrian 0.00 0 0.00 1219 105 1235 147 0.00 0.00 0.00 0.00 0.00 0.00 0.00
van 0.00 0 0.00 1329 277 1430 385 0.00 0.00 0.00 0.00 0.00 0.00 0.00
van 0.00 0 0.00 1430 445 1545 592 0.00 0.00 0.00 0.00 0.00 0.00 0.00
car 0.00 0 0.00 1500 597 1627 747 0.00 0.00 0.00 0.00 0.00 0.00 0.00
bus 0.00 0 0.00 1663 834 2000 1497 0.00 0.00 0.00 0.00 0.00 0.00 0.00
car 0.00 0 0.00 1137 388 1203 480 0.00 0.00 0.00 0.00 0.00 0.00 0.00
car 0.00 0 0.00 1076 532 1145 637 0.00 0.00 0.00 0.00 0.00 0.00 0.00
car 0.00 0 0.00 488 329 564 421 0.00 0.00 0.00 0.00 0.00 0.00 0.00
car 0.00 0 0.00 442 448 524 564 0.00 0.00 0.00 0.00 0.00 0.00 0.00
car 0.00 0 0.00 298 651 419 801 0.00 0.00 0.00 0.00 0.00 0.00 0.00
van 0.00 0 0.00 172 793 353 1030 0.00 0.00 0.00 0.00 0.00 0.00 0.00
pedestrian 0.00 0 0.00 687 37 705 92 0.00 0.00 0.00 0.00 0.00 0.00 0.00
