motor 0.00 0 0.00 700 731 712 748 0.00 0.00 0.00 0.00 0.00 0.00 0.00
van 0.00 0 0.00 706 692 739 733 0.00 0.00 0.00 0.00 0.00 0.00 0.00
car 0.00 0 0.00 648 640 678 677 0.00 0.00 0.00 0.00 0.00 0.00 0.00
van 0.00 0 0.00 642 583 671 621 0.00 0.00 0.00 0.00 0.00 0.00 0.00
van 0.00 0 0.00 594 557 624 595 0.00 0.00 0.00 0.00 0.00 0.00 0.00
car 0.00 0 0.00 589 494 616 528 0.00 0.00 0.00 0.00 0.00 0.00 0.00
car 0.00 0 0.00 541 487 569 518 0.00 0.00 0.00 0.00 0.00 0.00 0.00
car 0.00 0 0.00 522 384 551 420 0.00 0.00 0.00 0.00 0.00 0.00 0.00
car 0.00 0 0.00 437 323 464 356 0.00 0.00 0.00 0.00 0.00 0.00 0.00
car 0.00 0 0.00 385 239 412 271 0.00 0.00 0.00 0.00 0.00 0.00 0.00
car 0.00 0 0.00 437 173 464 206 0.00 0.00 0.00 0.00 0.00 0.00 0.00
car 0.00 0 0.00 495 225 519 255 0.00 0.00 0.00 0.00 0.00 0.00 0.00
car 0.00 0 0.00 505 200 530 232 0.00 0.00 0.00 0.00 0.00 0.00 0.00
car 0.00 0 0.00 519 187 547 221 0.00 0.00 0.00 0.00 0.00 0.00 0.00
motor 0.00 0 0.00 326 102 337 115 0.00 0.00 0.00 0.00 0.00 0.00 0.00
pedestrian 0.00 0 0.00 256 141 268 151 0.00 0.00 0.00 0.00 0.00 0.00 0.00
pedestrian 0.00 0 0.00 252 142 263 152 0.00 0.00 0.00 0.00 0.00 0.00 0.00
pedestrian 0.00 0 0.00 231 104 240 112 0.00 0.00 0.00 0.00 0.00 0.00 0.00
pedestrian 0.00 0 0.00 226 98 234 106 0.00 0.00 0.00 0.00 0.00 0.00 0.00
pedestrian 0.00 0 0.00 311 217 317 227 0.00 0.00 0.00 0.00 0.00 0.00 0.00
pedestrian 0.00 0 0.00 306 219 315 229 0.00 0.00 0.00 0.00 0.00 0.00 0.00
pedestrian 0.00 0 0.00 302 221 312 229 0.00 0.00 0.00 0.00 0.00 0.00 0.00
pedestrian 0.00 0 0.00 294 175 304 184 0.00 0.00 0.00 0.00 0.00 0.00 0.00
car 0.00 0 0.00 636 336 667 369 0.00 0.00 0.00 0.00 0.00 0.00 0.00
truck 0.00 0 0.00 767 345 877 424 0.00 0.00 0.00 0.00 0.00 0.00 0.00
car 0.00 0 0.00 730 369 764 396 0.00 0.00 0.00 0.00 0.00 0.00 0.00
car 0.00 0 0.00 767 345 802 373 0.00 0.00 0.00 0.00 0.00 0.00 0.00
truck 0.00 0 0.00 691 323 741 366 0.00 0.00 0.00 0.00 0.00 0.00 0.00
bus 0.00 0 0.00 720 314 795 375 0.00 0.00 0.00 0.00 0.00 0.00 0.00
bus 0.00 0 0.00 745 263 833 332 0.00 0.00 0.00 0.00 0.00 0.00 0.00
bus 0.00 0 0.00 860 220 950 288 0.00 0.00 0.00 0.00 0.00 0.00 0.00
truck 0.00 0 0.00 802 280 854 324 0.00 0.00 0.00 0.00 0.00 0.00 0.00
car 0.00 0 0.00 1233 471 1259 498 0.00 0.00 0.00 0.00 0.00 0.00 0.00
car 0.00 0 0.00 1240 452 1271 484 0.00 0.00 0.00 0.00 0.00 0.00 0.00
car 0.00 0 0.00 1255 444 1287 479 0.00 0.00 0.00 0.00 0.00 0.00 0.00
bus 0.00 0 0.00 1174 74 1232 120 0.00 0.00 0.00 0.00 0.00 0.00 0.00
car 0.00 0 0.00 1272 0 1310 27 0.00 0.00 0.00 0.00 0.00 0.00 0.00
pedestrian 0.00 0 0.00 548 623 556 631 0.00 0.00 0.00 0.00 0.00 0.00 0.00
pedestrian 0.00 0 0.00 768 431 773 445 0.00 0.00 0.00 0.00 0.00 0.00 0.00
pedestrian 0.00 0 0.00 528 755 536 765 0.00 0.00 0.00 0.00 0.00 0.00 0.00
