car 0.00 0 0.00 69 182 185 227 0.00 0.00 0.00 0.00 0.00 0.00 0.00
pedestrian 0.00 0 0.00 7 245 38 298 0.00 0.00 0.00 0.00 0.00 0.00 0.00
pedestrian 0.00 0 0.00 48 261 76 309 0.00 0.00 0.00 0.00 0.00 0.00 0.00
pedestrian 0.00 0 0.00 118 221 142 273 0.00 0.00 0.00 0.00 0.00 0.00 0.00
van 0.00 0 0.00 206 171 275 261 0.00 0.00 0.00 0.00 0.00 0.00 0.00
van 0.00 0 0.00 295 184 354 257 0.00 0.00 0.00 0.00 0.00 0.00 0.00
van 0.00 0 0.00 368 200 420 262 0.00 0.00 0.00 0.00 0.00 0.00 0.00
car 0.00 0 0.00 101 149 172 182 0.00 0.00 0.00 0.00 0.00 0.00 0.00
motor 0.00 0 0.00 314 168 333 193 0.00 0.00 0.00 0.00 0.00 0.00 0.00
motor 0.00 0 0.00 461 170 479 195 0.00 0.00 0.00 0.00 0.00 0.00 0.00
motor 0.00 0 0.00 445 170 459 199 0.00 0.00 0.00 0.00 0.00 0.00 0.00
car 0.00 0 0.00 432 304 504 378 0.00 0.00 0.00 0.00 0.00 0.00 0.00
bicycle 0.00 0 0.00 429 169 445 195 0.00 0.00 0.00 0.00 0.00 0.00 0.00
car 0.00 0 0.00 320 372 415 487 0.00 0.00 0.00 0.00 0.00 0.00 0.00
car 0.00 0 0.00 336 312 409 382 0.00 0.00 0.00 0.00 0.00 0.00 0.00
car 0.00 0 0.00 244 316 331 395 0.00 0.00 0.00 0.00 0.00 0.00 0.00
car 0.00 0 0.00 134 315 232 395 0.00 0.00 0.00 0.00 0.00 0.00 0.00
car 0.00 0 0.00 11 306 131 407 0.00 0.00 0.00 0.00 0.00 0.00 0.00
car 0.00 0 0.00 0 388 61 500 0.00 0.00 0.00 0.00 0.00 0.00 0.00
car 0.00 0 0.00 60 360 198 502 0.00 0.00 0.00 0.00 0.00 0.00 0.00
car 0.00 0 0.00 201 87 245 106 0.00 0.00 0.00 0.00 0.00 0.00 0.00
car 0.00 0 0.00 221 84 264 101 0.00 0.00 0.00 0.00 0.00 0.00 0.00
car 0.00 0 0.00 218 71 261 89 0.00 0.00 0.00 0.00 0.00 0.00 0.00
car 0.00 0 0.00 238 71 273 91 0.00 0.00 0.00 0.00 0.00 0.00 0.00
car 0.00 0 0.00 239 63 277 85 0.00 0.00 0.00 0.00 0.00 0.00 0.00
car 0.00 0 0.00 245 60 280 81 0.00 0.00 0.00 0.00 0.00 0.00 0.00
car 0.00 0 0.00 250 52 274 66 0.00 0.00 0.00 0.00 0.00 0.00 0.00
car 0.00 0 0.00 248 39 272 56 0.00 0.00 0.00 0.00 0.00 0.00 0.00
car 0.00 0 0.00 176 63 207 82 0.00 0.00 0.00 0.00 0.00 0.00 0.00
car 0.00 0 0.00 210 56 237 70 0.00 0.00 0.00 0.00 0.00 0.00 0.00
car 0.00 0 0.00 636 34 651 43 0.00 0.00 0.00 0.00 0.00 0.00 0.00
bus 0.00 0 0.00 594 44 624 76 0.00 0.00 0.00 0.00 0.00 0.00 0.00
truck 0.00 0 0.00 614 39 636 70 0.00 0.00 0.00 0.00 0.00 0.00 0.00
car 0.00 0 0.00 607 77 633 99 0.00 0.00 0.00 0.00 0.00 0.00 0.00
pedestrian 0.00 0 0.00 491 40 499 55 0.00 0.00 0.00 0.00 0.00 0.00 0.00
pedestrian 0.00 0 0.00 503 52 510 70 0.00 0.00 0.00 0.00 0.00 0.00 0.00
pedestrian 0.00 0 0.00 510 54 513 73 0.00 0.00 0.00 0.00 0.00 0.00 0.00
pedestrian 0.00 0 0.00 521 62 524 77 0.00 0.00 0.00 0.00 0.00 0.00 0.00
pedestrian 0.00 0 0.00 526 66 533 81 0.00 0.00 0.00 0.00 0.00 0.00 0.00
pedestrian 0.00 0 0.00 475 272 503 331 0.00 0.00 0.00 0.00 0.00 0.00 0.00
pedestrian 0.00 0 0.00 614 145 626 170 0.00 0.00 0.00 0.00 0.00 0.00 0.00
pedestrian 0.00 0 0.00 586 95 595 111 0.00 0.00 0.00 0.00 0.00 0.00 0.00
pedestrian 0.00 0 0.00 610 149 622 178 0.00 0.00 0.00 0.00 0.00 0.00 0.00
pedestrian 0.00 0 0.00 615 181 630 222 0.00 0.00 0.00 0.00 0.00 0.00 0.00
pedestrian 0.00 0 0.00 631 182 648 221 0.00 0.00 0.00 0.00 0.00 0.00 0.00
pedestrian 0.00 0 0.00 666 216 684 261 0.00 0.00 0.00 0.00 0.00 0.00 0.00
pedestrian 0.00 0 0.00 591 306 618 368 0.00 0.00 0.00 0.00 0.00 0.00 0.00
pedestrian 0.00 0 0.00 630 305 650 367 0.00 0.00 0.00 0.00 0.00 0.00 0.00
pedestrian 0.00 0 0.00 661 304 676 365 0.00 0.00 0.00 0.00 0.00 0.00 0.00
pedestrian 0.00 0 0.00 644 296 664 352 0.00 0.00 0.00 0.00 0.00 0.00 0.00
pedestrian 0.00 0 0.00 694 290 708 345 0.00 0.00 0.00 0.00 0.00 0.00 0.00
pedestrian 0.00 0 0.00 701 299 717 345 0.00 0.00 0.00 0.00 0.00 0.00 0.00
pedestrian 0.00 0 0.00 865 291 882 352 0.00 0.00 0.00 0.00 0.00 0.00 0.00
pedestrian 0.00 0 0.00 726 373 746 447 0.00 0.00 0.00 0.00 0.00 0.00 0.00
motor 0.00 0 0.00 741 200 757 220 0.00 0.00 0.00 0.00 0.00 0.00 0.00
people 0.00 0 0.00 744 189 753 209 0.00 0.00 0.00 0.00 0.00 0.00 0.00
bus 0.00 0 0.00 690 38 723 60 0.00 0.00 0.00 0.00 0.00 0.00 0.00
car 0.00 0 0.00 656 33 670 42 0.00 0.00 0.00 0.00 0.00 0.00 0.00
car 0.00 0 0.00 785 43 805 62 0.00 0.00 0.00 0.00 0.00 0.00 0.00
pedestrian 0.00 0 0.00 729 50 735 62 0.00 0.00 0.00 0.00 0.00 0.00 0.00
pedestrian 0.00 0 0.00 739 44 742 57 0.00 0.00 0.00 0.00 0.00 0.00 0.00
pedestrian 0.00 0 0.00 742 48 750 66 0.00 0.00 0.00 0.00 0.00 0.00 0.00
van 0.00 0 0.00 0 586 222 923 0.00 0.00 0.00 0.00 0.00 0.00 0.00
car 0.00 0 0.00 448 595 598 830 0.00 0.00 0.00 0.00 0.00 0.00 0.00
car 0.00 0 0.00 385 839 587 1050 0.00 0.00 0.00 0.00 0.00 0.00 0.00
van 0.00 0 0.00 617 513 885 790 0.00 0.00 0.00 0.00 0.00 0.00 0.00
car 0.00 0 0.00 863 250 958 303 0.00 0.00 0.00 0.00 0.00 0.00 0.00
car 0.00 0 0.00 1051 285 1297 421 0.00 0.00 0.00 0.00 0.00 0.00 0.00
car 0.00 0 0.00 1029 145 1081 173 0.00 0.00 0.00 0.00 0.00 0.00 0.00
motor 0.00 0 0.00 948 111 974 132 0.00 0.00 0.00 0.00 0.00 0.00 0.00
people 0.00 0 0.00 954 110 966 124 0.00 0.00 0.00 0.00 0.00 0.00 0.00
car 0.00 0 0.00 1009 105 1054 124 0.00 0.00 0.00 0.00 0.00 0.00 0.00
pedestrian 0.00 0 0.00 1149 144 1160 167 0.00 0.00 0.00 0.00 0.00 0.00 0.00
van 0.00 0 0.00 520 196 602 268 0.00 0.00 0.00 0.00 0.00 0.00 0.00
