people 0.00 0 0.00 960 16 969 35 0.00 0.00 0.00 0.00 0.00 0.00 0.00
people 0.00 0 0.00 1018 7 1029 27 0.00 0.00 0.00 0.00 0.00 0.00 0.00
people 0.00 0 0.00 690 73 698 89 0.00 0.00 0.00 0.00 0.00 0.00 0.00
pedestrian 0.00 0 0.00 508 941 527 963 0.00 0.00 0.00 0.00 0.00 0.00 0.00
pedestrian 0.00 0 0.00 489 976 512 1003 0.00 0.00 0.00 0.00 0.00 0.00 0.00
motor 0.00 0 0.00 439 977 483 994 0.00 0.00 0.00 0.00 0.00 0.00 0.00
motor 0.00 0 0.00 449 949 493 969 0.00 0.00 0.00 0.00 0.00 0.00 0.00
motor 0.00 0 0.00 481 771 521 801 0.00 0.00 0.00 0.00 0.00 0.00 0.00
bicycle 0.00 0 0.00 490 754 522 769 0.00 0.00 0.00 0.00 0.00 0.00 0.00
motor 0.00 0 0.00 504 687 547 709 0.00 0.00 0.00 0.00 0.00 0.00 0.00
motor 0.00 0 0.00 512 648 546 677 0.00 0.00 0.00 0.00 0.00 0.00 0.00
motor 0.00 0 0.00 558 477 594 493 0.00 0.00 0.00 0.00 0.00 0.00 0.00
motor 0.00 0 0.00 557 463 590 482 0.00 0.00 0.00 0.00 0.00 0.00 0.00
motor 0.00 0 0.00 560 450 594 469 0.00 0.00 0.00 0.00 0.00 0.00 0.00
motor 0.00 0 0.00 566 440 594 461 0.00 0.00 0.00 0.00 0.00 0.00 0.00
motor 0.00 0 0.00 566 422 595 440 0.00 0.00 0.00 0.00 0.00 0.00 0.00
motor 0.00 0 0.00 580 382 605 405 0.00 0.00 0.00 0.00 0.00 0.00 0.00
motor 0.00 0 0.00 581 357 612 371 0.00 0.00 0.00 0.00 0.00 0.00 0.00
motor 0.00 0 0.00 586 317 616 330 0.00 0.00 0.00 0.00 0.00 0.00 0.00
motor 0.00 0 0.00 679 489 717 511 0.00 0.00 0.00 0.00 0.00 0.00 0.00
motor 0.00 0 0.00 688 331 717 352 0.00 0.00 0.00 0.00 0.00 0.00 0.00
motor 0.00 0 0.00 710 282 741 302 0.00 0.00 0.00 0.00 0.00 0.00 0.00
motor 0.00 0 0.00 703 270 735 290 0.00 0.00 0.00 0.00 0.00 0.00 0.00
motor 0.00 0 0.00 736 211 768 231 0.00 0.00 0.00 0.00 0.00 0.00 0.00
motor 0.00 0 0.00 611 217 637 232 0.00 0.00 0.00 0.00 0.00 0.00 0.00
motor 0.00 0 0.00 616 195 640 209 0.00 0.00 0.00 0.00 0.00 0.00 0.00
motor 0.00 0 0.00 624 138 647 151 0.00 0.00 0.00 0.00 0.00 0.00 0.00
motor 0.00 0 0.00 708 139 738 156 0.00 0.00 0.00 0.00 0.00 0.00 0.00
motor 0.00 0 0.00 687 76 701 93 0.00 0.00 0.00 0.00 0.00 0.00 0.00
awning-tricycle 0.00 0 0.00 723 72 762 100 0.00 0.00 0.00 0.00 0.00 0.00 0.00
car 0.00 0 0.00 700 100 755 132 0.00 0.00 0.00 0.00 0.00 0.00 0.00
car 0.00 0 0.00 689 111 746 151 0.00 0.00 0.00 0.00 0.00 0.00 0.00
car 0.00 0 0.00 696 177 764 219 0.00 0.00 0.00 0.00 0.00 0.00 0.00
car 0.00 0 0.00 699 212 767 251 0.00 0.00 0.00 0.00 0.00 0.00 0.00
car 0.00 0 0.00 694 236 762 274 0.00 0.00 0.00 0.00 0.00 0.00 0.00
van 0.00 0 0.00 693 149 759 191 0.00 0.00 0.00 0.00 0.00 0.00 0.00
car 0.00 0 0.00 690 294 772 334 0.00 0.00 0.00 0.00 0.00 0.00 0.00
car 0.00 0 0.00 694 351 778 386 0.00 0.00 0.00 0.00 0.00 0.00 0.00
van 0.00 0 0.00 695 388 778 427 0.00 0.00 0.00 0.00 0.00 0.00 0.00
car 0.00 0 0.00 694 427 782 460 0.00 0.00 0.00 0.00 0.00 0.00 0.00
car 0.00 0 0.00 691 503 786 549 0.00 0.00 0.00 0.00 0.00 0.00 0.00
car 0.00 0 0.00 690 534 782 584 0.00 0.00 0.00 0.00 0.00 0.00 0.00
car 0.00 0 0.00 696 586 787 626 0.00 0.00 0.00 0.00 0.00 0.00 0.00
car 0.00 0 0.00 685 625 788 673 0.00 0.00 0.00 0.00 0.00 0.00 0.00
car 0.00 0 0.00 690 672 794 727 0.00 0.00 0.00 0.00 0.00 0.00 0.00
car 0.00 0 0.00 673 813 792 870 0.00 0.00 0.00 0.00 0.00 0.00 0.00
car 0.00 0 0.00 664 869 778 919 0.00 0.00 0.00 0.00 0.00 0.00 0.00
car 0.00 0 0.00 664 932 779 982 0.00 0.00 0.00 0.00 0.00 0.00 0.00
motor 0.00 0 0.00 952 24 977 37 0.00 0.00 0.00 0.00 0.00 0.00 0.00
motor 0.00 0 0.00 1011 16 1038 29 0.00 0.00 0.00 0.00 0.00 0.00 0.00
