van 0.00 0 0.00 168 197 216 246 0.00 0.00 0.00 0.00 0.00 0.00 0.00
van 0.00 0 0.00 220 126 263 172 0.00 0.00 0.00 0.00 0.00 0.00 0.00
car 0.00 0 0.00 265 60 302 105 0.00 0.00 0.00 0.00 0.00 0.00 0.00
car 0.00 0 0.00 309 0 343 27 0.00 0.00 0.00 0.00 0.00 0.00 0.00
van 0.00 0 0.00 655 111 686 150 0.00 0.00 0.00 0.00 0.00 0.00 0.00
van 0.00 0 0.00 775 70 808 112 0.00 0.00 0.00 0.00 0.00 0.00 0.00
car 0.00 0 0.00 917 5 958 50 0.00 0.00 0.00 0.00 0.00 0.00 0.00
motor 0.00 0 0.00 952 43 968 63 0.00 0.00 0.00 0.00 0.00 0.00 0.00
people 0.00 0 0.00 951 47 962 64 0.00 0.00 0.00 0.00 0.00 0.00 0.00
bus 0.00 0 0.00 885 58 944 121 0.00 0.00 0.00 0.00 0.00 0.00 0.00
car 0.00 0 0.00 804 76 840 120 0.00 0.00 0.00 0.00 0.00 0.00 0.00
car 0.00 0 0.00 842 82 881 127 0.00 0.00 0.00 0.00 0.00 0.00 0.00
car 0.00 0 0.00 780 137 814 186 0.00 0.00 0.00 0.00 0.00 0.00 0.00
car 0.00 0 0.00 725 138 765 186 0.00 0.00 0.00 0.00 0.00 0.00 0.00
car 0.00 0 0.00 688 202 723 246 0.00 0.00 0.00 0.00 0.00 0.00 0.00
van 0.00 0 0.00 725 198 764 240 0.00 0.00 0.00 0.00 0.00 0.00 0.00
truck 0.00 0 0.00 774 130 863 239 0.00 0.00 0.00 0.00 0.00 0.00 0.00
truck 0.00 0 0.00 677 239 720 295 0.00 0.00 0.00 0.00 0.00 0.00 0.00
van 0.00 0 0.00 629 277 669 328 0.00 0.00 0.00 0.00 0.00 0.00 0.00
van 0.00 0 0.00 683 320 725 365 0.00 0.00 0.00 0.00 0.00 0.00 0.00
car 0.00 0 0.00 1170 18 1214 56 0.00 0.00 0.00 0.00 0.00 0.00 0.00
truck 0.00 0 0.00 1194 47 1249 96 0.00 0.00 0.00 0.00 0.00 0.00 0.00
car 0.00 0 0.00 1114 233 1155 271 0.00 0.00 0.00 0.00 0.00 0.00 0.00
pedestrian 0.00 0 0.00 1141 258 1154 271 0.00 0.00 0.00 0.00 0.00 0.00 0.00
car 0.00 0 0.00 1039 238 1083 276 0.00 0.00 0.00 0.00 0.00 0.00 0.00
van 0.00 0 0.00 1003 183 1051 226 0.00 0.00 0.00 0.00 0.00 0.00 0.00
van 0.00 0 0.00 1024 208 1068 248 0.00 0.00 0.00 0.00 0.00 0.00 0.00
truck 0.00 0 0.00 899 326 1006 415 0.00 0.00 0.00 0.00 0.00 0.00 0.00
truck 0.00 0 0.00 799 429 887 507 0.00 0.00 0.00 0.00 0.00 0.00 0.00
car 0.00 0 0.00 474 680 514 718 0.00 0.00 0.00 0.00 0.00 0.00 0.00
car 0.00 0 0.00 490 656 536 696 0.00 0.00 0.00 0.00 0.00 0.00 0.00
car 0.00 0 0.00 509 632 558 676 0.00 0.00 0.00 0.00 0.00 0.00 0.00
car 0.00 0 0.00 543 585 590 628 0.00 0.00 0.00 0.00 0.00 0.00 0.00
car 0.00 0 0.00 563 560 600 596 0.00 0.00 0.00 0.00 0.00 0.00 0.00
van 0.00 0 0.00 597 518 646 562 0.00 0.00 0.00 0.00 0.00 0.00 0.00
car 0.00 0 0.00 618 499 663 540 0.00 0.00 0.00 0.00 0.00 0.00 0.00
car 0.00 0 0.00 635 477 681 518 0.00 0.00 0.00 0.00 0.00 0.00 0.00
motor 0.00 0 0.00 707 441 726 459 0.00 0.00 0.00 0.00 0.00 0.00 0.00
motor 0.00 0 0.00 722 427 739 453 0.00 0.00 0.00 0.00 0.00 0.00 0.00
motor 0.00 0 0.00 744 408 754 429 0.00 0.00 0.00 0.00 0.00 0.00 0.00
van 0.00 0 0.00 898 265 922 314 0.00 0.00 0.00 0.00 0.00 0.00 0.00
van 0.00 0 0.00 870 286 895 335 0.00 0.00 0.00 0.00 0.00 0.00 0.00
van 0.00 0 0.00 841 314 867 367 0.00 0.00 0.00 0.00 0.00 0.00 0.00
van 0.00 0 0.00 814 347 839 392 0.00 0.00 0.00 0.00 0.00 0.00 0.00
van 0.00 0 0.00 755 391 779 443 0.00 0.00 0.00 0.00 0.00 0.00 0.00
car 0.00 0 0.00 786 366 809 414 0.00 0.00 0.00 0.00 0.00 0.00 0.00
van 0.00 0 0.00 608 341 650 388 0.00 0.00 0.00 0.00 0.00 0.00 0.00
van 0.00 0 0.00 617 383 660 433 0.00 0.00 0.00 0.00 0.00 0.00 0.00
van 0.00 0 0.00 556 396 596 446 0.00 0.00 0.00 0.00 0.00 0.00 0.00
van 0.00 0 0.00 487 498 527 545 0.00 0.00 0.00 0.00 0.00 0.00 0.00
bus 0.00 0 0.00 493 470 598 590 0.00 0.00 0.00 0.00 0.00 0.00 0.00
car 0.00 0 0.00 435 567 479 621 0.00 0.00 0.00 0.00 0.00 0.00 0.00
van 0.00 0 0.00 370 661 411 712 0.00 0.00 0.00 0.00 0.00 0.00 0.00
van 0.00 0 0.00 432 636 473 686 0.00 0.00 0.00 0.00 0.00 0.00 0.00
truck 0.00 0 0.00 401 755 448 787 0.00 0.00 0.00 0.00 0.00 0.00 0.00
bus 0.00 0 0.00 333 744 394 787 0.00 0.00 0.00 0.00 0.00 0.00 0.00
van 0.00 0 0.00 200 650 243 696 0.00 0.00 0.00 0.00 0.00 0.00 0.00
van 0.00 0 0.00 255 632 297 678 0.00 0.00 0.00 0.00 0.00 0.00 0.00
pedestrian 0.00 0 0.00 0 361 14 368 0.00 0.00 0.00 0.00 0.00 0.00 0.00
