people 0.00 0 0.00 368 757 409 796 0.00 0.00 0.00 0.00 0.00 0.00 0.00
pedestrian 0.00 0 0.00 418 713 451 787 0.00 0.00 0.00 0.00 0.00 0.00 0.00
pedestrian 0.00 0 0.00 590 654 614 712 0.00 0.00 0.00 0.00 0.00 0.00 0.00
people 0.00 0 0.00 905 551 931 599 0.00 0.00 0.00 0.00 0.00 0.00 0.00
people 0.00 0 0.00 945 541 973 591 0.00 0.00 0.00 0.00 0.00 0.00 0.00
pedestrian 0.00 0 0.00 1059 480 1078 531 0.00 0.00 0.00 0.00 0.00 0.00 0.00
people 0.00 0 0.00 1114 490 1141 532 0.00 0.00 0.00 0.00 0.00 0.00 0.00
people 0.00 0 0.00 1508 409 1530 441 0.00 0.00 0.00 0.00 0.00 0.00 0.00
people 0.00 0 0.00 1611 380 1631 409 0.00 0.00 0.00 0.00 0.00 0.00 0.00
van 0.00 0 0.00 1463 74 1498 95 0.00 0.00 0.00 0.00 0.00 0.00 0.00
people 0.00 0 0.00 1805 359 1827 386 0.00 0.00 0.00 0.00 0.00 0.00 0.00
motor 0.00 0 0.00 1758 304 1802 333 0.00 0.00 0.00 0.00 0.00 0.00 0.00
motor 0.00 0 0.00 1838 272 1859 297 0.00 0.00 0.00 0.00 0.00 0.00 0.00
motor 0.00 0 0.00 1877 264 1892 290 0.00 0.00 0.00 0.00 0.00 0.00 0.00
motor 0.00 0 0.00 1841 247 1860 269 0.00 0.00 0.00 0.00 0.00 0.00 0.00
motor 0.00 0 0.00 1852 264 1873 284 0.00 0.00 0.00 0.00 0.00 0.00 0.00
car 0.00 0 0.00 1862 141 1915 166 0.00 0.00 0.00 0.00 0.00 0.00 0.00
