car 0.00 0 0.00 439 25 458 62 0.00 0.00 0.00 0.00 0.00 0.00 0.00
car 0.00 0 0.00 460 14 480 56 0.00 0.00 0.00 0.00 0.00 0.00 0.00
car 0.00 0 0.00 435 133 455 176 0.00 0.00 0.00 0.00 0.00 0.00 0.00
car 0.00 0 0.00 498 205 517 237 0.00 0.00 0.00 0.00 0.00 0.00 0.00
car 0.00 0 0.00 431 250 451 290 0.00 0.00 0.00 0.00 0.00 0.00 0.00
car 0.00 0 0.00 498 249 515 288 0.00 0.00 0.00 0.00 0.00 0.00 0.00
car 0.00 0 0.00 435 296 453 337 0.00 0.00 0.00 0.00 0.00 0.00 0.00
car 0.00 0 0.00 496 297 516 337 0.00 0.00 0.00 0.00 0.00 0.00 0.00
car 0.00 0 0.00 498 348 518 387 0.00 0.00 0.00 0.00 0.00 0.00 0.00
car 0.00 0 0.00 433 397 454 438 0.00 0.00 0.00 0.00 0.00 0.00 0.00
car 0.00 0 0.00 499 404 516 444 0.00 0.00 0.00 0.00 0.00 0.00 0.00
car 0.00 0 0.00 432 451 454 490 0.00 0.00 0.00 0.00 0.00 0.00 0.00
car 0.00 0 0.00 510 702 529 745 0.00 0.00 0.00 0.00 0.00 0.00 0.00
car 0.00 0 0.00 647 636 679 672 0.00 0.00 0.00 0.00 0.00 0.00 0.00
truck 0.00 0 0.00 691 17 718 115 0.00 0.00 0.00 0.00 0.00 0.00 0.00
truck 0.00 0 0.00 836 33 860 113 0.00 0.00 0.00 0.00 0.00 0.00 0.00
truck 0.00 0 0.00 735 716 788 751 0.00 0.00 0.00 0.00 0.00 0.00 0.00
car 0.00 0 0.00 712 811 741 851 0.00 0.00 0.00 0.00 0.00 0.00 0.00
van 0.00 0 0.00 747 818 790 839 0.00 0.00 0.00 0.00 0.00 0.00 0.00
truck 0.00 0 0.00 644 855 662 897 0.00 0.00 0.00 0.00 0.00 0.00 0.00
truck 0.00 0 0.00 846 985 876 1044 0.00 0.00 0.00 0.00 0.00 0.00 0.00
motor 0.00 0 0.00 1031 1010 1045 1031 0.00 0.00 0.00 0.00 0.00 0.00 0.00
car 0.00 0 0.00 1090 756 1128 776 0.00 0.00 0.00 0.00 0.00 0.00 0.00
car 0.00 0 0.00 1095 714 1136 733 0.00 0.00 0.00 0.00 0.00 0.00 0.00
car 0.00 0 0.00 1103 693 1143 712 0.00 0.00 0.00 0.00 0.00 0.00 0.00
car 0.00 0 0.00 1104 668 1143 684 0.00 0.00 0.00 0.00 0.00 0.00 0.00
car 0.00 0 0.00 1103 630 1142 653 0.00 0.00 0.00 0.00 0.00 0.00 0.00
car 0.00 0 0.00 1095 573 1137 593 0.00 0.00 0.00 0.00 0.00 0.00 0.00
car 0.00 0 0.00 1102 546 1141 563 0.00 0.00 0.00 0.00 0.00 0.00 0.00
car 0.00 0 0.00 1095 514 1138 533 0.00 0.00 0.00 0.00 0.00 0.00 0.00
car 0.00 0 0.00 1038 361 1058 398 0.00 0.00 0.00 0.00 0.00 0.00 0.00
car 0.00 0 0.00 1124 356 1143 395 0.00 0.00 0.00 0.00 0.00 0.00 0.00
car 0.00 0 0.00 1233 112 1277 134 0.00 0.00 0.00 0.00 0.00 0.00 0.00
truck 0.00 0 0.00 1236 55 1281 78 0.00 0.00 0.00 0.00 0.00 0.00 0.00
bus 0.00 0 0.00 1030 114 1064 211 0.00 0.00 0.00 0.00 0.00 0.00 0.00
motor 0.00 0 0.00 1122 656 1139 665 0.00 0.00 0.00 0.00 0.00 0.00 0.00
motor 0.00 0 0.00 1021 441 1030 457 0.00 0.00 0.00 0.00 0.00 0.00 0.00
pedestrian 0.00 0 0.00 1059 331 1068 339 0.00 0.00 0.00 0.00 0.00 0.00 0.00
pedestrian 0.00 0 0.00 1064 381 1072 389 0.00 0.00 0.00 0.00 0.00 0.00 0.00
pedestrian 0.00 0 0.00 1063 393 1072 399 0.00 0.00 0.00 0.00 0.00 0.00 0.00
pedestrian 0.00 0 0.00 1060 397 1069 404 0.00 0.00 0.00 0.00 0.00 0.00 0.00
pedestrian 0.00 0 0.00 1201 342 1212 350 0.00 0.00 0.00 0.00 0.00 0.00 0.00
motor 0.00 0 0.00 1239 241 1255 252 0.00 0.00 0.00 0.00 0.00 0.00 0.00
motor 0.00 0 0.00 1258 236 1274 245 0.00 0.00 0.00 0.00 0.00 0.00 0.00
motor 0.00 0 0.00 1258 227 1274 235 0.00 0.00 0.00 0.00 0.00 0.00 0.00
motor 0.00 0 0.00 1170 70 1183 88 0.00 0.00 0.00 0.00 0.00 0.00 0.00
pedestrian 0.00 0 0.00 1081 38 1089 50 0.00 0.00 0.00 0.00 0.00 0.00 0.00
pedestrian 0.00 0 0.00 1092 43 1101 53 0.00 0.00 0.00 0.00 0.00 0.00 0.00
pedestrian 0.00 0 0.00 1093 31 1101 42 0.00 0.00 0.00 0.00 0.00 0.00 0.00
motor 0.00 0 0.00 791 68 799 85 0.00 0.00 0.00 0.00 0.00 0.00 0.00
motor 0.00 0 0.00 805 0 813 20 0.00 0.00 0.00 0.00 0.00 0.00 0.00
car 0.00 0 0.00 157 894 198 919 0.00 0.00 0.00 0.00 0.00 0.00 0.00
car 0.00 0 0.00 158 999 204 1026 0.00 0.00 0.00 0.00 0.00 0.00 0.00
