car 0.00 0 0.00 490 530 574 582 0.00 0.00 0.00 0.00 0.00 0.00 0.00
car 0.00 0 0.00 480 388 520 419 0.00 0.00 0.00 0.00 0.00 0.00 0.00
car 0.00 0 0.00 184 542 276 578 0.00 0.00 0.00 0.00 0.00 0.00 0.00
car 0.00 0 0.00 152 412 200 449 0.00 0.00 0.00 0.00 0.00 0.00 0.00
car 0.00 0 0.00 112 406 151 450 0.00 0.00 0.00 0.00 0.00 0.00 0.00
car 0.00 0 0.00 133 346 177 376 0.00 0.00 0.00 0.00 0.00 0.00 0.00
car 0.00 0 0.00 72 413 116 451 0.00 0.00 0.00 0.00 0.00 0.00 0.00
car 0.00 0 0.00 30 409 76 444 0.00 0.00 0.00 0.00 0.00 0.00 0.00
car 0.00 0 0.00 97 344 139 376 0.00 0.00 0.00 0.00 0.00 0.00 0.00
car 0.00 0 0.00 60 344 100 379 0.00 0.00 0.00 0.00 0.00 0.00 0.00
car 0.00 0 0.00 22 352 66 383 0.00 0.00 0.00 0.00 0.00 0.00 0.00
car 0.00 0 0.00 0 402 38 442 0.00 0.00 0.00 0.00 0.00 0.00 0.00
van 0.00 0 0.00 317 503 386 541 0.00 0.00 0.00 0.00 0.00 0.00 0.00
truck 0.00 0 0.00 532 776 737 930 0.00 0.00 0.00 0.00 0.00 0.00 0.00
truck 0.00 0 0.00 810 569 961 665 0.00 0.00 0.00 0.00 0.00 0.00 0.00
truck 0.00 0 0.00 886 757 977 807 0.00 0.00 0.00 0.00 0.00 0.00 0.00
car 0.00 0 0.00 867 855 951 954 0.00 0.00 0.00 0.00 0.00 0.00 0.00
bus 0.00 0 0.00 1039 920 1280 1050 0.00 0.00 0.00 0.00 0.00 0.00 0.00
car 0.00 0 0.00 1039 506 1121 544 0.00 0.00 0.00 0.00 0.00 0.00 0.00
car 0.00 0 0.00 882 450 947 476 0.00 0.00 0.00 0.00 0.00 0.00 0.00
car 0.00 0 0.00 792 445 857 478 0.00 0.00 0.00 0.00 0.00 0.00 0.00
car 0.00 0 0.00 1034 444 1093 475 0.00 0.00 0.00 0.00 0.00 0.00 0.00
car 0.00 0 0.00 1117 435 1192 462 0.00 0.00 0.00 0.00 0.00 0.00 0.00
car 0.00 0 0.00 1216 432 1285 460 0.00 0.00 0.00 0.00 0.00 0.00 0.00
car 0.00 0 0.00 1295 434 1349 460 0.00 0.00 0.00 0.00 0.00 0.00 0.00
car 0.00 0 0.00 1149 418 1213 445 0.00 0.00 0.00 0.00 0.00 0.00 0.00
car 0.00 0 0.00 1011 425 1071 453 0.00 0.00 0.00 0.00 0.00 0.00 0.00
car 0.00 0 0.00 501 317 526 343 0.00 0.00 0.00 0.00 0.00 0.00 0.00
pedestrian 0.00 0 0.00 787 774 810 805 0.00 0.00 0.00 0.00 0.00 0.00 0.00
pedestrian 0.00 0 0.00 733 467 743 491 0.00 0.00 0.00 0.00 0.00 0.00 0.00
pedestrian 0.00 0 0.00 689 343 698 366 0.00 0.00 0.00 0.00 0.00 0.00 0.00
pedestrian 0.00 0 0.00 676 350 686 374 0.00 0.00 0.00 0.00 0.00 0.00 0.00
pedestrian 0.00 0 0.00 599 435 610 460 0.00 0.00 0.00 0.00 0.00 0.00 0.00
pedestrian 0.00 0 0.00 596 444 603 462 0.00 0.00 0.00 0.00 0.00 0.00 0.00
pedestrian 0.00 0 0.00 457 410 467 432 0.00 0.00 0.00 0.00 0.00 0.00 0.00
pedestrian 0.00 0 0.00 454 405 464 429 0.00 0.00 0.00 0.00 0.00 0.00 0.00
pedestrian 0.00 0 0.00 273 451 287 477 0.00 0.00 0.00 0.00 0.00 0.00 0.00
pedestrian 0.00 0 0.00 268 455 285 481 0.00 0.00 0.00 0.00 0.00 0.00 0.00
pedestrian 0.00 0 0.00 66 488 84 518 0.00 0.00 0.00 0.00 0.00 0.00 0.00
pedestrian 0.00 0 0.00 191 388 207 414 0.00 0.00 0.00 0.00 0.00 0.00 0.00
pedestrian 0.00 0 0.00 193 582 208 610 0.00 0.00 0.00 0.00 0.00 0.00 0.00
pedestrian 0.00 0 0.00 236 582 252 609 0.00 0.00 0.00 0.00 0.00 0.00 0.00
pedestrian 0.00 0 0.00 264 307 273 327 0.00 0.00 0.00 0.00 0.00 0.00 0.00
car 0.00 0 0.00 413 285 437 317 0.00 0.00 0.00 0.00 0.00 0.00 0.00
car 0.00 0 0.00 381 251 400 274 0.00 0.00 0.00 0.00 0.00 0.00 0.00
car 0.00 0 0.00 427 174 444 190 0.00 0.00 0.00 0.00 0.00 0.00 0.00
car 0.00 0 0.00 470 135 484 150 0.00 0.00 0.00 0.00 0.00 0.00 0.00
car 0.00 0 0.00 453 130 467 144 0.00 0.00 0.00 0.00 0.00 0.00 0.00
car 0.00 0 0.00 458 116 470 128 0.00 0.00 0.00 0.00 0.00 0.00 0.00
car 0.00 0 0.00 510 131 524 146 0.00 0.00 0.00 0.00 0.00 0.00 0.00
car 0.00 0 0.00 475 87 485 99 0.00 0.00 0.00 0.00 0.00 0.00 0.00
car 0.00 0 0.00 482 76 492 86 0.00 0.00 0.00 0.00 0.00 0.00 0.00
car 0.00 0 0.00 608 194 630 215 0.00 0.00 0.00 0.00 0.00 0.00 0.00
car 0.00 0 0.00 294 322 344 349 0.00 0.00 0.00 0.00 0.00 0.00 0.00
car 0.00 0 0.00 493 238 509 256 0.00 0.00 0.00 0.00 0.00 0.00 0.00
car 0.00 0 0.00 385 196 410 212 0.00 0.00 0.00 0.00 0.00 0.00 0.00
car 0.00 0 0.00 320 195 346 211 0.00 0.00 0.00 0.00 0.00 0.00 0.00
car 0.00 0 0.00 392 189 418 203 0.00 0.00 0.00 0.00 0.00 0.00 0.00
car 0.00 0 0.00 395 178 423 192 0.00 0.00 0.00 0.00 0.00 0.00 0.00
car 0.00 0 0.00 486 67 495 79 0.00 0.00 0.00 0.00 0.00 0.00 0.00
car 0.00 0 0.00 489 58 500 67 0.00 0.00 0.00 0.00 0.00 0.00 0.00
car 0.00 0 0.00 497 48 504 58 0.00 0.00 0.00 0.00 0.00 0.00 0.00
car 0.00 0 0.00 519 14 523 20 0.00 0.00 0.00 0.00 0.00 0.00 0.00
car 0.00 0 0.00 622 109 640 120 0.00 0.00 0.00 0.00 0.00 0.00 0.00
car 0.00 0 0.00 627 87 648 97 0.00 0.00 0.00 0.00 0.00 0.00 0.00
car 0.00 0 0.00 657 180 692 194 0.00 0.00 0.00 0.00 0.00 0.00 0.00
car 0.00 0 0.00 553 240 577 261 0.00 0.00 0.00 0.00 0.00 0.00 0.00
car 0.00 0 0.00 647 160 681 173 0.00 0.00 0.00 0.00 0.00 0.00 0.00
van 0.00 0 0.00 655 167 685 180 0.00 0.00 0.00 0.00 0.00 0.00 0.00
car 0.00 0 0.00 655 175 689 188 0.00 0.00 0.00 0.00 0.00 0.00 0.00
car 0.00 0 0.00 549 223 576 241 0.00 0.00 0.00 0.00 0.00 0.00 0.00
car 0.00 0 0.00 550 199 574 220 0.00 0.00 0.00 0.00 0.00 0.00 0.00
car 0.00 0 0.00 527 197 542 214 0.00 0.00 0.00 0.00 0.00 0.00 0.00
car 0.00 0 0.00 558 140 581 154 0.00 0.00 0.00 0.00 0.00 0.00 0.00
car 0.00 0 0.00 610 233 650 253 0.00 0.00 0.00 0.00 0.00 0.00 0.00
car 0.00 0 0.00 625 281 666 302 0.00 0.00 0.00 0.00 0.00 0.00 0.00
car 0.00 0 0.00 608 302 647 325 0.00 0.00 0.00 0.00 0.00 0.00 0.00
car 0.00 0 0.00 622 291 661 313 0.00 0.00 0.00 0.00 0.00 0.00 0.00
car 0.00 0 0.00 612 321 659 342 0.00 0.00 0.00 0.00 0.00 0.00 0.00
car 0.00 0 0.00 612 344 667 364 0.00 0.00 0.00 0.00 0.00 0.00 0.00
car 0.00 0 0.00 614 361 670 384 0.00 0.00 0.00 0.00 0.00 0.00 0.00
car 0.00 0 0.00 607 377 661 398 0.00 0.00 0.00 0.00 0.00 0.00 0.00
car 0.00 0 0.00 542 326 569 350 0.00 0.00 0.00 0.00 0.00 0.00 0.00
car 0.00 0 0.00 541 353 568 382 0.00 0.00 0.00 0.00 0.00 0.00 0.00
car 0.00 0 0.00 611 392 677 417 0.00 0.00 0.00 0.00 0.00 0.00 0.00
car 0.00 0 0.00 700 299 730 324 0.00 0.00 0.00 0.00 0.00 0.00 0.00
car 0.00 0 0.00 705 318 741 343 0.00 0.00 0.00 0.00 0.00 0.00 0.00
car 0.00 0 0.00 728 327 766 355 0.00 0.00 0.00 0.00 0.00 0.00 0.00
car 0.00 0 0.00 754 333 799 364 0.00 0.00 0.00 0.00 0.00 0.00 0.00
car 0.00 0 0.00 780 346 820 372 0.00 0.00 0.00 0.00 0.00 0.00 0.00
car 0.00 0 0.00 806 351 845 377 0.00 0.00 0.00 0.00 0.00 0.00 0.00
car 0.00 0 0.00 834 364 877 389 0.00 0.00 0.00 0.00 0.00 0.00 0.00
car 0.00 0 0.00 865 371 904 397 0.00 0.00 0.00 0.00 0.00 0.00 0.00
car 0.00 0 0.00 895 380 936 409 0.00 0.00 0.00 0.00 0.00 0.00 0.00
pedestrian 0.00 0 0.00 580 260 586 278 0.00 0.00 0.00 0.00 0.00 0.00 0.00
pedestrian 0.00 0 0.00 695 279 703 296 0.00 0.00 0.00 0.00 0.00 0.00 0.00
pedestrian 0.00 0 0.00 700 291 707 308 0.00 0.00 0.00 0.00 0.00 0.00 0.00
pedestrian 0.00 0 0.00 706 285 712 302 0.00 0.00 0.00 0.00 0.00 0.00 0.00
pedestrian 0.00 0 0.00 646 190 652 204 0.00 0.00 0.00 0.00 0.00 0.00 0.00
pedestrian 0.00 0 0.00 648 188 653 201 0.00 0.00 0.00 0.00 0.00 0.00 0.00
car 0.00 0 0.00 547 254 571 274 0.00 0.00 0.00 0.00 0.00 0.00 0.00
car 0.00 0 0.00 653 95 662 107 0.00 0.00 0.00 0.00 0.00 0.00 0.00
van 0.00 0 0.00 650 104 663 121 0.00 0.00 0.00 0.00 0.00 0.00 0.00
car 0.00 0 0.00 646 136 677 150 0.00 0.00 0.00 0.00 0.00 0.00 0.00
car 0.00 0 0.00 649 142 677 153 0.00 0.00 0.00 0.00 0.00 0.00 0.00
motor 0.00 0 0.00 702 267 712 280 0.00 0.00 0.00 0.00 0.00 0.00 0.00
people 0.00 0 0.00 620 699 639 731 0.00 0.00 0.00 0.00 0.00 0.00 0.00
people 0.00 0 0.00 757 722 780 751 0.00 0.00 0.00 0.00 0.00 0.00 0.00
motor 0.00 0 0.00 749 729 787 754 0.00 0.00 0.00 0.00 0.00 0.00 0.00
bicycle 0.00 0 0.00 614 708 650 732 0.00 0.00 0.00 0.00 0.00 0.00 0.00
truck 0.00 0 0.00 1317 479 1400 533 0.00 0.00 0.00 0.00 0.00 0.00 0.00
car 0.00 0 0.00 1363 427 1400 464 0.00 0.00 0.00 0.00 0.00 0.00 0.00
