car 0.00 0 0.00 569 705 639 817 0.00 0.00 0.00 0.00 0.00 0.00 0.00
car 0.00 0 0.00 651 360 686 400 0.00 0.00 0.00 0.00 0.00 0.00 0.00
car 0.00 0 0.00 694 265 721 300 0.00 0.00 0.00 0.00 0.00 0.00 0.00
car 0.00 0 0.00 726 212 752 242 0.00 0.00 0.00 0.00 0.00 0.00 0.00
car 0.00 0 0.00 732 162 756 190 0.00 0.00 0.00 0.00 0.00 0.00 0.00
car 0.00 0 0.00 736 82 752 97 0.00 0.00 0.00 0.00 0.00 0.00 0.00
car 0.00 0 0.00 757 90 774 109 0.00 0.00 0.00 0.00 0.00 0.00 0.00
car 0.00 0 0.00 768 23 783 33 0.00 0.00 0.00 0.00 0.00 0.00 0.00
van 0.00 0 0.00 194 685 292 832 0.00 0.00 0.00 0.00 0.00 0.00 0.00
car 0.00 0 0.00 401 318 436 353 0.00 0.00 0.00 0.00 0.00 0.00 0.00
car 0.00 0 0.00 104 990 190 1050 0.00 0.00 0.00 0.00 0.00 0.00 0.00
motor 0.00 0 0.00 501 235 512 260 0.00 0.00 0.00 0.00 0.00 0.00 0.00
pedestrian 0.00 0 0.00 491 188 496 204 0.00 0.00 0.00 0.00 0.00 0.00 0.00
motor 0.00 0 0.00 710 909 740 962 0.00 0.00 0.00 0.00 0.00 0.00 0.00
motor 0.00 0 0.00 752 909 792 967 0.00 0.00 0.00 0.00 0.00 0.00 0.00
car 0.00 0 0.00 574 121 599 139 0.00 0.00 0.00 0.00 0.00 0.00 0.00
car 0.00 0 0.00 591 144 610 162 0.00 0.00 0.00 0.00 0.00 0.00 0.00
car 0.00 0 0.00 651 97 665 111 0.00 0.00 0.00 0.00 0.00 0.00 0.00
car 0.00 0 0.00 665 72 679 87 0.00 0.00 0.00 0.00 0.00 0.00 0.00
car 0.00 0 0.00 630 89 649 103 0.00 0.00 0.00 0.00 0.00 0.00 0.00
bus 0.00 0 0.00 622 111 648 136 0.00 0.00 0.00 0.00 0.00 0.00 0.00
car 0.00 0 0.00 689 39 701 48 0.00 0.00 0.00 0.00 0.00 0.00 0.00
car 0.00 0 0.00 683 53 697 64 0.00 0.00 0.00 0.00 0.00 0.00 0.00
car 0.00 0 0.00 704 13 717 24 0.00 0.00 0.00 0.00 0.00 0.00 0.00
car 0.00 0 0.00 704 25 715 33 0.00 0.00 0.00 0.00 0.00 0.00 0.00
motor 0.00 0 0.00 635 62 646 79 0.00 0.00 0.00 0.00 0.00 0.00 0.00
motor 0.00 0 0.00 680 25 686 36 0.00 0.00 0.00 0.00 0.00 0.00 0.00
motor 0.00 0 0.00 674 24 678 35 0.00 0.00 0.00 0.00 0.00 0.00 0.00
car 0.00 0 0.00 614 55 635 65 0.00 0.00 0.00 0.00 0.00 0.00 0.00
car 0.00 0 0.00 780 68 793 84 0.00 0.00 0.00 0.00 0.00 0.00 0.00
car 0.00 0 0.00 820 81 839 94 0.00 0.00 0.00 0.00 0.00 0.00 0.00
car 0.00 0 0.00 831 77 851 91 0.00 0.00 0.00 0.00 0.00 0.00 0.00
people 0.00 0 0.00 718 908 736 926 0.00 0.00 0.00 0.00 0.00 0.00 0.00
people 0.00 0 0.00 769 910 787 933 0.00 0.00 0.00 0.00 0.00 0.00 0.00
people 0.00 0 0.00 504 234 511 245 0.00 0.00 0.00 0.00 0.00 0.00 0.00
people 0.00 0 0.00 639 64 646 71 0.00 0.00 0.00 0.00 0.00 0.00 0.00
people 0.00 0 0.00 675 25 678 30 0.00 0.00 0.00 0.00 0.00 0.00 0.00
people 0.00 0 0.00 682 26 686 32 0.00 0.00 0.00 0.00 0.00 0.00 0.00
