motor 0.00 0 0.00 199 762 221 781 0.00 0.00 0.00 0.00 0.00 0.00 0.00
van 0.00 0 0.00 376 772 428 826 0.00 0.00 0.00 0.00 0.00 0.00 0.00
truck 0.00 0 0.00 378 881 444 950 0.00 0.00 0.00 0.00 0.00 0.00 0.00
car 0.00 0 0.00 591 714 633 750 0.00 0.00 0.00 0.00 0.00 0.00 0.00
van 0.00 0 0.00 645 676 677 708 0.00 0.00 0.00 0.00 0.00 0.00 0.00
van 0.00 0 0.00 514 562 552 590 0.00 0.00 0.00 0.00 0.00 0.00 0.00
car 0.00 0 0.00 564 535 595 557 0.00 0.00 0.00 0.00 0.00 0.00 0.00
van 0.00 0 0.00 598 515 630 540 0.00 0.00 0.00 0.00 0.00 0.00 0.00
car 0.00 0 0.00 630 492 664 519 0.00 0.00 0.00 0.00 0.00 0.00 0.00
car 0.00 0 0.00 596 357 622 375 0.00 0.00 0.00 0.00 0.00 0.00 0.00
car 0.00 0 0.00 896 263 912 276 0.00 0.00 0.00 0.00 0.00 0.00 0.00
van 0.00 0 0.00 828 182 841 194 0.00 0.00 0.00 0.00 0.00 0.00 0.00
car 0.00 0 0.00 911 116 922 125 0.00 0.00 0.00 0.00 0.00 0.00 0.00
awning-tricycle 0.00 0 0.00 684 480 706 499 0.00 0.00 0.00 0.00 0.00 0.00 0.00
motor 0.00 0 0.00 664 480 678 493 0.00 0.00 0.00 0.00 0.00 0.00 0.00
motor 0.00 0 0.00 733 464 741 475 0.00 0.00 0.00 0.00 0.00 0.00 0.00
pedestrian 0.00 0 0.00 683 445 689 458 0.00 0.00 0.00 0.00 0.00 0.00 0.00
people 0.00 0 0.00 734 464 739 472 0.00 0.00 0.00 0.00 0.00 0.00 0.00
people 0.00 0 0.00 205 762 214 772 0.00 0.00 0.00 0.00 0.00 0.00 0.00
pedestrian 0.00 0 0.00 181 712 192 723 0.00 0.00 0.00 0.00 0.00 0.00 0.00
pedestrian 0.00 0 0.00 195 702 205 716 0.00 0.00 0.00 0.00 0.00 0.00 0.00
pedestrian 0.00 0 0.00 187 701 193 714 0.00 0.00 0.00 0.00 0.00 0.00 0.00
pedestrian 0.00 0 0.00 892 296 896 305 0.00 0.00 0.00 0.00 0.00 0.00 0.00
van 0.00 0 0.00 755 51 768 58 0.00 0.00 0.00 0.00 0.00 0.00 0.00
car 0.00 0 0.00 801 53 812 59 0.00 0.00 0.00 0.00 0.00 0.00 0.00
car 0.00 0 0.00 862 37 873 44 0.00 0.00 0.00 0.00 0.00 0.00 0.00
car 0.00 0 0.00 945 85 952 92 0.00 0.00 0.00 0.00 0.00 0.00 0.00
