van 0.00 0 0.00 507 31 563 66 0.00 0.00 0.00 0.00 0.00 0.00 0.00
car 0.00 0 0.00 520 103 606 135 0.00 0.00 0.00 0.00 0.00 0.00 0.00
car 0.00 0 0.00 629 160 681 206 0.00 0.00 0.00 0.00 0.00 0.00 0.00
car 0.00 0 0.00 707 242 745 300 0.00 0.00 0.00 0.00 0.00 0.00 0.00
car 0.00 0 0.00 690 350 735 419 0.00 0.00 0.00 0.00 0.00 0.00 0.00
car 0.00 0 0.00 649 461 696 540 0.00 0.00 0.00 0.00 0.00 0.00 0.00
van 0.00 0 0.00 611 546 669 645 0.00 0.00 0.00 0.00 0.00 0.00 0.00
van 0.00 0 0.00 764 557 818 677 0.00 0.00 0.00 0.00 0.00 0.00 0.00
car 0.00 0 0.00 549 683 678 788 0.00 0.00 0.00 0.00 0.00 0.00 0.00
truck 0.00 0 0.00 483 766 595 997 0.00 0.00 0.00 0.00 0.00 0.00 0.00
car 0.00 0 0.00 465 998 592 1050 0.00 0.00 0.00 0.00 0.00 0.00 0.00
car 0.00 0 0.00 900 849 971 1006 0.00 0.00 0.00 0.00 0.00 0.00 0.00
car 0.00 0 0.00 915 705 980 827 0.00 0.00 0.00 0.00 0.00 0.00 0.00
truck 0.00 0 0.00 916 500 981 629 0.00 0.00 0.00 0.00 0.00 0.00 0.00
car 0.00 0 0.00 928 363 975 439 0.00 0.00 0.00 0.00 0.00 0.00 0.00
car 0.00 0 0.00 885 295 932 371 0.00 0.00 0.00 0.00 0.00 0.00 0.00
car 0.00 0 0.00 941 260 978 314 0.00 0.00 0.00 0.00 0.00 0.00 0.00
car 0.00 0 0.00 929 173 966 219 0.00 0.00 0.00 0.00 0.00 0.00 0.00
car 0.00 0 0.00 931 135 966 177 0.00 0.00 0.00 0.00 0.00 0.00 0.00
car 0.00 0 0.00 924 96 959 139 0.00 0.00 0.00 0.00 0.00 0.00 0.00
car 0.00 0 0.00 947 61 978 99 0.00 0.00 0.00 0.00 0.00 0.00 0.00
car 0.00 0 0.00 113 79 159 101 0.00 0.00 0.00 0.00 0.00 0.00 0.00
truck 0.00 0 0.00 0 79 54 118 0.00 0.00 0.00 0.00 0.00 0.00 0.00
