people 0.00 0 0.00 1142 681 1181 739 0.00 0.00 0.00 0.00 0.00 0.00 0.00
bicycle 0.00 0 0.00 1117 684 1195 752 0.00 0.00 0.00 0.00 0.00 0.00 0.00
van 0.00 0 0.00 895 877 1082 1101 0.00 0.00 0.00 0.00 0.00 0.00 0.00
car 0.00 0 0.00 725 929 913 1199 0.00 0.00 0.00 0.00 0.00 0.00 0.00
van 0.00 0 0.00 529 948 664 1200 0.00 0.00 0.00 0.00 0.00 0.00 0.00
car 0.00 0 0.00 330 895 509 1176 0.00 0.00 0.00 0.00 0.00 0.00 0.00
pedestrian 0.00 0 0.00 318 1111 361 1167 0.00 0.00 0.00 0.00 0.00 0.00 0.00
bus 0.00 0 0.00 1654 514 2000 840 0.00 0.00 0.00 0.00 0.00 0.00 0.00
car 0.00 0 0.00 1731 1383 2000 1498 0.00 0.00 0.00 0.00 0.00 0.00 0.00
van 0.00 0 0.00 838 75 972 153 0.00 0.00 0.00 0.00 0.00 0.00 0.00
tricycle 0.00 0 0.00 37 954 115 1066 0.00 0.00 0.00 0.00 0.00 0.00 0.00
