van 0.00 0 0.00 163 119 187 130 0.00 0.00 0.00 0.00 0.00 0.00 0.00
car 0.00 0 0.00 195 95 218 106 0.00 0.00 0.00 0.00 0.00 0.00 0.00
car 0.00 0 0.00 173 207 194 224 0.00 0.00 0.00 0.00 0.00 0.00 0.00
car 0.00 0 0.00 172 254 198 282 0.00 0.00 0.00 0.00 0.00 0.00 0.00
car 0.00 0 0.00 375 16 389 30 0.00 0.00 0.00 0.00 0.00 0.00 0.00
van 0.00 0 0.00 320 171 337 191 0.00 0.00 0.00 0.00 0.00 0.00 0.00
van 0.00 0 0.00 315 211 332 244 0.00 0.00 0.00 0.00 0.00 0.00 0.00
car 0.00 0 0.00 203 90 222 98 0.00 0.00 0.00 0.00 0.00 0.00 0.00
car 0.00 0 0.00 204 86 229 95 0.00 0.00 0.00 0.00 0.00 0.00 0.00
car 0.00 0 0.00 212 80 233 90 0.00 0.00 0.00 0.00 0.00 0.00 0.00
car 0.00 0 0.00 218 76 236 85 0.00 0.00 0.00 0.00 0.00 0.00 0.00
car 0.00 0 0.00 225 68 243 80 0.00 0.00 0.00 0.00 0.00 0.00 0.00
car 0.00 0 0.00 231 61 253 69 0.00 0.00 0.00 0.00 0.00 0.00 0.00
car 0.00 0 0.00 239 56 259 65 0.00 0.00 0.00 0.00 0.00 0.00 0.00
car 0.00 0 0.00 253 40 274 46 0.00 0.00 0.00 0.00 0.00 0.00 0.00
truck 0.00 0 0.00 11 331 56 373 0.00 0.00 0.00 0.00 0.00 0.00 0.00
car 0.00 0 0.00 80 450 117 466 0.00 0.00 0.00 0.00 0.00 0.00 0.00
bus 0.00 0 0.00 303 531 361 556 0.00 0.00 0.00 0.00 0.00 0.00 0.00
truck 0.00 0 0.00 383 520 440 550 0.00 0.00 0.00 0.00 0.00 0.00 0.00
pedestrian 0.00 0 0.00 35 686 44 697 0.00 0.00 0.00 0.00 0.00 0.00 0.00
bicycle 0.00 0 0.00 58 666 76 674 0.00 0.00 0.00 0.00 0.00 0.00 0.00
car 0.00 0 0.00 593 5 606 21 0.00 0.00 0.00 0.00 0.00 0.00 0.00
car 0.00 0 0.00 606 26 618 38 0.00 0.00 0.00 0.00 0.00 0.00 0.00
truck 0.00 0 0.00 618 41 640 68 0.00 0.00 0.00 0.00 0.00 0.00 0.00
car 0.00 0 0.00 660 105 676 120 0.00 0.00 0.00 0.00 0.00 0.00 0.00
bicycle 0.00 0 0.00 712 468 725 477 0.00 0.00 0.00 0.00 0.00 0.00 0.00
pedestrian 0.00 0 0.00 716 466 722 474 0.00 0.00 0.00 0.00 0.00 0.00 0.00
car 0.00 0 0.00 1005 19 1025 29 0.00 0.00 0.00 0.00 0.00 0.00 0.00
car 0.00 0 0.00 979 19 996 29 0.00 0.00 0.00 0.00 0.00 0.00 0.00
car 0.00 0 0.00 968 16 984 25 0.00 0.00 0.00 0.00 0.00 0.00 0.00
car 0.00 0 0.00 963 12 981 21 0.00 0.00 0.00 0.00 0.00 0.00 0.00
car 0.00 0 0.00 959 7 978 15 0.00 0.00 0.00 0.00 0.00 0.00 0.00
car 0.00 0 0.00 998 16 1014 24 0.00 0.00 0.00 0.00 0.00 0.00 0.00
car 0.00 0 0.00 991 12 1007 20 0.00 0.00 0.00 0.00 0.00 0.00 0.00
car 0.00 0 0.00 983 3 1000 12 0.00 0.00 0.00 0.00 0.00 0.00 0.00
car 0.00 0 0.00 1026 16 1045 26 0.00 0.00 0.00 0.00 0.00 0.00 0.00
car 0.00 0 0.00 1019 14 1037 21 0.00 0.00 0.00 0.00 0.00 0.00 0.00
car 0.00 0 0.00 1010 6 1031 16 0.00 0.00 0.00 0.00 0.00 0.00 0.00
car 0.00 0 0.00 1008 2 1025 10 0.00 0.00 0.00 0.00 0.00 0.00 0.00
car 0.00 0 0.00 1000 0 1018 8 0.00 0.00 0.00 0.00 0.00 0.00 0.00
van 0.00 0 0.00 1055 106 1075 127 0.00 0.00 0.00 0.00 0.00 0.00 0.00
car 0.00 0 0.00 1036 82 1057 93 0.00 0.00 0.00 0.00 0.00 0.00 0.00
car 0.00 0 0.00 1030 77 1053 87 0.00 0.00 0.00 0.00 0.00 0.00 0.00
car 0.00 0 0.00 1047 87 1066 99 0.00 0.00 0.00 0.00 0.00 0.00 0.00
car 0.00 0 0.00 1050 95 1071 105 0.00 0.00 0.00 0.00 0.00 0.00 0.00
car 0.00 0 0.00 1063 101 1081 111 0.00 0.00 0.00 0.00 0.00 0.00 0.00
truck 0.00 0 0.00 1062 217 1118 252 0.00 0.00 0.00 0.00 0.00 0.00 0.00
bus 0.00 0 0.00 1288 57 1339 97 0.00 0.00 0.00 0.00 0.00 0.00 0.00
truck 0.00 0 0.00 1360 98 1395 130 0.00 0.00 0.00 0.00 0.00 0.00 0.00
truck 0.00 0 0.00 1365 133 1392 168 0.00 0.00 0.00 0.00 0.00 0.00 0.00
van 0.00 0 0.00 1307 169 1335 189 0.00 0.00 0.00 0.00 0.00 0.00 0.00
van 0.00 0 0.00 1232 174 1263 190 0.00 0.00 0.00 0.00 0.00 0.00 0.00
pedestrian 0.00 0 0.00 1271 366 1278 376 0.00 0.00 0.00 0.00 0.00 0.00 0.00
pedestrian 0.00 0 0.00 1234 452 1240 460 0.00 0.00 0.00 0.00 0.00 0.00 0.00
pedestrian 0.00 0 0.00 1312 432 1318 442 0.00 0.00 0.00 0.00 0.00 0.00 0.00
pedestrian 0.00 0 0.00 1319 421 1325 431 0.00 0.00 0.00 0.00 0.00 0.00 0.00
