car 0.00 0 0.00 1001 170 1018 188 0.00 0.00 0.00 0.00 0.00 0.00 0.00
car 0.00 0 0.00 902 303 923 328 0.00 0.00 0.00 0.00 0.00 0.00 0.00
car 0.00 0 0.00 956 631 988 694 0.00 0.00 0.00 0.00 0.00 0.00 0.00
car 0.00 0 0.00 900 666 931 730 0.00 0.00 0.00 0.00 0.00 0.00 0.00
car 0.00 0 0.00 951 752 990 821 0.00 0.00 0.00 0.00 0.00 0.00 0.00
car 0.00 0 0.00 884 741 926 821 0.00 0.00 0.00 0.00 0.00 0.00 0.00
car 0.00 0 0.00 875 848 915 935 0.00 0.00 0.00 0.00 0.00 0.00 0.00
car 0.00 0 0.00 947 889 990 987 0.00 0.00 0.00 0.00 0.00 0.00 0.00
car 0.00 0 0.00 862 992 922 1077 0.00 0.00 0.00 0.00 0.00 0.00 0.00
bus 0.00 0 0.00 905 439 948 545 0.00 0.00 0.00 0.00 0.00 0.00 0.00
people 0.00 0 0.00 670 883 683 899 0.00 0.00 0.00 0.00 0.00 0.00 0.00
motor 0.00 0 0.00 669 903 681 923 0.00 0.00 0.00 0.00 0.00 0.00 0.00
pedestrian 0.00 0 0.00 674 663 686 689 0.00 0.00 0.00 0.00 0.00 0.00 0.00
people 0.00 0 0.00 807 349 815 356 0.00 0.00 0.00 0.00 0.00 0.00 0.00
people 0.00 0 0.00 838 242 848 252 0.00 0.00 0.00 0.00 0.00 0.00 0.00
pedestrian 0.00 0 0.00 863 166 870 180 0.00 0.00 0.00 0.00 0.00 0.00 0.00
motor 0.00 0 0.00 840 250 850 258 0.00 0.00 0.00 0.00 0.00 0.00 0.00
motor 0.00 0 0.00 808 358 816 370 0.00 0.00 0.00 0.00 0.00 0.00 0.00
motor 0.00 0 0.00 850 325 858 335 0.00 0.00 0.00 0.00 0.00 0.00 0.00
people 0.00 0 0.00 849 315 857 321 0.00 0.00 0.00 0.00 0.00 0.00 0.00
