pedestrian 0.00 0 0.00 20 424 73 459 0.00 0.00 0.00 0.00 0.00 0.00 0.00
pedestrian 0.00 0 0.00 218 229 265 281 0.00 0.00 0.00 0.00 0.00 0.00 0.00
people 0.00 0 0.00 257 251 293 287 0.00 0.00 0.00 0.00 0.00 0.00 0.00
bicycle 0.00 0 0.00 260 248 300 308 0.00 0.00 0.00 0.00 0.00 0.00 0.00
car 0.00 0 0.00 431 188 537 348 0.00 0.00 0.00 0.00 0.00 0.00 0.00
van 0.00 0 0.00 336 12 434 162 0.00 0.00 0.00 0.00 0.00 0.00 0.00
car 0.00 0 0.00 507 711 696 827 0.00 0.00 0.00 0.00 0.00 0.00 0.00
car 0.00 0 0.00 575 521 758 624 0.00 0.00 0.00 0.00 0.00 0.00 0.00
car 0.00 0 0.00 651 344 827 447 0.00 0.00 0.00 0.00 0.00 0.00 0.00
car 0.00 0 0.00 685 188 850 286 0.00 0.00 0.00 0.00 0.00 0.00 0.00
car 0.00 0 0.00 741 0 904 68 0.00 0.00 0.00 0.00 0.00 0.00 0.00
pedestrian 0.00 0 0.00 689 49 715 99 0.00 0.00 0.00 0.00 0.00 0.00 0.00
car 0.00 0 0.00 1106 285 1297 387 0.00 0.00 0.00 0.00 0.00 0.00 0.00
pedestrian 0.00 0 0.00 1085 30 1112 77 0.00 0.00 0.00 0.00 0.00 0.00 0.00
car 0.00 0 0.00 1165 0 1339 89 0.00 0.00 0.00 0.00 0.00 0.00 0.00
bicycle 0.00 0 0.00 1174 442 1222 491 0.00 0.00 0.00 0.00 0.00 0.00 0.00
pedestrian 0.00 0 0.00 914 515 952 542 0.00 0.00 0.00 0.00 0.00 0.00 0.00
car 0.00 0 0.00 1002 835 1214 957 0.00 0.00 0.00 0.00 0.00 0.00 0.00
