pedestrian 0.00 0 0.00 235 698 265 759 0.00 0.00 0.00 0.00 0.00 0.00 0.00
pedestrian 0.00 0 0.00 129 988 177 1050 0.00 0.00 0.00 0.00 0.00 0.00 0.00
pedestrian 0.00 0 0.00 517 470 530 497 0.00 0.00 0.00 0.00 0.00 0.00 0.00
pedestrian 0.00 0 0.00 512 660 533 712 0.00 0.00 0.00 0.00 0.00 0.00 0.00
pedestrian 0.00 0 0.00 509 648 529 705 0.00 0.00 0.00 0.00 0.00 0.00 0.00
people 0.00 0 0.00 801 487 813 505 0.00 0.00 0.00 0.00 0.00 0.00 0.00
people 0.00 0 0.00 899 449 909 463 0.00 0.00 0.00 0.00 0.00 0.00 0.00
people 0.00 0 0.00 982 444 991 455 0.00 0.00 0.00 0.00 0.00 0.00 0.00
people 0.00 0 0.00 1068 427 1075 437 0.00 0.00 0.00 0.00 0.00 0.00 0.00
people 0.00 0 0.00 1075 425 1080 435 0.00 0.00 0.00 0.00 0.00 0.00 0.00
pedestrian 0.00 0 0.00 833 374 838 383 0.00 0.00 0.00 0.00 0.00 0.00 0.00
pedestrian 0.00 0 0.00 825 381 829 389 0.00 0.00 0.00 0.00 0.00 0.00 0.00
pedestrian 0.00 0 0.00 821 379 826 390 0.00 0.00 0.00 0.00 0.00 0.00 0.00
people 0.00 0 0.00 650 414 657 425 0.00 0.00 0.00 0.00 0.00 0.00 0.00
pedestrian 0.00 0 0.00 676 413 682 425 0.00 0.00 0.00 0.00 0.00 0.00 0.00
pedestrian 0.00 0 0.00 690 411 698 426 0.00 0.00 0.00 0.00 0.00 0.00 0.00
pedestrian 0.00 0 0.00 662 431 671 449 0.00 0.00 0.00 0.00 0.00 0.00 0.00
pedestrian 0.00 0 0.00 675 431 682 449 0.00 0.00 0.00 0.00 0.00 0.00 0.00
pedestrian 0.00 0 0.00 700 420 709 436 0.00 0.00 0.00 0.00 0.00 0.00 0.00
people 0.00 0 0.00 702 422 708 431 0.00 0.00 0.00 0.00 0.00 0.00 0.00
pedestrian 0.00 0 0.00 723 414 729 429 0.00 0.00 0.00 0.00 0.00 0.00 0.00
pedestrian 0.00 0 0.00 742 412 750 428 0.00 0.00 0.00 0.00 0.00 0.00 0.00
pedestrian 0.00 0 0.00 750 413 756 429 0.00 0.00 0.00 0.00 0.00 0.00 0.00
pedestrian 0.00 0 0.00 713 413 719 425 0.00 0.00 0.00 0.00 0.00 0.00 0.00
pedestrian 0.00 0 0.00 762 417 767 428 0.00 0.00 0.00 0.00 0.00 0.00 0.00
pedestrian 0.00 0 0.00 765 406 770 422 0.00 0.00 0.00 0.00 0.00 0.00 0.00
pedestrian 0.00 0 0.00 769 407 777 422 0.00 0.00 0.00 0.00 0.00 0.00 0.00
pedestrian 0.00 0 0.00 769 422 772 430 0.00 0.00 0.00 0.00 0.00 0.00 0.00
pedestrian 0.00 0 0.00 785 405 791 419 0.00 0.00 0.00 0.00 0.00 0.00 0.00
pedestrian 0.00 0 0.00 783 399 789 412 0.00 0.00 0.00 0.00 0.00 0.00 0.00
people 0.00 0 0.00 760 393 765 402 0.00 0.00 0.00 0.00 0.00 0.00 0.00
people 0.00 0 0.00 708 411 714 425 0.00 0.00 0.00 0.00 0.00 0.00 0.00
pedestrian 0.00 0 0.00 937 424 944 441 0.00 0.00 0.00 0.00 0.00 0.00 0.00
