awning-tricycle 0.00 0 0.00 581 270 638 351 0.00 0.00 0.00 0.00 0.00 0.00 0.00
car 0.00 0 0.00 528 118 606 226 0.00 0.00 0.00 0.00 0.00 0.00 0.00
awning-tricycle 0.00 0 0.00 418 30 478 112 0.00 0.00 0.00 0.00 0.00 0.00 0.00
truck 0.00 0 0.00 445 0 513 41 0.00 0.00 0.00 0.00 0.00 0.00 0.00
car 0.00 0 0.00 323 703 395 793 0.00 0.00 0.00 0.00 0.00 0.00 0.00
bicycle 0.00 0 0.00 432 691 460 731 0.00 0.00 0.00 0.00 0.00 0.00 0.00
awning-tricycle 0.00 0 0.00 466 692 512 769 0.00 0.00 0.00 0.00 0.00 0.00 0.00
car 0.00 0 0.00 552 684 637 813 0.00 0.00 0.00 0.00 0.00 0.00 0.00
car 0.00 0 0.00 779 757 848 855 0.00 0.00 0.00 0.00 0.00 0.00 0.00
car 0.00 0 0.00 906 786 982 914 0.00 0.00 0.00 0.00 0.00 0.00 0.00
van 0.00 0 0.00 997 799 1081 935 0.00 0.00 0.00 0.00 0.00 0.00 0.00
car 0.00 0 0.00 0 604 72 715 0.00 0.00 0.00 0.00 0.00 0.00 0.00
car 0.00 0 0.00 163 657 234 763 0.00 0.00 0.00 0.00 0.00 0.00 0.00
motor 0.00 0 0.00 1169 700 1220 719 0.00 0.00 0.00 0.00 0.00 0.00 0.00
people 0.00 0 0.00 1087 892 1110 907 0.00 0.00 0.00 0.00 0.00 0.00 0.00
people 0.00 0 0.00 1080 913 1110 935 0.00 0.00 0.00 0.00 0.00 0.00 0.00
people 0.00 0 0.00 1161 856 1181 881 0.00 0.00 0.00 0.00 0.00 0.00 0.00
people 0.00 0 0.00 1163 909 1188 929 0.00 0.00 0.00 0.00 0.00 0.00 0.00
car 0.00 0 0.00 1211 851 1280 996 0.00 0.00 0.00 0.00 0.00 0.00 0.00
people 0.00 0 0.00 1476 998 1501 1023 0.00 0.00 0.00 0.00 0.00 0.00 0.00
motor 0.00 0 0.00 1434 1023 1453 1057 0.00 0.00 0.00 0.00 0.00 0.00 0.00
car 0.00 0 0.00 1537 956 1602 1077 0.00 0.00 0.00 0.00 0.00 0.00 0.00
pedestrian 0.00 0 0.00 1770 1038 1804 1058 0.00 0.00 0.00 0.00 0.00 0.00 0.00
people 0.00 0 0.00 1848 1049 1867 1076 0.00 0.00 0.00 0.00 0.00 0.00 0.00
