bus 0.00 0 0.00 626 202 635 214 0.00 0.00 0.00 0.00 0.00 0.00 0.00
car 0.00 0 0.00 631 214 638 221 0.00 0.00 0.00 0.00 0.00 0.00 0.00
bus 0.00 0 0.00 634 221 640 234 0.00 0.00 0.00 0.00 0.00 0.00 0.00
car 0.00 0 0.00 634 235 640 242 0.00 0.00 0.00 0.00 0.00 0.00 0.00
car 0.00 0 0.00 641 219 647 227 0.00 0.00 0.00 0.00 0.00 0.00 0.00
car 0.00 0 0.00 641 247 647 255 0.00 0.00 0.00 0.00 0.00 0.00 0.00
car 0.00 0 0.00 633 244 638 250 0.00 0.00 0.00 0.00 0.00 0.00 0.00
car 0.00 0 0.00 632 250 637 258 0.00 0.00 0.00 0.00 0.00 0.00 0.00
bus 0.00 0 0.00 610 291 617 303 0.00 0.00 0.00 0.00 0.00 0.00 0.00
car 0.00 0 0.00 631 259 637 266 0.00 0.00 0.00 0.00 0.00 0.00 0.00
car 0.00 0 0.00 639 257 644 265 0.00 0.00 0.00 0.00 0.00 0.00 0.00
car 0.00 0 0.00 638 264 644 272 0.00 0.00 0.00 0.00 0.00 0.00 0.00
car 0.00 0 0.00 630 266 635 274 0.00 0.00 0.00 0.00 0.00 0.00 0.00
car 0.00 0 0.00 630 275 635 283 0.00 0.00 0.00 0.00 0.00 0.00 0.00
car 0.00 0 0.00 629 285 634 293 0.00 0.00 0.00 0.00 0.00 0.00 0.00
bus 0.00 0 0.00 637 282 643 294 0.00 0.00 0.00 0.00 0.00 0.00 0.00
bus 0.00 0 0.00 627 294 634 305 0.00 0.00 0.00 0.00 0.00 0.00 0.00
car 0.00 0 0.00 636 295 640 302 0.00 0.00 0.00 0.00 0.00 0.00 0.00
bus 0.00 0 0.00 625 312 631 328 0.00 0.00 0.00 0.00 0.00 0.00 0.00
bus 0.00 0 0.00 632 324 638 336 0.00 0.00 0.00 0.00 0.00 0.00 0.00
bus 0.00 0 0.00 629 336 637 348 0.00 0.00 0.00 0.00 0.00 0.00 0.00
car 0.00 0 0.00 624 331 629 340 0.00 0.00 0.00 0.00 0.00 0.00 0.00
car 0.00 0 0.00 624 339 629 351 0.00 0.00 0.00 0.00 0.00 0.00 0.00
car 0.00 0 0.00 331 391 346 397 0.00 0.00 0.00 0.00 0.00 0.00 0.00
van 0.00 0 0.00 314 378 330 385 0.00 0.00 0.00 0.00 0.00 0.00 0.00
car 0.00 0 0.00 336 379 350 386 0.00 0.00 0.00 0.00 0.00 0.00 0.00
car 0.00 0 0.00 359 376 374 385 0.00 0.00 0.00 0.00 0.00 0.00 0.00
van 0.00 0 0.00 376 368 397 377 0.00 0.00 0.00 0.00 0.00 0.00 0.00
car 0.00 0 0.00 411 373 431 382 0.00 0.00 0.00 0.00 0.00 0.00 0.00
car 0.00 0 0.00 431 379 445 387 0.00 0.00 0.00 0.00 0.00 0.00 0.00
car 0.00 0 0.00 436 371 450 379 0.00 0.00 0.00 0.00 0.00 0.00 0.00
van 0.00 0 0.00 432 367 447 374 0.00 0.00 0.00 0.00 0.00 0.00 0.00
car 0.00 0 0.00 450 381 464 388 0.00 0.00 0.00 0.00 0.00 0.00 0.00
van 0.00 0 0.00 453 373 467 378 0.00 0.00 0.00 0.00 0.00 0.00 0.00
car 0.00 0 0.00 457 367 471 374 0.00 0.00 0.00 0.00 0.00 0.00 0.00
car 0.00 0 0.00 456 365 467 371 0.00 0.00 0.00 0.00 0.00 0.00 0.00
bus 0.00 0 0.00 468 376 505 390 0.00 0.00 0.00 0.00 0.00 0.00 0.00
car 0.00 0 0.00 508 383 522 390 0.00 0.00 0.00 0.00 0.00 0.00 0.00
bus 0.00 0 0.00 505 370 540 386 0.00 0.00 0.00 0.00 0.00 0.00 0.00
car 0.00 0 0.00 526 385 541 391 0.00 0.00 0.00 0.00 0.00 0.00 0.00
car 0.00 0 0.00 470 373 485 379 0.00 0.00 0.00 0.00 0.00 0.00 0.00
car 0.00 0 0.00 474 368 487 373 0.00 0.00 0.00 0.00 0.00 0.00 0.00
car 0.00 0 0.00 475 362 491 371 0.00 0.00 0.00 0.00 0.00 0.00 0.00
van 0.00 0 0.00 492 367 505 373 0.00 0.00 0.00 0.00 0.00 0.00 0.00
car 0.00 0 0.00 488 371 503 378 0.00 0.00 0.00 0.00 0.00 0.00 0.00
car 0.00 0 0.00 500 362 514 368 0.00 0.00 0.00 0.00 0.00 0.00 0.00
car 0.00 0 0.00 512 366 527 373 0.00 0.00 0.00 0.00 0.00 0.00 0.00
van 0.00 0 0.00 529 365 542 373 0.00 0.00 0.00 0.00 0.00 0.00 0.00
bus 0.00 0 0.00 523 359 545 369 0.00 0.00 0.00 0.00 0.00 0.00 0.00
bus 0.00 0 0.00 543 383 561 395 0.00 0.00 0.00 0.00 0.00 0.00 0.00
car 0.00 0 0.00 544 380 558 388 0.00 0.00 0.00 0.00 0.00 0.00 0.00
car 0.00 0 0.00 547 371 560 377 0.00 0.00 0.00 0.00 0.00 0.00 0.00
car 0.00 0 0.00 550 366 564 373 0.00 0.00 0.00 0.00 0.00 0.00 0.00
car 0.00 0 0.00 552 360 564 368 0.00 0.00 0.00 0.00 0.00 0.00 0.00
car 0.00 0 0.00 647 388 662 395 0.00 0.00 0.00 0.00 0.00 0.00 0.00
car 0.00 0 0.00 727 397 741 405 0.00 0.00 0.00 0.00 0.00 0.00 0.00
car 0.00 0 0.00 793 415 807 424 0.00 0.00 0.00 0.00 0.00 0.00 0.00
car 0.00 0 0.00 1369 458 1385 466 0.00 0.00 0.00 0.00 0.00 0.00 0.00
car 0.00 0 0.00 1297 445 1311 454 0.00 0.00 0.00 0.00 0.00 0.00 0.00
van 0.00 0 0.00 1296 454 1312 462 0.00 0.00 0.00 0.00 0.00 0.00 0.00
truck 0.00 0 0.00 1204 461 1230 472 0.00 0.00 0.00 0.00 0.00 0.00 0.00
car 0.00 0 0.00 1151 448 1166 456 0.00 0.00 0.00 0.00 0.00 0.00 0.00
car 0.00 0 0.00 1088 488 1104 497 0.00 0.00 0.00 0.00 0.00 0.00 0.00
car 0.00 0 0.00 1063 488 1079 495 0.00 0.00 0.00 0.00 0.00 0.00 0.00
van 0.00 0 0.00 1010 470 1029 481 0.00 0.00 0.00 0.00 0.00 0.00 0.00
car 0.00 0 0.00 1007 485 1021 491 0.00 0.00 0.00 0.00 0.00 0.00 0.00
car 0.00 0 0.00 982 479 998 487 0.00 0.00 0.00 0.00 0.00 0.00 0.00
car 0.00 0 0.00 877 430 892 439 0.00 0.00 0.00 0.00 0.00 0.00 0.00
van 0.00 0 0.00 850 434 868 446 0.00 0.00 0.00 0.00 0.00 0.00 0.00
van 0.00 0 0.00 859 448 874 458 0.00 0.00 0.00 0.00 0.00 0.00 0.00
van 0.00 0 0.00 846 451 860 459 0.00 0.00 0.00 0.00 0.00 0.00 0.00
car 0.00 0 0.00 842 455 857 465 0.00 0.00 0.00 0.00 0.00 0.00 0.00
van 0.00 0 0.00 837 441 852 450 0.00 0.00 0.00 0.00 0.00 0.00 0.00
car 0.00 0 0.00 819 437 834 445 0.00 0.00 0.00 0.00 0.00 0.00 0.00
van 0.00 0 0.00 822 445 836 453 0.00 0.00 0.00 0.00 0.00 0.00 0.00
car 0.00 0 0.00 802 433 816 440 0.00 0.00 0.00 0.00 0.00 0.00 0.00
car 0.00 0 0.00 797 438 811 445 0.00 0.00 0.00 0.00 0.00 0.00 0.00
car 0.00 0 0.00 795 445 810 451 0.00 0.00 0.00 0.00 0.00 0.00 0.00
car 0.00 0 0.00 775 439 790 448 0.00 0.00 0.00 0.00 0.00 0.00 0.00
car 0.00 0 0.00 778 433 791 441 0.00 0.00 0.00 0.00 0.00 0.00 0.00
car 0.00 0 0.00 781 427 796 436 0.00 0.00 0.00 0.00 0.00 0.00 0.00
car 0.00 0 0.00 591 481 600 492 0.00 0.00 0.00 0.00 0.00 0.00 0.00
car 0.00 0 0.00 625 479 636 492 0.00 0.00 0.00 0.00 0.00 0.00 0.00
car 0.00 0 0.00 648 453 663 463 0.00 0.00 0.00 0.00 0.00 0.00 0.00
van 0.00 0 0.00 695 394 707 402 0.00 0.00 0.00 0.00 0.00 0.00 0.00
van 0.00 0 0.00 697 406 712 417 0.00 0.00 0.00 0.00 0.00 0.00 0.00
van 0.00 0 0.00 697 414 710 421 0.00 0.00 0.00 0.00 0.00 0.00 0.00
van 0.00 0 0.00 738 416 753 425 0.00 0.00 0.00 0.00 0.00 0.00 0.00
car 0.00 0 0.00 733 423 747 431 0.00 0.00 0.00 0.00 0.00 0.00 0.00
car 0.00 0 0.00 718 412 732 420 0.00 0.00 0.00 0.00 0.00 0.00 0.00
car 0.00 0 0.00 715 417 729 425 0.00 0.00 0.00 0.00 0.00 0.00 0.00
van 0.00 0 0.00 712 432 725 438 0.00 0.00 0.00 0.00 0.00 0.00 0.00
van 0.00 0 0.00 714 424 728 432 0.00 0.00 0.00 0.00 0.00 0.00 0.00
car 0.00 0 0.00 689 427 704 435 0.00 0.00 0.00 0.00 0.00 0.00 0.00
car 0.00 0 0.00 694 422 711 429 0.00 0.00 0.00 0.00 0.00 0.00 0.00
truck 0.00 0 0.00 616 508 628 532 0.00 0.00 0.00 0.00 0.00 0.00 0.00
pedestrian 0.00 0 0.00 1248 544 1253 550 0.00 0.00 0.00 0.00 0.00 0.00 0.00
pedestrian 0.00 0 0.00 1295 614 1299 618 0.00 0.00 0.00 0.00 0.00 0.00 0.00
pedestrian 0.00 0 0.00 1334 611 1338 615 0.00 0.00 0.00 0.00 0.00 0.00 0.00
pedestrian 0.00 0 0.00 489 690 492 695 0.00 0.00 0.00 0.00 0.00 0.00 0.00
pedestrian 0.00 0 0.00 498 761 501 768 0.00 0.00 0.00 0.00 0.00 0.00 0.00
van 0.00 0 0.00 523 692 535 706 0.00 0.00 0.00 0.00 0.00 0.00 0.00
car 0.00 0 0.00 590 636 600 655 0.00 0.00 0.00 0.00 0.00 0.00 0.00
car 0.00 0 0.00 578 754 586 773 0.00 0.00 0.00 0.00 0.00 0.00 0.00
van 0.00 0 0.00 525 755 536 773 0.00 0.00 0.00 0.00 0.00 0.00 0.00
car 0.00 0 0.00 547 756 556 774 0.00 0.00 0.00 0.00 0.00 0.00 0.00
car 0.00 0 0.00 559 766 568 784 0.00 0.00 0.00 0.00 0.00 0.00 0.00
car 0.00 0 0.00 534 717 543 736 0.00 0.00 0.00 0.00 0.00 0.00 0.00
car 0.00 0 0.00 553 709 560 727 0.00 0.00 0.00 0.00 0.00 0.00 0.00
car 0.00 0 0.00 551 733 559 749 0.00 0.00 0.00 0.00 0.00 0.00 0.00
van 0.00 0 0.00 564 711 571 728 0.00 0.00 0.00 0.00 0.00 0.00 0.00
