car 0.00 0 0.00 656 377 714 397 0.00 0.00 0.00 0.00 0.00 0.00 0.00
car 0.00 0 0.00 624 382 646 426 0.00 0.00 0.00 0.00 0.00 0.00 0.00
car 0.00 0 0.00 650 265 704 288 0.00 0.00 0.00 0.00 0.00 0.00 0.00
car 0.00 0 0.00 653 236 703 260 0.00 0.00 0.00 0.00 0.00 0.00 0.00
car 0.00 0 0.00 648 179 709 203 0.00 0.00 0.00 0.00 0.00 0.00 0.00
car 0.00 0 0.00 525 146 579 183 0.00 0.00 0.00 0.00 0.00 0.00 0.00
car 0.00 0 0.00 540 210 567 260 0.00 0.00 0.00 0.00 0.00 0.00 0.00
car 0.00 0 0.00 655 292 712 315 0.00 0.00 0.00 0.00 0.00 0.00 0.00
car 0.00 0 0.00 662 322 713 348 0.00 0.00 0.00 0.00 0.00 0.00 0.00
car 0.00 0 0.00 667 498 725 524 0.00 0.00 0.00 0.00 0.00 0.00 0.00
car 0.00 0 0.00 539 262 562 315 0.00 0.00 0.00 0.00 0.00 0.00 0.00
car 0.00 0 0.00 210 159 255 181 0.00 0.00 0.00 0.00 0.00 0.00 0.00
car 0.00 0 0.00 656 206 703 232 0.00 0.00 0.00 0.00 0.00 0.00 0.00
van 0.00 0 0.00 664 347 716 371 0.00 0.00 0.00 0.00 0.00 0.00 0.00
van 0.00 0 0.00 656 406 715 429 0.00 0.00 0.00 0.00 0.00 0.00 0.00
van 0.00 0 0.00 659 435 715 460 0.00 0.00 0.00 0.00 0.00 0.00 0.00
van 0.00 0 0.00 658 468 715 493 0.00 0.00 0.00 0.00 0.00 0.00 0.00
pedestrian 0.00 0 0.00 779 726 791 736 0.00 0.00 0.00 0.00 0.00 0.00 0.00
