motor 0.00 0 0.00 443 629 451 644 0.00 0.00 0.00 0.00 0.00 0.00 0.00
motor 0.00 0 0.00 434 628 442 644 0.00 0.00 0.00 0.00 0.00 0.00 0.00
people 0.00 0 0.00 436 630 442 640 0.00 0.00 0.00 0.00 0.00 0.00 0.00
people 0.00 0 0.00 444 629 450 639 0.00 0.00 0.00 0.00 0.00 0.00 0.00
car 0.00 0 0.00 318 759 373 797 0.00 0.00 0.00 0.00 0.00 0.00 0.00
car 0.00 0 0.00 310 843 372 867 0.00 0.00 0.00 0.00 0.00 0.00 0.00
car 0.00 0 0.00 133 831 201 863 0.00 0.00 0.00 0.00 0.00 0.00 0.00
car 0.00 0 0.00 1 841 55 868 0.00 0.00 0.00 0.00 0.00 0.00 0.00
car 0.00 0 0.00 569 951 632 995 0.00 0.00 0.00 0.00 0.00 0.00 0.00
car 0.00 0 0.00 667 923 727 950 0.00 0.00 0.00 0.00 0.00 0.00 0.00
car 0.00 0 0.00 567 678 602 723 0.00 0.00 0.00 0.00 0.00 0.00 0.00
car 0.00 0 0.00 530 595 558 640 0.00 0.00 0.00 0.00 0.00 0.00 0.00
car 0.00 0 0.00 561 602 586 650 0.00 0.00 0.00 0.00 0.00 0.00 0.00
motor 0.00 0 0.00 820 716 827 731 0.00 0.00 0.00 0.00 0.00 0.00 0.00
motor 0.00 0 0.00 803 713 811 729 0.00 0.00 0.00 0.00 0.00 0.00 0.00
people 0.00 0 0.00 821 717 828 724 0.00 0.00 0.00 0.00 0.00 0.00 0.00
people 0.00 0 0.00 804 713 811 721 0.00 0.00 0.00 0.00 0.00 0.00 0.00
car 0.00 0 0.00 544 544 570 588 0.00 0.00 0.00 0.00 0.00 0.00 0.00
car 0.00 0 0.00 614 285 636 319 0.00 0.00 0.00 0.00 0.00 0.00 0.00
car 0.00 0 0.00 631 213 651 244 0.00 0.00 0.00 0.00 0.00 0.00 0.00
car 0.00 0 0.00 653 177 669 210 0.00 0.00 0.00 0.00 0.00 0.00 0.00
car 0.00 0 0.00 623 166 642 194 0.00 0.00 0.00 0.00 0.00 0.00 0.00
car 0.00 0 0.00 877 949 946 979 0.00 0.00 0.00 0.00 0.00 0.00 0.00
car 0.00 0 0.00 1006 966 1072 999 0.00 0.00 0.00 0.00 0.00 0.00 0.00
