car 0.00 0 0.00 24 220 90 289 0.00 0.00 0.00 0.00 0.00 0.00 0.00
car 0.00 0 0.00 65 107 126 163 0.00 0.00 0.00 0.00 0.00 0.00 0.00
car 0.00 0 0.00 491 102 554 145 0.00 0.00 0.00 0.00 0.00 0.00 0.00
motor 0.00 0 0.00 645 492 666 531 0.00 0.00 0.00 0.00 0.00 0.00 0.00
pedestrian 0.00 0 0.00 609 389 632 418 0.00 0.00 0.00 0.00 0.00 0.00 0.00
pedestrian 0.00 0 0.00 662 168 678 195 0.00 0.00 0.00 0.00 0.00 0.00 0.00
car 0.00 0 0.00 675 205 760 243 0.00 0.00 0.00 0.00 0.00 0.00 0.00
car 0.00 0 0.00 813 169 889 209 0.00 0.00 0.00 0.00 0.00 0.00 0.00
truck 0.00 0 0.00 781 284 921 379 0.00 0.00 0.00 0.00 0.00 0.00 0.00
van 0.00 0 0.00 827 552 970 620 0.00 0.00 0.00 0.00 0.00 0.00 0.00
truck 0.00 0 0.00 838 882 1060 1024 0.00 0.00 0.00 0.00 0.00 0.00 0.00
car 0.00 0 0.00 1324 541 1400 610 0.00 0.00 0.00 0.00 0.00 0.00 0.00
car 0.00 0 0.00 1262 474 1400 544 0.00 0.00 0.00 0.00 0.00 0.00 0.00
car 0.00 0 0.00 1253 432 1372 483 0.00 0.00 0.00 0.00 0.00 0.00 0.00
car 0.00 0 0.00 1237 383 1328 428 0.00 0.00 0.00 0.00 0.00 0.00 0.00
car 0.00 0 0.00 1074 305 1171 348 0.00 0.00 0.00 0.00 0.00 0.00 0.00
car 0.00 0 0.00 1173 299 1285 342 0.00 0.00 0.00 0.00 0.00 0.00 0.00
van 0.00 0 0.00 1276 232 1357 295 0.00 0.00 0.00 0.00 0.00 0.00 0.00
van 0.00 0 0.00 1057 267 1154 310 0.00 0.00 0.00 0.00 0.00 0.00 0.00
van 0.00 0 0.00 1173 261 1276 306 0.00 0.00 0.00 0.00 0.00 0.00 0.00
pedestrian 0.00 0 0.00 1109 234 1129 270 0.00 0.00 0.00 0.00 0.00 0.00 0.00
tricycle 0.00 0 0.00 995 144 1024 163 0.00 0.00 0.00 0.00 0.00 0.00 0.00
pedestrian 0.00 0 0.00 1023 134 1035 157 0.00 0.00 0.00 0.00 0.00 0.00 0.00
bicycle 0.00 0 0.00 1377 131 1398 154 0.00 0.00 0.00 0.00 0.00 0.00 0.00
pedestrian 0.00 0 0.00 1390 131 1400 150 0.00 0.00 0.00 0.00 0.00 0.00 0.00
car 0.00 0 0.00 861 48 928 80 0.00 0.00 0.00 0.00 0.00 0.00 0.00
