car 0.00 0 0.00 536 329 600 400 0.00 0.00 0.00 0.00 0.00 0.00 0.00
car 0.00 0 0.00 570 689 691 876 0.00 0.00 0.00 0.00 0.00 0.00 0.00
car 0.00 0 0.00 1149 725 1400 880 0.00 0.00 0.00 0.00 0.00 0.00 0.00
car 0.00 0 0.00 541 894 684 1050 0.00 0.00 0.00 0.00 0.00 0.00 0.00
car 0.00 0 0.00 1072 650 1296 775 0.00 0.00 0.00 0.00 0.00 0.00 0.00
car 0.00 0 0.00 607 525 703 647 0.00 0.00 0.00 0.00 0.00 0.00 0.00
car 0.00 0 0.00 624 429 699 526 0.00 0.00 0.00 0.00 0.00 0.00 0.00
car 0.00 0 0.00 629 369 708 429 0.00 0.00 0.00 0.00 0.00 0.00 0.00
car 0.00 0 0.00 619 257 723 317 0.00 0.00 0.00 0.00 0.00 0.00 0.00
car 0.00 0 0.00 1068 561 1268 666 0.00 0.00 0.00 0.00 0.00 0.00 0.00
car 0.00 0 0.00 1024 515 1224 604 0.00 0.00 0.00 0.00 0.00 0.00 0.00
car 0.00 0 0.00 1002 466 1207 553 0.00 0.00 0.00 0.00 0.00 0.00 0.00
car 0.00 0 0.00 1000 413 1156 489 0.00 0.00 0.00 0.00 0.00 0.00 0.00
van 0.00 0 0.00 940 337 1108 435 0.00 0.00 0.00 0.00 0.00 0.00 0.00
car 0.00 0 0.00 940 329 1039 384 0.00 0.00 0.00 0.00 0.00 0.00 0.00
car 0.00 0 0.00 918 285 1053 345 0.00 0.00 0.00 0.00 0.00 0.00 0.00
car 0.00 0 0.00 917 262 1036 315 0.00 0.00 0.00 0.00 0.00 0.00 0.00
car 0.00 0 0.00 912 244 1009 286 0.00 0.00 0.00 0.00 0.00 0.00 0.00
car 0.00 0 0.00 672 205 738 250 0.00 0.00 0.00 0.00 0.00 0.00 0.00
car 0.00 0 0.00 886 228 988 266 0.00 0.00 0.00 0.00 0.00 0.00 0.00
car 0.00 0 0.00 878 204 961 238 0.00 0.00 0.00 0.00 0.00 0.00 0.00
car 0.00 0 0.00 865 192 954 224 0.00 0.00 0.00 0.00 0.00 0.00 0.00
car 0.00 0 0.00 851 177 948 211 0.00 0.00 0.00 0.00 0.00 0.00 0.00
car 0.00 0 0.00 852 158 937 194 0.00 0.00 0.00 0.00 0.00 0.00 0.00
car 0.00 0 0.00 844 138 920 166 0.00 0.00 0.00 0.00 0.00 0.00 0.00
car 0.00 0 0.00 831 117 902 148 0.00 0.00 0.00 0.00 0.00 0.00 0.00
car 0.00 0 0.00 819 108 890 139 0.00 0.00 0.00 0.00 0.00 0.00 0.00
car 0.00 0 0.00 757 164 816 215 0.00 0.00 0.00 0.00 0.00 0.00 0.00
car 0.00 0 0.00 670 175 730 216 0.00 0.00 0.00 0.00 0.00 0.00 0.00
car 0.00 0 0.00 673 154 719 188 0.00 0.00 0.00 0.00 0.00 0.00 0.00
car 0.00 0 0.00 672 125 726 156 0.00 0.00 0.00 0.00 0.00 0.00 0.00
car 0.00 0 0.00 631 83 663 112 0.00 0.00 0.00 0.00 0.00 0.00 0.00
car 0.00 0 0.00 663 103 700 132 0.00 0.00 0.00 0.00 0.00 0.00 0.00
car 0.00 0 0.00 804 68 831 92 0.00 0.00 0.00 0.00 0.00 0.00 0.00
car 0.00 0 0.00 793 61 826 83 0.00 0.00 0.00 0.00 0.00 0.00 0.00
car 0.00 0 0.00 782 49 808 69 0.00 0.00 0.00 0.00 0.00 0.00 0.00
car 0.00 0 0.00 774 43 799 63 0.00 0.00 0.00 0.00 0.00 0.00 0.00
car 0.00 0 0.00 760 35 784 51 0.00 0.00 0.00 0.00 0.00 0.00 0.00
car 0.00 0 0.00 752 31 778 47 0.00 0.00 0.00 0.00 0.00 0.00 0.00
car 0.00 0 0.00 740 24 770 41 0.00 0.00 0.00 0.00 0.00 0.00 0.00
car 0.00 0 0.00 721 19 749 36 0.00 0.00 0.00 0.00 0.00 0.00 0.00
car 0.00 0 0.00 714 8 737 26 0.00 0.00 0.00 0.00 0.00 0.00 0.00
car 0.00 0 0.00 667 74 694 98 0.00 0.00 0.00 0.00 0.00 0.00 0.00
car 0.00 0 0.00 653 63 686 84 0.00 0.00 0.00 0.00 0.00 0.00 0.00
car 0.00 0 0.00 650 50 683 72 0.00 0.00 0.00 0.00 0.00 0.00 0.00
car 0.00 0 0.00 655 38 689 61 0.00 0.00 0.00 0.00 0.00 0.00 0.00
car 0.00 0 0.00 644 28 671 54 0.00 0.00 0.00 0.00 0.00 0.00 0.00
