truck 0.00 0 0.00 1272 298 1344 344 0.00 0.00 0.00 0.00 0.00 0.00 0.00
people 0.00 0 0.00 1186 406 1202 442 0.00 0.00 0.00 0.00 0.00 0.00 0.00
bicycle 0.00 0 0.00 1185 419 1201 448 0.00 0.00 0.00 0.00 0.00 0.00 0.00
car 0.00 0 0.00 1116 409 1176 461 0.00 0.00 0.00 0.00 0.00 0.00 0.00
car 0.00 0 0.00 1053 450 1129 504 0.00 0.00 0.00 0.00 0.00 0.00 0.00
car 0.00 0 0.00 816 666 931 754 0.00 0.00 0.00 0.00 0.00 0.00 0.00
car 0.00 0 0.00 727 751 862 855 0.00 0.00 0.00 0.00 0.00 0.00 0.00
car 0.00 0 0.00 618 857 776 989 0.00 0.00 0.00 0.00 0.00 0.00 0.00
car 0.00 0 0.00 615 1024 833 1264 0.00 0.00 0.00 0.00 0.00 0.00 0.00
car 0.00 0 0.00 376 1050 602 1273 0.00 0.00 0.00 0.00 0.00 0.00 0.00
car 0.00 0 0.00 862 1262 1061 1500 0.00 0.00 0.00 0.00 0.00 0.00 0.00
car 0.00 0 0.00 1602 273 1660 308 0.00 0.00 0.00 0.00 0.00 0.00 0.00
car 0.00 0 0.00 1716 283 1789 322 0.00 0.00 0.00 0.00 0.00 0.00 0.00
