bus 0.00 0 0.00 232 116 244 129 0.00 0.00 0.00 0.00 0.00 0.00 0.00
pedestrian 0.00 0 0.00 284 170 287 176 0.00 0.00 0.00 0.00 0.00 0.00 0.00
car 0.00 0 0.00 272 174 281 180 0.00 0.00 0.00 0.00 0.00 0.00 0.00
pedestrian 0.00 0 0.00 326 197 331 204 0.00 0.00 0.00 0.00 0.00 0.00 0.00
car 0.00 0 0.00 324 214 335 223 0.00 0.00 0.00 0.00 0.00 0.00 0.00
car 0.00 0 0.00 248 208 265 222 0.00 0.00 0.00 0.00 0.00 0.00 0.00
pedestrian 0.00 0 0.00 250 243 256 253 0.00 0.00 0.00 0.00 0.00 0.00 0.00
pedestrian 0.00 0 0.00 274 269 278 278 0.00 0.00 0.00 0.00 0.00 0.00 0.00
pedestrian 0.00 0 0.00 276 270 279 278 0.00 0.00 0.00 0.00 0.00 0.00 0.00
pedestrian 0.00 0 0.00 280 273 283 282 0.00 0.00 0.00 0.00 0.00 0.00 0.00
pedestrian 0.00 0 0.00 283 273 286 281 0.00 0.00 0.00 0.00 0.00 0.00 0.00
pedestrian 0.00 0 0.00 284 282 287 291 0.00 0.00 0.00 0.00 0.00 0.00 0.00
pedestrian 0.00 0 0.00 352 277 355 287 0.00 0.00 0.00 0.00 0.00 0.00 0.00
pedestrian 0.00 0 0.00 288 334 291 344 0.00 0.00 0.00 0.00 0.00 0.00 0.00
car 0.00 0 0.00 327 302 357 314 0.00 0.00 0.00 0.00 0.00 0.00 0.00
car 0.00 0 0.00 385 294 410 305 0.00 0.00 0.00 0.00 0.00 0.00 0.00
van 0.00 0 0.00 455 323 476 341 0.00 0.00 0.00 0.00 0.00 0.00 0.00
van 0.00 0 0.00 400 334 418 349 0.00 0.00 0.00 0.00 0.00 0.00 0.00
van 0.00 0 0.00 367 357 385 376 0.00 0.00 0.00 0.00 0.00 0.00 0.00
van 0.00 0 0.00 415 347 433 364 0.00 0.00 0.00 0.00 0.00 0.00 0.00
car 0.00 0 0.00 333 348 351 364 0.00 0.00 0.00 0.00 0.00 0.00 0.00
car 0.00 0 0.00 358 343 375 358 0.00 0.00 0.00 0.00 0.00 0.00 0.00
pedestrian 0.00 0 0.00 508 325 511 337 0.00 0.00 0.00 0.00 0.00 0.00 0.00
pedestrian 0.00 0 0.00 510 325 514 336 0.00 0.00 0.00 0.00 0.00 0.00 0.00
pedestrian 0.00 0 0.00 592 407 597 420 0.00 0.00 0.00 0.00 0.00 0.00 0.00
car 0.00 0 0.00 498 372 519 392 0.00 0.00 0.00 0.00 0.00 0.00 0.00
car 0.00 0 0.00 538 433 561 457 0.00 0.00 0.00 0.00 0.00 0.00 0.00
van 0.00 0 0.00 579 556 605 592 0.00 0.00 0.00 0.00 0.00 0.00 0.00
truck 0.00 0 0.00 724 708 787 787 0.00 0.00 0.00 0.00 0.00 0.00 0.00
pedestrian 0.00 0 0.00 766 693 774 712 0.00 0.00 0.00 0.00 0.00 0.00 0.00
car 0.00 0 0.00 649 738 685 787 0.00 0.00 0.00 0.00 0.00 0.00 0.00
pedestrian 0.00 0 0.00 359 759 367 780 0.00 0.00 0.00 0.00 0.00 0.00 0.00
bicycle 0.00 0 0.00 333 760 340 781 0.00 0.00 0.00 0.00 0.00 0.00 0.00
pedestrian 0.00 0 0.00 344 645 351 663 0.00 0.00 0.00 0.00 0.00 0.00 0.00
pedestrian 0.00 0 0.00 352 637 358 654 0.00 0.00 0.00 0.00 0.00 0.00 0.00
pedestrian 0.00 0 0.00 293 596 300 612 0.00 0.00 0.00 0.00 0.00 0.00 0.00
pedestrian 0.00 0 0.00 338 632 345 650 0.00 0.00 0.00 0.00 0.00 0.00 0.00
pedestrian 0.00 0 0.00 351 577 358 595 0.00 0.00 0.00 0.00 0.00 0.00 0.00
people 0.00 0 0.00 143 655 153 672 0.00 0.00 0.00 0.00 0.00 0.00 0.00
people 0.00 0 0.00 158 652 168 671 0.00 0.00 0.00 0.00 0.00 0.00 0.00
people 0.00 0 0.00 111 663 121 679 0.00 0.00 0.00 0.00 0.00 0.00 0.00
people 0.00 0 0.00 128 660 140 674 0.00 0.00 0.00 0.00 0.00 0.00 0.00
people 0.00 0 0.00 90 639 101 656 0.00 0.00 0.00 0.00 0.00 0.00 0.00
pedestrian 0.00 0 0.00 219 406 227 419 0.00 0.00 0.00 0.00 0.00 0.00 0.00
pedestrian 0.00 0 0.00 223 395 231 411 0.00 0.00 0.00 0.00 0.00 0.00 0.00
pedestrian 0.00 0 0.00 204 400 210 415 0.00 0.00 0.00 0.00 0.00 0.00 0.00
pedestrian 0.00 0 0.00 196 417 205 431 0.00 0.00 0.00 0.00 0.00 0.00 0.00
pedestrian 0.00 0 0.00 178 417 187 434 0.00 0.00 0.00 0.00 0.00 0.00 0.00
pedestrian 0.00 0 0.00 159 428 168 442 0.00 0.00 0.00 0.00 0.00 0.00 0.00
pedestrian 0.00 0 0.00 151 431 157 442 0.00 0.00 0.00 0.00 0.00 0.00 0.00
pedestrian 0.00 0 0.00 156 424 164 438 0.00 0.00 0.00 0.00 0.00 0.00 0.00
pedestrian 0.00 0 0.00 144 413 149 427 0.00 0.00 0.00 0.00 0.00 0.00 0.00
pedestrian 0.00 0 0.00 144 422 151 439 0.00 0.00 0.00 0.00 0.00 0.00 0.00
pedestrian 0.00 0 0.00 133 416 141 429 0.00 0.00 0.00 0.00 0.00 0.00 0.00
pedestrian 0.00 0 0.00 68 653 81 672 0.00 0.00 0.00 0.00 0.00 0.00 0.00
pedestrian 0.00 0 0.00 23 660 36 682 0.00 0.00 0.00 0.00 0.00 0.00 0.00
pedestrian 0.00 0 0.00 38 747 51 768 0.00 0.00 0.00 0.00 0.00 0.00 0.00
pedestrian 0.00 0 0.00 68 716 78 735 0.00 0.00 0.00 0.00 0.00 0.00 0.00
people 0.00 0 0.00 99 759 110 778 0.00 0.00 0.00 0.00 0.00 0.00 0.00
people 0.00 0 0.00 108 700 119 713 0.00 0.00 0.00 0.00 0.00 0.00 0.00
