car 0.00 0 0.00 1768 425 1794 442 0.00 0.00 0.00 0.00 0.00 0.00 0.00
van 0.00 0 0.00 1780 433 1803 453 0.00 0.00 0.00 0.00 0.00 0.00 0.00
van 0.00 0 0.00 1783 446 1805 468 0.00 0.00 0.00 0.00 0.00 0.00 0.00
car 0.00 0 0.00 1783 462 1807 482 0.00 0.00 0.00 0.00 0.00 0.00 0.00
car 0.00 0 0.00 1804 485 1864 506 0.00 0.00 0.00 0.00 0.00 0.00 0.00
car 0.00 0 0.00 1806 495 1862 518 0.00 0.00 0.00 0.00 0.00 0.00 0.00
pedestrian 0.00 0 0.00 1721 493 1728 507 0.00 0.00 0.00 0.00 0.00 0.00 0.00
pedestrian 0.00 0 0.00 1710 490 1718 506 0.00 0.00 0.00 0.00 0.00 0.00 0.00
car 0.00 0 0.00 1820 594 1891 619 0.00 0.00 0.00 0.00 0.00 0.00 0.00
people 0.00 0 0.00 1770 639 1782 653 0.00 0.00 0.00 0.00 0.00 0.00 0.00
people 0.00 0 0.00 1779 644 1791 660 0.00 0.00 0.00 0.00 0.00 0.00 0.00
pedestrian 0.00 0 0.00 1802 673 1814 697 0.00 0.00 0.00 0.00 0.00 0.00 0.00
pedestrian 0.00 0 0.00 1794 671 1806 699 0.00 0.00 0.00 0.00 0.00 0.00 0.00
van 0.00 0 0.00 1860 658 1920 698 0.00 0.00 0.00 0.00 0.00 0.00 0.00
car 0.00 0 0.00 1922 714 1991 755 0.00 0.00 0.00 0.00 0.00 0.00 0.00
car 0.00 0 0.00 1675 1046 1781 1100 0.00 0.00 0.00 0.00 0.00 0.00 0.00
car 0.00 0 0.00 1820 1045 1934 1098 0.00 0.00 0.00 0.00 0.00 0.00 0.00
pedestrian 0.00 0 0.00 1724 1172 1751 1209 0.00 0.00 0.00 0.00 0.00 0.00 0.00
car 0.00 0 0.00 1728 1200 1866 1259 0.00 0.00 0.00 0.00 0.00 0.00 0.00
car 0.00 0 0.00 1543 1190 1687 1254 0.00 0.00 0.00 0.00 0.00 0.00 0.00
car 0.00 0 0.00 1433 459 1473 477 0.00 0.00 0.00 0.00 0.00 0.00 0.00
car 0.00 0 0.00 1448 466 1490 483 0.00 0.00 0.00 0.00 0.00 0.00 0.00
car 0.00 0 0.00 1460 472 1506 492 0.00 0.00 0.00 0.00 0.00 0.00 0.00
car 0.00 0 0.00 1492 485 1536 507 0.00 0.00 0.00 0.00 0.00 0.00 0.00
car 0.00 0 0.00 1427 489 1463 512 0.00 0.00 0.00 0.00 0.00 0.00 0.00
car 0.00 0 0.00 1390 578 1435 607 0.00 0.00 0.00 0.00 0.00 0.00 0.00
car 0.00 0 0.00 1535 568 1596 594 0.00 0.00 0.00 0.00 0.00 0.00 0.00
car 0.00 0 0.00 1521 577 1581 604 0.00 0.00 0.00 0.00 0.00 0.00 0.00
van 0.00 0 0.00 1496 581 1564 613 0.00 0.00 0.00 0.00 0.00 0.00 0.00
car 0.00 0 0.00 1276 623 1349 652 0.00 0.00 0.00 0.00 0.00 0.00 0.00
car 0.00 0 0.00 1270 637 1344 665 0.00 0.00 0.00 0.00 0.00 0.00 0.00
truck 0.00 0 0.00 1267 660 1361 711 0.00 0.00 0.00 0.00 0.00 0.00 0.00
awning-tricycle 0.00 0 0.00 1274 702 1310 719 0.00 0.00 0.00 0.00 0.00 0.00 0.00
car 0.00 0 0.00 1436 650 1499 671 0.00 0.00 0.00 0.00 0.00 0.00 0.00
car 0.00 0 0.00 1434 663 1515 690 0.00 0.00 0.00 0.00 0.00 0.00 0.00
car 0.00 0 0.00 1444 677 1515 709 0.00 0.00 0.00 0.00 0.00 0.00 0.00
car 0.00 0 0.00 1473 818 1558 858 0.00 0.00 0.00 0.00 0.00 0.00 0.00
truck 0.00 0 0.00 1491 830 1610 892 0.00 0.00 0.00 0.00 0.00 0.00 0.00
car 0.00 0 0.00 1236 1024 1350 1076 0.00 0.00 0.00 0.00 0.00 0.00 0.00
car 0.00 0 0.00 1351 980 1428 1043 0.00 0.00 0.00 0.00 0.00 0.00 0.00
car 0.00 0 0.00 1387 1178 1526 1243 0.00 0.00 0.00 0.00 0.00 0.00 0.00
pedestrian 0.00 0 0.00 1359 1247 1376 1295 0.00 0.00 0.00 0.00 0.00 0.00 0.00
people 0.00 0 0.00 1330 1236 1354 1278 0.00 0.00 0.00 0.00 0.00 0.00 0.00
bicycle 0.00 0 0.00 1335 1251 1354 1294 0.00 0.00 0.00 0.00 0.00 0.00 0.00
pedestrian 0.00 0 0.00 1226 1220 1244 1255 0.00 0.00 0.00 0.00 0.00 0.00 0.00
pedestrian 0.00 0 0.00 1268 1205 1289 1244 0.00 0.00 0.00 0.00 0.00 0.00 0.00
motor 0.00 0 0.00 1252 1189 1282 1226 0.00 0.00 0.00 0.00 0.00 0.00 0.00
pedestrian 0.00 0 0.00 1232 1145 1246 1181 0.00 0.00 0.00 0.00 0.00 0.00 0.00
pedestrian 0.00 0 0.00 1197 1130 1209 1166 0.00 0.00 0.00 0.00 0.00 0.00 0.00
pedestrian 0.00 0 0.00 1224 1128 1240 1163 0.00 0.00 0.00 0.00 0.00 0.00 0.00
pedestrian 0.00 0 0.00 1224 1115 1242 1151 0.00 0.00 0.00 0.00 0.00 0.00 0.00
pedestrian 0.00 0 0.00 1207 1111 1221 1146 0.00 0.00 0.00 0.00 0.00 0.00 0.00
pedestrian 0.00 0 0.00 1215 1099 1236 1133 0.00 0.00 0.00 0.00 0.00 0.00 0.00
motor 0.00 0 0.00 1182 1446 1243 1500 0.00 0.00 0.00 0.00 0.00 0.00 0.00
awning-tricycle 0.00 0 0.00 1255 1391 1290 1497 0.00 0.00 0.00 0.00 0.00 0.00 0.00
van 0.00 0 0.00 1121 1164 1230 1251 0.00 0.00 0.00 0.00 0.00 0.00 0.00
car 0.00 0 0.00 959 1016 1069 1067 0.00 0.00 0.00 0.00 0.00 0.00 0.00
car 0.00 0 0.00 1117 1020 1186 1080 0.00 0.00 0.00 0.00 0.00 0.00 0.00
car 0.00 0 0.00 802 356 820 371 0.00 0.00 0.00 0.00 0.00 0.00 0.00
car 0.00 0 0.00 680 397 710 412 0.00 0.00 0.00 0.00 0.00 0.00 0.00
pedestrian 0.00 0 0.00 778 458 783 475 0.00 0.00 0.00 0.00 0.00 0.00 0.00
car 0.00 0 0.00 843 526 887 546 0.00 0.00 0.00 0.00 0.00 0.00 0.00
car 0.00 0 0.00 769 573 825 597 0.00 0.00 0.00 0.00 0.00 0.00 0.00
car 0.00 0 0.00 751 583 806 608 0.00 0.00 0.00 0.00 0.00 0.00 0.00
car 0.00 0 0.00 735 593 791 620 0.00 0.00 0.00 0.00 0.00 0.00 0.00
car 0.00 0 0.00 720 605 778 632 0.00 0.00 0.00 0.00 0.00 0.00 0.00
car 0.00 0 0.00 700 619 767 645 0.00 0.00 0.00 0.00 0.00 0.00 0.00
truck 0.00 0 0.00 773 617 826 675 0.00 0.00 0.00 0.00 0.00 0.00 0.00
awning-tricycle 0.00 0 0.00 817 661 840 687 0.00 0.00 0.00 0.00 0.00 0.00 0.00
car 0.00 0 0.00 673 644 736 675 0.00 0.00 0.00 0.00 0.00 0.00 0.00
motor 0.00 0 0.00 650 672 669 691 0.00 0.00 0.00 0.00 0.00 0.00 0.00
car 0.00 0 0.00 709 674 752 714 0.00 0.00 0.00 0.00 0.00 0.00 0.00
pedestrian 0.00 0 0.00 750 687 759 710 0.00 0.00 0.00 0.00 0.00 0.00 0.00
pedestrian 0.00 0 0.00 749 677 759 700 0.00 0.00 0.00 0.00 0.00 0.00 0.00
motor 0.00 0 0.00 765 731 787 757 0.00 0.00 0.00 0.00 0.00 0.00 0.00
motor 0.00 0 0.00 783 732 795 758 0.00 0.00 0.00 0.00 0.00 0.00 0.00
bicycle 0.00 0 0.00 792 732 807 757 0.00 0.00 0.00 0.00 0.00 0.00 0.00
bicycle 0.00 0 0.00 805 736 816 760 0.00 0.00 0.00 0.00 0.00 0.00 0.00
bicycle 0.00 0 0.00 811 739 821 763 0.00 0.00 0.00 0.00 0.00 0.00 0.00
bicycle 0.00 0 0.00 826 735 838 762 0.00 0.00 0.00 0.00 0.00 0.00 0.00
motor 0.00 0 0.00 839 737 850 761 0.00 0.00 0.00 0.00 0.00 0.00 0.00
motor 0.00 0 0.00 845 738 856 761 0.00 0.00 0.00 0.00 0.00 0.00 0.00
motor 0.00 0 0.00 880 772 894 801 0.00 0.00 0.00 0.00 0.00 0.00 0.00
bicycle 0.00 0 0.00 893 779 902 802 0.00 0.00 0.00 0.00 0.00 0.00 0.00
motor 0.00 0 0.00 745 765 761 788 0.00 0.00 0.00 0.00 0.00 0.00 0.00
motor 0.00 0 0.00 768 763 786 792 0.00 0.00 0.00 0.00 0.00 0.00 0.00
bicycle 0.00 0 0.00 782 768 794 793 0.00 0.00 0.00 0.00 0.00 0.00 0.00
motor 0.00 0 0.00 794 762 806 789 0.00 0.00 0.00 0.00 0.00 0.00 0.00
motor 0.00 0 0.00 860 774 870 802 0.00 0.00 0.00 0.00 0.00 0.00 0.00
car 0.00 0 0.00 688 763 738 808 0.00 0.00 0.00 0.00 0.00 0.00 0.00
car 0.00 0 0.00 718 801 808 838 0.00 0.00 0.00 0.00 0.00 0.00 0.00
car 0.00 0 0.00 531 782 617 824 0.00 0.00 0.00 0.00 0.00 0.00 0.00
car 0.00 0 0.00 512 819 595 857 0.00 0.00 0.00 0.00 0.00 0.00 0.00
car 0.00 0 0.00 599 898 660 957 0.00 0.00 0.00 0.00 0.00 0.00 0.00
car 0.00 0 0.00 672 1003 784 1056 0.00 0.00 0.00 0.00 0.00 0.00 0.00
car 0.00 0 0.00 821 1008 929 1065 0.00 0.00 0.00 0.00 0.00 0.00 0.00
car 0.00 0 0.00 759 1154 882 1218 0.00 0.00 0.00 0.00 0.00 0.00 0.00
van 0.00 0 0.00 635 1146 745 1208 0.00 0.00 0.00 0.00 0.00 0.00 0.00
car 0.00 0 0.00 483 1145 613 1208 0.00 0.00 0.00 0.00 0.00 0.00 0.00
motor 0.00 0 0.00 773 1099 814 1125 0.00 0.00 0.00 0.00 0.00 0.00 0.00
people 0.00 0 0.00 775 1092 801 1122 0.00 0.00 0.00 0.00 0.00 0.00 0.00
pedestrian 0.00 0 0.00 648 1033 661 1066 0.00 0.00 0.00 0.00 0.00 0.00 0.00
motor 0.00 0 0.00 485 483 510 498 0.00 0.00 0.00 0.00 0.00 0.00 0.00
car 0.00 0 0.00 373 433 405 452 0.00 0.00 0.00 0.00 0.00 0.00 0.00
car 0.00 0 0.00 390 435 424 451 0.00 0.00 0.00 0.00 0.00 0.00 0.00
car 0.00 0 0.00 361 467 407 481 0.00 0.00 0.00 0.00 0.00 0.00 0.00
car 0.00 0 0.00 376 460 419 475 0.00 0.00 0.00 0.00 0.00 0.00 0.00
car 0.00 0 0.00 395 453 438 467 0.00 0.00 0.00 0.00 0.00 0.00 0.00
car 0.00 0 0.00 405 447 446 461 0.00 0.00 0.00 0.00 0.00 0.00 0.00
car 0.00 0 0.00 90 1444 146 1472 0.00 0.00 0.00 0.00 0.00 0.00 0.00
bicycle 0.00 0 0.00 99 1413 138 1435 0.00 0.00 0.00 0.00 0.00 0.00 0.00
bicycle 0.00 0 0.00 112 1384 159 1404 0.00 0.00 0.00 0.00 0.00 0.00 0.00
bicycle 0.00 0 0.00 167 1315 211 1336 0.00 0.00 0.00 0.00 0.00 0.00 0.00
bicycle 0.00 0 0.00 195 1283 238 1303 0.00 0.00 0.00 0.00 0.00 0.00 0.00
car 0.00 0 0.00 216 1138 343 1197 0.00 0.00 0.00 0.00 0.00 0.00 0.00
car 0.00 0 0.00 287 1003 397 1050 0.00 0.00 0.00 0.00 0.00 0.00 0.00
car 0.00 0 0.00 168 999 280 1047 0.00 0.00 0.00 0.00 0.00 0.00 0.00
car 0.00 0 0.00 25 995 134 1043 0.00 0.00 0.00 0.00 0.00 0.00 0.00
