car 0.00 0 0.00 61 236 210 506 0.00 0.00 0.00 0.00 0.00 0.00 0.00
car 0.00 0 0.00 382 31 503 255 0.00 0.00 0.00 0.00 0.00 0.00 0.00
car 0.00 0 0.00 401 353 534 646 0.00 0.00 0.00 0.00 0.00 0.00 0.00
car 0.00 0 0.00 548 204 684 423 0.00 0.00 0.00 0.00 0.00 0.00 0.00
car 0.00 0 0.00 918 570 1117 863 0.00 0.00 0.00 0.00 0.00 0.00 0.00
car 0.00 0 0.00 1071 369 1358 519 0.00 0.00 0.00 0.00 0.00 0.00 0.00
car 0.00 0 0.00 872 149 1104 277 0.00 0.00 0.00 0.00 0.00 0.00 0.00
pedestrian 0.00 0 0.00 754 141 790 225 0.00 0.00 0.00 0.00 0.00 0.00 0.00
pedestrian 0.00 0 0.00 802 53 835 133 0.00 0.00 0.00 0.00 0.00 0.00 0.00
car 0.00 0 0.00 510 0 612 86 0.00 0.00 0.00 0.00 0.00 0.00 0.00
