van 0.00 0 0.00 502 0 547 74 0.00 0.00 0.00 0.00 0.00 0.00 0.00
car 0.00 0 0.00 612 9 657 101 0.00 0.00 0.00 0.00 0.00 0.00 0.00
car 0.00 0 0.00 613 108 661 216 0.00 0.00 0.00 0.00 0.00 0.00 0.00
van 0.00 0 0.00 557 167 600 276 0.00 0.00 0.00 0.00 0.00 0.00 0.00
pedestrian 0.00 0 0.00 419 61 437 91 0.00 0.00 0.00 0.00 0.00 0.00 0.00
motor 0.00 0 0.00 396 224 428 265 0.00 0.00 0.00 0.00 0.00 0.00 0.00
pedestrian 0.00 0 0.00 421 235 444 261 0.00 0.00 0.00 0.00 0.00 0.00 0.00
van 0.00 0 0.00 367 282 482 332 0.00 0.00 0.00 0.00 0.00 0.00 0.00
car 0.00 0 0.00 608 248 658 350 0.00 0.00 0.00 0.00 0.00 0.00 0.00
car 0.00 0 0.00 366 343 473 389 0.00 0.00 0.00 0.00 0.00 0.00 0.00
car 0.00 0 0.00 373 397 474 445 0.00 0.00 0.00 0.00 0.00 0.00 0.00
car 0.00 0 0.00 554 365 600 467 0.00 0.00 0.00 0.00 0.00 0.00 0.00
car 0.00 0 0.00 614 370 660 478 0.00 0.00 0.00 0.00 0.00 0.00 0.00
car 0.00 0 0.00 362 458 474 509 0.00 0.00 0.00 0.00 0.00 0.00 0.00
van 0.00 0 0.00 353 512 474 566 0.00 0.00 0.00 0.00 0.00 0.00 0.00
car 0.00 0 0.00 360 576 476 624 0.00 0.00 0.00 0.00 0.00 0.00 0.00
van 0.00 0 0.00 364 634 470 681 0.00 0.00 0.00 0.00 0.00 0.00 0.00
car 0.00 0 0.00 345 702 460 750 0.00 0.00 0.00 0.00 0.00 0.00 0.00
van 0.00 0 0.00 330 1008 451 1049 0.00 0.00 0.00 0.00 0.00 0.00 0.00
van 0.00 0 0.00 855 961 910 1049 0.00 0.00 0.00 0.00 0.00 0.00 0.00
car 0.00 0 0.00 608 839 655 936 0.00 0.00 0.00 0.00 0.00 0.00 0.00
car 0.00 0 0.00 860 811 909 938 0.00 0.00 0.00 0.00 0.00 0.00 0.00
car 0.00 0 0.00 853 669 909 788 0.00 0.00 0.00 0.00 0.00 0.00 0.00
car 0.00 0 0.00 609 654 658 780 0.00 0.00 0.00 0.00 0.00 0.00 0.00
car 0.00 0 0.00 852 540 899 629 0.00 0.00 0.00 0.00 0.00 0.00 0.00
van 0.00 0 0.00 607 509 655 628 0.00 0.00 0.00 0.00 0.00 0.00 0.00
car 0.00 0 0.00 545 526 596 645 0.00 0.00 0.00 0.00 0.00 0.00 0.00
car 0.00 0 0.00 839 0 877 44 0.00 0.00 0.00 0.00 0.00 0.00 0.00
car 0.00 0 0.00 834 56 880 149 0.00 0.00 0.00 0.00 0.00 0.00 0.00
van 0.00 0 0.00 839 168 879 248 0.00 0.00 0.00 0.00 0.00 0.00 0.00
car 0.00 0 0.00 844 263 891 374 0.00 0.00 0.00 0.00 0.00 0.00 0.00
van 0.00 0 0.00 851 404 901 516 0.00 0.00 0.00 0.00 0.00 0.00 0.00
pedestrian 0.00 0 0.00 679 825 694 858 0.00 0.00 0.00 0.00 0.00 0.00 0.00
people 0.00 0 0.00 481 45 488 58 0.00 0.00 0.00 0.00 0.00 0.00 0.00
pedestrian 0.00 0 0.00 569 0 577 18 0.00 0.00 0.00 0.00 0.00 0.00 0.00
