van 0.00 0 0.00 779 171 819 255 0.00 0.00 0.00 0.00 0.00 0.00 0.00
car 0.00 0 0.00 790 331 842 441 0.00 0.00 0.00 0.00 0.00 0.00 0.00
car 0.00 0 0.00 823 616 894 732 0.00 0.00 0.00 0.00 0.00 0.00 0.00
car 0.00 0 0.00 661 711 716 881 0.00 0.00 0.00 0.00 0.00 0.00 0.00
car 0.00 0 0.00 766 961 823 1050 0.00 0.00 0.00 0.00 0.00 0.00 0.00
car 0.00 0 0.00 676 955 736 1050 0.00 0.00 0.00 0.00 0.00 0.00 0.00
people 0.00 0 0.00 944 363 956 388 0.00 0.00 0.00 0.00 0.00 0.00 0.00
people 0.00 0 0.00 970 486 984 509 0.00 0.00 0.00 0.00 0.00 0.00 0.00
motor 0.00 0 0.00 934 344 965 405 0.00 0.00 0.00 0.00 0.00 0.00 0.00
motor 0.00 0 0.00 960 455 985 522 0.00 0.00 0.00 0.00 0.00 0.00 0.00
motor 0.00 0 0.00 946 755 980 811 0.00 0.00 0.00 0.00 0.00 0.00 0.00
people 0.00 0 0.00 964 772 976 798 0.00 0.00 0.00 0.00 0.00 0.00 0.00
