car 0.00 0 0.00 330 710 441 762 0.00 0.00 0.00 0.00 0.00 0.00 0.00
car 0.00 0 0.00 846 691 899 744 0.00 0.00 0.00 0.00 0.00 0.00 0.00
car 0.00 0 0.00 1190 795 1282 871 0.00 0.00 0.00 0.00 0.00 0.00 0.00
car 0.00 0 0.00 1038 629 1102 665 0.00 0.00 0.00 0.00 0.00 0.00 0.00
car 0.00 0 0.00 1015 595 1067 624 0.00 0.00 0.00 0.00 0.00 0.00 0.00
car 0.00 0 0.00 721 550 773 581 0.00 0.00 0.00 0.00 0.00 0.00 0.00
car 0.00 0 0.00 632 520 682 545 0.00 0.00 0.00 0.00 0.00 0.00 0.00
car 0.00 0 0.00 405 593 459 631 0.00 0.00 0.00 0.00 0.00 0.00 0.00
car 0.00 0 0.00 297 668 392 710 0.00 0.00 0.00 0.00 0.00 0.00 0.00
car 0.00 0 0.00 216 680 270 734 0.00 0.00 0.00 0.00 0.00 0.00 0.00
car 0.00 0 0.00 198 631 252 680 0.00 0.00 0.00 0.00 0.00 0.00 0.00
car 0.00 0 0.00 114 625 165 672 0.00 0.00 0.00 0.00 0.00 0.00 0.00
pedestrian 0.00 0 0.00 826 645 843 675 0.00 0.00 0.00 0.00 0.00 0.00 0.00
pedestrian 0.00 0 0.00 846 622 858 654 0.00 0.00 0.00 0.00 0.00 0.00 0.00
pedestrian 0.00 0 0.00 517 712 534 739 0.00 0.00 0.00 0.00 0.00 0.00 0.00
pedestrian 0.00 0 0.00 451 655 467 689 0.00 0.00 0.00 0.00 0.00 0.00 0.00
pedestrian 0.00 0 0.00 529 660 542 693 0.00 0.00 0.00 0.00 0.00 0.00 0.00
pedestrian 0.00 0 0.00 28 912 49 965 0.00 0.00 0.00 0.00 0.00 0.00 0.00
pedestrian 0.00 0 0.00 942 581 959 604 0.00 0.00 0.00 0.00 0.00 0.00 0.00
pedestrian 0.00 0 0.00 1202 653 1217 684 0.00 0.00 0.00 0.00 0.00 0.00 0.00
pedestrian 0.00 0 0.00 1171 632 1185 663 0.00 0.00 0.00 0.00 0.00 0.00 0.00
pedestrian 0.00 0 0.00 1162 625 1176 649 0.00 0.00 0.00 0.00 0.00 0.00 0.00
people 0.00 0 0.00 1200 626 1214 645 0.00 0.00 0.00 0.00 0.00 0.00 0.00
people 0.00 0 0.00 1216 620 1233 647 0.00 0.00 0.00 0.00 0.00 0.00 0.00
people 0.00 0 0.00 1066 684 1083 708 0.00 0.00 0.00 0.00 0.00 0.00 0.00
people 0.00 0 0.00 886 626 901 650 0.00 0.00 0.00 0.00 0.00 0.00 0.00
people 0.00 0 0.00 552 628 570 655 0.00 0.00 0.00 0.00 0.00 0.00 0.00
motor 0.00 0 0.00 553 637 570 663 0.00 0.00 0.00 0.00 0.00 0.00 0.00
bicycle 0.00 0 0.00 883 634 904 657 0.00 0.00 0.00 0.00 0.00 0.00 0.00
bicycle 0.00 0 0.00 1063 692 1088 719 0.00 0.00 0.00 0.00 0.00 0.00 0.00
car 0.00 0 0.00 79 830 248 907 0.00 0.00 0.00 0.00 0.00 0.00 0.00
car 0.00 0 0.00 128 785 278 852 0.00 0.00 0.00 0.00 0.00 0.00 0.00
car 0.00 0 0.00 0 807 98 876 0.00 0.00 0.00 0.00 0.00 0.00 0.00
car 0.00 0 0.00 0 747 71 797 0.00 0.00 0.00 0.00 0.00 0.00 0.00
car 0.00 0 0.00 0 707 80 759 0.00 0.00 0.00 0.00 0.00 0.00 0.00
car 0.00 0 0.00 1 654 104 706 0.00 0.00 0.00 0.00 0.00 0.00 0.00
car 0.00 0 0.00 987 583 1037 614 0.00 0.00 0.00 0.00 0.00 0.00 0.00
car 0.00 0 0.00 1167 597 1215 633 0.00 0.00 0.00 0.00 0.00 0.00 0.00
car 0.00 0 0.00 1210 587 1258 619 0.00 0.00 0.00 0.00 0.00 0.00 0.00
van 0.00 0 0.00 1075 595 1105 632 0.00 0.00 0.00 0.00 0.00 0.00 0.00
car 0.00 0 0.00 846 572 907 608 0.00 0.00 0.00 0.00 0.00 0.00 0.00
car 0.00 0 0.00 859 540 905 559 0.00 0.00 0.00 0.00 0.00 0.00 0.00
car 0.00 0 0.00 699 521 742 544 0.00 0.00 0.00 0.00 0.00 0.00 0.00
pedestrian 0.00 0 0.00 203 572 217 599 0.00 0.00 0.00 0.00 0.00 0.00 0.00
car 0.00 0 0.00 278 649 373 686 0.00 0.00 0.00 0.00 0.00 0.00 0.00
car 0.00 0 0.00 277 633 372 670 0.00 0.00 0.00 0.00 0.00 0.00 0.00
car 0.00 0 0.00 268 620 355 655 0.00 0.00 0.00 0.00 0.00 0.00 0.00
car 0.00 0 0.00 252 608 340 640 0.00 0.00 0.00 0.00 0.00 0.00 0.00
car 0.00 0 0.00 246 594 326 623 0.00 0.00 0.00 0.00 0.00 0.00 0.00
car 0.00 0 0.00 225 580 317 607 0.00 0.00 0.00 0.00 0.00 0.00 0.00
car 0.00 0 0.00 223 567 295 597 0.00 0.00 0.00 0.00 0.00 0.00 0.00
car 0.00 0 0.00 215 557 282 590 0.00 0.00 0.00 0.00 0.00 0.00 0.00
car 0.00 0 0.00 214 551 281 584 0.00 0.00 0.00 0.00 0.00 0.00 0.00
car 0.00 0 0.00 206 541 276 567 0.00 0.00 0.00 0.00 0.00 0.00 0.00
car 0.00 0 0.00 205 534 269 558 0.00 0.00 0.00 0.00 0.00 0.00 0.00
van 0.00 0 0.00 183 510 247 539 0.00 0.00 0.00 0.00 0.00 0.00 0.00
van 0.00 0 0.00 269 465 301 494 0.00 0.00 0.00 0.00 0.00 0.00 0.00
car 0.00 0 0.00 256 462 277 478 0.00 0.00 0.00 0.00 0.00 0.00 0.00
van 0.00 0 0.00 244 448 271 469 0.00 0.00 0.00 0.00 0.00 0.00 0.00
car 0.00 0 0.00 224 429 245 446 0.00 0.00 0.00 0.00 0.00 0.00 0.00
car 0.00 0 0.00 203 416 221 430 0.00 0.00 0.00 0.00 0.00 0.00 0.00
car 0.00 0 0.00 256 429 276 446 0.00 0.00 0.00 0.00 0.00 0.00 0.00
car 0.00 0 0.00 242 420 262 439 0.00 0.00 0.00 0.00 0.00 0.00 0.00
pedestrian 0.00 0 0.00 380 524 392 552 0.00 0.00 0.00 0.00 0.00 0.00 0.00
car 0.00 0 0.00 194 336 204 342 0.00 0.00 0.00 0.00 0.00 0.00 0.00
car 0.00 0 0.00 214 358 223 366 0.00 0.00 0.00 0.00 0.00 0.00 0.00
car 0.00 0 0.00 195 346 205 354 0.00 0.00 0.00 0.00 0.00 0.00 0.00
car 0.00 0 0.00 181 345 191 350 0.00 0.00 0.00 0.00 0.00 0.00 0.00
car 0.00 0 0.00 182 337 188 342 0.00 0.00 0.00 0.00 0.00 0.00 0.00
car 0.00 0 0.00 229 367 239 376 0.00 0.00 0.00 0.00 0.00 0.00 0.00
car 0.00 0 0.00 248 368 260 377 0.00 0.00 0.00 0.00 0.00 0.00 0.00
car 0.00 0 0.00 281 378 294 387 0.00 0.00 0.00 0.00 0.00 0.00 0.00
car 0.00 0 0.00 270 379 283 388 0.00 0.00 0.00 0.00 0.00 0.00 0.00
car 0.00 0 0.00 260 383 272 390 0.00 0.00 0.00 0.00 0.00 0.00 0.00
car 0.00 0 0.00 259 374 268 383 0.00 0.00 0.00 0.00 0.00 0.00 0.00
car 0.00 0 0.00 266 366 279 373 0.00 0.00 0.00 0.00 0.00 0.00 0.00
car 0.00 0 0.00 332 395 348 404 0.00 0.00 0.00 0.00 0.00 0.00 0.00
car 0.00 0 0.00 317 387 331 394 0.00 0.00 0.00 0.00 0.00 0.00 0.00
car 0.00 0 0.00 305 383 314 393 0.00 0.00 0.00 0.00 0.00 0.00 0.00
car 0.00 0 0.00 363 407 384 418 0.00 0.00 0.00 0.00 0.00 0.00 0.00
car 0.00 0 0.00 396 419 418 431 0.00 0.00 0.00 0.00 0.00 0.00 0.00
car 0.00 0 0.00 412 413 426 423 0.00 0.00 0.00 0.00 0.00 0.00 0.00
car 0.00 0 0.00 288 369 310 379 0.00 0.00 0.00 0.00 0.00 0.00 0.00
car 0.00 0 0.00 336 385 353 394 0.00 0.00 0.00 0.00 0.00 0.00 0.00
car 0.00 0 0.00 467 435 485 450 0.00 0.00 0.00 0.00 0.00 0.00 0.00
car 0.00 0 0.00 453 414 477 431 0.00 0.00 0.00 0.00 0.00 0.00 0.00
car 0.00 0 0.00 516 429 547 441 0.00 0.00 0.00 0.00 0.00 0.00 0.00
car 0.00 0 0.00 557 471 585 487 0.00 0.00 0.00 0.00 0.00 0.00 0.00
car 0.00 0 0.00 604 486 634 506 0.00 0.00 0.00 0.00 0.00 0.00 0.00
car 0.00 0 0.00 506 446 526 461 0.00 0.00 0.00 0.00 0.00 0.00 0.00
motor 0.00 0 0.00 381 426 391 436 0.00 0.00 0.00 0.00 0.00 0.00 0.00
people 0.00 0 0.00 382 423 388 433 0.00 0.00 0.00 0.00 0.00 0.00 0.00
car 0.00 0 0.00 837 529 879 551 0.00 0.00 0.00 0.00 0.00 0.00 0.00
van 0.00 0 0.00 775 545 813 574 0.00 0.00 0.00 0.00 0.00 0.00 0.00
car 0.00 0 0.00 1112 520 1144 536 0.00 0.00 0.00 0.00 0.00 0.00 0.00
car 0.00 0 0.00 1142 524 1182 547 0.00 0.00 0.00 0.00 0.00 0.00 0.00
pedestrian 0.00 0 0.00 675 1020 704 1050 0.00 0.00 0.00 0.00 0.00 0.00 0.00
bicycle 0.00 0 0.00 981 569 1000 586 0.00 0.00 0.00 0.00 0.00 0.00 0.00
bicycle 0.00 0 0.00 963 566 980 578 0.00 0.00 0.00 0.00 0.00 0.00 0.00
