car 0.00 0 0.00 1110 125 1180 227 0.00 0.00 0.00 0.00 0.00 0.00 0.00
car 0.00 0 0.00 920 177 980 282 0.00 0.00 0.00 0.00 0.00 0.00 0.00
car 0.00 0 0.00 806 208 866 315 0.00 0.00 0.00 0.00 0.00 0.00 0.00
car 0.00 0 0.00 745 238 803 339 0.00 0.00 0.00 0.00 0.00 0.00 0.00
car 0.00 0 0.00 487 328 550 434 0.00 0.00 0.00 0.00 0.00 0.00 0.00
tricycle 0.00 0 0.00 413 309 467 404 0.00 0.00 0.00 0.00 0.00 0.00 0.00
truck 0.00 0 0.00 351 290 413 400 0.00 0.00 0.00 0.00 0.00 0.00 0.00
truck 0.00 0 0.00 292 314 357 425 0.00 0.00 0.00 0.00 0.00 0.00 0.00
car 0.00 0 0.00 150 370 216 482 0.00 0.00 0.00 0.00 0.00 0.00 0.00
tricycle 0.00 0 0.00 67 401 129 520 0.00 0.00 0.00 0.00 0.00 0.00 0.00
car 0.00 0 0.00 953 525 1018 642 0.00 0.00 0.00 0.00 0.00 0.00 0.00
car 0.00 0 0.00 883 536 950 661 0.00 0.00 0.00 0.00 0.00 0.00 0.00
car 0.00 0 0.00 811 548 883 681 0.00 0.00 0.00 0.00 0.00 0.00 0.00
car 0.00 0 0.00 486 665 552 791 0.00 0.00 0.00 0.00 0.00 0.00 0.00
car 0.00 0 0.00 198 734 271 864 0.00 0.00 0.00 0.00 0.00 0.00 0.00
car 0.00 0 0.00 124 746 195 872 0.00 0.00 0.00 0.00 0.00 0.00 0.00
car 0.00 0 0.00 1147 480 1221 593 0.00 0.00 0.00 0.00 0.00 0.00 0.00
car 0.00 0 0.00 1213 475 1289 585 0.00 0.00 0.00 0.00 0.00 0.00 0.00
car 0.00 0 0.00 1356 453 1424 554 0.00 0.00 0.00 0.00 0.00 0.00 0.00
car 0.00 0 0.00 922 929 999 1068 0.00 0.00 0.00 0.00 0.00 0.00 0.00
car 0.00 0 0.00 831 966 901 1077 0.00 0.00 0.00 0.00 0.00 0.00 0.00
car 0.00 0 0.00 625 1037 680 1077 0.00 0.00 0.00 0.00 0.00 0.00 0.00
