van 0.00 0 0.00 215 672 276 748 0.00 0.00 0.00 0.00 0.00 0.00 0.00
van 0.00 0 0.00 519 590 560 653 0.00 0.00 0.00 0.00 0.00 0.00 0.00
car 0.00 0 0.00 360 543 404 615 0.00 0.00 0.00 0.00 0.00 0.00 0.00
car 0.00 0 0.00 685 578 722 659 0.00 0.00 0.00 0.00 0.00 0.00 0.00
car 0.00 0 0.00 0 360 46 396 0.00 0.00 0.00 0.00 0.00 0.00 0.00
car 0.00 0 0.00 149 435 248 476 0.00 0.00 0.00 0.00 0.00 0.00 0.00
van 0.00 0 0.00 359 366 446 403 0.00 0.00 0.00 0.00 0.00 0.00 0.00
car 0.00 0 0.00 611 456 701 500 0.00 0.00 0.00 0.00 0.00 0.00 0.00
car 0.00 0 0.00 782 419 876 459 0.00 0.00 0.00 0.00 0.00 0.00 0.00
car 0.00 0 0.00 846 376 938 417 0.00 0.00 0.00 0.00 0.00 0.00 0.00
bus 0.00 0 0.00 1107 564 1181 689 0.00 0.00 0.00 0.00 0.00 0.00 0.00
bus 0.00 0 0.00 1010 294 1083 407 0.00 0.00 0.00 0.00 0.00 0.00 0.00
car 0.00 0 0.00 1001 260 1032 302 0.00 0.00 0.00 0.00 0.00 0.00 0.00
pedestrian 0.00 0 0.00 1245 201 1253 218 0.00 0.00 0.00 0.00 0.00 0.00 0.00
pedestrian 0.00 0 0.00 1252 199 1261 211 0.00 0.00 0.00 0.00 0.00 0.00 0.00
bus 0.00 0 0.00 1104 41 1147 125 0.00 0.00 0.00 0.00 0.00 0.00 0.00
pedestrian 0.00 0 0.00 1048 58 1053 71 0.00 0.00 0.00 0.00 0.00 0.00 0.00
pedestrian 0.00 0 0.00 1051 56 1057 70 0.00 0.00 0.00 0.00 0.00 0.00 0.00
pedestrian 0.00 0 0.00 1070 93 1076 110 0.00 0.00 0.00 0.00 0.00 0.00 0.00
car 0.00 0 0.00 871 17 892 38 0.00 0.00 0.00 0.00 0.00 0.00 0.00
car 0.00 0 0.00 849 0 870 18 0.00 0.00 0.00 0.00 0.00 0.00 0.00
motor 0.00 0 0.00 796 5 804 18 0.00 0.00 0.00 0.00 0.00 0.00 0.00
people 0.00 0 0.00 795 3 804 16 0.00 0.00 0.00 0.00 0.00 0.00 0.00
van 0.00 0 0.00 764 52 787 73 0.00 0.00 0.00 0.00 0.00 0.00 0.00
van 0.00 0 0.00 854 91 875 124 0.00 0.00 0.00 0.00 0.00 0.00 0.00
bus 0.00 0 0.00 442 22 521 95 0.00 0.00 0.00 0.00 0.00 0.00 0.00
pedestrian 0.00 0 0.00 539 12 544 25 0.00 0.00 0.00 0.00 0.00 0.00 0.00
pedestrian 0.00 0 0.00 550 6 555 18 0.00 0.00 0.00 0.00 0.00 0.00 0.00
pedestrian 0.00 0 0.00 554 5 559 18 0.00 0.00 0.00 0.00 0.00 0.00 0.00
pedestrian 0.00 0 0.00 559 3 563 18 0.00 0.00 0.00 0.00 0.00 0.00 0.00
pedestrian 0.00 0 0.00 563 0 569 14 0.00 0.00 0.00 0.00 0.00 0.00 0.00
pedestrian 0.00 0 0.00 522 21 526 35 0.00 0.00 0.00 0.00 0.00 0.00 0.00
pedestrian 0.00 0 0.00 533 9 539 23 0.00 0.00 0.00 0.00 0.00 0.00 0.00
pedestrian 0.00 0 0.00 513 17 519 31 0.00 0.00 0.00 0.00 0.00 0.00 0.00
pedestrian 0.00 0 0.00 392 88 401 103 0.00 0.00 0.00 0.00 0.00 0.00 0.00
truck 0.00 0 0.00 536 98 590 142 0.00 0.00 0.00 0.00 0.00 0.00 0.00
bus 0.00 0 0.00 205 32 319 106 0.00 0.00 0.00 0.00 0.00 0.00 0.00
pedestrian 0.00 0 0.00 226 198 235 216 0.00 0.00 0.00 0.00 0.00 0.00 0.00
van 0.00 0 0.00 712 332 740 387 0.00 0.00 0.00 0.00 0.00 0.00 0.00
