motor 0.00 0 0.00 172 1079 379 1252 0.00 0.00 0.00 0.00 0.00 0.00 0.00
bicycle 0.00 0 0.00 12 1083 124 1224 0.00 0.00 0.00 0.00 0.00 0.00 0.00
tricycle 0.00 0 0.00 42 962 429 1167 0.00 0.00 0.00 0.00 0.00 0.00 0.00
people 0.00 0 0.00 1013 1291 1146 1473 0.00 0.00 0.00 0.00 0.00 0.00 0.00
motor 0.00 0 0.00 1028 1350 1134 1500 0.00 0.00 0.00 0.00 0.00 0.00 0.00
people 0.00 0 0.00 1555 1008 1685 1161 0.00 0.00 0.00 0.00 0.00 0.00 0.00
motor 0.00 0 0.00 1588 1027 1640 1229 0.00 0.00 0.00 0.00 0.00 0.00 0.00
pedestrian 0.00 0 0.00 527 1341 647 1500 0.00 0.00 0.00 0.00 0.00 0.00 0.00
pedestrian 0.00 0 0.00 466 1217 561 1397 0.00 0.00 0.00 0.00 0.00 0.00 0.00
people 0.00 0 0.00 544 1125 645 1302 0.00 0.00 0.00 0.00 0.00 0.00 0.00
people 0.00 0 0.00 461 1012 564 1183 0.00 0.00 0.00 0.00 0.00 0.00 0.00
people 0.00 0 0.00 491 930 601 1051 0.00 0.00 0.00 0.00 0.00 0.00 0.00
pedestrian 0.00 0 0.00 456 875 499 991 0.00 0.00 0.00 0.00 0.00 0.00 0.00
people 0.00 0 0.00 1342 1001 1419 1118 0.00 0.00 0.00 0.00 0.00 0.00 0.00
bicycle 0.00 0 0.00 1339 1000 1416 1170 0.00 0.00 0.00 0.00 0.00 0.00 0.00
pedestrian 0.00 0 0.00 914 1019 964 1130 0.00 0.00 0.00 0.00 0.00 0.00 0.00
pedestrian 0.00 0 0.00 907 927 962 1108 0.00 0.00 0.00 0.00 0.00 0.00 0.00
pedestrian 0.00 0 0.00 794 869 850 1056 0.00 0.00 0.00 0.00 0.00 0.00 0.00
pedestrian 0.00 0 0.00 946 845 978 935 0.00 0.00 0.00 0.00 0.00 0.00 0.00
pedestrian 0.00 0 0.00 974 791 1025 946 0.00 0.00 0.00 0.00 0.00 0.00 0.00
pedestrian 0.00 0 0.00 829 628 873 763 0.00 0.00 0.00 0.00 0.00 0.00 0.00
people 0.00 0 0.00 1385 676 1455 801 0.00 0.00 0.00 0.00 0.00 0.00 0.00
motor 0.00 0 0.00 1398 710 1434 815 0.00 0.00 0.00 0.00 0.00 0.00 0.00
people 0.00 0 0.00 1174 678 1230 819 0.00 0.00 0.00 0.00 0.00 0.00 0.00
bicycle 0.00 0 0.00 1173 745 1228 851 0.00 0.00 0.00 0.00 0.00 0.00 0.00
pedestrian 0.00 0 0.00 1072 646 1145 797 0.00 0.00 0.00 0.00 0.00 0.00 0.00
bicycle 0.00 0 0.00 1064 701 1120 816 0.00 0.00 0.00 0.00 0.00 0.00 0.00
bicycle 0.00 0 0.00 1153 518 1205 645 0.00 0.00 0.00 0.00 0.00 0.00 0.00
people 0.00 0 0.00 1251 562 1292 633 0.00 0.00 0.00 0.00 0.00 0.00 0.00
bicycle 0.00 0 0.00 1246 580 1283 661 0.00 0.00 0.00 0.00 0.00 0.00 0.00
pedestrian 0.00 0 0.00 1071 526 1114 641 0.00 0.00 0.00 0.00 0.00 0.00 0.00
pedestrian 0.00 0 0.00 1051 564 1081 635 0.00 0.00 0.00 0.00 0.00 0.00 0.00
people 0.00 0 0.00 878 551 925 617 0.00 0.00 0.00 0.00 0.00 0.00 0.00
car 0.00 0 0.00 770 441 998 546 0.00 0.00 0.00 0.00 0.00 0.00 0.00
car 0.00 0 0.00 809 399 1016 481 0.00 0.00 0.00 0.00 0.00 0.00 0.00
people 0.00 0 0.00 1275 498 1292 558 0.00 0.00 0.00 0.00 0.00 0.00 0.00
people 0.00 0 0.00 1261 476 1302 563 0.00 0.00 0.00 0.00 0.00 0.00 0.00
people 0.00 0 0.00 1249 476 1279 546 0.00 0.00 0.00 0.00 0.00 0.00 0.00
motor 0.00 0 0.00 1248 525 1309 581 0.00 0.00 0.00 0.00 0.00 0.00 0.00
pedestrian 0.00 0 0.00 1264 433 1289 519 0.00 0.00 0.00 0.00 0.00 0.00 0.00
people 0.00 0 0.00 1287 393 1313 459 0.00 0.00 0.00 0.00 0.00 0.00 0.00
people 0.00 0 0.00 1319 391 1344 440 0.00 0.00 0.00 0.00 0.00 0.00 0.00
people 0.00 0 0.00 1185 374 1216 414 0.00 0.00 0.00 0.00 0.00 0.00 0.00
pedestrian 0.00 0 0.00 1149 352 1172 430 0.00 0.00 0.00 0.00 0.00 0.00 0.00
people 0.00 0 0.00 1114 349 1139 391 0.00 0.00 0.00 0.00 0.00 0.00 0.00
people 0.00 0 0.00 1089 335 1114 381 0.00 0.00 0.00 0.00 0.00 0.00 0.00
people 0.00 0 0.00 1079 334 1102 374 0.00 0.00 0.00 0.00 0.00 0.00 0.00
people 0.00 0 0.00 1059 325 1081 362 0.00 0.00 0.00 0.00 0.00 0.00 0.00
people 0.00 0 0.00 1082 407 1117 468 0.00 0.00 0.00 0.00 0.00 0.00 0.00
motor 0.00 0 0.00 1082 438 1116 498 0.00 0.00 0.00 0.00 0.00 0.00 0.00
people 0.00 0 0.00 1067 366 1092 420 0.00 0.00 0.00 0.00 0.00 0.00 0.00
motor 0.00 0 0.00 1064 396 1099 434 0.00 0.00 0.00 0.00 0.00 0.00 0.00
pedestrian 0.00 0 0.00 1020 390 1048 473 0.00 0.00 0.00 0.00 0.00 0.00 0.00
pedestrian 0.00 0 0.00 990 350 1011 422 0.00 0.00 0.00 0.00 0.00 0.00 0.00
pedestrian 0.00 0 0.00 969 362 989 427 0.00 0.00 0.00 0.00 0.00 0.00 0.00
pedestrian 0.00 0 0.00 1021 293 1037 346 0.00 0.00 0.00 0.00 0.00 0.00 0.00
pedestrian 0.00 0 0.00 968 295 989 345 0.00 0.00 0.00 0.00 0.00 0.00 0.00
people 0.00 0 0.00 958 308 973 341 0.00 0.00 0.00 0.00 0.00 0.00 0.00
motor 0.00 0 0.00 960 325 993 359 0.00 0.00 0.00 0.00 0.00 0.00 0.00
pedestrian 0.00 0 0.00 758 351 785 427 0.00 0.00 0.00 0.00 0.00 0.00 0.00
people 0.00 0 0.00 799 348 831 406 0.00 0.00 0.00 0.00 0.00 0.00 0.00
pedestrian 0.00 0 0.00 843 304 863 369 0.00 0.00 0.00 0.00 0.00 0.00 0.00
pedestrian 0.00 0 0.00 925 284 944 343 0.00 0.00 0.00 0.00 0.00 0.00 0.00
pedestrian 0.00 0 0.00 913 306 927 339 0.00 0.00 0.00 0.00 0.00 0.00 0.00
pedestrian 0.00 0 0.00 898 297 914 341 0.00 0.00 0.00 0.00 0.00 0.00 0.00
pedestrian 0.00 0 0.00 879 309 895 362 0.00 0.00 0.00 0.00 0.00 0.00 0.00
pedestrian 0.00 0 0.00 859 303 874 332 0.00 0.00 0.00 0.00 0.00 0.00 0.00
pedestrian 0.00 0 0.00 875 282 895 336 0.00 0.00 0.00 0.00 0.00 0.00 0.00
bicycle 0.00 0 0.00 881 324 915 361 0.00 0.00 0.00 0.00 0.00 0.00 0.00
pedestrian 0.00 0 0.00 982 269 1001 317 0.00 0.00 0.00 0.00 0.00 0.00 0.00
people 0.00 0 0.00 943 258 957 287 0.00 0.00 0.00 0.00 0.00 0.00 0.00
people 0.00 0 0.00 929 258 943 284 0.00 0.00 0.00 0.00 0.00 0.00 0.00
people 0.00 0 0.00 907 261 923 289 0.00 0.00 0.00 0.00 0.00 0.00 0.00
people 0.00 0 0.00 912 243 930 280 0.00 0.00 0.00 0.00 0.00 0.00 0.00
pedestrian 0.00 0 0.00 894 253 909 307 0.00 0.00 0.00 0.00 0.00 0.00 0.00
pedestrian 0.00 0 0.00 880 232 894 272 0.00 0.00 0.00 0.00 0.00 0.00 0.00
pedestrian 0.00 0 0.00 828 242 846 294 0.00 0.00 0.00 0.00 0.00 0.00 0.00
pedestrian 0.00 0 0.00 807 245 825 293 0.00 0.00 0.00 0.00 0.00 0.00 0.00
people 0.00 0 0.00 861 223 877 251 0.00 0.00 0.00 0.00 0.00 0.00 0.00
motor 0.00 0 0.00 861 234 877 263 0.00 0.00 0.00 0.00 0.00 0.00 0.00
pedestrian 0.00 0 0.00 837 229 852 274 0.00 0.00 0.00 0.00 0.00 0.00 0.00
pedestrian 0.00 0 0.00 818 224 832 255 0.00 0.00 0.00 0.00 0.00 0.00 0.00
pedestrian 0.00 0 0.00 803 224 813 259 0.00 0.00 0.00 0.00 0.00 0.00 0.00
people 0.00 0 0.00 813 232 822 252 0.00 0.00 0.00 0.00 0.00 0.00 0.00
motor 0.00 0 0.00 818 236 837 266 0.00 0.00 0.00 0.00 0.00 0.00 0.00
van 0.00 0 0.00 762 178 805 218 0.00 0.00 0.00 0.00 0.00 0.00 0.00
