car 0.00 0 0.00 791 579 829 637 0.00 0.00 0.00 0.00 0.00 0.00 0.00
car 0.00 0 0.00 817 470 849 527 0.00 0.00 0.00 0.00 0.00 0.00 0.00
pedestrian 0.00 0 0.00 547 3 551 13 0.00 0.00 0.00 0.00 0.00 0.00 0.00
pedestrian 0.00 0 0.00 541 3 546 12 0.00 0.00 0.00 0.00 0.00 0.00 0.00
motor 0.00 0 0.00 634 101 641 123 0.00 0.00 0.00 0.00 0.00 0.00 0.00
people 0.00 0 0.00 635 103 641 110 0.00 0.00 0.00 0.00 0.00 0.00 0.00
pedestrian 0.00 0 0.00 532 112 536 123 0.00 0.00 0.00 0.00 0.00 0.00 0.00
pedestrian 0.00 0 0.00 528 113 532 126 0.00 0.00 0.00 0.00 0.00 0.00 0.00
motor 0.00 0 0.00 533 18 544 25 0.00 0.00 0.00 0.00 0.00 0.00 0.00
pedestrian 0.00 0 0.00 528 27 531 34 0.00 0.00 0.00 0.00 0.00 0.00 0.00
pedestrian 0.00 0 0.00 533 30 536 39 0.00 0.00 0.00 0.00 0.00 0.00 0.00
car 0.00 0 0.00 630 11 643 28 0.00 0.00 0.00 0.00 0.00 0.00 0.00
car 0.00 0 0.00 728 0 752 11 0.00 0.00 0.00 0.00 0.00 0.00 0.00
car 0.00 0 0.00 724 10 756 23 0.00 0.00 0.00 0.00 0.00 0.00 0.00
car 0.00 0 0.00 731 31 763 43 0.00 0.00 0.00 0.00 0.00 0.00 0.00
car 0.00 0 0.00 738 41 767 52 0.00 0.00 0.00 0.00 0.00 0.00 0.00
car 0.00 0 0.00 740 50 770 62 0.00 0.00 0.00 0.00 0.00 0.00 0.00
pedestrian 0.00 0 0.00 769 23 773 32 0.00 0.00 0.00 0.00 0.00 0.00 0.00
van 0.00 0 0.00 797 51 810 66 0.00 0.00 0.00 0.00 0.00 0.00 0.00
car 0.00 0 0.00 788 109 805 128 0.00 0.00 0.00 0.00 0.00 0.00 0.00
car 0.00 0 0.00 779 130 818 149 0.00 0.00 0.00 0.00 0.00 0.00 0.00
car 0.00 0 0.00 838 122 854 140 0.00 0.00 0.00 0.00 0.00 0.00 0.00
pedestrian 0.00 0 0.00 828 75 834 87 0.00 0.00 0.00 0.00 0.00 0.00 0.00
pedestrian 0.00 0 0.00 838 106 842 118 0.00 0.00 0.00 0.00 0.00 0.00 0.00
car 0.00 0 0.00 790 174 833 195 0.00 0.00 0.00 0.00 0.00 0.00 0.00
motor 0.00 0 0.00 862 170 881 179 0.00 0.00 0.00 0.00 0.00 0.00 0.00
car 0.00 0 0.00 833 251 879 292 0.00 0.00 0.00 0.00 0.00 0.00 0.00
car 0.00 0 0.00 961 535 1043 584 0.00 0.00 0.00 0.00 0.00 0.00 0.00
car 0.00 0 0.00 936 487 1009 534 0.00 0.00 0.00 0.00 0.00 0.00 0.00
car 0.00 0 0.00 922 455 986 496 0.00 0.00 0.00 0.00 0.00 0.00 0.00
car 0.00 0 0.00 916 424 979 458 0.00 0.00 0.00 0.00 0.00 0.00 0.00
motor 0.00 0 0.00 1042 463 1075 510 0.00 0.00 0.00 0.00 0.00 0.00 0.00
car 0.00 0 0.00 888 356 948 389 0.00 0.00 0.00 0.00 0.00 0.00 0.00
car 0.00 0 0.00 906 394 963 425 0.00 0.00 0.00 0.00 0.00 0.00 0.00
car 0.00 0 0.00 876 323 921 352 0.00 0.00 0.00 0.00 0.00 0.00 0.00
motor 0.00 0 0.00 865 189 892 203 0.00 0.00 0.00 0.00 0.00 0.00 0.00
car 0.00 0 0.00 1215 621 1294 666 0.00 0.00 0.00 0.00 0.00 0.00 0.00
car 0.00 0 0.00 1182 600 1253 635 0.00 0.00 0.00 0.00 0.00 0.00 0.00
van 0.00 0 0.00 1190 812 1320 906 0.00 0.00 0.00 0.00 0.00 0.00 0.00
