car 0.00 0 0.00 16 964 128 1050 0.00 0.00 0.00 0.00 0.00 0.00 0.00
car 0.00 0 0.00 69 894 180 995 0.00 0.00 0.00 0.00 0.00 0.00 0.00
van 0.00 0 0.00 141 805 256 903 0.00 0.00 0.00 0.00 0.00 0.00 0.00
van 0.00 0 0.00 252 682 355 762 0.00 0.00 0.00 0.00 0.00 0.00 0.00
car 0.00 0 0.00 263 605 359 682 0.00 0.00 0.00 0.00 0.00 0.00 0.00
car 0.00 0 0.00 399 846 494 966 0.00 0.00 0.00 0.00 0.00 0.00 0.00
car 0.00 0 0.00 457 887 554 1014 0.00 0.00 0.00 0.00 0.00 0.00 0.00
car 0.00 0 0.00 516 933 613 1050 0.00 0.00 0.00 0.00 0.00 0.00 0.00
car 0.00 0 0.00 582 980 668 1050 0.00 0.00 0.00 0.00 0.00 0.00 0.00
truck 0.00 0 0.00 659 804 784 909 0.00 0.00 0.00 0.00 0.00 0.00 0.00
car 0.00 0 0.00 798 896 918 994 0.00 0.00 0.00 0.00 0.00 0.00 0.00
pedestrian 0.00 0 0.00 704 904 722 923 0.00 0.00 0.00 0.00 0.00 0.00 0.00
pedestrian 0.00 0 0.00 1239 706 1272 726 0.00 0.00 0.00 0.00 0.00 0.00 0.00
pedestrian 0.00 0 0.00 1050 592 1070 608 0.00 0.00 0.00 0.00 0.00 0.00 0.00
pedestrian 0.00 0 0.00 1040 583 1062 601 0.00 0.00 0.00 0.00 0.00 0.00 0.00
pedestrian 0.00 0 0.00 1035 570 1053 587 0.00 0.00 0.00 0.00 0.00 0.00 0.00
pedestrian 0.00 0 0.00 1057 569 1077 587 0.00 0.00 0.00 0.00 0.00 0.00 0.00
pedestrian 0.00 0 0.00 1066 582 1088 598 0.00 0.00 0.00 0.00 0.00 0.00 0.00
pedestrian 0.00 0 0.00 990 498 1008 520 0.00 0.00 0.00 0.00 0.00 0.00 0.00
pedestrian 0.00 0 0.00 1003 500 1022 524 0.00 0.00 0.00 0.00 0.00 0.00 0.00
motor 0.00 0 0.00 1044 489 1082 525 0.00 0.00 0.00 0.00 0.00 0.00 0.00
motor 0.00 0 0.00 1101 502 1132 536 0.00 0.00 0.00 0.00 0.00 0.00 0.00
motor 0.00 0 0.00 872 575 925 608 0.00 0.00 0.00 0.00 0.00 0.00 0.00
people 0.00 0 0.00 888 578 916 600 0.00 0.00 0.00 0.00 0.00 0.00 0.00
motor 0.00 0 0.00 652 462 693 493 0.00 0.00 0.00 0.00 0.00 0.00 0.00
people 0.00 0 0.00 659 463 681 484 0.00 0.00 0.00 0.00 0.00 0.00 0.00
motor 0.00 0 0.00 643 413 684 441 0.00 0.00 0.00 0.00 0.00 0.00 0.00
people 0.00 0 0.00 651 413 674 432 0.00 0.00 0.00 0.00 0.00 0.00 0.00
awning-tricycle 0.00 0 0.00 712 298 771 348 0.00 0.00 0.00 0.00 0.00 0.00 0.00
car 0.00 0 0.00 638 250 716 311 0.00 0.00 0.00 0.00 0.00 0.00 0.00
pedestrian 0.00 0 0.00 706 219 725 245 0.00 0.00 0.00 0.00 0.00 0.00 0.00
motor 0.00 0 0.00 865 180 885 215 0.00 0.00 0.00 0.00 0.00 0.00 0.00
motor 0.00 0 0.00 891 238 904 270 0.00 0.00 0.00 0.00 0.00 0.00 0.00
motor 0.00 0 0.00 945 294 974 326 0.00 0.00 0.00 0.00 0.00 0.00 0.00
motor 0.00 0 0.00 945 267 976 296 0.00 0.00 0.00 0.00 0.00 0.00 0.00
motor 0.00 0 0.00 982 307 1002 341 0.00 0.00 0.00 0.00 0.00 0.00 0.00
motor 0.00 0 0.00 1017 304 1045 338 0.00 0.00 0.00 0.00 0.00 0.00 0.00
motor 0.00 0 0.00 1011 329 1040 362 0.00 0.00 0.00 0.00 0.00 0.00 0.00
motor 0.00 0 0.00 1044 325 1068 362 0.00 0.00 0.00 0.00 0.00 0.00 0.00
motor 0.00 0 0.00 1069 335 1092 369 0.00 0.00 0.00 0.00 0.00 0.00 0.00
motor 0.00 0 0.00 1115 350 1138 384 0.00 0.00 0.00 0.00 0.00 0.00 0.00
motor 0.00 0 0.00 1119 310 1151 349 0.00 0.00 0.00 0.00 0.00 0.00 0.00
motor 0.00 0 0.00 1202 431 1247 456 0.00 0.00 0.00 0.00 0.00 0.00 0.00
motor 0.00 0 0.00 1216 405 1246 437 0.00 0.00 0.00 0.00 0.00 0.00 0.00
motor 0.00 0 0.00 1202 394 1226 431 0.00 0.00 0.00 0.00 0.00 0.00 0.00
motor 0.00 0 0.00 1302 488 1342 517 0.00 0.00 0.00 0.00 0.00 0.00 0.00
motor 0.00 0 0.00 1309 466 1350 494 0.00 0.00 0.00 0.00 0.00 0.00 0.00
motor 0.00 0 0.00 1282 451 1322 476 0.00 0.00 0.00 0.00 0.00 0.00 0.00
pedestrian 0.00 0 0.00 1367 511 1400 534 0.00 0.00 0.00 0.00 0.00 0.00 0.00
people 0.00 0 0.00 1371 455 1391 471 0.00 0.00 0.00 0.00 0.00 0.00 0.00
people 0.00 0 0.00 1331 429 1357 449 0.00 0.00 0.00 0.00 0.00 0.00 0.00
people 0.00 0 0.00 1316 422 1336 440 0.00 0.00 0.00 0.00 0.00 0.00 0.00
people 0.00 0 0.00 1334 416 1350 432 0.00 0.00 0.00 0.00 0.00 0.00 0.00
pedestrian 0.00 0 0.00 1299 412 1328 434 0.00 0.00 0.00 0.00 0.00 0.00 0.00
people 0.00 0 0.00 1301 406 1328 421 0.00 0.00 0.00 0.00 0.00 0.00 0.00
people 0.00 0 0.00 1312 392 1334 410 0.00 0.00 0.00 0.00 0.00 0.00 0.00
people 0.00 0 0.00 1271 397 1290 415 0.00 0.00 0.00 0.00 0.00 0.00 0.00
people 0.00 0 0.00 1284 393 1300 409 0.00 0.00 0.00 0.00 0.00 0.00 0.00
people 0.00 0 0.00 1291 385 1306 401 0.00 0.00 0.00 0.00 0.00 0.00 0.00
people 0.00 0 0.00 1262 383 1279 401 0.00 0.00 0.00 0.00 0.00 0.00 0.00
people 0.00 0 0.00 1279 374 1296 388 0.00 0.00 0.00 0.00 0.00 0.00 0.00
pedestrian 0.00 0 0.00 1305 367 1329 389 0.00 0.00 0.00 0.00 0.00 0.00 0.00
pedestrian 0.00 0 0.00 1172 320 1200 344 0.00 0.00 0.00 0.00 0.00 0.00 0.00
people 0.00 0 0.00 1095 297 1112 315 0.00 0.00 0.00 0.00 0.00 0.00 0.00
people 0.00 0 0.00 1105 290 1119 305 0.00 0.00 0.00 0.00 0.00 0.00 0.00
people 0.00 0 0.00 1077 285 1095 305 0.00 0.00 0.00 0.00 0.00 0.00 0.00
people 0.00 0 0.00 1095 281 1111 296 0.00 0.00 0.00 0.00 0.00 0.00 0.00
bicycle 0.00 0 0.00 1068 276 1091 308 0.00 0.00 0.00 0.00 0.00 0.00 0.00
bicycle 0.00 0 0.00 1059 270 1081 298 0.00 0.00 0.00 0.00 0.00 0.00 0.00
people 0.00 0 0.00 1048 273 1064 288 0.00 0.00 0.00 0.00 0.00 0.00 0.00
people 0.00 0 0.00 1023 264 1035 285 0.00 0.00 0.00 0.00 0.00 0.00 0.00
pedestrian 0.00 0 0.00 1029 246 1045 270 0.00 0.00 0.00 0.00 0.00 0.00 0.00
people 0.00 0 0.00 1052 251 1071 277 0.00 0.00 0.00 0.00 0.00 0.00 0.00
people 0.00 0 0.00 751 121 764 141 0.00 0.00 0.00 0.00 0.00 0.00 0.00
car 0.00 0 0.00 363 451 454 526 0.00 0.00 0.00 0.00 0.00 0.00 0.00
pedestrian 0.00 0 0.00 228 420 252 444 0.00 0.00 0.00 0.00 0.00 0.00 0.00
motor 0.00 0 0.00 156 483 194 522 0.00 0.00 0.00 0.00 0.00 0.00 0.00
people 0.00 0 0.00 169 402 187 426 0.00 0.00 0.00 0.00 0.00 0.00 0.00
motor 0.00 0 0.00 284 352 327 386 0.00 0.00 0.00 0.00 0.00 0.00 0.00
people 0.00 0 0.00 292 357 318 377 0.00 0.00 0.00 0.00 0.00 0.00 0.00
motor 0.00 0 0.00 123 363 148 413 0.00 0.00 0.00 0.00 0.00 0.00 0.00
motor 0.00 0 0.00 371 179 400 217 0.00 0.00 0.00 0.00 0.00 0.00 0.00
people 0.00 0 0.00 373 182 391 207 0.00 0.00 0.00 0.00 0.00 0.00 0.00
car 0.00 0 0.00 219 2 290 66 0.00 0.00 0.00 0.00 0.00 0.00 0.00
car 0.00 0 0.00 183 0 260 41 0.00 0.00 0.00 0.00 0.00 0.00 0.00
