truck 0.00 0 0.00 1307 442 1387 465 0.00 0.00 0.00 0.00 0.00 0.00 0.00
truck 0.00 0 0.00 1228 437 1303 458 0.00 0.00 0.00 0.00 0.00 0.00 0.00
truck 0.00 0 0.00 1290 392 1372 414 0.00 0.00 0.00 0.00 0.00 0.00 0.00
car 0.00 0 0.00 1095 415 1129 431 0.00 0.00 0.00 0.00 0.00 0.00 0.00
truck 0.00 0 0.00 1056 466 1070 500 0.00 0.00 0.00 0.00 0.00 0.00 0.00
pedestrian 0.00 0 0.00 1013 270 1020 275 0.00 0.00 0.00 0.00 0.00 0.00 0.00
pedestrian 0.00 0 0.00 1025 299 1032 305 0.00 0.00 0.00 0.00 0.00 0.00 0.00
pedestrian 0.00 0 0.00 1012 318 1019 325 0.00 0.00 0.00 0.00 0.00 0.00 0.00
car 0.00 0 0.00 1076 187 1091 220 0.00 0.00 0.00 0.00 0.00 0.00 0.00
car 0.00 0 0.00 653 401 686 414 0.00 0.00 0.00 0.00 0.00 0.00 0.00
car 0.00 0 0.00 464 400 495 414 0.00 0.00 0.00 0.00 0.00 0.00 0.00
pedestrian 0.00 0 0.00 103 239 114 245 0.00 0.00 0.00 0.00 0.00 0.00 0.00
pedestrian 0.00 0 0.00 48 289 58 295 0.00 0.00 0.00 0.00 0.00 0.00 0.00
pedestrian 0.00 0 0.00 12 194 22 201 0.00 0.00 0.00 0.00 0.00 0.00 0.00
pedestrian 0.00 0 0.00 3 174 13 182 0.00 0.00 0.00 0.00 0.00 0.00 0.00
pedestrian 0.00 0 0.00 1 150 10 159 0.00 0.00 0.00 0.00 0.00 0.00 0.00
pedestrian 0.00 0 0.00 6 152 16 161 0.00 0.00 0.00 0.00 0.00 0.00 0.00
pedestrian 0.00 0 0.00 10 146 20 155 0.00 0.00 0.00 0.00 0.00 0.00 0.00
pedestrian 0.00 0 0.00 5 142 15 153 0.00 0.00 0.00 0.00 0.00 0.00 0.00
pedestrian 0.00 0 0.00 17 116 26 125 0.00 0.00 0.00 0.00 0.00 0.00 0.00
pedestrian 0.00 0 0.00 56 203 64 210 0.00 0.00 0.00 0.00 0.00 0.00 0.00
pedestrian 0.00 0 0.00 56 185 65 194 0.00 0.00 0.00 0.00 0.00 0.00 0.00
car 0.00 0 0.00 96 178 115 211 0.00 0.00 0.00 0.00 0.00 0.00 0.00
van 0.00 0 0.00 37 98 59 132 0.00 0.00 0.00 0.00 0.00 0.00 0.00
car 0.00 0 0.00 54 51 76 83 0.00 0.00 0.00 0.00 0.00 0.00 0.00
