car 0.00 0 0.00 1294 255 1321 280 0.00 0.00 0.00 0.00 0.00 0.00 0.00
pedestrian 0.00 0 0.00 53 688 76 717 0.00 0.00 0.00 0.00 0.00 0.00 0.00
pedestrian 0.00 0 0.00 62 681 85 707 0.00 0.00 0.00 0.00 0.00 0.00 0.00
motor 0.00 0 0.00 71 699 96 730 0.00 0.00 0.00 0.00 0.00 0.00 0.00
car 0.00 0 0.00 92 680 170 745 0.00 0.00 0.00 0.00 0.00 0.00 0.00
car 0.00 0 0.00 68 772 180 821 0.00 0.00 0.00 0.00 0.00 0.00 0.00
motor 0.00 0 0.00 274 622 295 642 0.00 0.00 0.00 0.00 0.00 0.00 0.00
pedestrian 0.00 0 0.00 342 602 355 632 0.00 0.00 0.00 0.00 0.00 0.00 0.00
people 0.00 0 0.00 480 631 494 653 0.00 0.00 0.00 0.00 0.00 0.00 0.00
people 0.00 0 0.00 293 732 307 762 0.00 0.00 0.00 0.00 0.00 0.00 0.00
people 0.00 0 0.00 303 722 323 751 0.00 0.00 0.00 0.00 0.00 0.00 0.00
pedestrian 0.00 0 0.00 309 707 328 738 0.00 0.00 0.00 0.00 0.00 0.00 0.00
motor 0.00 0 0.00 591 625 617 647 0.00 0.00 0.00 0.00 0.00 0.00 0.00
motor 0.00 0 0.00 960 631 977 661 0.00 0.00 0.00 0.00 0.00 0.00 0.00
motor 0.00 0 0.00 991 635 1011 666 0.00 0.00 0.00 0.00 0.00 0.00 0.00
motor 0.00 0 0.00 1216 658 1229 688 0.00 0.00 0.00 0.00 0.00 0.00 0.00
awning-tricycle 0.00 0 0.00 1223 636 1263 687 0.00 0.00 0.00 0.00 0.00 0.00 0.00
awning-tricycle 0.00 0 0.00 1253 628 1291 687 0.00 0.00 0.00 0.00 0.00 0.00 0.00
motor 0.00 0 0.00 1280 636 1298 670 0.00 0.00 0.00 0.00 0.00 0.00 0.00
pedestrian 0.00 0 0.00 1329 661 1345 691 0.00 0.00 0.00 0.00 0.00 0.00 0.00
motor 0.00 0 0.00 1421 698 1455 727 0.00 0.00 0.00 0.00 0.00 0.00 0.00
awning-tricycle 0.00 0 0.00 1249 719 1305 766 0.00 0.00 0.00 0.00 0.00 0.00 0.00
people 0.00 0 0.00 1252 741 1272 761 0.00 0.00 0.00 0.00 0.00 0.00 0.00
motor 0.00 0 0.00 1634 643 1670 671 0.00 0.00 0.00 0.00 0.00 0.00 0.00
motor 0.00 0 0.00 1712 646 1741 673 0.00 0.00 0.00 0.00 0.00 0.00 0.00
motor 0.00 0 0.00 1715 637 1743 669 0.00 0.00 0.00 0.00 0.00 0.00 0.00
van 0.00 0 0.00 1646 705 1734 775 0.00 0.00 0.00 0.00 0.00 0.00 0.00
van 0.00 0 0.00 1614 645 1683 713 0.00 0.00 0.00 0.00 0.00 0.00 0.00
van 0.00 0 0.00 1570 654 1640 724 0.00 0.00 0.00 0.00 0.00 0.00 0.00
car 0.00 0 0.00 1608 729 1695 799 0.00 0.00 0.00 0.00 0.00 0.00 0.00
car 0.00 0 0.00 1629 950 1769 1026 0.00 0.00 0.00 0.00 0.00 0.00 0.00
van 0.00 0 0.00 1304 933 1427 1007 0.00 0.00 0.00 0.00 0.00 0.00 0.00
car 0.00 0 0.00 1346 668 1400 741 0.00 0.00 0.00 0.00 0.00 0.00 0.00
car 0.00 0 0.00 1295 713 1370 798 0.00 0.00 0.00 0.00 0.00 0.00 0.00
van 0.00 0 0.00 1202 700 1253 792 0.00 0.00 0.00 0.00 0.00 0.00 0.00
van 0.00 0 0.00 1167 698 1207 787 0.00 0.00 0.00 0.00 0.00 0.00 0.00
van 0.00 0 0.00 1125 705 1177 795 0.00 0.00 0.00 0.00 0.00 0.00 0.00
car 0.00 0 0.00 1066 711 1115 796 0.00 0.00 0.00 0.00 0.00 0.00 0.00
car 0.00 0 0.00 894 704 946 781 0.00 0.00 0.00 0.00 0.00 0.00 0.00
car 0.00 0 0.00 570 676 650 732 0.00 0.00 0.00 0.00 0.00 0.00 0.00
car 0.00 0 0.00 442 674 504 742 0.00 0.00 0.00 0.00 0.00 0.00 0.00
car 0.00 0 0.00 519 625 575 706 0.00 0.00 0.00 0.00 0.00 0.00 0.00
car 0.00 0 0.00 361 633 427 702 0.00 0.00 0.00 0.00 0.00 0.00 0.00
car 0.00 0 0.00 204 705 323 768 0.00 0.00 0.00 0.00 0.00 0.00 0.00
car 0.00 0 0.00 200 633 273 707 0.00 0.00 0.00 0.00 0.00 0.00 0.00
car 0.00 0 0.00 523 718 588 785 0.00 0.00 0.00 0.00 0.00 0.00 0.00
car 0.00 0 0.00 700 925 825 998 0.00 0.00 0.00 0.00 0.00 0.00 0.00
car 0.00 0 0.00 833 931 935 1007 0.00 0.00 0.00 0.00 0.00 0.00 0.00
van 0.00 0 0.00 791 669 846 738 0.00 0.00 0.00 0.00 0.00 0.00 0.00
van 0.00 0 0.00 857 627 916 696 0.00 0.00 0.00 0.00 0.00 0.00 0.00
van 0.00 0 0.00 408 644 463 705 0.00 0.00 0.00 0.00 0.00 0.00 0.00
truck 0.00 0 0.00 91 922 212 1000 0.00 0.00 0.00 0.00 0.00 0.00 0.00
motor 0.00 0 0.00 1483 126 1488 135 0.00 0.00 0.00 0.00 0.00 0.00 0.00
motor 0.00 0 0.00 1465 124 1473 137 0.00 0.00 0.00 0.00 0.00 0.00 0.00
motor 0.00 0 0.00 1497 123 1506 137 0.00 0.00 0.00 0.00 0.00 0.00 0.00
motor 0.00 0 0.00 1489 126 1497 139 0.00 0.00 0.00 0.00 0.00 0.00 0.00
awning-tricycle 0.00 0 0.00 1507 120 1524 139 0.00 0.00 0.00 0.00 0.00 0.00 0.00
pedestrian 0.00 0 0.00 1397 116 1405 131 0.00 0.00 0.00 0.00 0.00 0.00 0.00
pedestrian 0.00 0 0.00 1357 267 1364 283 0.00 0.00 0.00 0.00 0.00 0.00 0.00
people 0.00 0 0.00 1364 270 1374 283 0.00 0.00 0.00 0.00 0.00 0.00 0.00
people 0.00 0 0.00 1352 268 1360 282 0.00 0.00 0.00 0.00 0.00 0.00 0.00
car 0.00 0 0.00 1069 650 1113 710 0.00 0.00 0.00 0.00 0.00 0.00 0.00
