car 0.00 0 0.00 0 9 22 67 0.00 0.00 0.00 0.00 0.00 0.00 0.00
car 0.00 0 0.00 84 65 134 142 0.00 0.00 0.00 0.00 0.00 0.00 0.00
van 0.00 0 0.00 0 139 98 197 0.00 0.00 0.00 0.00 0.00 0.00 0.00
van 0.00 0 0.00 0 222 75 275 0.00 0.00 0.00 0.00 0.00 0.00 0.00
car 0.00 0 0.00 0 181 86 231 0.00 0.00 0.00 0.00 0.00 0.00 0.00
van 0.00 0 0.00 0 268 64 328 0.00 0.00 0.00 0.00 0.00 0.00 0.00
van 0.00 0 0.00 1 311 47 377 0.00 0.00 0.00 0.00 0.00 0.00 0.00
pedestrian 0.00 0 0.00 490 575 513 610 0.00 0.00 0.00 0.00 0.00 0.00 0.00
people 0.00 0 0.00 581 696 609 718 0.00 0.00 0.00 0.00 0.00 0.00 0.00
people 0.00 0 0.00 428 552 448 585 0.00 0.00 0.00 0.00 0.00 0.00 0.00
pedestrian 0.00 0 0.00 618 642 633 666 0.00 0.00 0.00 0.00 0.00 0.00 0.00
pedestrian 0.00 0 0.00 656 635 676 666 0.00 0.00 0.00 0.00 0.00 0.00 0.00
pedestrian 0.00 0 0.00 654 712 668 751 0.00 0.00 0.00 0.00 0.00 0.00 0.00
people 0.00 0 0.00 1144 745 1184 774 0.00 0.00 0.00 0.00 0.00 0.00 0.00
people 0.00 0 0.00 1125 729 1167 764 0.00 0.00 0.00 0.00 0.00 0.00 0.00
people 0.00 0 0.00 1002 376 1034 400 0.00 0.00 0.00 0.00 0.00 0.00 0.00
pedestrian 0.00 0 0.00 999 382 1020 414 0.00 0.00 0.00 0.00 0.00 0.00 0.00
people 0.00 0 0.00 838 359 866 378 0.00 0.00 0.00 0.00 0.00 0.00 0.00
people 0.00 0 0.00 861 348 883 372 0.00 0.00 0.00 0.00 0.00 0.00 0.00
people 0.00 0 0.00 851 310 877 335 0.00 0.00 0.00 0.00 0.00 0.00 0.00
pedestrian 0.00 0 0.00 786 250 795 277 0.00 0.00 0.00 0.00 0.00 0.00 0.00
pedestrian 0.00 0 0.00 760 252 772 286 0.00 0.00 0.00 0.00 0.00 0.00 0.00
pedestrian 0.00 0 0.00 753 247 766 271 0.00 0.00 0.00 0.00 0.00 0.00 0.00
pedestrian 0.00 0 0.00 673 235 684 271 0.00 0.00 0.00 0.00 0.00 0.00 0.00
pedestrian 0.00 0 0.00 589 339 603 370 0.00 0.00 0.00 0.00 0.00 0.00 0.00
pedestrian 0.00 0 0.00 529 417 540 444 0.00 0.00 0.00 0.00 0.00 0.00 0.00
pedestrian 0.00 0 0.00 591 276 602 294 0.00 0.00 0.00 0.00 0.00 0.00 0.00
pedestrian 0.00 0 0.00 588 257 600 283 0.00 0.00 0.00 0.00 0.00 0.00 0.00
people 0.00 0 0.00 542 289 554 315 0.00 0.00 0.00 0.00 0.00 0.00 0.00
pedestrian 0.00 0 0.00 557 269 570 294 0.00 0.00 0.00 0.00 0.00 0.00 0.00
pedestrian 0.00 0 0.00 569 247 584 280 0.00 0.00 0.00 0.00 0.00 0.00 0.00
pedestrian 0.00 0 0.00 453 294 469 328 0.00 0.00 0.00 0.00 0.00 0.00 0.00
people 0.00 0 0.00 488 290 497 312 0.00 0.00 0.00 0.00 0.00 0.00 0.00
people 0.00 0 0.00 781 21 792 42 0.00 0.00 0.00 0.00 0.00 0.00 0.00
people 0.00 0 0.00 788 4 801 25 0.00 0.00 0.00 0.00 0.00 0.00 0.00
pedestrian 0.00 0 0.00 758 17 770 53 0.00 0.00 0.00 0.00 0.00 0.00 0.00
people 0.00 0 0.00 426 81 452 104 0.00 0.00 0.00 0.00 0.00 0.00 0.00
people 0.00 0 0.00 409 32 419 65 0.00 0.00 0.00 0.00 0.00 0.00 0.00
people 0.00 0 0.00 420 33 433 62 0.00 0.00 0.00 0.00 0.00 0.00 0.00
people 0.00 0 0.00 440 33 454 62 0.00 0.00 0.00 0.00 0.00 0.00 0.00
people 0.00 0 0.00 466 29 483 50 0.00 0.00 0.00 0.00 0.00 0.00 0.00
pedestrian 0.00 0 0.00 984 59 999 88 0.00 0.00 0.00 0.00 0.00 0.00 0.00
pedestrian 0.00 0 0.00 1028 125 1046 163 0.00 0.00 0.00 0.00 0.00 0.00 0.00
pedestrian 0.00 0 0.00 1034 146 1047 170 0.00 0.00 0.00 0.00 0.00 0.00 0.00
