car 0.00 0 0.00 858 545 953 587 0.00 0.00 0.00 0.00 0.00 0.00 0.00
car 0.00 0 0.00 674 549 768 591 0.00 0.00 0.00 0.00 0.00 0.00 0.00
car 0.00 0 0.00 376 732 497 792 0.00 0.00 0.00 0.00 0.00 0.00 0.00
car 0.00 0 0.00 391 574 488 629 0.00 0.00 0.00 0.00 0.00 0.00 0.00
car 0.00 0 0.00 1151 553 1246 596 0.00 0.00 0.00 0.00 0.00 0.00 0.00
car 0.00 0 0.00 1009 483 1092 527 0.00 0.00 0.00 0.00 0.00 0.00 0.00
car 0.00 0 0.00 696 392 753 427 0.00 0.00 0.00 0.00 0.00 0.00 0.00
car 0.00 0 0.00 470 367 501 404 0.00 0.00 0.00 0.00 0.00 0.00 0.00
bus 0.00 0 0.00 479 307 547 390 0.00 0.00 0.00 0.00 0.00 0.00 0.00
car 0.00 0 0.00 518 251 540 268 0.00 0.00 0.00 0.00 0.00 0.00 0.00
car 0.00 0 0.00 485 205 504 222 0.00 0.00 0.00 0.00 0.00 0.00 0.00
car 0.00 0 0.00 471 177 488 190 0.00 0.00 0.00 0.00 0.00 0.00 0.00
car 0.00 0 0.00 437 155 454 171 0.00 0.00 0.00 0.00 0.00 0.00 0.00
car 0.00 0 0.00 627 291 675 309 0.00 0.00 0.00 0.00 0.00 0.00 0.00
car 0.00 0 0.00 372 94 385 108 0.00 0.00 0.00 0.00 0.00 0.00 0.00
car 0.00 0 0.00 379 82 393 95 0.00 0.00 0.00 0.00 0.00 0.00 0.00
car 0.00 0 0.00 390 60 404 72 0.00 0.00 0.00 0.00 0.00 0.00 0.00
motor 0.00 0 0.00 371 416 384 431 0.00 0.00 0.00 0.00 0.00 0.00 0.00
motor 0.00 0 0.00 391 398 401 414 0.00 0.00 0.00 0.00 0.00 0.00 0.00
motor 0.00 0 0.00 404 392 416 408 0.00 0.00 0.00 0.00 0.00 0.00 0.00
motor 0.00 0 0.00 371 397 382 409 0.00 0.00 0.00 0.00 0.00 0.00 0.00
people 0.00 0 0.00 370 411 379 428 0.00 0.00 0.00 0.00 0.00 0.00 0.00
people 0.00 0 0.00 388 391 398 406 0.00 0.00 0.00 0.00 0.00 0.00 0.00
people 0.00 0 0.00 403 385 413 401 0.00 0.00 0.00 0.00 0.00 0.00 0.00
people 0.00 0 0.00 370 389 381 404 0.00 0.00 0.00 0.00 0.00 0.00 0.00
car 0.00 0 0.00 0 896 68 959 0.00 0.00 0.00 0.00 0.00 0.00 0.00
