pedestrian 0.00 0 0.00 932 511 950 572 0.00 0.00 0.00 0.00 0.00 0.00 0.00
pedestrian 0.00 0 0.00 859 522 886 579 0.00 0.00 0.00 0.00 0.00 0.00 0.00
pedestrian 0.00 0 0.00 852 565 872 631 0.00 0.00 0.00 0.00 0.00 0.00 0.00
pedestrian 0.00 0 0.00 832 613 851 660 0.00 0.00 0.00 0.00 0.00 0.00 0.00
pedestrian 0.00 0 0.00 814 593 838 668 0.00 0.00 0.00 0.00 0.00 0.00 0.00
people 0.00 0 0.00 810 755 843 830 0.00 0.00 0.00 0.00 0.00 0.00 0.00
people 0.00 0 0.00 779 850 822 924 0.00 0.00 0.00 0.00 0.00 0.00 0.00
people 0.00 0 0.00 971 957 1015 1039 0.00 0.00 0.00 0.00 0.00 0.00 0.00
people 0.00 0 0.00 912 688 940 728 0.00 0.00 0.00 0.00 0.00 0.00 0.00
people 0.00 0 0.00 931 704 961 748 0.00 0.00 0.00 0.00 0.00 0.00 0.00
bicycle 0.00 0 0.00 944 717 967 792 0.00 0.00 0.00 0.00 0.00 0.00 0.00
motor 0.00 0 0.00 912 788 950 866 0.00 0.00 0.00 0.00 0.00 0.00 0.00
motor 0.00 0 0.00 1034 1024 1098 1132 0.00 0.00 0.00 0.00 0.00 0.00 0.00
motor 0.00 0 0.00 967 1151 1086 1210 0.00 0.00 0.00 0.00 0.00 0.00 0.00
motor 0.00 0 0.00 785 1295 929 1364 0.00 0.00 0.00 0.00 0.00 0.00 0.00
motor 0.00 0 0.00 481 1263 623 1322 0.00 0.00 0.00 0.00 0.00 0.00 0.00
motor 0.00 0 0.00 783 874 812 957 0.00 0.00 0.00 0.00 0.00 0.00 0.00
motor 0.00 0 0.00 804 768 855 839 0.00 0.00 0.00 0.00 0.00 0.00 0.00
motor 0.00 0 0.00 777 510 821 540 0.00 0.00 0.00 0.00 0.00 0.00 0.00
people 0.00 0 0.00 781 489 806 543 0.00 0.00 0.00 0.00 0.00 0.00 0.00
people 0.00 0 0.00 842 1236 889 1328 0.00 0.00 0.00 0.00 0.00 0.00 0.00
people 0.00 0 0.00 498 1214 571 1315 0.00 0.00 0.00 0.00 0.00 0.00 0.00
people 0.00 0 0.00 457 1140 521 1225 0.00 0.00 0.00 0.00 0.00 0.00 0.00
people 0.00 0 0.00 232 1230 294 1357 0.00 0.00 0.00 0.00 0.00 0.00 0.00
motor 0.00 0 0.00 211 1259 370 1342 0.00 0.00 0.00 0.00 0.00 0.00 0.00
bicycle 0.00 0 0.00 437 1184 560 1242 0.00 0.00 0.00 0.00 0.00 0.00 0.00
bicycle 0.00 0 0.00 955 994 1046 1059 0.00 0.00 0.00 0.00 0.00 0.00 0.00
bicycle 0.00 0 0.00 1155 960 1265 1011 0.00 0.00 0.00 0.00 0.00 0.00 0.00
pedestrian 0.00 0 0.00 1192 931 1236 1028 0.00 0.00 0.00 0.00 0.00 0.00 0.00
pedestrian 0.00 0 0.00 1259 1066 1304 1183 0.00 0.00 0.00 0.00 0.00 0.00 0.00
pedestrian 0.00 0 0.00 1406 1120 1457 1224 0.00 0.00 0.00 0.00 0.00 0.00 0.00
pedestrian 0.00 0 0.00 1060 1221 1093 1308 0.00 0.00 0.00 0.00 0.00 0.00 0.00
pedestrian 0.00 0 0.00 1095 1233 1152 1338 0.00 0.00 0.00 0.00 0.00 0.00 0.00
pedestrian 0.00 0 0.00 660 1404 713 1500 0.00 0.00 0.00 0.00 0.00 0.00 0.00
pedestrian 0.00 0 0.00 715 1369 783 1494 0.00 0.00 0.00 0.00 0.00 0.00 0.00
pedestrian 0.00 0 0.00 720 1304 783 1412 0.00 0.00 0.00 0.00 0.00 0.00 0.00
pedestrian 0.00 0 0.00 1734 1243 1803 1353 0.00 0.00 0.00 0.00 0.00 0.00 0.00
pedestrian 0.00 0 0.00 1909 1230 1971 1337 0.00 0.00 0.00 0.00 0.00 0.00 0.00
pedestrian 0.00 0 0.00 1893 1048 1967 1161 0.00 0.00 0.00 0.00 0.00 0.00 0.00
pedestrian 0.00 0 0.00 1707 1454 1776 1500 0.00 0.00 0.00 0.00 0.00 0.00 0.00
pedestrian 0.00 0 0.00 1717 1392 1773 1500 0.00 0.00 0.00 0.00 0.00 0.00 0.00
people 0.00 0 0.00 1787 1259 1828 1311 0.00 0.00 0.00 0.00 0.00 0.00 0.00
motor 0.00 0 0.00 1661 832 1707 924 0.00 0.00 0.00 0.00 0.00 0.00 0.00
motor 0.00 0 0.00 1548 874 1584 954 0.00 0.00 0.00 0.00 0.00 0.00 0.00
pedestrian 0.00 0 0.00 1630 875 1679 970 0.00 0.00 0.00 0.00 0.00 0.00 0.00
pedestrian 0.00 0 0.00 1253 788 1298 884 0.00 0.00 0.00 0.00 0.00 0.00 0.00
pedestrian 0.00 0 0.00 1299 808 1333 889 0.00 0.00 0.00 0.00 0.00 0.00 0.00
pedestrian 0.00 0 0.00 1312 805 1344 894 0.00 0.00 0.00 0.00 0.00 0.00 0.00
car 0.00 0 0.00 1702 935 2000 1110 0.00 0.00 0.00 0.00 0.00 0.00 0.00
pedestrian 0.00 0 0.00 715 832 747 915 0.00 0.00 0.00 0.00 0.00 0.00 0.00
car 0.00 0 0.00 358 1012 705 1152 0.00 0.00 0.00 0.00 0.00 0.00 0.00
pedestrian 0.00 0 0.00 414 1332 490 1461 0.00 0.00 0.00 0.00 0.00 0.00 0.00
pedestrian 0.00 0 0.00 81 1378 199 1496 0.00 0.00 0.00 0.00 0.00 0.00 0.00
pedestrian 0.00 0 0.00 252 479 282 525 0.00 0.00 0.00 0.00 0.00 0.00 0.00
pedestrian 0.00 0 0.00 596 450 622 501 0.00 0.00 0.00 0.00 0.00 0.00 0.00
pedestrian 0.00 0 0.00 531 415 551 463 0.00 0.00 0.00 0.00 0.00 0.00 0.00
pedestrian 0.00 0 0.00 394 435 413 472 0.00 0.00 0.00 0.00 0.00 0.00 0.00
pedestrian 0.00 0 0.00 185 464 213 512 0.00 0.00 0.00 0.00 0.00 0.00 0.00
pedestrian 0.00 0 0.00 488 368 508 408 0.00 0.00 0.00 0.00 0.00 0.00 0.00
pedestrian 0.00 0 0.00 495 342 512 379 0.00 0.00 0.00 0.00 0.00 0.00 0.00
pedestrian 0.00 0 0.00 507 340 529 379 0.00 0.00 0.00 0.00 0.00 0.00 0.00
pedestrian 0.00 0 0.00 284 439 312 485 0.00 0.00 0.00 0.00 0.00 0.00 0.00
pedestrian 0.00 0 0.00 258 443 282 493 0.00 0.00 0.00 0.00 0.00 0.00 0.00
pedestrian 0.00 0 0.00 359 436 385 479 0.00 0.00 0.00 0.00 0.00 0.00 0.00
people 0.00 0 0.00 356 459 369 483 0.00 0.00 0.00 0.00 0.00 0.00 0.00
people 0.00 0 0.00 168 511 203 549 0.00 0.00 0.00 0.00 0.00 0.00 0.00
people 0.00 0 0.00 45 579 79 622 0.00 0.00 0.00 0.00 0.00 0.00 0.00
people 0.00 0 0.00 9 600 42 634 0.00 0.00 0.00 0.00 0.00 0.00 0.00
pedestrian 0.00 0 0.00 122 470 147 516 0.00 0.00 0.00 0.00 0.00 0.00 0.00
people 0.00 0 0.00 612 429 632 457 0.00 0.00 0.00 0.00 0.00 0.00 0.00
people 0.00 0 0.00 690 426 707 452 0.00 0.00 0.00 0.00 0.00 0.00 0.00
people 0.00 0 0.00 446 556 473 587 0.00 0.00 0.00 0.00 0.00 0.00 0.00
pedestrian 0.00 0 0.00 474 198 485 216 0.00 0.00 0.00 0.00 0.00 0.00 0.00
car 0.00 0 0.00 469 211 520 234 0.00 0.00 0.00 0.00 0.00 0.00 0.00
car 0.00 0 0.00 121 212 161 237 0.00 0.00 0.00 0.00 0.00 0.00 0.00
car 0.00 0 0.00 170 215 212 232 0.00 0.00 0.00 0.00 0.00 0.00 0.00
car 0.00 0 0.00 723 293 788 325 0.00 0.00 0.00 0.00 0.00 0.00 0.00
car 0.00 0 0.00 674 305 747 337 0.00 0.00 0.00 0.00 0.00 0.00 0.00
car 0.00 0 0.00 631 311 674 346 0.00 0.00 0.00 0.00 0.00 0.00 0.00
car 0.00 0 0.00 656 271 724 299 0.00 0.00 0.00 0.00 0.00 0.00 0.00
car 0.00 0 0.00 526 263 582 289 0.00 0.00 0.00 0.00 0.00 0.00 0.00
car 0.00 0 0.00 429 265 493 289 0.00 0.00 0.00 0.00 0.00 0.00 0.00
car 0.00 0 0.00 257 270 316 294 0.00 0.00 0.00 0.00 0.00 0.00 0.00
car 0.00 0 0.00 465 303 544 329 0.00 0.00 0.00 0.00 0.00 0.00 0.00
car 0.00 0 0.00 359 300 424 326 0.00 0.00 0.00 0.00 0.00 0.00 0.00
car 0.00 0 0.00 299 308 375 339 0.00 0.00 0.00 0.00 0.00 0.00 0.00
car 0.00 0 0.00 392 301 466 329 0.00 0.00 0.00 0.00 0.00 0.00 0.00
car 0.00 0 0.00 383 355 463 392 0.00 0.00 0.00 0.00 0.00 0.00 0.00
car 0.00 0 0.00 347 362 426 403 0.00 0.00 0.00 0.00 0.00 0.00 0.00
car 0.00 0 0.00 311 376 389 413 0.00 0.00 0.00 0.00 0.00 0.00 0.00
car 0.00 0 0.00 301 383 381 426 0.00 0.00 0.00 0.00 0.00 0.00 0.00
van 0.00 0 0.00 431 414 502 468 0.00 0.00 0.00 0.00 0.00 0.00 0.00
van 0.00 0 0.00 178 431 299 479 0.00 0.00 0.00 0.00 0.00 0.00 0.00
van 0.00 0 0.00 415 322 488 368 0.00 0.00 0.00 0.00 0.00 0.00 0.00
truck 0.00 0 0.00 385 333 477 376 0.00 0.00 0.00 0.00 0.00 0.00 0.00
car 0.00 0 0.00 656 357 742 392 0.00 0.00 0.00 0.00 0.00 0.00 0.00
car 0.00 0 0.00 560 346 610 394 0.00 0.00 0.00 0.00 0.00 0.00 0.00
car 0.00 0 0.00 517 382 563 428 0.00 0.00 0.00 0.00 0.00 0.00 0.00
van 0.00 0 0.00 302 478 399 542 0.00 0.00 0.00 0.00 0.00 0.00 0.00
van 0.00 0 0.00 389 478 509 534 0.00 0.00 0.00 0.00 0.00 0.00 0.00
van 0.00 0 0.00 415 496 533 563 0.00 0.00 0.00 0.00 0.00 0.00 0.00
van 0.00 0 0.00 671 469 791 522 0.00 0.00 0.00 0.00 0.00 0.00 0.00
van 0.00 0 0.00 683 502 793 554 0.00 0.00 0.00 0.00 0.00 0.00 0.00
van 0.00 0 0.00 649 528 779 584 0.00 0.00 0.00 0.00 0.00 0.00 0.00
van 0.00 0 0.00 305 598 475 671 0.00 0.00 0.00 0.00 0.00 0.00 0.00
tricycle 0.00 0 0.00 577 512 629 560 0.00 0.00 0.00 0.00 0.00 0.00 0.00
motor 0.00 0 0.00 449 570 510 606 0.00 0.00 0.00 0.00 0.00 0.00 0.00
pedestrian 0.00 0 0.00 831 524 856 584 0.00 0.00 0.00 0.00 0.00 0.00 0.00
van 0.00 0 0.00 831 475 879 552 0.00 0.00 0.00 0.00 0.00 0.00 0.00
