car 0.00 0 0.00 628 386 656 445 0.00 0.00 0.00 0.00 0.00 0.00 0.00
car 0.00 0 0.00 829 476 865 543 0.00 0.00 0.00 0.00 0.00 0.00 0.00
car 0.00 0 0.00 819 402 853 457 0.00 0.00 0.00 0.00 0.00 0.00 0.00
car 0.00 0 0.00 813 337 844 394 0.00 0.00 0.00 0.00 0.00 0.00 0.00
car 0.00 0 0.00 809 277 834 326 0.00 0.00 0.00 0.00 0.00 0.00 0.00
car 0.00 0 0.00 805 202 829 251 0.00 0.00 0.00 0.00 0.00 0.00 0.00
car 0.00 0 0.00 800 149 828 188 0.00 0.00 0.00 0.00 0.00 0.00 0.00
car 0.00 0 0.00 796 92 823 131 0.00 0.00 0.00 0.00 0.00 0.00 0.00
car 0.00 0 0.00 794 52 818 89 0.00 0.00 0.00 0.00 0.00 0.00 0.00
car 0.00 0 0.00 787 16 812 53 0.00 0.00 0.00 0.00 0.00 0.00 0.00
car 0.00 0 0.00 838 568 873 636 0.00 0.00 0.00 0.00 0.00 0.00 0.00
car 0.00 0 0.00 843 653 880 727 0.00 0.00 0.00 0.00 0.00 0.00 0.00
car 0.00 0 0.00 496 634 534 714 0.00 0.00 0.00 0.00 0.00 0.00 0.00
car 0.00 0 0.00 424 578 504 615 0.00 0.00 0.00 0.00 0.00 0.00 0.00
car 0.00 0 0.00 471 264 539 293 0.00 0.00 0.00 0.00 0.00 0.00 0.00
car 0.00 0 0.00 504 70 560 94 0.00 0.00 0.00 0.00 0.00 0.00 0.00
car 0.00 0 0.00 516 32 566 58 0.00 0.00 0.00 0.00 0.00 0.00 0.00
car 0.00 0 0.00 518 10 568 36 0.00 0.00 0.00 0.00 0.00 0.00 0.00
truck 0.00 0 0.00 473 131 559 175 0.00 0.00 0.00 0.00 0.00 0.00 0.00
truck 0.00 0 0.00 449 469 512 568 0.00 0.00 0.00 0.00 0.00 0.00 0.00
van 0.00 0 0.00 405 687 476 722 0.00 0.00 0.00 0.00 0.00 0.00 0.00
car 0.00 0 0.00 387 733 475 775 0.00 0.00 0.00 0.00 0.00 0.00 0.00
car 0.00 0 0.00 270 684 350 720 0.00 0.00 0.00 0.00 0.00 0.00 0.00
car 0.00 0 0.00 259 738 359 785 0.00 0.00 0.00 0.00 0.00 0.00 0.00
car 0.00 0 0.00 118 716 179 787 0.00 0.00 0.00 0.00 0.00 0.00 0.00
pedestrian 0.00 0 0.00 426 609 445 635 0.00 0.00 0.00 0.00 0.00 0.00 0.00
tricycle 0.00 0 0.00 524 502 552 564 0.00 0.00 0.00 0.00 0.00 0.00 0.00
pedestrian 0.00 0 0.00 550 502 569 525 0.00 0.00 0.00 0.00 0.00 0.00 0.00
car 0.00 0 0.00 850 752 890 787 0.00 0.00 0.00 0.00 0.00 0.00 0.00
van 0.00 0 0.00 167 332 259 376 0.00 0.00 0.00 0.00 0.00 0.00 0.00
pedestrian 0.00 0 0.00 789 213 802 237 0.00 0.00 0.00 0.00 0.00 0.00 0.00
