pedestrian 0.00 0 0.00 899 752 951 853 0.00 0.00 0.00 0.00 0.00 0.00 0.00
pedestrian 0.00 0 0.00 964 761 1008 854 0.00 0.00 0.00 0.00 0.00 0.00 0.00
car 0.00 0 0.00 1067 705 1246 893 0.00 0.00 0.00 0.00 0.00 0.00 0.00
car 0.00 0 0.00 1109 592 1266 704 0.00 0.00 0.00 0.00 0.00 0.00 0.00
car 0.00 0 0.00 1147 499 1246 589 0.00 0.00 0.00 0.00 0.00 0.00 0.00
car 0.00 0 0.00 1192 404 1301 475 0.00 0.00 0.00 0.00 0.00 0.00 0.00
car 0.00 0 0.00 1202 362 1270 420 0.00 0.00 0.00 0.00 0.00 0.00 0.00
car 0.00 0 0.00 1120 319 1237 376 0.00 0.00 0.00 0.00 0.00 0.00 0.00
car 0.00 0 0.00 1117 273 1220 320 0.00 0.00 0.00 0.00 0.00 0.00 0.00
car 0.00 0 0.00 1225 261 1273 307 0.00 0.00 0.00 0.00 0.00 0.00 0.00
car 0.00 0 0.00 1224 239 1269 273 0.00 0.00 0.00 0.00 0.00 0.00 0.00
car 0.00 0 0.00 1233 220 1274 251 0.00 0.00 0.00 0.00 0.00 0.00 0.00
car 0.00 0 0.00 1222 172 1258 200 0.00 0.00 0.00 0.00 0.00 0.00 0.00
car 0.00 0 0.00 1210 169 1236 194 0.00 0.00 0.00 0.00 0.00 0.00 0.00
car 0.00 0 0.00 1205 158 1236 179 0.00 0.00 0.00 0.00 0.00 0.00 0.00
car 0.00 0 0.00 1200 148 1226 172 0.00 0.00 0.00 0.00 0.00 0.00 0.00
car 0.00 0 0.00 1202 134 1225 154 0.00 0.00 0.00 0.00 0.00 0.00 0.00
car 0.00 0 0.00 1221 131 1247 162 0.00 0.00 0.00 0.00 0.00 0.00 0.00
car 0.00 0 0.00 1353 164 1398 186 0.00 0.00 0.00 0.00 0.00 0.00 0.00
car 0.00 0 0.00 1350 149 1383 170 0.00 0.00 0.00 0.00 0.00 0.00 0.00
van 0.00 0 0.00 1213 193 1284 225 0.00 0.00 0.00 0.00 0.00 0.00 0.00
truck 0.00 0 0.00 1283 109 1320 143 0.00 0.00 0.00 0.00 0.00 0.00 0.00
car 0.00 0 0.00 1248 102 1272 122 0.00 0.00 0.00 0.00 0.00 0.00 0.00
car 0.00 0 0.00 1209 88 1238 108 0.00 0.00 0.00 0.00 0.00 0.00 0.00
car 0.00 0 0.00 1183 80 1202 97 0.00 0.00 0.00 0.00 0.00 0.00 0.00
