van 0.00 0 0.00 1540 569 1611 609 0.00 0.00 0.00 0.00 0.00 0.00 0.00
car 0.00 0 0.00 1579 346 1640 374 0.00 0.00 0.00 0.00 0.00 0.00 0.00
car 0.00 0 0.00 1479 344 1541 369 0.00 0.00 0.00 0.00 0.00 0.00 0.00
car 0.00 0 0.00 1840 365 1906 388 0.00 0.00 0.00 0.00 0.00 0.00 0.00
car 0.00 0 0.00 1816 869 1915 926 0.00 0.00 0.00 0.00 0.00 0.00 0.00
car 0.00 0 0.00 1537 258 1562 277 0.00 0.00 0.00 0.00 0.00 0.00 0.00
car 0.00 0 0.00 1562 249 1593 281 0.00 0.00 0.00 0.00 0.00 0.00 0.00
car 0.00 0 0.00 1565 231 1596 257 0.00 0.00 0.00 0.00 0.00 0.00 0.00
car 0.00 0 0.00 1509 231 1540 260 0.00 0.00 0.00 0.00 0.00 0.00 0.00
car 0.00 0 0.00 1493 216 1515 234 0.00 0.00 0.00 0.00 0.00 0.00 0.00
car 0.00 0 0.00 1519 213 1543 234 0.00 0.00 0.00 0.00 0.00 0.00 0.00
car 0.00 0 0.00 1493 185 1515 212 0.00 0.00 0.00 0.00 0.00 0.00 0.00
car 0.00 0 0.00 1465 169 1493 188 0.00 0.00 0.00 0.00 0.00 0.00 0.00
car 0.00 0 0.00 1447 146 1466 166 0.00 0.00 0.00 0.00 0.00 0.00 0.00
car 0.00 0 0.00 1397 114 1415 131 0.00 0.00 0.00 0.00 0.00 0.00 0.00
car 0.00 0 0.00 1544 229 1566 252 0.00 0.00 0.00 0.00 0.00 0.00 0.00
car 0.00 0 0.00 1187 336 1247 366 0.00 0.00 0.00 0.00 0.00 0.00 0.00
motor 0.00 0 0.00 618 897 678 938 0.00 0.00 0.00 0.00 0.00 0.00 0.00
motor 0.00 0 0.00 744 716 794 745 0.00 0.00 0.00 0.00 0.00 0.00 0.00
motor 0.00 0 0.00 746 748 783 778 0.00 0.00 0.00 0.00 0.00 0.00 0.00
motor 0.00 0 0.00 1745 291 1755 308 0.00 0.00 0.00 0.00 0.00 0.00 0.00
people 0.00 0 0.00 1746 287 1754 301 0.00 0.00 0.00 0.00 0.00 0.00 0.00
people 0.00 0 0.00 1427 251 1436 260 0.00 0.00 0.00 0.00 0.00 0.00 0.00
motor 0.00 0 0.00 1427 251 1438 266 0.00 0.00 0.00 0.00 0.00 0.00 0.00
motor 0.00 0 0.00 1596 500 1623 523 0.00 0.00 0.00 0.00 0.00 0.00 0.00
people 0.00 0 0.00 1603 497 1617 517 0.00 0.00 0.00 0.00 0.00 0.00 0.00
