car 0.00 0 0.00 436 771 514 933 0.00 0.00 0.00 0.00 0.00 0.00 0.00
car 0.00 0 0.00 240 647 315 765 0.00 0.00 0.00 0.00 0.00 0.00 0.00
car 0.00 0 0.00 137 701 223 832 0.00 0.00 0.00 0.00 0.00 0.00 0.00
car 0.00 0 0.00 692 522 770 591 0.00 0.00 0.00 0.00 0.00 0.00 0.00
car 0.00 0 0.00 758 519 834 593 0.00 0.00 0.00 0.00 0.00 0.00 0.00
car 0.00 0 0.00 846 520 928 604 0.00 0.00 0.00 0.00 0.00 0.00 0.00
car 0.00 0 0.00 698 454 767 518 0.00 0.00 0.00 0.00 0.00 0.00 0.00
car 0.00 0 0.00 597 453 684 507 0.00 0.00 0.00 0.00 0.00 0.00 0.00
car 0.00 0 0.00 589 403 650 455 0.00 0.00 0.00 0.00 0.00 0.00 0.00
car 0.00 0 0.00 1009 785 1146 919 0.00 0.00 0.00 0.00 0.00 0.00 0.00
car 0.00 0 0.00 1059 730 1190 856 0.00 0.00 0.00 0.00 0.00 0.00 0.00
car 0.00 0 0.00 207 499 262 575 0.00 0.00 0.00 0.00 0.00 0.00 0.00
car 0.00 0 0.00 303 209 338 247 0.00 0.00 0.00 0.00 0.00 0.00 0.00
car 0.00 0 0.00 272 67 296 85 0.00 0.00 0.00 0.00 0.00 0.00 0.00
car 0.00 0 0.00 189 70 209 90 0.00 0.00 0.00 0.00 0.00 0.00 0.00
car 0.00 0 0.00 173 20 191 37 0.00 0.00 0.00 0.00 0.00 0.00 0.00
car 0.00 0 0.00 346 114 371 135 0.00 0.00 0.00 0.00 0.00 0.00 0.00
car 0.00 0 0.00 422 226 460 258 0.00 0.00 0.00 0.00 0.00 0.00 0.00
van 0.00 0 0.00 0 385 51 447 0.00 0.00 0.00 0.00 0.00 0.00 0.00
van 0.00 0 0.00 510 633 611 777 0.00 0.00 0.00 0.00 0.00 0.00 0.00
van 0.00 0 0.00 850 790 955 907 0.00 0.00 0.00 0.00 0.00 0.00 0.00
car 0.00 0 0.00 963 500 1022 575 0.00 0.00 0.00 0.00 0.00 0.00 0.00
car 0.00 0 0.00 1050 546 1133 622 0.00 0.00 0.00 0.00 0.00 0.00 0.00
car 0.00 0 0.00 1198 572 1296 641 0.00 0.00 0.00 0.00 0.00 0.00 0.00
van 0.00 0 0.00 588 349 681 400 0.00 0.00 0.00 0.00 0.00 0.00 0.00
truck 0.00 0 0.00 640 387 715 453 0.00 0.00 0.00 0.00 0.00 0.00 0.00
truck 0.00 0 0.00 580 305 647 367 0.00 0.00 0.00 0.00 0.00 0.00 0.00
truck 0.00 0 0.00 464 208 560 271 0.00 0.00 0.00 0.00 0.00 0.00 0.00
truck 0.00 0 0.00 432 168 504 216 0.00 0.00 0.00 0.00 0.00 0.00 0.00
car 0.00 0 0.00 208 437 252 502 0.00 0.00 0.00 0.00 0.00 0.00 0.00
car 0.00 0 0.00 201 387 251 444 0.00 0.00 0.00 0.00 0.00 0.00 0.00
car 0.00 0 0.00 190 347 234 403 0.00 0.00 0.00 0.00 0.00 0.00 0.00
car 0.00 0 0.00 184 216 215 250 0.00 0.00 0.00 0.00 0.00 0.00 0.00
car 0.00 0 0.00 172 197 199 227 0.00 0.00 0.00 0.00 0.00 0.00 0.00
pedestrian 0.00 0 0.00 259 266 272 293 0.00 0.00 0.00 0.00 0.00 0.00 0.00
pedestrian 0.00 0 0.00 246 266 263 295 0.00 0.00 0.00 0.00 0.00 0.00 0.00
pedestrian 0.00 0 0.00 240 301 257 326 0.00 0.00 0.00 0.00 0.00 0.00 0.00
pedestrian 0.00 0 0.00 695 312 710 342 0.00 0.00 0.00 0.00 0.00 0.00 0.00
pedestrian 0.00 0 0.00 564 245 583 279 0.00 0.00 0.00 0.00 0.00 0.00 0.00
pedestrian 0.00 0 0.00 102 88 112 104 0.00 0.00 0.00 0.00 0.00 0.00 0.00
pedestrian 0.00 0 0.00 109 53 117 70 0.00 0.00 0.00 0.00 0.00 0.00 0.00
pedestrian 0.00 0 0.00 93 142 105 163 0.00 0.00 0.00 0.00 0.00 0.00 0.00
car 0.00 0 0.00 98 0 113 10 0.00 0.00 0.00 0.00 0.00 0.00 0.00
car 0.00 0 0.00 96 4 109 17 0.00 0.00 0.00 0.00 0.00 0.00 0.00
car 0.00 0 0.00 94 7 108 22 0.00 0.00 0.00 0.00 0.00 0.00 0.00
car 0.00 0 0.00 91 15 105 28 0.00 0.00 0.00 0.00 0.00 0.00 0.00
car 0.00 0 0.00 91 22 107 35 0.00 0.00 0.00 0.00 0.00 0.00 0.00
car 0.00 0 0.00 89 29 104 42 0.00 0.00 0.00 0.00 0.00 0.00 0.00
car 0.00 0 0.00 88 33 105 49 0.00 0.00 0.00 0.00 0.00 0.00 0.00
car 0.00 0 0.00 87 44 103 57 0.00 0.00 0.00 0.00 0.00 0.00 0.00
car 0.00 0 0.00 82 49 100 63 0.00 0.00 0.00 0.00 0.00 0.00 0.00
car 0.00 0 0.00 84 59 101 73 0.00 0.00 0.00 0.00 0.00 0.00 0.00
car 0.00 0 0.00 84 67 101 82 0.00 0.00 0.00 0.00 0.00 0.00 0.00
car 0.00 0 0.00 77 76 96 95 0.00 0.00 0.00 0.00 0.00 0.00 0.00
car 0.00 0 0.00 76 85 95 102 0.00 0.00 0.00 0.00 0.00 0.00 0.00
car 0.00 0 0.00 72 94 93 114 0.00 0.00 0.00 0.00 0.00 0.00 0.00
car 0.00 0 0.00 71 104 95 123 0.00 0.00 0.00 0.00 0.00 0.00 0.00
car 0.00 0 0.00 67 116 91 138 0.00 0.00 0.00 0.00 0.00 0.00 0.00
car 0.00 0 0.00 65 133 90 157 0.00 0.00 0.00 0.00 0.00 0.00 0.00
car 0.00 0 0.00 63 144 87 173 0.00 0.00 0.00 0.00 0.00 0.00 0.00
car 0.00 0 0.00 58 168 84 192 0.00 0.00 0.00 0.00 0.00 0.00 0.00
car 0.00 0 0.00 53 178 84 208 0.00 0.00 0.00 0.00 0.00 0.00 0.00
van 0.00 0 0.00 43 190 77 226 0.00 0.00 0.00 0.00 0.00 0.00 0.00
car 0.00 0 0.00 42 217 75 248 0.00 0.00 0.00 0.00 0.00 0.00 0.00
van 0.00 0 0.00 30 240 69 280 0.00 0.00 0.00 0.00 0.00 0.00 0.00
car 0.00 0 0.00 31 284 67 316 0.00 0.00 0.00 0.00 0.00 0.00 0.00
van 0.00 0 0.00 15 306 57 354 0.00 0.00 0.00 0.00 0.00 0.00 0.00
car 0.00 0 0.00 11 353 57 393 0.00 0.00 0.00 0.00 0.00 0.00 0.00
car 0.00 0 0.00 0 452 48 503 0.00 0.00 0.00 0.00 0.00 0.00 0.00
car 0.00 0 0.00 0 499 36 570 0.00 0.00 0.00 0.00 0.00 0.00 0.00
car 0.00 0 0.00 0 572 33 656 0.00 0.00 0.00 0.00 0.00 0.00 0.00
car 0.00 0 0.00 106 613 223 716 0.00 0.00 0.00 0.00 0.00 0.00 0.00
car 0.00 0 0.00 102 558 204 645 0.00 0.00 0.00 0.00 0.00 0.00 0.00
car 0.00 0 0.00 111 507 168 573 0.00 0.00 0.00 0.00 0.00 0.00 0.00
car 0.00 0 0.00 118 406 171 466 0.00 0.00 0.00 0.00 0.00 0.00 0.00
car 0.00 0 0.00 118 353 166 409 0.00 0.00 0.00 0.00 0.00 0.00 0.00
car 0.00 0 0.00 109 287 159 352 0.00 0.00 0.00 0.00 0.00 0.00 0.00
car 0.00 0 0.00 125 150 169 184 0.00 0.00 0.00 0.00 0.00 0.00 0.00
car 0.00 0 0.00 122 135 164 156 0.00 0.00 0.00 0.00 0.00 0.00 0.00
car 0.00 0 0.00 178 175 205 201 0.00 0.00 0.00 0.00 0.00 0.00 0.00
car 0.00 0 0.00 176 160 201 183 0.00 0.00 0.00 0.00 0.00 0.00 0.00
car 0.00 0 0.00 169 144 196 170 0.00 0.00 0.00 0.00 0.00 0.00 0.00
car 0.00 0 0.00 171 130 192 153 0.00 0.00 0.00 0.00 0.00 0.00 0.00
car 0.00 0 0.00 170 117 194 139 0.00 0.00 0.00 0.00 0.00 0.00 0.00
van 0.00 0 0.00 171 102 190 124 0.00 0.00 0.00 0.00 0.00 0.00 0.00
car 0.00 0 0.00 166 93 184 113 0.00 0.00 0.00 0.00 0.00 0.00 0.00
car 0.00 0 0.00 165 83 185 101 0.00 0.00 0.00 0.00 0.00 0.00 0.00
car 0.00 0 0.00 163 73 181 91 0.00 0.00 0.00 0.00 0.00 0.00 0.00
car 0.00 0 0.00 163 65 180 84 0.00 0.00 0.00 0.00 0.00 0.00 0.00
car 0.00 0 0.00 158 56 175 73 0.00 0.00 0.00 0.00 0.00 0.00 0.00
car 0.00 0 0.00 161 49 178 65 0.00 0.00 0.00 0.00 0.00 0.00 0.00
car 0.00 0 0.00 158 44 175 57 0.00 0.00 0.00 0.00 0.00 0.00 0.00
car 0.00 0 0.00 156 36 171 51 0.00 0.00 0.00 0.00 0.00 0.00 0.00
car 0.00 0 0.00 155 30 170 46 0.00 0.00 0.00 0.00 0.00 0.00 0.00
car 0.00 0 0.00 152 24 168 39 0.00 0.00 0.00 0.00 0.00 0.00 0.00
car 0.00 0 0.00 154 19 167 34 0.00 0.00 0.00 0.00 0.00 0.00 0.00
car 0.00 0 0.00 152 10 166 25 0.00 0.00 0.00 0.00 0.00 0.00 0.00
car 0.00 0 0.00 154 4 167 17 0.00 0.00 0.00 0.00 0.00 0.00 0.00
car 0.00 0 0.00 154 0 168 13 0.00 0.00 0.00 0.00 0.00 0.00 0.00
car 0.00 0 0.00 371 102 392 119 0.00 0.00 0.00 0.00 0.00 0.00 0.00
car 0.00 0 0.00 363 90 381 107 0.00 0.00 0.00 0.00 0.00 0.00 0.00
car 0.00 0 0.00 354 81 371 98 0.00 0.00 0.00 0.00 0.00 0.00 0.00
car 0.00 0 0.00 349 73 365 87 0.00 0.00 0.00 0.00 0.00 0.00 0.00
car 0.00 0 0.00 341 64 358 79 0.00 0.00 0.00 0.00 0.00 0.00 0.00
car 0.00 0 0.00 366 61 386 79 0.00 0.00 0.00 0.00 0.00 0.00 0.00
car 0.00 0 0.00 352 50 371 66 0.00 0.00 0.00 0.00 0.00 0.00 0.00
car 0.00 0 0.00 331 54 349 71 0.00 0.00 0.00 0.00 0.00 0.00 0.00
car 0.00 0 0.00 326 48 340 61 0.00 0.00 0.00 0.00 0.00 0.00 0.00
car 0.00 0 0.00 320 42 334 57 0.00 0.00 0.00 0.00 0.00 0.00 0.00
car 0.00 0 0.00 312 37 326 51 0.00 0.00 0.00 0.00 0.00 0.00 0.00
car 0.00 0 0.00 306 29 320 42 0.00 0.00 0.00 0.00 0.00 0.00 0.00
car 0.00 0 0.00 302 24 316 38 0.00 0.00 0.00 0.00 0.00 0.00 0.00
car 0.00 0 0.00 296 18 309 32 0.00 0.00 0.00 0.00 0.00 0.00 0.00
car 0.00 0 0.00 289 8 301 23 0.00 0.00 0.00 0.00 0.00 0.00 0.00
car 0.00 0 0.00 293 15 307 29 0.00 0.00 0.00 0.00 0.00 0.00 0.00
car 0.00 0 0.00 285 4 299 15 0.00 0.00 0.00 0.00 0.00 0.00 0.00
car 0.00 0 0.00 284 0 296 14 0.00 0.00 0.00 0.00 0.00 0.00 0.00
pedestrian 0.00 0 0.00 287 22 294 38 0.00 0.00 0.00 0.00 0.00 0.00 0.00
pedestrian 0.00 0 0.00 297 23 304 40 0.00 0.00 0.00 0.00 0.00 0.00 0.00
pedestrian 0.00 0 0.00 400 121 407 139 0.00 0.00 0.00 0.00 0.00 0.00 0.00
pedestrian 0.00 0 0.00 538 128 547 147 0.00 0.00 0.00 0.00 0.00 0.00 0.00
pedestrian 0.00 0 0.00 476 130 484 149 0.00 0.00 0.00 0.00 0.00 0.00 0.00
pedestrian 0.00 0 0.00 422 120 431 138 0.00 0.00 0.00 0.00 0.00 0.00 0.00
pedestrian 0.00 0 0.00 377 110 383 129 0.00 0.00 0.00 0.00 0.00 0.00 0.00
pedestrian 0.00 0 0.00 384 111 392 130 0.00 0.00 0.00 0.00 0.00 0.00 0.00
car 0.00 0 0.00 417 65 438 83 0.00 0.00 0.00 0.00 0.00 0.00 0.00
car 0.00 0 0.00 411 57 426 74 0.00 0.00 0.00 0.00 0.00 0.00 0.00
van 0.00 0 0.00 339 32 360 51 0.00 0.00 0.00 0.00 0.00 0.00 0.00
car 0.00 0 0.00 328 29 347 43 0.00 0.00 0.00 0.00 0.00 0.00 0.00
car 0.00 0 0.00 323 25 342 38 0.00 0.00 0.00 0.00 0.00 0.00 0.00
car 0.00 0 0.00 321 19 339 34 0.00 0.00 0.00 0.00 0.00 0.00 0.00
car 0.00 0 0.00 314 15 332 28 0.00 0.00 0.00 0.00 0.00 0.00 0.00
car 0.00 0 0.00 313 10 332 25 0.00 0.00 0.00 0.00 0.00 0.00 0.00
car 0.00 0 0.00 308 7 326 21 0.00 0.00 0.00 0.00 0.00 0.00 0.00
car 0.00 0 0.00 308 4 323 17 0.00 0.00 0.00 0.00 0.00 0.00 0.00
car 0.00 0 0.00 386 184 413 210 0.00 0.00 0.00 0.00 0.00 0.00 0.00
car 0.00 0 0.00 383 170 410 192 0.00 0.00 0.00 0.00 0.00 0.00 0.00
car 0.00 0 0.00 369 153 396 179 0.00 0.00 0.00 0.00 0.00 0.00 0.00
pedestrian 0.00 0 0.00 390 196 400 218 0.00 0.00 0.00 0.00 0.00 0.00 0.00
pedestrian 0.00 0 0.00 419 182 428 203 0.00 0.00 0.00 0.00 0.00 0.00 0.00
pedestrian 0.00 0 0.00 417 196 427 216 0.00 0.00 0.00 0.00 0.00 0.00 0.00
pedestrian 0.00 0 0.00 412 200 419 219 0.00 0.00 0.00 0.00 0.00 0.00 0.00
people 0.00 0 0.00 506 192 517 207 0.00 0.00 0.00 0.00 0.00 0.00 0.00
people 0.00 0 0.00 486 322 498 340 0.00 0.00 0.00 0.00 0.00 0.00 0.00
people 0.00 0 0.00 534 329 547 356 0.00 0.00 0.00 0.00 0.00 0.00 0.00
pedestrian 0.00 0 0.00 621 278 633 307 0.00 0.00 0.00 0.00 0.00 0.00 0.00
motor 0.00 0 0.00 486 323 500 349 0.00 0.00 0.00 0.00 0.00 0.00 0.00
motor 0.00 0 0.00 603 294 628 312 0.00 0.00 0.00 0.00 0.00 0.00 0.00
motor 0.00 0 0.00 610 306 639 322 0.00 0.00 0.00 0.00 0.00 0.00 0.00
motor 0.00 0 0.00 611 311 642 330 0.00 0.00 0.00 0.00 0.00 0.00 0.00
motor 0.00 0 0.00 619 316 648 335 0.00 0.00 0.00 0.00 0.00 0.00 0.00
bicycle 0.00 0 0.00 593 281 616 300 0.00 0.00 0.00 0.00 0.00 0.00 0.00
bicycle 0.00 0 0.00 532 337 550 362 0.00 0.00 0.00 0.00 0.00 0.00 0.00
car 0.00 0 0.00 895 500 970 585 0.00 0.00 0.00 0.00 0.00 0.00 0.00
car 0.00 0 0.00 220 589 278 654 0.00 0.00 0.00 0.00 0.00 0.00 0.00
car 0.00 0 0.00 1254 604 1364 684 0.00 0.00 0.00 0.00 0.00 0.00 0.00
car 0.00 0 0.00 1136 720 1277 847 0.00 0.00 0.00 0.00 0.00 0.00 0.00
car 0.00 0 0.00 1318 651 1400 740 0.00 0.00 0.00 0.00 0.00 0.00 0.00
car 0.00 0 0.00 1243 869 1400 995 0.00 0.00 0.00 0.00 0.00 0.00 0.00
car 0.00 0 0.00 1138 955 1314 1050 0.00 0.00 0.00 0.00 0.00 0.00 0.00
