pedestrian 0.00 0 0.00 119 382 132 405 0.00 0.00 0.00 0.00 0.00 0.00 0.00
pedestrian 0.00 0 0.00 522 651 541 686 0.00 0.00 0.00 0.00 0.00 0.00 0.00
pedestrian 0.00 0 0.00 514 653 528 692 0.00 0.00 0.00 0.00 0.00 0.00 0.00
pedestrian 0.00 0 0.00 497 614 518 651 0.00 0.00 0.00 0.00 0.00 0.00 0.00
pedestrian 0.00 0 0.00 509 583 525 618 0.00 0.00 0.00 0.00 0.00 0.00 0.00
pedestrian 0.00 0 0.00 576 201 582 213 0.00 0.00 0.00 0.00 0.00 0.00 0.00
pedestrian 0.00 0 0.00 564 267 569 283 0.00 0.00 0.00 0.00 0.00 0.00 0.00
bicycle 0.00 0 0.00 453 540 488 564 0.00 0.00 0.00 0.00 0.00 0.00 0.00
bicycle 0.00 0 0.00 456 395 464 416 0.00 0.00 0.00 0.00 0.00 0.00 0.00
bicycle 0.00 0 0.00 46 340 70 352 0.00 0.00 0.00 0.00 0.00 0.00 0.00
pedestrian 0.00 0 0.00 882 427 891 448 0.00 0.00 0.00 0.00 0.00 0.00 0.00
