car 0.00 0 0.00 282 1276 482 1500 0.00 0.00 0.00 0.00 0.00 0.00 0.00
van 0.00 0 0.00 629 835 707 924 0.00 0.00 0.00 0.00 0.00 0.00 0.00
car 0.00 0 0.00 867 796 950 897 0.00 0.00 0.00 0.00 0.00 0.00 0.00
car 0.00 0 0.00 999 648 1058 721 0.00 0.00 0.00 0.00 0.00 0.00 0.00
car 0.00 0 0.00 32 565 127 615 0.00 0.00 0.00 0.00 0.00 0.00 0.00
car 0.00 0 0.00 0 907 139 1015 0.00 0.00 0.00 0.00 0.00 0.00 0.00
car 0.00 0 0.00 0 799 81 874 0.00 0.00 0.00 0.00 0.00 0.00 0.00
car 0.00 0 0.00 31 723 187 785 0.00 0.00 0.00 0.00 0.00 0.00 0.00
car 0.00 0 0.00 102 686 248 744 0.00 0.00 0.00 0.00 0.00 0.00 0.00
car 0.00 0 0.00 145 657 288 713 0.00 0.00 0.00 0.00 0.00 0.00 0.00
van 0.00 0 0.00 363 525 478 571 0.00 0.00 0.00 0.00 0.00 0.00 0.00
car 0.00 0 0.00 284 559 405 602 0.00 0.00 0.00 0.00 0.00 0.00 0.00
van 0.00 0 0.00 554 486 638 545 0.00 0.00 0.00 0.00 0.00 0.00 0.00
truck 0.00 0 0.00 590 400 714 457 0.00 0.00 0.00 0.00 0.00 0.00 0.00
truck 0.00 0 0.00 429 386 583 450 0.00 0.00 0.00 0.00 0.00 0.00 0.00
truck 0.00 0 0.00 275 389 417 447 0.00 0.00 0.00 0.00 0.00 0.00 0.00
truck 0.00 0 0.00 137 382 269 443 0.00 0.00 0.00 0.00 0.00 0.00 0.00
car 0.00 0 0.00 197 354 245 382 0.00 0.00 0.00 0.00 0.00 0.00 0.00
car 0.00 0 0.00 237 364 293 393 0.00 0.00 0.00 0.00 0.00 0.00 0.00
car 0.00 0 0.00 311 380 379 410 0.00 0.00 0.00 0.00 0.00 0.00 0.00
pedestrian 0.00 0 0.00 335 375 348 392 0.00 0.00 0.00 0.00 0.00 0.00 0.00
van 0.00 0 0.00 1594 1198 1757 1391 0.00 0.00 0.00 0.00 0.00 0.00 0.00
car 0.00 0 0.00 1513 1013 1639 1172 0.00 0.00 0.00 0.00 0.00 0.00 0.00
tricycle 0.00 0 0.00 1407 753 1520 897 0.00 0.00 0.00 0.00 0.00 0.00 0.00
van 0.00 0 0.00 1385 695 1445 773 0.00 0.00 0.00 0.00 0.00 0.00 0.00
van 0.00 0 0.00 1367 610 1425 689 0.00 0.00 0.00 0.00 0.00 0.00 0.00
van 0.00 0 0.00 1251 527 1300 574 0.00 0.00 0.00 0.00 0.00 0.00 0.00
car 0.00 0 0.00 1355 580 1409 631 0.00 0.00 0.00 0.00 0.00 0.00 0.00
car 0.00 0 0.00 1338 515 1383 561 0.00 0.00 0.00 0.00 0.00 0.00 0.00
pedestrian 0.00 0 0.00 1357 492 1371 521 0.00 0.00 0.00 0.00 0.00 0.00 0.00
pedestrian 0.00 0 0.00 1196 377 1205 403 0.00 0.00 0.00 0.00 0.00 0.00 0.00
car 0.00 0 0.00 1325 382 1355 408 0.00 0.00 0.00 0.00 0.00 0.00 0.00
car 0.00 0 0.00 1309 337 1357 368 0.00 0.00 0.00 0.00 0.00 0.00 0.00
van 0.00 0 0.00 1143 273 1164 294 0.00 0.00 0.00 0.00 0.00 0.00 0.00
car 0.00 0 0.00 1153 270 1175 287 0.00 0.00 0.00 0.00 0.00 0.00 0.00
van 0.00 0 0.00 1343 272 1362 294 0.00 0.00 0.00 0.00 0.00 0.00 0.00
car 0.00 0 0.00 1294 228 1311 240 0.00 0.00 0.00 0.00 0.00 0.00 0.00
car 0.00 0 0.00 1366 235 1384 247 0.00 0.00 0.00 0.00 0.00 0.00 0.00
truck 0.00 0 0.00 1317 191 1341 214 0.00 0.00 0.00 0.00 0.00 0.00 0.00
van 0.00 0 0.00 1339 191 1363 202 0.00 0.00 0.00 0.00 0.00 0.00 0.00
car 0.00 0 0.00 1204 221 1233 233 0.00 0.00 0.00 0.00 0.00 0.00 0.00
car 0.00 0 0.00 1203 218 1239 231 0.00 0.00 0.00 0.00 0.00 0.00 0.00
van 0.00 0 0.00 1198 192 1219 203 0.00 0.00 0.00 0.00 0.00 0.00 0.00
van 0.00 0 0.00 1204 193 1226 203 0.00 0.00 0.00 0.00 0.00 0.00 0.00
van 0.00 0 0.00 1212 194 1234 205 0.00 0.00 0.00 0.00 0.00 0.00 0.00
car 0.00 0 0.00 1217 195 1240 205 0.00 0.00 0.00 0.00 0.00 0.00 0.00
van 0.00 0 0.00 1399 204 1412 214 0.00 0.00 0.00 0.00 0.00 0.00 0.00
car 0.00 0 0.00 1419 192 1445 203 0.00 0.00 0.00 0.00 0.00 0.00 0.00
van 0.00 0 0.00 1501 175 1514 184 0.00 0.00 0.00 0.00 0.00 0.00 0.00
van 0.00 0 0.00 1510 170 1527 182 0.00 0.00 0.00 0.00 0.00 0.00 0.00
van 0.00 0 0.00 1533 172 1549 181 0.00 0.00 0.00 0.00 0.00 0.00 0.00
