car 0.00 0 0.00 452 397 518 434 0.00 0.00 0.00 0.00 0.00 0.00 0.00
car 0.00 0 0.00 562 289 615 346 0.00 0.00 0.00 0.00 0.00 0.00 0.00
car 0.00 0 0.00 691 58 728 104 0.00 0.00 0.00 0.00 0.00 0.00 0.00
car 0.00 0 0.00 699 28 724 62 0.00 0.00 0.00 0.00 0.00 0.00 0.00
van 0.00 0 0.00 825 49 852 88 0.00 0.00 0.00 0.00 0.00 0.00 0.00
van 0.00 0 0.00 847 214 880 263 0.00 0.00 0.00 0.00 0.00 0.00 0.00
car 0.00 0 0.00 861 410 895 466 0.00 0.00 0.00 0.00 0.00 0.00 0.00
car 0.00 0 0.00 839 484 887 560 0.00 0.00 0.00 0.00 0.00 0.00 0.00
car 0.00 0 0.00 795 472 847 555 0.00 0.00 0.00 0.00 0.00 0.00 0.00
car 0.00 0 0.00 766 537 845 593 0.00 0.00 0.00 0.00 0.00 0.00 0.00
car 0.00 0 0.00 694 664 742 742 0.00 0.00 0.00 0.00 0.00 0.00 0.00
car 0.00 0 0.00 576 569 665 649 0.00 0.00 0.00 0.00 0.00 0.00 0.00
car 0.00 0 0.00 463 492 557 568 0.00 0.00 0.00 0.00 0.00 0.00 0.00
