car 0.00 0 0.00 50 603 96 626 0.00 0.00 0.00 0.00 0.00 0.00 0.00
car 0.00 0 0.00 253 550 293 589 0.00 0.00 0.00 0.00 0.00 0.00 0.00
car 0.00 0 0.00 290 560 329 584 0.00 0.00 0.00 0.00 0.00 0.00 0.00
car 0.00 0 0.00 339 554 380 573 0.00 0.00 0.00 0.00 0.00 0.00 0.00
car 0.00 0 0.00 440 547 479 565 0.00 0.00 0.00 0.00 0.00 0.00 0.00
car 0.00 0 0.00 514 551 554 570 0.00 0.00 0.00 0.00 0.00 0.00 0.00
truck 0.00 0 0.00 570 580 627 606 0.00 0.00 0.00 0.00 0.00 0.00 0.00
car 0.00 0 0.00 636 584 673 607 0.00 0.00 0.00 0.00 0.00 0.00 0.00
car 0.00 0 0.00 832 520 853 559 0.00 0.00 0.00 0.00 0.00 0.00 0.00
car 0.00 0 0.00 799 228 821 273 0.00 0.00 0.00 0.00 0.00 0.00 0.00
car 0.00 0 0.00 785 110 808 152 0.00 0.00 0.00 0.00 0.00 0.00 0.00
truck 0.00 0 0.00 799 0 825 47 0.00 0.00 0.00 0.00 0.00 0.00 0.00
truck 0.00 0 0.00 951 661 1040 693 0.00 0.00 0.00 0.00 0.00 0.00 0.00
car 0.00 0 0.00 1043 668 1083 685 0.00 0.00 0.00 0.00 0.00 0.00 0.00
car 0.00 0 0.00 1096 672 1132 687 0.00 0.00 0.00 0.00 0.00 0.00 0.00
car 0.00 0 0.00 1113 690 1158 708 0.00 0.00 0.00 0.00 0.00 0.00 0.00
car 0.00 0 0.00 1043 712 1086 733 0.00 0.00 0.00 0.00 0.00 0.00 0.00
car 0.00 0 0.00 1080 741 1129 764 0.00 0.00 0.00 0.00 0.00 0.00 0.00
car 0.00 0 0.00 1131 742 1175 763 0.00 0.00 0.00 0.00 0.00 0.00 0.00
car 0.00 0 0.00 1180 737 1223 760 0.00 0.00 0.00 0.00 0.00 0.00 0.00
car 0.00 0 0.00 1232 735 1271 755 0.00 0.00 0.00 0.00 0.00 0.00 0.00
car 0.00 0 0.00 1163 714 1201 734 0.00 0.00 0.00 0.00 0.00 0.00 0.00
car 0.00 0 0.00 1257 706 1300 726 0.00 0.00 0.00 0.00 0.00 0.00 0.00
car 0.00 0 0.00 1273 729 1318 752 0.00 0.00 0.00 0.00 0.00 0.00 0.00
van 0.00 0 0.00 1323 725 1370 747 0.00 0.00 0.00 0.00 0.00 0.00 0.00
car 0.00 0 0.00 1369 718 1400 740 0.00 0.00 0.00 0.00 0.00 0.00 0.00
car 0.00 0 0.00 1314 660 1346 685 0.00 0.00 0.00 0.00 0.00 0.00 0.00
car 0.00 0 0.00 1351 648 1396 670 0.00 0.00 0.00 0.00 0.00 0.00 0.00
