truck 0.00 0 0.00 456 402 560 509 0.00 0.00 0.00 0.00 0.00 0.00 0.00
truck 0.00 0 0.00 1011 460 1103 559 0.00 0.00 0.00 0.00 0.00 0.00 0.00
truck 0.00 0 0.00 821 208 851 243 0.00 0.00 0.00 0.00 0.00 0.00 0.00
car 0.00 0 0.00 629 475 677 536 0.00 0.00 0.00 0.00 0.00 0.00 0.00
car 0.00 0 0.00 689 541 735 614 0.00 0.00 0.00 0.00 0.00 0.00 0.00
car 0.00 0 0.00 811 618 852 669 0.00 0.00 0.00 0.00 0.00 0.00 0.00
car 0.00 0 0.00 673 352 703 393 0.00 0.00 0.00 0.00 0.00 0.00 0.00
car 0.00 0 0.00 544 362 579 393 0.00 0.00 0.00 0.00 0.00 0.00 0.00
car 0.00 0 0.00 585 383 619 422 0.00 0.00 0.00 0.00 0.00 0.00 0.00
car 0.00 0 0.00 641 287 669 312 0.00 0.00 0.00 0.00 0.00 0.00 0.00
car 0.00 0 0.00 717 233 739 258 0.00 0.00 0.00 0.00 0.00 0.00 0.00
car 0.00 0 0.00 751 233 774 259 0.00 0.00 0.00 0.00 0.00 0.00 0.00
car 0.00 0 0.00 682 211 702 230 0.00 0.00 0.00 0.00 0.00 0.00 0.00
car 0.00 0 0.00 730 200 748 218 0.00 0.00 0.00 0.00 0.00 0.00 0.00
car 0.00 0 0.00 742 180 757 196 0.00 0.00 0.00 0.00 0.00 0.00 0.00
car 0.00 0 0.00 767 173 785 189 0.00 0.00 0.00 0.00 0.00 0.00 0.00
car 0.00 0 0.00 709 168 724 182 0.00 0.00 0.00 0.00 0.00 0.00 0.00
car 0.00 0 0.00 704 132 714 144 0.00 0.00 0.00 0.00 0.00 0.00 0.00
car 0.00 0 0.00 716 145 727 158 0.00 0.00 0.00 0.00 0.00 0.00 0.00
car 0.00 0 0.00 749 145 761 157 0.00 0.00 0.00 0.00 0.00 0.00 0.00
car 0.00 0 0.00 741 113 751 124 0.00 0.00 0.00 0.00 0.00 0.00 0.00
car 0.00 0 0.00 715 110 724 121 0.00 0.00 0.00 0.00 0.00 0.00 0.00
car 0.00 0 0.00 699 103 709 113 0.00 0.00 0.00 0.00 0.00 0.00 0.00
car 0.00 0 0.00 694 92 702 101 0.00 0.00 0.00 0.00 0.00 0.00 0.00
car 0.00 0 0.00 708 95 714 103 0.00 0.00 0.00 0.00 0.00 0.00 0.00
car 0.00 0 0.00 728 97 737 105 0.00 0.00 0.00 0.00 0.00 0.00 0.00
car 0.00 0 0.00 734 104 742 114 0.00 0.00 0.00 0.00 0.00 0.00 0.00
car 0.00 0 0.00 744 100 752 110 0.00 0.00 0.00 0.00 0.00 0.00 0.00
car 0.00 0 0.00 732 84 736 92 0.00 0.00 0.00 0.00 0.00 0.00 0.00
car 0.00 0 0.00 720 83 728 95 0.00 0.00 0.00 0.00 0.00 0.00 0.00
truck 0.00 0 0.00 778 363 817 408 0.00 0.00 0.00 0.00 0.00 0.00 0.00
car 0.00 0 0.00 1110 450 1151 489 0.00 0.00 0.00 0.00 0.00 0.00 0.00
bus 0.00 0 0.00 594 236 644 308 0.00 0.00 0.00 0.00 0.00 0.00 0.00
truck 0.00 0 0.00 638 215 665 247 0.00 0.00 0.00 0.00 0.00 0.00 0.00
van 0.00 0 0.00 2 205 27 216 0.00 0.00 0.00 0.00 0.00 0.00 0.00
van 0.00 0 0.00 21 202 46 212 0.00 0.00 0.00 0.00 0.00 0.00 0.00
van 0.00 0 0.00 6 193 27 202 0.00 0.00 0.00 0.00 0.00 0.00 0.00
van 0.00 0 0.00 42 199 63 209 0.00 0.00 0.00 0.00 0.00 0.00 0.00
car 0.00 0 0.00 53 199 70 207 0.00 0.00 0.00 0.00 0.00 0.00 0.00
car 0.00 0 0.00 54 196 78 206 0.00 0.00 0.00 0.00 0.00 0.00 0.00
car 0.00 0 0.00 69 192 87 202 0.00 0.00 0.00 0.00 0.00 0.00 0.00
car 0.00 0 0.00 77 190 94 200 0.00 0.00 0.00 0.00 0.00 0.00 0.00
car 0.00 0 0.00 100 181 123 190 0.00 0.00 0.00 0.00 0.00 0.00 0.00
car 0.00 0 0.00 81 188 105 197 0.00 0.00 0.00 0.00 0.00 0.00 0.00
car 0.00 0 0.00 218 225 250 238 0.00 0.00 0.00 0.00 0.00 0.00 0.00
car 0.00 0 0.00 161 227 187 239 0.00 0.00 0.00 0.00 0.00 0.00 0.00
