pedestrian 0.00 0 0.00 1129 821 1166 909 0.00 0.00 0.00 0.00 0.00 0.00 0.00
pedestrian 0.00 0 0.00 770 847 806 936 0.00 0.00 0.00 0.00 0.00 0.00 0.00
pedestrian 0.00 0 0.00 876 842 903 936 0.00 0.00 0.00 0.00 0.00 0.00 0.00
pedestrian 0.00 0 0.00 834 786 870 865 0.00 0.00 0.00 0.00 0.00 0.00 0.00
people 0.00 0 0.00 840 839 886 911 0.00 0.00 0.00 0.00 0.00 0.00 0.00
people 0.00 0 0.00 518 914 573 987 0.00 0.00 0.00 0.00 0.00 0.00 0.00
bicycle 0.00 0 0.00 833 849 892 925 0.00 0.00 0.00 0.00 0.00 0.00 0.00
motor 0.00 0 0.00 500 902 580 1024 0.00 0.00 0.00 0.00 0.00 0.00 0.00
motor 0.00 0 0.00 1159 642 1233 687 0.00 0.00 0.00 0.00 0.00 0.00 0.00
people 0.00 0 0.00 1174 622 1217 679 0.00 0.00 0.00 0.00 0.00 0.00 0.00
car 0.00 0 0.00 864 534 1058 620 0.00 0.00 0.00 0.00 0.00 0.00 0.00
car 0.00 0 0.00 121 621 356 706 0.00 0.00 0.00 0.00 0.00 0.00 0.00
car 0.00 0 0.00 66 514 252 586 0.00 0.00 0.00 0.00 0.00 0.00 0.00
car 0.00 0 0.00 583 371 696 429 0.00 0.00 0.00 0.00 0.00 0.00 0.00
car 0.00 0 0.00 3 575 166 652 0.00 0.00 0.00 0.00 0.00 0.00 0.00
car 0.00 0 0.00 193 385 317 430 0.00 0.00 0.00 0.00 0.00 0.00 0.00
car 0.00 0 0.00 429 333 514 373 0.00 0.00 0.00 0.00 0.00 0.00 0.00
car 0.00 0 0.00 31 370 141 405 0.00 0.00 0.00 0.00 0.00 0.00 0.00
car 0.00 0 0.00 1 425 81 482 0.00 0.00 0.00 0.00 0.00 0.00 0.00
car 0.00 0 0.00 1216 396 1364 451 0.00 0.00 0.00 0.00 0.00 0.00 0.00
car 0.00 0 0.00 0 311 58 347 0.00 0.00 0.00 0.00 0.00 0.00 0.00
car 0.00 0 0.00 42 308 92 345 0.00 0.00 0.00 0.00 0.00 0.00 0.00
car 0.00 0 0.00 85 307 134 344 0.00 0.00 0.00 0.00 0.00 0.00 0.00
van 0.00 0 0.00 123 301 183 342 0.00 0.00 0.00 0.00 0.00 0.00 0.00
car 0.00 0 0.00 162 301 216 346 0.00 0.00 0.00 0.00 0.00 0.00 0.00
car 0.00 0 0.00 207 303 257 339 0.00 0.00 0.00 0.00 0.00 0.00 0.00
van 0.00 0 0.00 251 292 300 338 0.00 0.00 0.00 0.00 0.00 0.00 0.00
pedestrian 0.00 0 0.00 274 323 289 353 0.00 0.00 0.00 0.00 0.00 0.00 0.00
pedestrian 0.00 0 0.00 273 312 286 346 0.00 0.00 0.00 0.00 0.00 0.00 0.00
pedestrian 0.00 0 0.00 269 339 284 373 0.00 0.00 0.00 0.00 0.00 0.00 0.00
pedestrian 0.00 0 0.00 314 343 331 377 0.00 0.00 0.00 0.00 0.00 0.00 0.00
pedestrian 0.00 0 0.00 419 266 433 291 0.00 0.00 0.00 0.00 0.00 0.00 0.00
pedestrian 0.00 0 0.00 389 291 403 322 0.00 0.00 0.00 0.00 0.00 0.00 0.00
pedestrian 0.00 0 0.00 355 327 371 360 0.00 0.00 0.00 0.00 0.00 0.00 0.00
pedestrian 0.00 0 0.00 294 351 313 382 0.00 0.00 0.00 0.00 0.00 0.00 0.00
pedestrian 0.00 0 0.00 284 349 305 381 0.00 0.00 0.00 0.00 0.00 0.00 0.00
pedestrian 0.00 0 0.00 294 334 313 373 0.00 0.00 0.00 0.00 0.00 0.00 0.00
pedestrian 0.00 0 0.00 284 337 300 368 0.00 0.00 0.00 0.00 0.00 0.00 0.00
pedestrian 0.00 0 0.00 219 356 236 389 0.00 0.00 0.00 0.00 0.00 0.00 0.00
pedestrian 0.00 0 0.00 245 355 267 395 0.00 0.00 0.00 0.00 0.00 0.00 0.00
pedestrian 0.00 0 0.00 234 348 250 381 0.00 0.00 0.00 0.00 0.00 0.00 0.00
pedestrian 0.00 0 0.00 226 357 246 393 0.00 0.00 0.00 0.00 0.00 0.00 0.00
pedestrian 0.00 0 0.00 217 365 233 393 0.00 0.00 0.00 0.00 0.00 0.00 0.00
pedestrian 0.00 0 0.00 198 370 216 394 0.00 0.00 0.00 0.00 0.00 0.00 0.00
pedestrian 0.00 0 0.00 185 359 206 395 0.00 0.00 0.00 0.00 0.00 0.00 0.00
tricycle 0.00 0 0.00 164 330 207 350 0.00 0.00 0.00 0.00 0.00 0.00 0.00
tricycle 0.00 0 0.00 285 309 314 340 0.00 0.00 0.00 0.00 0.00 0.00 0.00
car 0.00 0 0.00 343 277 389 322 0.00 0.00 0.00 0.00 0.00 0.00 0.00
people 0.00 0 0.00 342 337 363 371 0.00 0.00 0.00 0.00 0.00 0.00 0.00
people 0.00 0 0.00 403 321 419 344 0.00 0.00 0.00 0.00 0.00 0.00 0.00
bicycle 0.00 0 0.00 335 348 371 371 0.00 0.00 0.00 0.00 0.00 0.00 0.00
motor 0.00 0 0.00 400 327 426 352 0.00 0.00 0.00 0.00 0.00 0.00 0.00
car 0.00 0 0.00 405 243 468 267 0.00 0.00 0.00 0.00 0.00 0.00 0.00
car 0.00 0 0.00 415 234 467 257 0.00 0.00 0.00 0.00 0.00 0.00 0.00
pedestrian 0.00 0 0.00 477 317 491 357 0.00 0.00 0.00 0.00 0.00 0.00 0.00
pedestrian 0.00 0 0.00 563 319 578 353 0.00 0.00 0.00 0.00 0.00 0.00 0.00
car 0.00 0 0.00 555 276 615 305 0.00 0.00 0.00 0.00 0.00 0.00 0.00
car 0.00 0 0.00 475 286 514 316 0.00 0.00 0.00 0.00 0.00 0.00 0.00
car 0.00 0 0.00 513 276 553 312 0.00 0.00 0.00 0.00 0.00 0.00 0.00
van 0.00 0 0.00 612 296 673 340 0.00 0.00 0.00 0.00 0.00 0.00 0.00
car 0.00 0 0.00 639 280 671 307 0.00 0.00 0.00 0.00 0.00 0.00 0.00
car 0.00 0 0.00 641 261 671 289 0.00 0.00 0.00 0.00 0.00 0.00 0.00
car 0.00 0 0.00 647 250 671 271 0.00 0.00 0.00 0.00 0.00 0.00 0.00
car 0.00 0 0.00 650 242 675 260 0.00 0.00 0.00 0.00 0.00 0.00 0.00
pedestrian 0.00 0 0.00 637 245 646 264 0.00 0.00 0.00 0.00 0.00 0.00 0.00
car 0.00 0 0.00 524 260 562 285 0.00 0.00 0.00 0.00 0.00 0.00 0.00
car 0.00 0 0.00 539 252 565 274 0.00 0.00 0.00 0.00 0.00 0.00 0.00
car 0.00 0 0.00 548 239 574 262 0.00 0.00 0.00 0.00 0.00 0.00 0.00
car 0.00 0 0.00 567 224 593 245 0.00 0.00 0.00 0.00 0.00 0.00 0.00
car 0.00 0 0.00 581 217 600 237 0.00 0.00 0.00 0.00 0.00 0.00 0.00
van 0.00 0 0.00 579 204 602 226 0.00 0.00 0.00 0.00 0.00 0.00 0.00
car 0.00 0 0.00 594 199 615 217 0.00 0.00 0.00 0.00 0.00 0.00 0.00
car 0.00 0 0.00 542 211 564 228 0.00 0.00 0.00 0.00 0.00 0.00 0.00
car 0.00 0 0.00 505 213 526 230 0.00 0.00 0.00 0.00 0.00 0.00 0.00
car 0.00 0 0.00 554 202 573 219 0.00 0.00 0.00 0.00 0.00 0.00 0.00
car 0.00 0 0.00 569 189 585 203 0.00 0.00 0.00 0.00 0.00 0.00 0.00
car 0.00 0 0.00 576 184 590 199 0.00 0.00 0.00 0.00 0.00 0.00 0.00
car 0.00 0 0.00 582 179 594 191 0.00 0.00 0.00 0.00 0.00 0.00 0.00
car 0.00 0 0.00 587 177 598 189 0.00 0.00 0.00 0.00 0.00 0.00 0.00
people 0.00 0 0.00 598 177 603 188 0.00 0.00 0.00 0.00 0.00 0.00 0.00
bicycle 0.00 0 0.00 598 182 605 193 0.00 0.00 0.00 0.00 0.00 0.00 0.00
car 0.00 0 0.00 528 200 555 212 0.00 0.00 0.00 0.00 0.00 0.00 0.00
people 0.00 0 0.00 495 213 500 228 0.00 0.00 0.00 0.00 0.00 0.00 0.00
people 0.00 0 0.00 501 212 506 229 0.00 0.00 0.00 0.00 0.00 0.00 0.00
car 0.00 0 0.00 514 204 534 221 0.00 0.00 0.00 0.00 0.00 0.00 0.00
car 0.00 0 0.00 538 189 558 204 0.00 0.00 0.00 0.00 0.00 0.00 0.00
van 0.00 0 0.00 542 185 559 200 0.00 0.00 0.00 0.00 0.00 0.00 0.00
pedestrian 0.00 0 0.00 576 167 581 179 0.00 0.00 0.00 0.00 0.00 0.00 0.00
people 0.00 0 0.00 714 341 731 375 0.00 0.00 0.00 0.00 0.00 0.00 0.00
motor 0.00 0 0.00 700 353 740 377 0.00 0.00 0.00 0.00 0.00 0.00 0.00
pedestrian 0.00 0 0.00 757 280 772 307 0.00 0.00 0.00 0.00 0.00 0.00 0.00
pedestrian 0.00 0 0.00 846 316 862 353 0.00 0.00 0.00 0.00 0.00 0.00 0.00
pedestrian 0.00 0 0.00 905 296 923 329 0.00 0.00 0.00 0.00 0.00 0.00 0.00
pedestrian 0.00 0 0.00 781 327 791 361 0.00 0.00 0.00 0.00 0.00 0.00 0.00
pedestrian 0.00 0 0.00 790 324 802 359 0.00 0.00 0.00 0.00 0.00 0.00 0.00
pedestrian 0.00 0 0.00 839 326 851 354 0.00 0.00 0.00 0.00 0.00 0.00 0.00
car 0.00 0 0.00 786 296 865 327 0.00 0.00 0.00 0.00 0.00 0.00 0.00
car 0.00 0 0.00 987 284 1053 314 0.00 0.00 0.00 0.00 0.00 0.00 0.00
car 0.00 0 0.00 896 287 982 319 0.00 0.00 0.00 0.00 0.00 0.00 0.00
car 0.00 0 0.00 738 264 774 296 0.00 0.00 0.00 0.00 0.00 0.00 0.00
car 0.00 0 0.00 734 239 760 262 0.00 0.00 0.00 0.00 0.00 0.00 0.00
car 0.00 0 0.00 687 221 715 249 0.00 0.00 0.00 0.00 0.00 0.00 0.00
car 0.00 0 0.00 729 213 749 234 0.00 0.00 0.00 0.00 0.00 0.00 0.00
car 0.00 0 0.00 729 201 748 224 0.00 0.00 0.00 0.00 0.00 0.00 0.00
car 0.00 0 0.00 1063 281 1153 312 0.00 0.00 0.00 0.00 0.00 0.00 0.00
car 0.00 0 0.00 1206 273 1293 307 0.00 0.00 0.00 0.00 0.00 0.00 0.00
people 0.00 0 0.00 1081 298 1097 323 0.00 0.00 0.00 0.00 0.00 0.00 0.00
bicycle 0.00 0 0.00 1080 305 1105 321 0.00 0.00 0.00 0.00 0.00 0.00 0.00
