car 0.00 0 0.00 1160 1212 1302 1413 0.00 0.00 0.00 0.00 0.00 0.00 0.00
car 0.00 0 0.00 1449 1102 1623 1281 0.00 0.00 0.00 0.00 0.00 0.00 0.00
car 0.00 0 0.00 1103 974 1211 1119 0.00 0.00 0.00 0.00 0.00 0.00 0.00
car 0.00 0 0.00 763 1152 866 1363 0.00 0.00 0.00 0.00 0.00 0.00 0.00
car 0.00 0 0.00 741 1418 864 1495 0.00 0.00 0.00 0.00 0.00 0.00 0.00
car 0.00 0 0.00 1570 1338 1794 1498 0.00 0.00 0.00 0.00 0.00 0.00 0.00
car 0.00 0 0.00 1232 705 1316 770 0.00 0.00 0.00 0.00 0.00 0.00 0.00
car 0.00 0 0.00 618 924 706 1065 0.00 0.00 0.00 0.00 0.00 0.00 0.00
car 0.00 0 0.00 544 789 626 893 0.00 0.00 0.00 0.00 0.00 0.00 0.00
car 0.00 0 0.00 575 696 662 790 0.00 0.00 0.00 0.00 0.00 0.00 0.00
truck 0.00 0 0.00 611 554 682 680 0.00 0.00 0.00 0.00 0.00 0.00 0.00
car 0.00 0 0.00 643 517 692 557 0.00 0.00 0.00 0.00 0.00 0.00 0.00
car 0.00 0 0.00 658 450 702 482 0.00 0.00 0.00 0.00 0.00 0.00 0.00
car 0.00 0 0.00 652 482 699 521 0.00 0.00 0.00 0.00 0.00 0.00 0.00
car 0.00 0 0.00 651 384 701 419 0.00 0.00 0.00 0.00 0.00 0.00 0.00
car 0.00 0 0.00 977 362 1022 396 0.00 0.00 0.00 0.00 0.00 0.00 0.00
car 0.00 0 0.00 1141 568 1213 619 0.00 0.00 0.00 0.00 0.00 0.00 0.00
car 0.00 0 0.00 1085 484 1144 531 0.00 0.00 0.00 0.00 0.00 0.00 0.00
car 0.00 0 0.00 729 528 777 585 0.00 0.00 0.00 0.00 0.00 0.00 0.00
car 0.00 0 0.00 758 340 791 369 0.00 0.00 0.00 0.00 0.00 0.00 0.00
car 0.00 0 0.00 701 252 722 268 0.00 0.00 0.00 0.00 0.00 0.00 0.00
van 0.00 0 0.00 807 502 851 566 0.00 0.00 0.00 0.00 0.00 0.00 0.00
truck 0.00 0 0.00 801 568 864 634 0.00 0.00 0.00 0.00 0.00 0.00 0.00
