car 0.00 0 0.00 391 652 478 789 0.00 0.00 0.00 0.00 0.00 0.00 0.00
car 0.00 0 0.00 383 516 448 609 0.00 0.00 0.00 0.00 0.00 0.00 0.00
car 0.00 0 0.00 227 545 297 638 0.00 0.00 0.00 0.00 0.00 0.00 0.00
car 0.00 0 0.00 588 478 695 559 0.00 0.00 0.00 0.00 0.00 0.00 0.00
car 0.00 0 0.00 634 511 750 600 0.00 0.00 0.00 0.00 0.00 0.00 0.00
car 0.00 0 0.00 709 539 824 632 0.00 0.00 0.00 0.00 0.00 0.00 0.00
car 0.00 0 0.00 883 723 1065 844 0.00 0.00 0.00 0.00 0.00 0.00 0.00
car 0.00 0 0.00 789 656 952 757 0.00 0.00 0.00 0.00 0.00 0.00 0.00
pedestrian 0.00 0 0.00 787 712 812 766 0.00 0.00 0.00 0.00 0.00 0.00 0.00
pedestrian 0.00 0 0.00 1015 860 1045 917 0.00 0.00 0.00 0.00 0.00 0.00 0.00
pedestrian 0.00 0 0.00 997 605 1029 657 0.00 0.00 0.00 0.00 0.00 0.00 0.00
pedestrian 0.00 0 0.00 803 299 818 334 0.00 0.00 0.00 0.00 0.00 0.00 0.00
pedestrian 0.00 0 0.00 541 206 555 231 0.00 0.00 0.00 0.00 0.00 0.00 0.00
car 0.00 0 0.00 378 438 435 506 0.00 0.00 0.00 0.00 0.00 0.00 0.00
pedestrian 0.00 0 0.00 597 167 635 201 0.00 0.00 0.00 0.00 0.00 0.00 0.00
pedestrian 0.00 0 0.00 553 168 587 202 0.00 0.00 0.00 0.00 0.00 0.00 0.00
car 0.00 0 0.00 365 383 420 441 0.00 0.00 0.00 0.00 0.00 0.00 0.00
pedestrian 0.00 0 0.00 336 427 354 470 0.00 0.00 0.00 0.00 0.00 0.00 0.00
pedestrian 0.00 0 0.00 364 329 409 375 0.00 0.00 0.00 0.00 0.00 0.00 0.00
car 0.00 0 0.00 66 114 101 143 0.00 0.00 0.00 0.00 0.00 0.00 0.00
car 0.00 0 0.00 159 16 174 32 0.00 0.00 0.00 0.00 0.00 0.00 0.00
truck 0.00 0 0.00 43 61 74 84 0.00 0.00 0.00 0.00 0.00 0.00 0.00
car 0.00 0 0.00 0 57 41 73 0.00 0.00 0.00 0.00 0.00 0.00 0.00
car 0.00 0 0.00 0 89 20 114 0.00 0.00 0.00 0.00 0.00 0.00 0.00
car 0.00 0 0.00 2 51 41 65 0.00 0.00 0.00 0.00 0.00 0.00 0.00
car 0.00 0 0.00 57 41 82 57 0.00 0.00 0.00 0.00 0.00 0.00 0.00
car 0.00 0 0.00 69 34 91 50 0.00 0.00 0.00 0.00 0.00 0.00 0.00
car 0.00 0 0.00 74 26 96 44 0.00 0.00 0.00 0.00 0.00 0.00 0.00
car 0.00 0 0.00 84 23 103 39 0.00 0.00 0.00 0.00 0.00 0.00 0.00
car 0.00 0 0.00 91 15 109 32 0.00 0.00 0.00 0.00 0.00 0.00 0.00
van 0.00 0 0.00 96 7 115 26 0.00 0.00 0.00 0.00 0.00 0.00 0.00
car 0.00 0 0.00 102 6 121 21 0.00 0.00 0.00 0.00 0.00 0.00 0.00
car 0.00 0 0.00 111 3 128 17 0.00 0.00 0.00 0.00 0.00 0.00 0.00
pedestrian 0.00 0 0.00 103 21 109 37 0.00 0.00 0.00 0.00 0.00 0.00 0.00
people 0.00 0 0.00 1164 328 1178 354 0.00 0.00 0.00 0.00 0.00 0.00 0.00
pedestrian 0.00 0 0.00 1173 325 1186 356 0.00 0.00 0.00 0.00 0.00 0.00 0.00
car 0.00 0 0.00 1192 453 1309 552 0.00 0.00 0.00 0.00 0.00 0.00 0.00
car 0.00 0 0.00 1304 879 1400 1012 0.00 0.00 0.00 0.00 0.00 0.00 0.00
