car 0.00 0 0.00 1101 673 1176 706 0.00 0.00 0.00 0.00 0.00 0.00 0.00
car 0.00 0 0.00 948 636 1019 670 0.00 0.00 0.00 0.00 0.00 0.00 0.00
truck 0.00 0 0.00 975 661 1084 707 0.00 0.00 0.00 0.00 0.00 0.00 0.00
bus 0.00 0 0.00 1043 629 1141 674 0.00 0.00 0.00 0.00 0.00 0.00 0.00
car 0.00 0 0.00 754 507 783 569 0.00 0.00 0.00 0.00 0.00 0.00 0.00
car 0.00 0 0.00 712 542 740 607 0.00 0.00 0.00 0.00 0.00 0.00 0.00
car 0.00 0 0.00 673 511 698 571 0.00 0.00 0.00 0.00 0.00 0.00 0.00
car 0.00 0 0.00 627 465 656 519 0.00 0.00 0.00 0.00 0.00 0.00 0.00
van 0.00 0 0.00 717 351 741 402 0.00 0.00 0.00 0.00 0.00 0.00 0.00
bus 0.00 0 0.00 676 268 711 399 0.00 0.00 0.00 0.00 0.00 0.00 0.00
bus 0.00 0 0.00 490 176 574 294 0.00 0.00 0.00 0.00 0.00 0.00 0.00
car 0.00 0 0.00 666 168 690 210 0.00 0.00 0.00 0.00 0.00 0.00 0.00
car 0.00 0 0.00 774 60 795 97 0.00 0.00 0.00 0.00 0.00 0.00 0.00
car 0.00 0 0.00 687 18 709 55 0.00 0.00 0.00 0.00 0.00 0.00 0.00
bus 0.00 0 0.00 775 132 798 184 0.00 0.00 0.00 0.00 0.00 0.00 0.00
car 0.00 0 0.00 319 396 379 441 0.00 0.00 0.00 0.00 0.00 0.00 0.00
car 0.00 0 0.00 399 347 451 391 0.00 0.00 0.00 0.00 0.00 0.00 0.00
car 0.00 0 0.00 77 676 142 714 0.00 0.00 0.00 0.00 0.00 0.00 0.00
pedestrian 0.00 0 0.00 419 610 444 630 0.00 0.00 0.00 0.00 0.00 0.00 0.00
