car 0.00 0 0.00 279 794 471 1049 0.00 0.00 0.00 0.00 0.00 0.00 0.00
car 0.00 0 0.00 1102 850 1396 1043 0.00 0.00 0.00 0.00 0.00 0.00 0.00
car 0.00 0 0.00 948 721 1233 907 0.00 0.00 0.00 0.00 0.00 0.00 0.00
car 0.00 0 0.00 864 607 1138 726 0.00 0.00 0.00 0.00 0.00 0.00 0.00
car 0.00 0 0.00 70 642 367 796 0.00 0.00 0.00 0.00 0.00 0.00 0.00
car 0.00 0 0.00 23 466 238 553 0.00 0.00 0.00 0.00 0.00 0.00 0.00
car 0.00 0 0.00 889 543 1099 655 0.00 0.00 0.00 0.00 0.00 0.00 0.00
car 0.00 0 0.00 899 476 1123 580 0.00 0.00 0.00 0.00 0.00 0.00 0.00
car 0.00 0 0.00 1127 443 1313 539 0.00 0.00 0.00 0.00 0.00 0.00 0.00
car 0.00 0 0.00 924 380 1117 462 0.00 0.00 0.00 0.00 0.00 0.00 0.00
car 0.00 0 0.00 719 322 802 402 0.00 0.00 0.00 0.00 0.00 0.00 0.00
car 0.00 0 0.00 626 310 715 381 0.00 0.00 0.00 0.00 0.00 0.00 0.00
car 0.00 0 0.00 574 255 649 312 0.00 0.00 0.00 0.00 0.00 0.00 0.00
car 0.00 0 0.00 253 357 345 462 0.00 0.00 0.00 0.00 0.00 0.00 0.00
car 0.00 0 0.00 244 300 319 381 0.00 0.00 0.00 0.00 0.00 0.00 0.00
car 0.00 0 0.00 228 242 300 321 0.00 0.00 0.00 0.00 0.00 0.00 0.00
van 0.00 0 0.00 201 184 300 272 0.00 0.00 0.00 0.00 0.00 0.00 0.00
car 0.00 0 0.00 200 185 257 232 0.00 0.00 0.00 0.00 0.00 0.00 0.00
car 0.00 0 0.00 196 141 251 197 0.00 0.00 0.00 0.00 0.00 0.00 0.00
car 0.00 0 0.00 173 128 220 172 0.00 0.00 0.00 0.00 0.00 0.00 0.00
car 0.00 0 0.00 160 101 200 139 0.00 0.00 0.00 0.00 0.00 0.00 0.00
car 0.00 0 0.00 526 211 600 263 0.00 0.00 0.00 0.00 0.00 0.00 0.00
car 0.00 0 0.00 490 182 549 226 0.00 0.00 0.00 0.00 0.00 0.00 0.00
car 0.00 0 0.00 449 147 509 192 0.00 0.00 0.00 0.00 0.00 0.00 0.00
car 0.00 0 0.00 424 129 479 169 0.00 0.00 0.00 0.00 0.00 0.00 0.00
car 0.00 0 0.00 406 116 454 148 0.00 0.00 0.00 0.00 0.00 0.00 0.00
car 0.00 0 0.00 356 92 410 130 0.00 0.00 0.00 0.00 0.00 0.00 0.00
car 0.00 0 0.00 346 69 376 101 0.00 0.00 0.00 0.00 0.00 0.00 0.00
truck 0.00 0 0.00 247 17 301 62 0.00 0.00 0.00 0.00 0.00 0.00 0.00
car 0.00 0 0.00 202 12 228 33 0.00 0.00 0.00 0.00 0.00 0.00 0.00
car 0.00 0 0.00 176 63 219 103 0.00 0.00 0.00 0.00 0.00 0.00 0.00
car 0.00 0 0.00 123 63 155 87 0.00 0.00 0.00 0.00 0.00 0.00 0.00
car 0.00 0 0.00 107 49 143 75 0.00 0.00 0.00 0.00 0.00 0.00 0.00
car 0.00 0 0.00 96 40 125 65 0.00 0.00 0.00 0.00 0.00 0.00 0.00
