pedestrian 0.00 0 0.00 378 541 399 580 0.00 0.00 0.00 0.00 0.00 0.00 0.00
pedestrian 0.00 0 0.00 551 912 630 988 0.00 0.00 0.00 0.00 0.00 0.00 0.00
pedestrian 0.00 0 0.00 740 982 780 1082 0.00 0.00 0.00 0.00 0.00 0.00 0.00
bicycle 0.00 0 0.00 738 1057 813 1133 0.00 0.00 0.00 0.00 0.00 0.00 0.00
pedestrian 0.00 0 0.00 825 1052 867 1150 0.00 0.00 0.00 0.00 0.00 0.00 0.00
pedestrian 0.00 0 0.00 922 1053 972 1169 0.00 0.00 0.00 0.00 0.00 0.00 0.00
pedestrian 0.00 0 0.00 885 1016 927 1124 0.00 0.00 0.00 0.00 0.00 0.00 0.00
pedestrian 0.00 0 0.00 842 1020 887 1123 0.00 0.00 0.00 0.00 0.00 0.00 0.00
pedestrian 0.00 0 0.00 845 790 873 861 0.00 0.00 0.00 0.00 0.00 0.00 0.00
pedestrian 0.00 0 0.00 829 809 848 872 0.00 0.00 0.00 0.00 0.00 0.00 0.00
bicycle 0.00 0 0.00 949 874 983 940 0.00 0.00 0.00 0.00 0.00 0.00 0.00
bicycle 0.00 0 0.00 991 703 1016 752 0.00 0.00 0.00 0.00 0.00 0.00 0.00
pedestrian 0.00 0 0.00 984 486 1002 524 0.00 0.00 0.00 0.00 0.00 0.00 0.00
pedestrian 0.00 0 0.00 820 389 827 412 0.00 0.00 0.00 0.00 0.00 0.00 0.00
bicycle 0.00 0 0.00 838 389 845 406 0.00 0.00 0.00 0.00 0.00 0.00 0.00
pedestrian 0.00 0 0.00 900 334 906 347 0.00 0.00 0.00 0.00 0.00 0.00 0.00
pedestrian 0.00 0 0.00 894 331 900 346 0.00 0.00 0.00 0.00 0.00 0.00 0.00
pedestrian 0.00 0 0.00 892 330 898 345 0.00 0.00 0.00 0.00 0.00 0.00 0.00
bicycle 0.00 0 0.00 865 328 871 340 0.00 0.00 0.00 0.00 0.00 0.00 0.00
pedestrian 0.00 0 0.00 1072 650 1097 714 0.00 0.00 0.00 0.00 0.00 0.00 0.00
pedestrian 0.00 0 0.00 1139 666 1161 732 0.00 0.00 0.00 0.00 0.00 0.00 0.00
