car 0.00 0 0.00 186 712 252 754 0.00 0.00 0.00 0.00 0.00 0.00 0.00
car 0.00 0 0.00 280 683 336 721 0.00 0.00 0.00 0.00 0.00 0.00 0.00
van 0.00 0 0.00 109 624 148 690 0.00 0.00 0.00 0.00 0.00 0.00 0.00
car 0.00 0 0.00 75 634 107 699 0.00 0.00 0.00 0.00 0.00 0.00 0.00
van 0.00 0 0.00 547 412 576 467 0.00 0.00 0.00 0.00 0.00 0.00 0.00
car 0.00 0 0.00 573 418 596 464 0.00 0.00 0.00 0.00 0.00 0.00 0.00
car 0.00 0 0.00 596 419 619 470 0.00 0.00 0.00 0.00 0.00 0.00 0.00
car 0.00 0 0.00 619 415 644 469 0.00 0.00 0.00 0.00 0.00 0.00 0.00
car 0.00 0 0.00 646 417 669 470 0.00 0.00 0.00 0.00 0.00 0.00 0.00
car 0.00 0 0.00 671 420 692 467 0.00 0.00 0.00 0.00 0.00 0.00 0.00
car 0.00 0 0.00 695 414 717 460 0.00 0.00 0.00 0.00 0.00 0.00 0.00
van 0.00 0 0.00 718 408 741 462 0.00 0.00 0.00 0.00 0.00 0.00 0.00
car 0.00 0 0.00 743 414 767 471 0.00 0.00 0.00 0.00 0.00 0.00 0.00
car 0.00 0 0.00 769 411 790 461 0.00 0.00 0.00 0.00 0.00 0.00 0.00
car 0.00 0 0.00 793 408 815 464 0.00 0.00 0.00 0.00 0.00 0.00 0.00
car 0.00 0 0.00 816 409 840 463 0.00 0.00 0.00 0.00 0.00 0.00 0.00
car 0.00 0 0.00 836 412 865 464 0.00 0.00 0.00 0.00 0.00 0.00 0.00
car 0.00 0 0.00 858 403 889 459 0.00 0.00 0.00 0.00 0.00 0.00 0.00
van 0.00 0 0.00 885 402 916 459 0.00 0.00 0.00 0.00 0.00 0.00 0.00
car 0.00 0 0.00 912 411 938 461 0.00 0.00 0.00 0.00 0.00 0.00 0.00
car 0.00 0 0.00 934 405 963 458 0.00 0.00 0.00 0.00 0.00 0.00 0.00
car 0.00 0 0.00 958 402 988 453 0.00 0.00 0.00 0.00 0.00 0.00 0.00
car 0.00 0 0.00 983 408 1012 452 0.00 0.00 0.00 0.00 0.00 0.00 0.00
van 0.00 0 0.00 946 490 1009 520 0.00 0.00 0.00 0.00 0.00 0.00 0.00
car 0.00 0 0.00 1324 576 1369 632 0.00 0.00 0.00 0.00 0.00 0.00 0.00
car 0.00 0 0.00 18 661 46 701 0.00 0.00 0.00 0.00 0.00 0.00 0.00
