truck 0.00 0 0.00 520 0 578 157 0.00 0.00 0.00 0.00 0.00 0.00 0.00
car 0.00 0 0.00 815 9 860 90 0.00 0.00 0.00 0.00 0.00 0.00 0.00
van 0.00 0 0.00 844 221 885 292 0.00 0.00 0.00 0.00 0.00 0.00 0.00
motor 0.00 0 0.00 922 31 936 58 0.00 0.00 0.00 0.00 0.00 0.00 0.00
pedestrian 0.00 0 0.00 604 428 620 444 0.00 0.00 0.00 0.00 0.00 0.00 0.00
pedestrian 0.00 0 0.00 591 421 604 438 0.00 0.00 0.00 0.00 0.00 0.00 0.00
truck 0.00 0 0.00 542 585 614 785 0.00 0.00 0.00 0.00 0.00 0.00 0.00
car 0.00 0 0.00 898 827 949 929 0.00 0.00 0.00 0.00 0.00 0.00 0.00
pedestrian 0.00 0 0.00 911 948 929 974 0.00 0.00 0.00 0.00 0.00 0.00 0.00
motor 0.00 0 0.00 970 875 990 914 0.00 0.00 0.00 0.00 0.00 0.00 0.00
car 0.00 0 0.00 811 592 838 654 0.00 0.00 0.00 0.00 0.00 0.00 0.00
motor 0.00 0 0.00 985 631 1011 663 0.00 0.00 0.00 0.00 0.00 0.00 0.00
pedestrian 0.00 0 0.00 860 375 877 394 0.00 0.00 0.00 0.00 0.00 0.00 0.00
