car 0.00 0 0.00 1302 466 1364 544 0.00 0.00 0.00 0.00 0.00 0.00 0.00
car 0.00 0 0.00 1086 631 1186 712 0.00 0.00 0.00 0.00 0.00 0.00 0.00
car 0.00 0 0.00 895 658 983 737 0.00 0.00 0.00 0.00 0.00 0.00 0.00
car 0.00 0 0.00 655 668 748 757 0.00 0.00 0.00 0.00 0.00 0.00 0.00
car 0.00 0 0.00 959 446 1030 504 0.00 0.00 0.00 0.00 0.00 0.00 0.00
car 0.00 0 0.00 847 354 908 398 0.00 0.00 0.00 0.00 0.00 0.00 0.00
van 0.00 0 0.00 468 279 555 350 0.00 0.00 0.00 0.00 0.00 0.00 0.00
van 0.00 0 0.00 466 208 549 270 0.00 0.00 0.00 0.00 0.00 0.00 0.00
van 0.00 0 0.00 822 37 888 85 0.00 0.00 0.00 0.00 0.00 0.00 0.00
van 0.00 0 0.00 894 0 956 42 0.00 0.00 0.00 0.00 0.00 0.00 0.00
van 0.00 0 0.00 451 100 515 151 0.00 0.00 0.00 0.00 0.00 0.00 0.00
car 0.00 0 0.00 343 159 398 204 0.00 0.00 0.00 0.00 0.00 0.00 0.00
van 0.00 0 0.00 264 337 337 405 0.00 0.00 0.00 0.00 0.00 0.00 0.00
van 0.00 0 0.00 237 381 306 449 0.00 0.00 0.00 0.00 0.00 0.00 0.00
van 0.00 0 0.00 207 424 280 496 0.00 0.00 0.00 0.00 0.00 0.00 0.00
van 0.00 0 0.00 179 490 261 574 0.00 0.00 0.00 0.00 0.00 0.00 0.00
car 0.00 0 0.00 174 668 249 760 0.00 0.00 0.00 0.00 0.00 0.00 0.00
bus 0.00 0 0.00 0 514 106 665 0.00 0.00 0.00 0.00 0.00 0.00 0.00
bus 0.00 0 0.00 16 256 123 399 0.00 0.00 0.00 0.00 0.00 0.00 0.00
van 0.00 0 0.00 5 352 52 426 0.00 0.00 0.00 0.00 0.00 0.00 0.00
bus 0.00 0 0.00 92 109 262 224 0.00 0.00 0.00 0.00 0.00 0.00 0.00
bus 0.00 0 0.00 268 41 419 144 0.00 0.00 0.00 0.00 0.00 0.00 0.00
van 0.00 0 0.00 428 33 481 79 0.00 0.00 0.00 0.00 0.00 0.00 0.00
truck 0.00 0 0.00 492 0 575 45 0.00 0.00 0.00 0.00 0.00 0.00 0.00
motor 0.00 0 0.00 688 102 707 116 0.00 0.00 0.00 0.00 0.00 0.00 0.00
motor 0.00 0 0.00 647 103 666 120 0.00 0.00 0.00 0.00 0.00 0.00 0.00
motor 0.00 0 0.00 677 85 700 101 0.00 0.00 0.00 0.00 0.00 0.00 0.00
pedestrian 0.00 0 0.00 69 165 87 186 0.00 0.00 0.00 0.00 0.00 0.00 0.00
pedestrian 0.00 0 0.00 727 43 737 62 0.00 0.00 0.00 0.00 0.00 0.00 0.00
pedestrian 0.00 0 0.00 720 44 728 60 0.00 0.00 0.00 0.00 0.00 0.00 0.00
pedestrian 0.00 0 0.00 714 47 721 63 0.00 0.00 0.00 0.00 0.00 0.00 0.00
pedestrian 0.00 0 0.00 708 51 716 69 0.00 0.00 0.00 0.00 0.00 0.00 0.00
motor 0.00 0 0.00 715 60 739 79 0.00 0.00 0.00 0.00 0.00 0.00 0.00
car 0.00 0 0.00 949 760 1055 787 0.00 0.00 0.00 0.00 0.00 0.00 0.00
bus 0.00 0 0.00 59 669 173 787 0.00 0.00 0.00 0.00 0.00 0.00 0.00
pedestrian 0.00 0 0.00 184 404 199 423 0.00 0.00 0.00 0.00 0.00 0.00 0.00
pedestrian 0.00 0 0.00 174 412 192 434 0.00 0.00 0.00 0.00 0.00 0.00 0.00
pedestrian 0.00 0 0.00 128 298 146 322 0.00 0.00 0.00 0.00 0.00 0.00 0.00
pedestrian 0.00 0 0.00 115 307 136 329 0.00 0.00 0.00 0.00 0.00 0.00 0.00
pedestrian 0.00 0 0.00 133 354 155 381 0.00 0.00 0.00 0.00 0.00 0.00 0.00
pedestrian 0.00 0 0.00 258 122 270 142 0.00 0.00 0.00 0.00 0.00 0.00 0.00
pedestrian 0.00 0 0.00 426 12 433 31 0.00 0.00 0.00 0.00 0.00 0.00 0.00
pedestrian 0.00 0 0.00 430 15 439 34 0.00 0.00 0.00 0.00 0.00 0.00 0.00
pedestrian 0.00 0 0.00 443 10 455 33 0.00 0.00 0.00 0.00 0.00 0.00 0.00
pedestrian 0.00 0 0.00 439 9 453 32 0.00 0.00 0.00 0.00 0.00 0.00 0.00
pedestrian 0.00 0 0.00 438 5 449 29 0.00 0.00 0.00 0.00 0.00 0.00 0.00
