van 0.00 0 0.00 379 782 487 912 0.00 0.00 0.00 0.00 0.00 0.00 0.00
van 0.00 0 0.00 484 689 584 794 0.00 0.00 0.00 0.00 0.00 0.00 0.00
car 0.00 0 0.00 103 864 256 954 0.00 0.00 0.00 0.00 0.00 0.00 0.00
motor 0.00 0 0.00 432 915 511 1019 0.00 0.00 0.00 0.00 0.00 0.00 0.00
car 0.00 0 0.00 556 608 649 710 0.00 0.00 0.00 0.00 0.00 0.00 0.00
car 0.00 0 0.00 348 526 430 577 0.00 0.00 0.00 0.00 0.00 0.00 0.00
car 0.00 0 0.00 381 493 484 548 0.00 0.00 0.00 0.00 0.00 0.00 0.00
car 0.00 0 0.00 418 425 502 494 0.00 0.00 0.00 0.00 0.00 0.00 0.00
car 0.00 0 0.00 505 404 597 452 0.00 0.00 0.00 0.00 0.00 0.00 0.00
car 0.00 0 0.00 657 519 731 593 0.00 0.00 0.00 0.00 0.00 0.00 0.00
car 0.00 0 0.00 729 452 791 512 0.00 0.00 0.00 0.00 0.00 0.00 0.00
car 0.00 0 0.00 658 291 725 318 0.00 0.00 0.00 0.00 0.00 0.00 0.00
van 0.00 0 0.00 695 262 753 289 0.00 0.00 0.00 0.00 0.00 0.00 0.00
truck 0.00 0 0.00 743 233 797 257 0.00 0.00 0.00 0.00 0.00 0.00 0.00
car 0.00 0 0.00 766 224 814 247 0.00 0.00 0.00 0.00 0.00 0.00 0.00
car 0.00 0 0.00 788 212 836 233 0.00 0.00 0.00 0.00 0.00 0.00 0.00
car 0.00 0 0.00 836 181 868 196 0.00 0.00 0.00 0.00 0.00 0.00 0.00
car 0.00 0 0.00 845 174 879 192 0.00 0.00 0.00 0.00 0.00 0.00 0.00
car 0.00 0 0.00 856 165 889 179 0.00 0.00 0.00 0.00 0.00 0.00 0.00
car 0.00 0 0.00 825 192 857 210 0.00 0.00 0.00 0.00 0.00 0.00 0.00
car 0.00 0 0.00 816 117 836 138 0.00 0.00 0.00 0.00 0.00 0.00 0.00
car 0.00 0 0.00 836 119 859 140 0.00 0.00 0.00 0.00 0.00 0.00 0.00
car 0.00 0 0.00 796 117 815 135 0.00 0.00 0.00 0.00 0.00 0.00 0.00
car 0.00 0 0.00 876 144 907 159 0.00 0.00 0.00 0.00 0.00 0.00 0.00
car 0.00 0 0.00 892 134 920 148 0.00 0.00 0.00 0.00 0.00 0.00 0.00
car 0.00 0 0.00 909 126 938 140 0.00 0.00 0.00 0.00 0.00 0.00 0.00
car 0.00 0 0.00 920 121 949 135 0.00 0.00 0.00 0.00 0.00 0.00 0.00
truck 0.00 0 0.00 779 399 829 448 0.00 0.00 0.00 0.00 0.00 0.00 0.00
car 0.00 0 0.00 806 367 859 406 0.00 0.00 0.00 0.00 0.00 0.00 0.00
car 0.00 0 0.00 838 332 883 378 0.00 0.00 0.00 0.00 0.00 0.00 0.00
car 0.00 0 0.00 862 312 905 352 0.00 0.00 0.00 0.00 0.00 0.00 0.00
car 0.00 0 0.00 881 291 919 322 0.00 0.00 0.00 0.00 0.00 0.00 0.00
car 0.00 0 0.00 906 271 941 301 0.00 0.00 0.00 0.00 0.00 0.00 0.00
car 0.00 0 0.00 923 249 956 274 0.00 0.00 0.00 0.00 0.00 0.00 0.00
truck 0.00 0 0.00 940 231 971 258 0.00 0.00 0.00 0.00 0.00 0.00 0.00
car 0.00 0 0.00 956 218 983 243 0.00 0.00 0.00 0.00 0.00 0.00 0.00
van 0.00 0 0.00 957 196 995 225 0.00 0.00 0.00 0.00 0.00 0.00 0.00
car 0.00 0 0.00 1000 63 1020 75 0.00 0.00 0.00 0.00 0.00 0.00 0.00
car 0.00 0 0.00 1049 123 1066 137 0.00 0.00 0.00 0.00 0.00 0.00 0.00
car 0.00 0 0.00 1089 81 1103 88 0.00 0.00 0.00 0.00 0.00 0.00 0.00
car 0.00 0 0.00 1138 24 1151 32 0.00 0.00 0.00 0.00 0.00 0.00 0.00
car 0.00 0 0.00 966 75 984 85 0.00 0.00 0.00 0.00 0.00 0.00 0.00
car 0.00 0 0.00 1140 17 1151 26 0.00 0.00 0.00 0.00 0.00 0.00 0.00
car 0.00 0 0.00 1092 71 1108 82 0.00 0.00 0.00 0.00 0.00 0.00 0.00
car 0.00 0 0.00 1040 132 1059 149 0.00 0.00 0.00 0.00 0.00 0.00 0.00
car 0.00 0 0.00 1143 255 1170 284 0.00 0.00 0.00 0.00 0.00 0.00 0.00
car 0.00 0 0.00 1136 176 1162 202 0.00 0.00 0.00 0.00 0.00 0.00 0.00
car 0.00 0 0.00 1177 60 1190 72 0.00 0.00 0.00 0.00 0.00 0.00 0.00
car 0.00 0 0.00 1199 47 1211 57 0.00 0.00 0.00 0.00 0.00 0.00 0.00
car 0.00 0 0.00 1229 28 1238 37 0.00 0.00 0.00 0.00 0.00 0.00 0.00
car 0.00 0 0.00 1219 1 1229 11 0.00 0.00 0.00 0.00 0.00 0.00 0.00
car 0.00 0 0.00 1241 0 1249 8 0.00 0.00 0.00 0.00 0.00 0.00 0.00
car 0.00 0 0.00 1225 64 1235 74 0.00 0.00 0.00 0.00 0.00 0.00 0.00
car 0.00 0 0.00 1240 49 1251 59 0.00 0.00 0.00 0.00 0.00 0.00 0.00
car 0.00 0 0.00 1234 71 1247 83 0.00 0.00 0.00 0.00 0.00 0.00 0.00
car 0.00 0 0.00 1261 182 1283 204 0.00 0.00 0.00 0.00 0.00 0.00 0.00
car 0.00 0 0.00 1366 162 1388 179 0.00 0.00 0.00 0.00 0.00 0.00 0.00
car 0.00 0 0.00 1322 94 1337 105 0.00 0.00 0.00 0.00 0.00 0.00 0.00
car 0.00 0 0.00 1202 0 1213 6 0.00 0.00 0.00 0.00 0.00 0.00 0.00
car 0.00 0 0.00 1231 0 1239 7 0.00 0.00 0.00 0.00 0.00 0.00 0.00
motor 0.00 0 0.00 1343 102 1349 115 0.00 0.00 0.00 0.00 0.00 0.00 0.00
motor 0.00 0 0.00 1368 208 1376 225 0.00 0.00 0.00 0.00 0.00 0.00 0.00
motor 0.00 0 0.00 1388 234 1398 252 0.00 0.00 0.00 0.00 0.00 0.00 0.00
people 0.00 0 0.00 1344 102 1349 109 0.00 0.00 0.00 0.00 0.00 0.00 0.00
people 0.00 0 0.00 1368 209 1376 216 0.00 0.00 0.00 0.00 0.00 0.00 0.00
people 0.00 0 0.00 1391 233 1397 245 0.00 0.00 0.00 0.00 0.00 0.00 0.00
