truck 0.00 0 0.00 926 486 1003 624 0.00 0.00 0.00 0.00 0.00 0.00 0.00
car 0.00 0 0.00 1021 510 1048 540 0.00 0.00 0.00 0.00 0.00 0.00 0.00
van 0.00 0 0.00 1072 502 1098 534 0.00 0.00 0.00 0.00 0.00 0.00 0.00
car 0.00 0 0.00 1327 562 1393 592 0.00 0.00 0.00 0.00 0.00 0.00 0.00
car 0.00 0 0.00 1202 523 1268 552 0.00 0.00 0.00 0.00 0.00 0.00 0.00
car 0.00 0 0.00 1201 550 1262 586 0.00 0.00 0.00 0.00 0.00 0.00 0.00
car 0.00 0 0.00 1198 605 1270 636 0.00 0.00 0.00 0.00 0.00 0.00 0.00
car 0.00 0 0.00 1204 710 1291 750 0.00 0.00 0.00 0.00 0.00 0.00 0.00
car 0.00 0 0.00 1199 765 1287 802 0.00 0.00 0.00 0.00 0.00 0.00 0.00
car 0.00 0 0.00 1200 795 1292 836 0.00 0.00 0.00 0.00 0.00 0.00 0.00
car 0.00 0 0.00 1210 854 1328 910 0.00 0.00 0.00 0.00 0.00 0.00 0.00
car 0.00 0 0.00 1208 888 1322 945 0.00 0.00 0.00 0.00 0.00 0.00 0.00
van 0.00 0 0.00 1508 918 1606 978 0.00 0.00 0.00 0.00 0.00 0.00 0.00
car 0.00 0 0.00 1458 877 1554 936 0.00 0.00 0.00 0.00 0.00 0.00 0.00
car 0.00 0 0.00 1434 826 1530 887 0.00 0.00 0.00 0.00 0.00 0.00 0.00
car 0.00 0 0.00 1434 790 1522 839 0.00 0.00 0.00 0.00 0.00 0.00 0.00
car 0.00 0 0.00 1425 738 1495 786 0.00 0.00 0.00 0.00 0.00 0.00 0.00
car 0.00 0 0.00 1395 708 1464 754 0.00 0.00 0.00 0.00 0.00 0.00 0.00
car 0.00 0 0.00 1353 677 1428 720 0.00 0.00 0.00 0.00 0.00 0.00 0.00
car 0.00 0 0.00 1340 649 1420 684 0.00 0.00 0.00 0.00 0.00 0.00 0.00
van 0.00 0 0.00 1360 510 1414 542 0.00 0.00 0.00 0.00 0.00 0.00 0.00
pedestrian 0.00 0 0.00 1227 653 1238 680 0.00 0.00 0.00 0.00 0.00 0.00 0.00
pedestrian 0.00 0 0.00 1417 636 1430 663 0.00 0.00 0.00 0.00 0.00 0.00 0.00
pedestrian 0.00 0 0.00 1024 375 1031 395 0.00 0.00 0.00 0.00 0.00 0.00 0.00
pedestrian 0.00 0 0.00 1309 626 1323 648 0.00 0.00 0.00 0.00 0.00 0.00 0.00
motor 0.00 0 0.00 1375 630 1400 648 0.00 0.00 0.00 0.00 0.00 0.00 0.00
motor 0.00 0 0.00 1405 622 1431 641 0.00 0.00 0.00 0.00 0.00 0.00 0.00
pedestrian 0.00 0 0.00 1442 640 1451 665 0.00 0.00 0.00 0.00 0.00 0.00 0.00
tricycle 0.00 0 0.00 1322 617 1352 647 0.00 0.00 0.00 0.00 0.00 0.00 0.00
car 0.00 0 0.00 1630 1049 1739 1077 0.00 0.00 0.00 0.00 0.00 0.00 0.00
people 0.00 0 0.00 1065 261 1070 270 0.00 0.00 0.00 0.00 0.00 0.00 0.00
people 0.00 0 0.00 1101 269 1106 279 0.00 0.00 0.00 0.00 0.00 0.00 0.00
people 0.00 0 0.00 1121 276 1127 287 0.00 0.00 0.00 0.00 0.00 0.00 0.00
pedestrian 0.00 0 0.00 1124 118 1128 126 0.00 0.00 0.00 0.00 0.00 0.00 0.00
car 0.00 0 0.00 1119 169 1133 182 0.00 0.00 0.00 0.00 0.00 0.00 0.00
car 0.00 0 0.00 1142 270 1159 285 0.00 0.00 0.00 0.00 0.00 0.00 0.00
van 0.00 0 0.00 1164 290 1198 308 0.00 0.00 0.00 0.00 0.00 0.00 0.00
