pedestrian 0.00 0 0.00 1052 834 1072 889 0.00 0.00 0.00 0.00 0.00 0.00 0.00
people 0.00 0 0.00 193 781 212 818 0.00 0.00 0.00 0.00 0.00 0.00 0.00
bicycle 0.00 0 0.00 187 793 220 823 0.00 0.00 0.00 0.00 0.00 0.00 0.00
car 0.00 0 0.00 883 794 963 852 0.00 0.00 0.00 0.00 0.00 0.00 0.00
car 0.00 0 0.00 833 727 877 768 0.00 0.00 0.00 0.00 0.00 0.00 0.00
car 0.00 0 0.00 758 738 808 784 0.00 0.00 0.00 0.00 0.00 0.00 0.00
car 0.00 0 0.00 711 728 760 772 0.00 0.00 0.00 0.00 0.00 0.00 0.00
car 0.00 0 0.00 790 700 833 744 0.00 0.00 0.00 0.00 0.00 0.00 0.00
van 0.00 0 0.00 811 674 843 711 0.00 0.00 0.00 0.00 0.00 0.00 0.00
car 0.00 0 0.00 833 651 864 695 0.00 0.00 0.00 0.00 0.00 0.00 0.00
car 0.00 0 0.00 861 657 900 707 0.00 0.00 0.00 0.00 0.00 0.00 0.00
car 0.00 0 0.00 804 651 837 675 0.00 0.00 0.00 0.00 0.00 0.00 0.00
pedestrian 0.00 0 0.00 855 592 860 604 0.00 0.00 0.00 0.00 0.00 0.00 0.00
pedestrian 0.00 0 0.00 845 595 850 608 0.00 0.00 0.00 0.00 0.00 0.00 0.00
pedestrian 0.00 0 0.00 840 592 845 607 0.00 0.00 0.00 0.00 0.00 0.00 0.00
pedestrian 0.00 0 0.00 881 568 884 576 0.00 0.00 0.00 0.00 0.00 0.00 0.00
car 0.00 0 0.00 889 560 897 567 0.00 0.00 0.00 0.00 0.00 0.00 0.00
car 0.00 0 0.00 880 560 887 567 0.00 0.00 0.00 0.00 0.00 0.00 0.00
