people 0.00 0 0.00 1398 227 1421 255 0.00 0.00 0.00 0.00 0.00 0.00 0.00
pedestrian 0.00 0 0.00 975 362 997 403 0.00 0.00 0.00 0.00 0.00 0.00 0.00
van 0.00 0 0.00 1287 455 1328 525 0.00 0.00 0.00 0.00 0.00 0.00 0.00
van 0.00 0 0.00 1387 856 1448 964 0.00 0.00 0.00 0.00 0.00 0.00 0.00
van 0.00 0 0.00 1438 1030 1554 1103 0.00 0.00 0.00 0.00 0.00 0.00 0.00
van 0.00 0 0.00 1321 1159 1380 1298 0.00 0.00 0.00 0.00 0.00 0.00 0.00
van 0.00 0 0.00 964 704 1046 795 0.00 0.00 0.00 0.00 0.00 0.00 0.00
van 0.00 0 0.00 839 673 906 741 0.00 0.00 0.00 0.00 0.00 0.00 0.00
van 0.00 0 0.00 816 1405 909 1500 0.00 0.00 0.00 0.00 0.00 0.00 0.00
van 0.00 0 0.00 1112 1360 1186 1500 0.00 0.00 0.00 0.00 0.00 0.00 0.00
car 0.00 0 0.00 939 1429 1016 1500 0.00 0.00 0.00 0.00 0.00 0.00 0.00
car 0.00 0 0.00 1037 1359 1116 1500 0.00 0.00 0.00 0.00 0.00 0.00 0.00
car 0.00 0 0.00 1077 1199 1152 1350 0.00 0.00 0.00 0.00 0.00 0.00 0.00
car 0.00 0 0.00 1230 1152 1297 1289 0.00 0.00 0.00 0.00 0.00 0.00 0.00
car 0.00 0 0.00 1203 994 1260 1113 0.00 0.00 0.00 0.00 0.00 0.00 0.00
car 0.00 0 0.00 1130 1041 1189 1165 0.00 0.00 0.00 0.00 0.00 0.00 0.00
car 0.00 0 0.00 1050 1050 1119 1180 0.00 0.00 0.00 0.00 0.00 0.00 0.00
car 0.00 0 0.00 1002 1244 1078 1394 0.00 0.00 0.00 0.00 0.00 0.00 0.00
car 0.00 0 0.00 864 991 986 1044 0.00 0.00 0.00 0.00 0.00 0.00 0.00
car 0.00 0 0.00 1248 878 1332 986 0.00 0.00 0.00 0.00 0.00 0.00 0.00
car 0.00 0 0.00 1723 1178 1856 1262 0.00 0.00 0.00 0.00 0.00 0.00 0.00
car 0.00 0 0.00 1580 1106 1719 1172 0.00 0.00 0.00 0.00 0.00 0.00 0.00
car 0.00 0 0.00 1518 1188 1671 1275 0.00 0.00 0.00 0.00 0.00 0.00 0.00
car 0.00 0 0.00 1252 650 1331 737 0.00 0.00 0.00 0.00 0.00 0.00 0.00
car 0.00 0 0.00 1232 560 1285 645 0.00 0.00 0.00 0.00 0.00 0.00 0.00
car 0.00 0 0.00 1183 680 1238 778 0.00 0.00 0.00 0.00 0.00 0.00 0.00
car 0.00 0 0.00 1118 852 1176 963 0.00 0.00 0.00 0.00 0.00 0.00 0.00
car 0.00 0 0.00 1053 825 1114 932 0.00 0.00 0.00 0.00 0.00 0.00 0.00
car 0.00 0 0.00 1098 631 1173 723 0.00 0.00 0.00 0.00 0.00 0.00 0.00
car 0.00 0 0.00 1012 614 1094 694 0.00 0.00 0.00 0.00 0.00 0.00 0.00
car 0.00 0 0.00 880 759 978 834 0.00 0.00 0.00 0.00 0.00 0.00 0.00
car 0.00 0 0.00 815 841 920 912 0.00 0.00 0.00 0.00 0.00 0.00 0.00
car 0.00 0 0.00 705 741 798 811 0.00 0.00 0.00 0.00 0.00 0.00 0.00
car 0.00 0 0.00 664 789 756 875 0.00 0.00 0.00 0.00 0.00 0.00 0.00
van 0.00 0 0.00 769 694 859 769 0.00 0.00 0.00 0.00 0.00 0.00 0.00
van 0.00 0 0.00 1040 543 1084 614 0.00 0.00 0.00 0.00 0.00 0.00 0.00
van 0.00 0 0.00 1143 577 1215 659 0.00 0.00 0.00 0.00 0.00 0.00 0.00
car 0.00 0 0.00 923 1126 1010 1266 0.00 0.00 0.00 0.00 0.00 0.00 0.00
car 0.00 0 0.00 914 598 989 690 0.00 0.00 0.00 0.00 0.00 0.00 0.00
car 0.00 0 0.00 844 510 908 587 0.00 0.00 0.00 0.00 0.00 0.00 0.00
car 0.00 0 0.00 969 473 1046 542 0.00 0.00 0.00 0.00 0.00 0.00 0.00
car 0.00 0 0.00 884 447 955 534 0.00 0.00 0.00 0.00 0.00 0.00 0.00
car 0.00 0 0.00 913 393 975 460 0.00 0.00 0.00 0.00 0.00 0.00 0.00
car 0.00 0 0.00 835 297 896 366 0.00 0.00 0.00 0.00 0.00 0.00 0.00
car 0.00 0 0.00 698 227 750 289 0.00 0.00 0.00 0.00 0.00 0.00 0.00
car 0.00 0 0.00 736 175 794 237 0.00 0.00 0.00 0.00 0.00 0.00 0.00
car 0.00 0 0.00 607 96 659 154 0.00 0.00 0.00 0.00 0.00 0.00 0.00
van 0.00 0 0.00 656 73 719 150 0.00 0.00 0.00 0.00 0.00 0.00 0.00
van 0.00 0 0.00 628 30 686 92 0.00 0.00 0.00 0.00 0.00 0.00 0.00
car 0.00 0 0.00 595 0 646 50 0.00 0.00 0.00 0.00 0.00 0.00 0.00
people 0.00 0 0.00 528 1 546 30 0.00 0.00 0.00 0.00 0.00 0.00 0.00
people 0.00 0 0.00 532 10 554 41 0.00 0.00 0.00 0.00 0.00 0.00 0.00
car 0.00 0 0.00 338 183 408 232 0.00 0.00 0.00 0.00 0.00 0.00 0.00
van 0.00 0 0.00 275 147 339 200 0.00 0.00 0.00 0.00 0.00 0.00 0.00
car 0.00 0 0.00 174 0 227 28 0.00 0.00 0.00 0.00 0.00 0.00 0.00
car 0.00 0 0.00 200 5 263 53 0.00 0.00 0.00 0.00 0.00 0.00 0.00
car 0.00 0 0.00 225 12 291 52 0.00 0.00 0.00 0.00 0.00 0.00 0.00
car 0.00 0 0.00 246 28 304 74 0.00 0.00 0.00 0.00 0.00 0.00 0.00
car 0.00 0 0.00 269 41 336 93 0.00 0.00 0.00 0.00 0.00 0.00 0.00
car 0.00 0 0.00 303 47 353 102 0.00 0.00 0.00 0.00 0.00 0.00 0.00
car 0.00 0 0.00 323 65 383 121 0.00 0.00 0.00 0.00 0.00 0.00 0.00
pedestrian 0.00 0 0.00 713 94 734 136 0.00 0.00 0.00 0.00 0.00 0.00 0.00
pedestrian 0.00 0 0.00 1109 701 1129 734 0.00 0.00 0.00 0.00 0.00 0.00 0.00
pedestrian 0.00 0 0.00 1094 714 1109 745 0.00 0.00 0.00 0.00 0.00 0.00 0.00
pedestrian 0.00 0 0.00 1172 690 1197 725 0.00 0.00 0.00 0.00 0.00 0.00 0.00
pedestrian 0.00 0 0.00 1106 768 1123 798 0.00 0.00 0.00 0.00 0.00 0.00 0.00
pedestrian 0.00 0 0.00 1241 831 1258 860 0.00 0.00 0.00 0.00 0.00 0.00 0.00
pedestrian 0.00 0 0.00 1287 831 1304 868 0.00 0.00 0.00 0.00 0.00 0.00 0.00
pedestrian 0.00 0 0.00 1295 798 1316 833 0.00 0.00 0.00 0.00 0.00 0.00 0.00
pedestrian 0.00 0 0.00 1327 829 1346 865 0.00 0.00 0.00 0.00 0.00 0.00 0.00
people 0.00 0 0.00 675 679 694 710 0.00 0.00 0.00 0.00 0.00 0.00 0.00
pedestrian 0.00 0 0.00 677 667 704 696 0.00 0.00 0.00 0.00 0.00 0.00 0.00
people 0.00 0 0.00 1181 856 1195 880 0.00 0.00 0.00 0.00 0.00 0.00 0.00
people 0.00 0 0.00 1190 851 1204 882 0.00 0.00 0.00 0.00 0.00 0.00 0.00
people 0.00 0 0.00 1195 869 1216 904 0.00 0.00 0.00 0.00 0.00 0.00 0.00
tricycle 0.00 0 0.00 1177 855 1224 918 0.00 0.00 0.00 0.00 0.00 0.00 0.00
pedestrian 0.00 0 0.00 1356 886 1374 907 0.00 0.00 0.00 0.00 0.00 0.00 0.00
motor 0.00 0 0.00 1692 376 1730 411 0.00 0.00 0.00 0.00 0.00 0.00 0.00
motor 0.00 0 0.00 1700 402 1731 429 0.00 0.00 0.00 0.00 0.00 0.00 0.00
motor 0.00 0 0.00 1735 394 1756 424 0.00 0.00 0.00 0.00 0.00 0.00 0.00
motor 0.00 0 0.00 1730 556 1747 597 0.00 0.00 0.00 0.00 0.00 0.00 0.00
motor 0.00 0 0.00 1755 574 1776 614 0.00 0.00 0.00 0.00 0.00 0.00 0.00
motor 0.00 0 0.00 1804 463 1827 490 0.00 0.00 0.00 0.00 0.00 0.00 0.00
motor 0.00 0 0.00 1764 506 1779 541 0.00 0.00 0.00 0.00 0.00 0.00 0.00
motor 0.00 0 0.00 1774 530 1813 552 0.00 0.00 0.00 0.00 0.00 0.00 0.00
motor 0.00 0 0.00 1796 541 1827 565 0.00 0.00 0.00 0.00 0.00 0.00 0.00
motor 0.00 0 0.00 1822 552 1860 571 0.00 0.00 0.00 0.00 0.00 0.00 0.00
tricycle 0.00 0 0.00 1843 562 1902 594 0.00 0.00 0.00 0.00 0.00 0.00 0.00
motor 0.00 0 0.00 1784 580 1814 609 0.00 0.00 0.00 0.00 0.00 0.00 0.00
motor 0.00 0 0.00 1806 593 1838 625 0.00 0.00 0.00 0.00 0.00 0.00 0.00
motor 0.00 0 0.00 1815 601 1851 632 0.00 0.00 0.00 0.00 0.00 0.00 0.00
motor 0.00 0 0.00 1831 619 1864 648 0.00 0.00 0.00 0.00 0.00 0.00 0.00
motor 0.00 0 0.00 1848 635 1877 662 0.00 0.00 0.00 0.00 0.00 0.00 0.00
motor 0.00 0 0.00 1857 647 1893 676 0.00 0.00 0.00 0.00 0.00 0.00 0.00
motor 0.00 0 0.00 1873 659 1903 686 0.00 0.00 0.00 0.00 0.00 0.00 0.00
motor 0.00 0 0.00 1915 691 1949 721 0.00 0.00 0.00 0.00 0.00 0.00 0.00
tricycle 0.00 0 0.00 1891 678 1922 711 0.00 0.00 0.00 0.00 0.00 0.00 0.00
tricycle 0.00 0 0.00 1678 507 1722 554 0.00 0.00 0.00 0.00 0.00 0.00 0.00
pedestrian 0.00 0 0.00 1689 596 1716 618 0.00 0.00 0.00 0.00 0.00 0.00 0.00
pedestrian 0.00 0 0.00 1857 668 1884 694 0.00 0.00 0.00 0.00 0.00 0.00 0.00
pedestrian 0.00 0 0.00 1858 658 1888 685 0.00 0.00 0.00 0.00 0.00 0.00 0.00
pedestrian 0.00 0 0.00 1877 620 1905 648 0.00 0.00 0.00 0.00 0.00 0.00 0.00
pedestrian 0.00 0 0.00 1889 617 1922 644 0.00 0.00 0.00 0.00 0.00 0.00 0.00
tricycle 0.00 0 0.00 1902 545 1948 580 0.00 0.00 0.00 0.00 0.00 0.00 0.00
tricycle 0.00 0 0.00 1846 509 1896 541 0.00 0.00 0.00 0.00 0.00 0.00 0.00
tricycle 0.00 0 0.00 1769 488 1815 531 0.00 0.00 0.00 0.00 0.00 0.00 0.00
tricycle 0.00 0 0.00 1816 481 1861 513 0.00 0.00 0.00 0.00 0.00 0.00 0.00
tricycle 0.00 0 0.00 1814 707 1868 770 0.00 0.00 0.00 0.00 0.00 0.00 0.00
van 0.00 0 0.00 1689 690 1760 765 0.00 0.00 0.00 0.00 0.00 0.00 0.00
van 0.00 0 0.00 1806 748 1898 843 0.00 0.00 0.00 0.00 0.00 0.00 0.00
van 0.00 0 0.00 1890 834 2000 934 0.00 0.00 0.00 0.00 0.00 0.00 0.00
truck 0.00 0 0.00 1723 711 1818 796 0.00 0.00 0.00 0.00 0.00 0.00 0.00
pedestrian 0.00 0 0.00 1927 953 1964 974 0.00 0.00 0.00 0.00 0.00 0.00 0.00
people 0.00 0 0.00 1846 1023 1894 1048 0.00 0.00 0.00 0.00 0.00 0.00 0.00
people 0.00 0 0.00 1840 1054 1874 1077 0.00 0.00 0.00 0.00 0.00 0.00 0.00
people 0.00 0 0.00 1874 1090 1903 1111 0.00 0.00 0.00 0.00 0.00 0.00 0.00
pedestrian 0.00 0 0.00 1883 1139 1908 1155 0.00 0.00 0.00 0.00 0.00 0.00 0.00
pedestrian 0.00 0 0.00 1891 1145 1929 1171 0.00 0.00 0.00 0.00 0.00 0.00 0.00
pedestrian 0.00 0 0.00 1738 1279 1776 1302 0.00 0.00 0.00 0.00 0.00 0.00 0.00
pedestrian 0.00 0 0.00 1942 1354 1986 1381 0.00 0.00 0.00 0.00 0.00 0.00 0.00
motor 0.00 0 0.00 1764 1338 1800 1390 0.00 0.00 0.00 0.00 0.00 0.00 0.00
motor 0.00 0 0.00 1849 1091 1903 1113 0.00 0.00 0.00 0.00 0.00 0.00 0.00
pedestrian 0.00 0 0.00 1371 1023 1398 1046 0.00 0.00 0.00 0.00 0.00 0.00 0.00
people 0.00 0 0.00 1340 1042 1361 1066 0.00 0.00 0.00 0.00 0.00 0.00 0.00
tricycle 0.00 0 0.00 1301 1016 1375 1078 0.00 0.00 0.00 0.00 0.00 0.00 0.00
people 0.00 0 0.00 1174 1277 1195 1302 0.00 0.00 0.00 0.00 0.00 0.00 0.00
people 0.00 0 0.00 1172 1293 1194 1317 0.00 0.00 0.00 0.00 0.00 0.00 0.00
