car 0.00 0 0.00 773 122 811 189 0.00 0.00 0.00 0.00 0.00 0.00 0.00
car 0.00 0 0.00 843 104 883 167 0.00 0.00 0.00 0.00 0.00 0.00 0.00
car 0.00 0 0.00 911 221 954 297 0.00 0.00 0.00 0.00 0.00 0.00 0.00
car 0.00 0 0.00 799 515 851 625 0.00 0.00 0.00 0.00 0.00 0.00 0.00
car 0.00 0 0.00 1007 322 1063 405 0.00 0.00 0.00 0.00 0.00 0.00 0.00
car 0.00 0 0.00 919 748 986 891 0.00 0.00 0.00 0.00 0.00 0.00 0.00
bus 0.00 0 0.00 1038 915 1169 1050 0.00 0.00 0.00 0.00 0.00 0.00 0.00
car 0.00 0 0.00 214 508 285 621 0.00 0.00 0.00 0.00 0.00 0.00 0.00
van 0.00 0 0.00 94 343 217 392 0.00 0.00 0.00 0.00 0.00 0.00 0.00
car 0.00 0 0.00 86 861 192 1041 0.00 0.00 0.00 0.00 0.00 0.00 0.00
car 0.00 0 0.00 22 496 145 544 0.00 0.00 0.00 0.00 0.00 0.00 0.00
car 0.00 0 0.00 50 448 166 494 0.00 0.00 0.00 0.00 0.00 0.00 0.00
car 0.00 0 0.00 61 397 180 449 0.00 0.00 0.00 0.00 0.00 0.00 0.00
car 0.00 0 0.00 0 678 54 731 0.00 0.00 0.00 0.00 0.00 0.00 0.00
pedestrian 0.00 0 0.00 70 621 104 646 0.00 0.00 0.00 0.00 0.00 0.00 0.00
pedestrian 0.00 0 0.00 165 543 193 569 0.00 0.00 0.00 0.00 0.00 0.00 0.00
pedestrian 0.00 0 0.00 144 496 167 527 0.00 0.00 0.00 0.00 0.00 0.00 0.00
pedestrian 0.00 0 0.00 241 366 265 396 0.00 0.00 0.00 0.00 0.00 0.00 0.00
pedestrian 0.00 0 0.00 175 455 204 487 0.00 0.00 0.00 0.00 0.00 0.00 0.00
pedestrian 0.00 0 0.00 167 450 190 480 0.00 0.00 0.00 0.00 0.00 0.00 0.00
car 0.00 0 0.00 295 233 360 342 0.00 0.00 0.00 0.00 0.00 0.00 0.00
car 0.00 0 0.00 181 125 281 167 0.00 0.00 0.00 0.00 0.00 0.00 0.00
car 0.00 0 0.00 154 191 251 234 0.00 0.00 0.00 0.00 0.00 0.00 0.00
car 0.00 0 0.00 171 157 271 196 0.00 0.00 0.00 0.00 0.00 0.00 0.00
car 0.00 0 0.00 277 33 339 97 0.00 0.00 0.00 0.00 0.00 0.00 0.00
car 0.00 0 0.00 126 266 237 322 0.00 0.00 0.00 0.00 0.00 0.00 0.00
van 0.00 0 0.00 137 217 237 267 0.00 0.00 0.00 0.00 0.00 0.00 0.00
car 0.00 0 0.00 242 0 329 29 0.00 0.00 0.00 0.00 0.00 0.00 0.00
car 0.00 0 0.00 1091 0 1164 34 0.00 0.00 0.00 0.00 0.00 0.00 0.00
motor 0.00 0 0.00 0 639 37 664 0.00 0.00 0.00 0.00 0.00 0.00 0.00
car 0.00 0 0.00 1270 338 1385 383 0.00 0.00 0.00 0.00 0.00 0.00 0.00
car 0.00 0 0.00 1285 371 1396 426 0.00 0.00 0.00 0.00 0.00 0.00 0.00
car 0.00 0 0.00 1316 423 1400 474 0.00 0.00 0.00 0.00 0.00 0.00 0.00
car 0.00 0 0.00 1334 472 1400 530 0.00 0.00 0.00 0.00 0.00 0.00 0.00
car 0.00 0 0.00 1359 538 1400 590 0.00 0.00 0.00 0.00 0.00 0.00 0.00
van 0.00 0 0.00 1157 439 1217 535 0.00 0.00 0.00 0.00 0.00 0.00 0.00
pedestrian 0.00 0 0.00 1305 477 1328 514 0.00 0.00 0.00 0.00 0.00 0.00 0.00
van 0.00 0 0.00 1108 734 1201 874 0.00 0.00 0.00 0.00 0.00 0.00 0.00
car 0.00 0 0.00 1166 937 1247 1047 0.00 0.00 0.00 0.00 0.00 0.00 0.00
car 0.00 0 0.00 1247 705 1332 860 0.00 0.00 0.00 0.00 0.00 0.00 0.00
car 0.00 0 0.00 1317 916 1397 1044 0.00 0.00 0.00 0.00 0.00 0.00 0.00
car 0.00 0 0.00 1268 302 1374 342 0.00 0.00 0.00 0.00 0.00 0.00 0.00
car 0.00 0 0.00 1252 254 1352 301 0.00 0.00 0.00 0.00 0.00 0.00 0.00
car 0.00 0 0.00 1224 226 1326 267 0.00 0.00 0.00 0.00 0.00 0.00 0.00
pedestrian 0.00 0 0.00 1090 49 1104 83 0.00 0.00 0.00 0.00 0.00 0.00 0.00
motor 0.00 0 0.00 1237 41 1254 76 0.00 0.00 0.00 0.00 0.00 0.00 0.00
van 0.00 0 0.00 1157 187 1251 237 0.00 0.00 0.00 0.00 0.00 0.00 0.00
van 0.00 0 0.00 1131 126 1222 166 0.00 0.00 0.00 0.00 0.00 0.00 0.00
van 0.00 0 0.00 1100 22 1182 62 0.00 0.00 0.00 0.00 0.00 0.00 0.00
car 0.00 0 0.00 1114 52 1194 89 0.00 0.00 0.00 0.00 0.00 0.00 0.00
car 0.00 0 0.00 1117 76 1198 121 0.00 0.00 0.00 0.00 0.00 0.00 0.00
