car 0.00 0 0.00 288 741 433 811 0.00 0.00 0.00 0.00 0.00 0.00 0.00
car 0.00 0 0.00 3 778 149 846 0.00 0.00 0.00 0.00 0.00 0.00 0.00
car 0.00 0 0.00 143 694 281 760 0.00 0.00 0.00 0.00 0.00 0.00 0.00
car 0.00 0 0.00 301 672 416 731 0.00 0.00 0.00 0.00 0.00 0.00 0.00
car 0.00 0 0.00 456 641 579 707 0.00 0.00 0.00 0.00 0.00 0.00 0.00
car 0.00 0 0.00 733 677 861 738 0.00 0.00 0.00 0.00 0.00 0.00 0.00
car 0.00 0 0.00 622 622 744 684 0.00 0.00 0.00 0.00 0.00 0.00 0.00
car 0.00 0 0.00 563 564 678 624 0.00 0.00 0.00 0.00 0.00 0.00 0.00
truck 0.00 0 0.00 53 556 518 714 0.00 0.00 0.00 0.00 0.00 0.00 0.00
van 0.00 0 0.00 719 527 851 599 0.00 0.00 0.00 0.00 0.00 0.00 0.00
car 0.00 0 0.00 776 598 891 653 0.00 0.00 0.00 0.00 0.00 0.00 0.00
car 0.00 0 0.00 1029 650 1161 717 0.00 0.00 0.00 0.00 0.00 0.00 0.00
car 0.00 0 0.00 1067 486 1186 556 0.00 0.00 0.00 0.00 0.00 0.00 0.00
truck 0.00 0 0.00 731 433 879 514 0.00 0.00 0.00 0.00 0.00 0.00 0.00
car 0.00 0 0.00 1113 207 1183 271 0.00 0.00 0.00 0.00 0.00 0.00 0.00
car 0.00 0 0.00 1054 206 1118 267 0.00 0.00 0.00 0.00 0.00 0.00 0.00
car 0.00 0 0.00 995 189 1051 250 0.00 0.00 0.00 0.00 0.00 0.00 0.00
car 0.00 0 0.00 964 142 1009 193 0.00 0.00 0.00 0.00 0.00 0.00 0.00
car 0.00 0 0.00 1015 149 1068 202 0.00 0.00 0.00 0.00 0.00 0.00 0.00
car 0.00 0 0.00 1058 140 1112 191 0.00 0.00 0.00 0.00 0.00 0.00 0.00
truck 0.00 0 0.00 967 82 1031 151 0.00 0.00 0.00 0.00 0.00 0.00 0.00
car 0.00 0 0.00 992 65 1038 115 0.00 0.00 0.00 0.00 0.00 0.00 0.00
car 0.00 0 0.00 930 50 977 96 0.00 0.00 0.00 0.00 0.00 0.00 0.00
car 0.00 0 0.00 907 6 944 46 0.00 0.00 0.00 0.00 0.00 0.00 0.00
people 0.00 0 0.00 864 155 874 172 0.00 0.00 0.00 0.00 0.00 0.00 0.00
people 0.00 0 0.00 886 153 895 166 0.00 0.00 0.00 0.00 0.00 0.00 0.00
people 0.00 0 0.00 981 354 995 369 0.00 0.00 0.00 0.00 0.00 0.00 0.00
people 0.00 0 0.00 1013 335 1027 353 0.00 0.00 0.00 0.00 0.00 0.00 0.00
people 0.00 0 0.00 989 328 999 347 0.00 0.00 0.00 0.00 0.00 0.00 0.00
people 0.00 0 0.00 983 323 995 348 0.00 0.00 0.00 0.00 0.00 0.00 0.00
people 0.00 0 0.00 879 199 890 215 0.00 0.00 0.00 0.00 0.00 0.00 0.00
people 0.00 0 0.00 890 195 902 210 0.00 0.00 0.00 0.00 0.00 0.00 0.00
pedestrian 0.00 0 0.00 969 581 992 609 0.00 0.00 0.00 0.00 0.00 0.00 0.00
pedestrian 0.00 0 0.00 999 819 1024 838 0.00 0.00 0.00 0.00 0.00 0.00 0.00
people 0.00 0 0.00 1025 891 1048 919 0.00 0.00 0.00 0.00 0.00 0.00 0.00
pedestrian 0.00 0 0.00 1050 914 1085 933 0.00 0.00 0.00 0.00 0.00 0.00 0.00
people 0.00 0 0.00 937 737 952 758 0.00 0.00 0.00 0.00 0.00 0.00 0.00
people 0.00 0 0.00 924 806 938 829 0.00 0.00 0.00 0.00 0.00 0.00 0.00
people 0.00 0 0.00 989 748 1003 769 0.00 0.00 0.00 0.00 0.00 0.00 0.00
people 0.00 0 0.00 1043 732 1061 761 0.00 0.00 0.00 0.00 0.00 0.00 0.00
people 0.00 0 0.00 836 766 855 792 0.00 0.00 0.00 0.00 0.00 0.00 0.00
people 0.00 0 0.00 1087 831 1105 856 0.00 0.00 0.00 0.00 0.00 0.00 0.00
people 0.00 0 0.00 1078 796 1094 826 0.00 0.00 0.00 0.00 0.00 0.00 0.00
motor 0.00 0 0.00 923 738 964 763 0.00 0.00 0.00 0.00 0.00 0.00 0.00
motor 0.00 0 0.00 913 810 952 829 0.00 0.00 0.00 0.00 0.00 0.00 0.00
motor 0.00 0 0.00 970 753 1016 772 0.00 0.00 0.00 0.00 0.00 0.00 0.00
motor 0.00 0 0.00 1023 738 1075 760 0.00 0.00 0.00 0.00 0.00 0.00 0.00
motor 0.00 0 0.00 818 774 865 796 0.00 0.00 0.00 0.00 0.00 0.00 0.00
motor 0.00 0 0.00 991 824 1033 839 0.00 0.00 0.00 0.00 0.00 0.00 0.00
motor 0.00 0 0.00 1014 903 1052 924 0.00 0.00 0.00 0.00 0.00 0.00 0.00
motor 0.00 0 0.00 1076 839 1108 861 0.00 0.00 0.00 0.00 0.00 0.00 0.00
motor 0.00 0 0.00 1066 801 1110 816 0.00 0.00 0.00 0.00 0.00 0.00 0.00
motor 0.00 0 0.00 978 361 997 390 0.00 0.00 0.00 0.00 0.00 0.00 0.00
motor 0.00 0 0.00 1009 341 1028 365 0.00 0.00 0.00 0.00 0.00 0.00 0.00
motor 0.00 0 0.00 983 332 1000 353 0.00 0.00 0.00 0.00 0.00 0.00 0.00
motor 0.00 0 0.00 862 159 875 181 0.00 0.00 0.00 0.00 0.00 0.00 0.00
motor 0.00 0 0.00 883 162 897 176 0.00 0.00 0.00 0.00 0.00 0.00 0.00
motor 0.00 0 0.00 877 202 890 223 0.00 0.00 0.00 0.00 0.00 0.00 0.00
motor 0.00 0 0.00 892 202 903 223 0.00 0.00 0.00 0.00 0.00 0.00 0.00
people 0.00 0 0.00 1359 433 1375 457 0.00 0.00 0.00 0.00 0.00 0.00 0.00
motor 0.00 0 0.00 1336 442 1382 463 0.00 0.00 0.00 0.00 0.00 0.00 0.00
