car 0.00 0 0.00 1764 540 1835 622 0.00 0.00 0.00 0.00 0.00 0.00 0.00
car 0.00 0 0.00 1870 454 1915 490 0.00 0.00 0.00 0.00 0.00 0.00 0.00
car 0.00 0 0.00 872 546 914 618 0.00 0.00 0.00 0.00 0.00 0.00 0.00
car 0.00 0 0.00 968 567 1017 635 0.00 0.00 0.00 0.00 0.00 0.00 0.00
car 0.00 0 0.00 1095 537 1136 604 0.00 0.00 0.00 0.00 0.00 0.00 0.00
car 0.00 0 0.00 1109 464 1150 529 0.00 0.00 0.00 0.00 0.00 0.00 0.00
car 0.00 0 0.00 1039 381 1077 433 0.00 0.00 0.00 0.00 0.00 0.00 0.00
car 0.00 0 0.00 953 429 995 494 0.00 0.00 0.00 0.00 0.00 0.00 0.00
car 0.00 0 0.00 912 393 970 445 0.00 0.00 0.00 0.00 0.00 0.00 0.00
car 0.00 0 0.00 766 401 815 456 0.00 0.00 0.00 0.00 0.00 0.00 0.00
car 0.00 0 0.00 439 197 481 242 0.00 0.00 0.00 0.00 0.00 0.00 0.00
car 0.00 0 0.00 446 257 495 304 0.00 0.00 0.00 0.00 0.00 0.00 0.00
pedestrian 0.00 0 0.00 197 167 211 189 0.00 0.00 0.00 0.00 0.00 0.00 0.00
car 0.00 0 0.00 75 215 143 257 0.00 0.00 0.00 0.00 0.00 0.00 0.00
people 0.00 0 0.00 39 46 48 62 0.00 0.00 0.00 0.00 0.00 0.00 0.00
bicycle 0.00 0 0.00 35 57 58 67 0.00 0.00 0.00 0.00 0.00 0.00 0.00
tricycle 0.00 0 0.00 95 21 127 34 0.00 0.00 0.00 0.00 0.00 0.00 0.00
people 0.00 0 0.00 97 13 107 30 0.00 0.00 0.00 0.00 0.00 0.00 0.00
motor 0.00 0 0.00 282 22 303 32 0.00 0.00 0.00 0.00 0.00 0.00 0.00
people 0.00 0 0.00 287 17 296 29 0.00 0.00 0.00 0.00 0.00 0.00 0.00
car 0.00 0 0.00 1367 896 1418 1005 0.00 0.00 0.00 0.00 0.00 0.00 0.00
car 0.00 0 0.00 1427 926 1476 1024 0.00 0.00 0.00 0.00 0.00 0.00 0.00
car 0.00 0 0.00 1530 945 1592 1059 0.00 0.00 0.00 0.00 0.00 0.00 0.00
car 0.00 0 0.00 1328 674 1407 733 0.00 0.00 0.00 0.00 0.00 0.00 0.00
