car 0.00 0 0.00 385 142 419 184 0.00 0.00 0.00 0.00 0.00 0.00 0.00
car 0.00 0 0.00 357 70 395 106 0.00 0.00 0.00 0.00 0.00 0.00 0.00
car 0.00 0 0.00 507 171 555 208 0.00 0.00 0.00 0.00 0.00 0.00 0.00
car 0.00 0 0.00 398 42 443 78 0.00 0.00 0.00 0.00 0.00 0.00 0.00
car 0.00 0 0.00 237 1 272 31 0.00 0.00 0.00 0.00 0.00 0.00 0.00
car 0.00 0 0.00 453 21 488 53 0.00 0.00 0.00 0.00 0.00 0.00 0.00
truck 0.00 0 0.00 405 1 466 62 0.00 0.00 0.00 0.00 0.00 0.00 0.00
bus 0.00 0 0.00 352 0 405 50 0.00 0.00 0.00 0.00 0.00 0.00 0.00
bus 0.00 0 0.00 288 42 347 100 0.00 0.00 0.00 0.00 0.00 0.00 0.00
bus 0.00 0 0.00 584 123 665 185 0.00 0.00 0.00 0.00 0.00 0.00 0.00
van 0.00 0 0.00 260 276 326 324 0.00 0.00 0.00 0.00 0.00 0.00 0.00
car 0.00 0 0.00 106 388 184 436 0.00 0.00 0.00 0.00 0.00 0.00 0.00
car 0.00 0 0.00 374 224 422 261 0.00 0.00 0.00 0.00 0.00 0.00 0.00
car 0.00 0 0.00 377 258 432 301 0.00 0.00 0.00 0.00 0.00 0.00 0.00
car 0.00 0 0.00 203 541 263 614 0.00 0.00 0.00 0.00 0.00 0.00 0.00
car 0.00 0 0.00 321 505 376 580 0.00 0.00 0.00 0.00 0.00 0.00 0.00
car 0.00 0 0.00 381 530 443 599 0.00 0.00 0.00 0.00 0.00 0.00 0.00
car 0.00 0 0.00 377 467 426 515 0.00 0.00 0.00 0.00 0.00 0.00 0.00
car 0.00 0 0.00 345 481 401 539 0.00 0.00 0.00 0.00 0.00 0.00 0.00
bus 0.00 0 0.00 242 492 387 677 0.00 0.00 0.00 0.00 0.00 0.00 0.00
car 0.00 0 0.00 825 30 866 58 0.00 0.00 0.00 0.00 0.00 0.00 0.00
bus 0.00 0 0.00 881 0 987 79 0.00 0.00 0.00 0.00 0.00 0.00 0.00
truck 0.00 0 0.00 917 20 998 90 0.00 0.00 0.00 0.00 0.00 0.00 0.00
car 0.00 0 0.00 985 7 1017 31 0.00 0.00 0.00 0.00 0.00 0.00 0.00
car 0.00 0 0.00 865 85 914 119 0.00 0.00 0.00 0.00 0.00 0.00 0.00
car 0.00 0 0.00 847 70 886 101 0.00 0.00 0.00 0.00 0.00 0.00 0.00
car 0.00 0 0.00 915 401 981 465 0.00 0.00 0.00 0.00 0.00 0.00 0.00
car 0.00 0 0.00 722 499 788 555 0.00 0.00 0.00 0.00 0.00 0.00 0.00
car 0.00 0 0.00 804 577 878 642 0.00 0.00 0.00 0.00 0.00 0.00 0.00
car 0.00 0 0.00 879 650 958 723 0.00 0.00 0.00 0.00 0.00 0.00 0.00
car 0.00 0 0.00 986 641 1075 717 0.00 0.00 0.00 0.00 0.00 0.00 0.00
car 0.00 0 0.00 1008 593 1094 664 0.00 0.00 0.00 0.00 0.00 0.00 0.00
car 0.00 0 0.00 916 523 992 594 0.00 0.00 0.00 0.00 0.00 0.00 0.00
car 0.00 0 0.00 972 737 1053 787 0.00 0.00 0.00 0.00 0.00 0.00 0.00
car 0.00 0 0.00 1153 697 1248 777 0.00 0.00 0.00 0.00 0.00 0.00 0.00
van 0.00 0 0.00 747 444 816 514 0.00 0.00 0.00 0.00 0.00 0.00 0.00
car 0.00 0 0.00 803 436 870 492 0.00 0.00 0.00 0.00 0.00 0.00 0.00
motor 0.00 0 0.00 875 488 911 518 0.00 0.00 0.00 0.00 0.00 0.00 0.00
people 0.00 0 0.00 882 493 898 511 0.00 0.00 0.00 0.00 0.00 0.00 0.00
people 0.00 0 0.00 891 495 905 515 0.00 0.00 0.00 0.00 0.00 0.00 0.00
truck 0.00 0 0.00 478 458 586 552 0.00 0.00 0.00 0.00 0.00 0.00 0.00
car 0.00 0 0.00 532 492 610 555 0.00 0.00 0.00 0.00 0.00 0.00 0.00
car 0.00 0 0.00 481 561 560 623 0.00 0.00 0.00 0.00 0.00 0.00 0.00
car 0.00 0 0.00 523 567 604 636 0.00 0.00 0.00 0.00 0.00 0.00 0.00
car 0.00 0 0.00 532 605 612 671 0.00 0.00 0.00 0.00 0.00 0.00 0.00
car 0.00 0 0.00 557 630 633 699 0.00 0.00 0.00 0.00 0.00 0.00 0.00
car 0.00 0 0.00 587 655 661 727 0.00 0.00 0.00 0.00 0.00 0.00 0.00
car 0.00 0 0.00 610 673 696 755 0.00 0.00 0.00 0.00 0.00 0.00 0.00
car 0.00 0 0.00 590 758 642 787 0.00 0.00 0.00 0.00 0.00 0.00 0.00
car 0.00 0 0.00 646 711 724 781 0.00 0.00 0.00 0.00 0.00 0.00 0.00
car 0.00 0 0.00 664 739 748 787 0.00 0.00 0.00 0.00 0.00 0.00 0.00
car 0.00 0 0.00 787 742 868 787 0.00 0.00 0.00 0.00 0.00 0.00 0.00
car 0.00 0 0.00 759 714 836 787 0.00 0.00 0.00 0.00 0.00 0.00 0.00
car 0.00 0 0.00 738 689 813 758 0.00 0.00 0.00 0.00 0.00 0.00 0.00
car 0.00 0 0.00 709 658 782 730 0.00 0.00 0.00 0.00 0.00 0.00 0.00
car 0.00 0 0.00 685 627 758 695 0.00 0.00 0.00 0.00 0.00 0.00 0.00
car 0.00 0 0.00 658 604 729 670 0.00 0.00 0.00 0.00 0.00 0.00 0.00
car 0.00 0 0.00 626 578 704 648 0.00 0.00 0.00 0.00 0.00 0.00 0.00
car 0.00 0 0.00 601 553 677 622 0.00 0.00 0.00 0.00 0.00 0.00 0.00
car 0.00 0 0.00 599 527 654 583 0.00 0.00 0.00 0.00 0.00 0.00 0.00
pedestrian 0.00 0 0.00 454 107 462 126 0.00 0.00 0.00 0.00 0.00 0.00 0.00
pedestrian 0.00 0 0.00 468 117 476 138 0.00 0.00 0.00 0.00 0.00 0.00 0.00
pedestrian 0.00 0 0.00 579 56 588 76 0.00 0.00 0.00 0.00 0.00 0.00 0.00
pedestrian 0.00 0 0.00 563 52 572 70 0.00 0.00 0.00 0.00 0.00 0.00 0.00
car 0.00 0 0.00 783 27 824 56 0.00 0.00 0.00 0.00 0.00 0.00 0.00
pedestrian 0.00 0 0.00 1272 151 1285 173 0.00 0.00 0.00 0.00 0.00 0.00 0.00
people 0.00 0 0.00 159 258 173 274 0.00 0.00 0.00 0.00 0.00 0.00 0.00
people 0.00 0 0.00 146 247 158 263 0.00 0.00 0.00 0.00 0.00 0.00 0.00
van 0.00 0 0.00 258 311 323 351 0.00 0.00 0.00 0.00 0.00 0.00 0.00
truck 0.00 0 0.00 851 533 971 619 0.00 0.00 0.00 0.00 0.00 0.00 0.00
car 0.00 0 0.00 109 350 186 397 0.00 0.00 0.00 0.00 0.00 0.00 0.00
car 0.00 0 0.00 296 335 350 360 0.00 0.00 0.00 0.00 0.00 0.00 0.00
car 0.00 0 0.00 410 515 459 560 0.00 0.00 0.00 0.00 0.00 0.00 0.00
