car 0.00 0 0.00 353 748 439 899 0.00 0.00 0.00 0.00 0.00 0.00 0.00
car 0.00 0 0.00 138 594 283 662 0.00 0.00 0.00 0.00 0.00 0.00 0.00
car 0.00 0 0.00 451 474 521 588 0.00 0.00 0.00 0.00 0.00 0.00 0.00
van 0.00 0 0.00 555 340 611 435 0.00 0.00 0.00 0.00 0.00 0.00 0.00
truck 0.00 0 0.00 330 236 386 345 0.00 0.00 0.00 0.00 0.00 0.00 0.00
van 0.00 0 0.00 243 348 358 411 0.00 0.00 0.00 0.00 0.00 0.00 0.00
pedestrian 0.00 0 0.00 189 207 215 238 0.00 0.00 0.00 0.00 0.00 0.00 0.00
pedestrian 0.00 0 0.00 236 205 252 233 0.00 0.00 0.00 0.00 0.00 0.00 0.00
pedestrian 0.00 0 0.00 248 200 267 231 0.00 0.00 0.00 0.00 0.00 0.00 0.00
truck 0.00 0 0.00 548 159 615 285 0.00 0.00 0.00 0.00 0.00 0.00 0.00
car 0.00 0 0.00 681 139 728 223 0.00 0.00 0.00 0.00 0.00 0.00 0.00
pedestrian 0.00 0 0.00 829 227 847 263 0.00 0.00 0.00 0.00 0.00 0.00 0.00
people 0.00 0 0.00 828 116 844 138 0.00 0.00 0.00 0.00 0.00 0.00 0.00
motor 0.00 0 0.00 832 125 842 149 0.00 0.00 0.00 0.00 0.00 0.00 0.00
pedestrian 0.00 0 0.00 505 405 535 441 0.00 0.00 0.00 0.00 0.00 0.00 0.00
pedestrian 0.00 0 0.00 399 421 419 462 0.00 0.00 0.00 0.00 0.00 0.00 0.00
bicycle 0.00 0 0.00 502 412 533 446 0.00 0.00 0.00 0.00 0.00 0.00 0.00
truck 0.00 0 0.00 777 313 857 447 0.00 0.00 0.00 0.00 0.00 0.00 0.00
car 0.00 0 0.00 827 589 889 706 0.00 0.00 0.00 0.00 0.00 0.00 0.00
car 0.00 0 0.00 837 465 890 563 0.00 0.00 0.00 0.00 0.00 0.00 0.00
pedestrian 0.00 0 0.00 1027 444 1046 478 0.00 0.00 0.00 0.00 0.00 0.00 0.00
pedestrian 0.00 0 0.00 1006 325 1027 363 0.00 0.00 0.00 0.00 0.00 0.00 0.00
car 0.00 0 0.00 866 0 900 31 0.00 0.00 0.00 0.00 0.00 0.00 0.00
car 0.00 0 0.00 291 914 384 1050 0.00 0.00 0.00 0.00 0.00 0.00 0.00
