car 0.00 0 0.00 814 743 1015 1050 0.00 0.00 0.00 0.00 0.00 0.00 0.00
van 0.00 0 0.00 1305 431 1400 585 0.00 0.00 0.00 0.00 0.00 0.00 0.00
pedestrian 0.00 0 0.00 1162 319 1197 393 0.00 0.00 0.00 0.00 0.00 0.00 0.00
pedestrian 0.00 0 0.00 1184 449 1228 532 0.00 0.00 0.00 0.00 0.00 0.00 0.00
car 0.00 0 0.00 395 553 623 806 0.00 0.00 0.00 0.00 0.00 0.00 0.00
car 0.00 0 0.00 572 397 727 555 0.00 0.00 0.00 0.00 0.00 0.00 0.00
car 0.00 0 0.00 692 301 806 409 0.00 0.00 0.00 0.00 0.00 0.00 0.00
car 0.00 0 0.00 773 235 854 317 0.00 0.00 0.00 0.00 0.00 0.00 0.00
car 0.00 0 0.00 904 288 994 397 0.00 0.00 0.00 0.00 0.00 0.00 0.00
car 0.00 0 0.00 808 170 893 247 0.00 0.00 0.00 0.00 0.00 0.00 0.00
car 0.00 0 0.00 976 147 1032 213 0.00 0.00 0.00 0.00 0.00 0.00 0.00
car 0.00 0 0.00 1048 146 1109 218 0.00 0.00 0.00 0.00 0.00 0.00 0.00
car 0.00 0 0.00 847 125 909 183 0.00 0.00 0.00 0.00 0.00 0.00 0.00
van 0.00 0 0.00 904 44 948 99 0.00 0.00 0.00 0.00 0.00 0.00 0.00
car 0.00 0 0.00 1001 96 1053 155 0.00 0.00 0.00 0.00 0.00 0.00 0.00
car 0.00 0 0.00 1216 230 1296 320 0.00 0.00 0.00 0.00 0.00 0.00 0.00
car 0.00 0 0.00 1212 177 1288 248 0.00 0.00 0.00 0.00 0.00 0.00 0.00
car 0.00 0 0.00 1195 136 1261 188 0.00 0.00 0.00 0.00 0.00 0.00 0.00
car 0.00 0 0.00 1184 101 1247 157 0.00 0.00 0.00 0.00 0.00 0.00 0.00
car 0.00 0 0.00 1057 104 1115 161 0.00 0.00 0.00 0.00 0.00 0.00 0.00
car 0.00 0 0.00 1066 78 1120 119 0.00 0.00 0.00 0.00 0.00 0.00 0.00
car 0.00 0 0.00 1007 73 1052 109 0.00 0.00 0.00 0.00 0.00 0.00 0.00
car 0.00 0 0.00 1017 47 1055 84 0.00 0.00 0.00 0.00 0.00 0.00 0.00
car 0.00 0 0.00 1027 29 1068 69 0.00 0.00 0.00 0.00 0.00 0.00 0.00
car 0.00 0 0.00 1175 71 1230 119 0.00 0.00 0.00 0.00 0.00 0.00 0.00
car 0.00 0 0.00 1172 35 1221 80 0.00 0.00 0.00 0.00 0.00 0.00 0.00
car 0.00 0 0.00 1158 14 1202 50 0.00 0.00 0.00 0.00 0.00 0.00 0.00
car 0.00 0 0.00 1023 1 1058 33 0.00 0.00 0.00 0.00 0.00 0.00 0.00
car 0.00 0 0.00 1063 0 1101 22 0.00 0.00 0.00 0.00 0.00 0.00 0.00
car 0.00 0 0.00 1317 582 1400 776 0.00 0.00 0.00 0.00 0.00 0.00 0.00
