motor 0.00 0 0.00 726 88 761 110 0.00 0.00 0.00 0.00 0.00 0.00 0.00
motor 0.00 0 0.00 729 56 764 76 0.00 0.00 0.00 0.00 0.00 0.00 0.00
motor 0.00 0 0.00 578 145 595 177 0.00 0.00 0.00 0.00 0.00 0.00 0.00
motor 0.00 0 0.00 570 233 584 276 0.00 0.00 0.00 0.00 0.00 0.00 0.00
people 0.00 0 0.00 189 344 210 361 0.00 0.00 0.00 0.00 0.00 0.00 0.00
motor 0.00 0 0.00 190 341 216 381 0.00 0.00 0.00 0.00 0.00 0.00 0.00
motor 0.00 0 0.00 133 8 168 30 0.00 0.00 0.00 0.00 0.00 0.00 0.00
motor 0.00 0 0.00 122 20 163 45 0.00 0.00 0.00 0.00 0.00 0.00 0.00
motor 0.00 0 0.00 109 46 148 70 0.00 0.00 0.00 0.00 0.00 0.00 0.00
motor 0.00 0 0.00 88 74 125 98 0.00 0.00 0.00 0.00 0.00 0.00 0.00
motor 0.00 0 0.00 27 175 63 198 0.00 0.00 0.00 0.00 0.00 0.00 0.00
motor 0.00 0 0.00 10 190 49 214 0.00 0.00 0.00 0.00 0.00 0.00 0.00
motor 0.00 0 0.00 10 209 45 232 0.00 0.00 0.00 0.00 0.00 0.00 0.00
motor 0.00 0 0.00 0 234 30 258 0.00 0.00 0.00 0.00 0.00 0.00 0.00
motor 0.00 0 0.00 0 295 40 323 0.00 0.00 0.00 0.00 0.00 0.00 0.00
car 0.00 0 0.00 454 835 532 990 0.00 0.00 0.00 0.00 0.00 0.00 0.00
car 0.00 0 0.00 504 644 579 784 0.00 0.00 0.00 0.00 0.00 0.00 0.00
car 0.00 0 0.00 575 409 634 510 0.00 0.00 0.00 0.00 0.00 0.00 0.00
car 0.00 0 0.00 634 199 690 279 0.00 0.00 0.00 0.00 0.00 0.00 0.00
car 0.00 0 0.00 862 320 972 379 0.00 0.00 0.00 0.00 0.00 0.00 0.00
awning-tricycle 0.00 0 0.00 772 106 804 166 0.00 0.00 0.00 0.00 0.00 0.00 0.00
truck 0.00 0 0.00 681 46 721 108 0.00 0.00 0.00 0.00 0.00 0.00 0.00
van 0.00 0 0.00 17 207 87 292 0.00 0.00 0.00 0.00 0.00 0.00 0.00
car 0.00 0 0.00 116 59 199 137 0.00 0.00 0.00 0.00 0.00 0.00 0.00
