car 0.00 0 0.00 177 684 255 787 0.00 0.00 0.00 0.00 0.00 0.00 0.00
car 0.00 0 0.00 336 647 388 726 0.00 0.00 0.00 0.00 0.00 0.00 0.00
car 0.00 0 0.00 412 607 455 678 0.00 0.00 0.00 0.00 0.00 0.00 0.00
car 0.00 0 0.00 353 569 403 637 0.00 0.00 0.00 0.00 0.00 0.00 0.00
truck 0.00 0 0.00 422 498 474 577 0.00 0.00 0.00 0.00 0.00 0.00 0.00
car 0.00 0 0.00 371 481 421 541 0.00 0.00 0.00 0.00 0.00 0.00 0.00
car 0.00 0 0.00 433 447 474 491 0.00 0.00 0.00 0.00 0.00 0.00 0.00
car 0.00 0 0.00 988 921 1164 1019 0.00 0.00 0.00 0.00 0.00 0.00 0.00
car 0.00 0 0.00 1184 888 1341 984 0.00 0.00 0.00 0.00 0.00 0.00 0.00
pedestrian 0.00 0 0.00 599 324 611 353 0.00 0.00 0.00 0.00 0.00 0.00 0.00
people 0.00 0 0.00 590 390 599 405 0.00 0.00 0.00 0.00 0.00 0.00 0.00
bicycle 0.00 0 0.00 590 397 599 412 0.00 0.00 0.00 0.00 0.00 0.00 0.00
people 0.00 0 0.00 641 846 660 885 0.00 0.00 0.00 0.00 0.00 0.00 0.00
people 0.00 0 0.00 657 797 677 835 0.00 0.00 0.00 0.00 0.00 0.00 0.00
people 0.00 0 0.00 51 871 73 897 0.00 0.00 0.00 0.00 0.00 0.00 0.00
people 0.00 0 0.00 103 784 128 814 0.00 0.00 0.00 0.00 0.00 0.00 0.00
people 0.00 0 0.00 109 750 133 780 0.00 0.00 0.00 0.00 0.00 0.00 0.00
people 0.00 0 0.00 902 785 922 808 0.00 0.00 0.00 0.00 0.00 0.00 0.00
people 0.00 0 0.00 913 813 937 849 0.00 0.00 0.00 0.00 0.00 0.00 0.00
people 0.00 0 0.00 786 779 802 804 0.00 0.00 0.00 0.00 0.00 0.00 0.00
motor 0.00 0 0.00 770 794 817 812 0.00 0.00 0.00 0.00 0.00 0.00 0.00
motor 0.00 0 0.00 888 797 926 814 0.00 0.00 0.00 0.00 0.00 0.00 0.00
motor 0.00 0 0.00 888 826 939 847 0.00 0.00 0.00 0.00 0.00 0.00 0.00
motor 0.00 0 0.00 646 798 692 837 0.00 0.00 0.00 0.00 0.00 0.00 0.00
motor 0.00 0 0.00 622 858 673 887 0.00 0.00 0.00 0.00 0.00 0.00 0.00
motor 0.00 0 0.00 43 872 80 902 0.00 0.00 0.00 0.00 0.00 0.00 0.00
motor 0.00 0 0.00 110 785 132 832 0.00 0.00 0.00 0.00 0.00 0.00 0.00
motor 0.00 0 0.00 113 768 136 790 0.00 0.00 0.00 0.00 0.00 0.00 0.00
