motor 0.00 0 0.00 363 200 377 207 0.00 0.00 0.00 0.00 0.00 0.00 0.00
people 0.00 0 0.00 368 199 375 206 0.00 0.00 0.00 0.00 0.00 0.00 0.00
van 0.00 0 0.00 574 190 616 209 0.00 0.00 0.00 0.00 0.00 0.00 0.00
van 0.00 0 0.00 605 232 645 249 0.00 0.00 0.00 0.00 0.00 0.00 0.00
car 0.00 0 0.00 676 241 705 256 0.00 0.00 0.00 0.00 0.00 0.00 0.00
car 0.00 0 0.00 628 256 669 269 0.00 0.00 0.00 0.00 0.00 0.00 0.00
car 0.00 0 0.00 565 254 604 271 0.00 0.00 0.00 0.00 0.00 0.00 0.00
pedestrian 0.00 0 0.00 473 470 479 476 0.00 0.00 0.00 0.00 0.00 0.00 0.00
car 0.00 0 0.00 0 581 44 602 0.00 0.00 0.00 0.00 0.00 0.00 0.00
car 0.00 0 0.00 148 603 183 619 0.00 0.00 0.00 0.00 0.00 0.00 0.00
car 0.00 0 0.00 122 561 164 582 0.00 0.00 0.00 0.00 0.00 0.00 0.00
car 0.00 0 0.00 349 632 382 650 0.00 0.00 0.00 0.00 0.00 0.00 0.00
car 0.00 0 0.00 494 657 528 674 0.00 0.00 0.00 0.00 0.00 0.00 0.00
car 0.00 0 0.00 597 634 634 656 0.00 0.00 0.00 0.00 0.00 0.00 0.00
truck 0.00 0 0.00 237 643 324 676 0.00 0.00 0.00 0.00 0.00 0.00 0.00
van 0.00 0 0.00 399 604 442 626 0.00 0.00 0.00 0.00 0.00 0.00 0.00
van 0.00 0 0.00 500 683 541 706 0.00 0.00 0.00 0.00 0.00 0.00 0.00
pedestrian 0.00 0 0.00 412 773 417 782 0.00 0.00 0.00 0.00 0.00 0.00 0.00
pedestrian 0.00 0 0.00 485 759 488 764 0.00 0.00 0.00 0.00 0.00 0.00 0.00
pedestrian 0.00 0 0.00 485 750 492 755 0.00 0.00 0.00 0.00 0.00 0.00 0.00
pedestrian 0.00 0 0.00 493 749 498 754 0.00 0.00 0.00 0.00 0.00 0.00 0.00
pedestrian 0.00 0 0.00 479 744 484 750 0.00 0.00 0.00 0.00 0.00 0.00 0.00
truck 0.00 0 0.00 760 152 831 189 0.00 0.00 0.00 0.00 0.00 0.00 0.00
bus 0.00 0 0.00 828 225 883 247 0.00 0.00 0.00 0.00 0.00 0.00 0.00
van 0.00 0 0.00 810 274 850 295 0.00 0.00 0.00 0.00 0.00 0.00 0.00
van 0.00 0 0.00 750 269 785 283 0.00 0.00 0.00 0.00 0.00 0.00 0.00
truck 0.00 0 0.00 725 235 795 265 0.00 0.00 0.00 0.00 0.00 0.00 0.00
car 0.00 0 0.00 775 218 812 238 0.00 0.00 0.00 0.00 0.00 0.00 0.00
car 0.00 0 0.00 809 251 849 271 0.00 0.00 0.00 0.00 0.00 0.00 0.00
car 0.00 0 0.00 688 263 728 281 0.00 0.00 0.00 0.00 0.00 0.00 0.00
van 0.00 0 0.00 766 755 794 786 0.00 0.00 0.00 0.00 0.00 0.00 0.00
bus 0.00 0 0.00 863 708 903 766 0.00 0.00 0.00 0.00 0.00 0.00 0.00
van 0.00 0 0.00 860 646 884 683 0.00 0.00 0.00 0.00 0.00 0.00 0.00
truck 0.00 0 0.00 933 571 980 630 0.00 0.00 0.00 0.00 0.00 0.00 0.00
car 0.00 0 0.00 990 735 1027 752 0.00 0.00 0.00 0.00 0.00 0.00 0.00
car 0.00 0 0.00 1132 753 1174 775 0.00 0.00 0.00 0.00 0.00 0.00 0.00
car 0.00 0 0.00 931 751 960 768 0.00 0.00 0.00 0.00 0.00 0.00 0.00
car 0.00 0 0.00 1035 764 1077 787 0.00 0.00 0.00 0.00 0.00 0.00 0.00
car 0.00 0 0.00 1089 163 1114 193 0.00 0.00 0.00 0.00 0.00 0.00 0.00
car 0.00 0 0.00 1178 119 1208 150 0.00 0.00 0.00 0.00 0.00 0.00 0.00
van 0.00 0 0.00 1198 132 1226 163 0.00 0.00 0.00 0.00 0.00 0.00 0.00
van 0.00 0 0.00 1162 179 1198 219 0.00 0.00 0.00 0.00 0.00 0.00 0.00
van 0.00 0 0.00 1223 89 1257 124 0.00 0.00 0.00 0.00 0.00 0.00 0.00
van 0.00 0 0.00 1167 77 1200 115 0.00 0.00 0.00 0.00 0.00 0.00 0.00
bus 0.00 0 0.00 1139 153 1186 209 0.00 0.00 0.00 0.00 0.00 0.00 0.00
bus 0.00 0 0.00 1204 56 1248 108 0.00 0.00 0.00 0.00 0.00 0.00 0.00
truck 0.00 0 0.00 1270 0 1293 23 0.00 0.00 0.00 0.00 0.00 0.00 0.00
