truck 0.00 0 0.00 897 390 999 439 0.00 0.00 0.00 0.00 0.00 0.00 0.00
car 0.00 0 0.00 366 330 401 386 0.00 0.00 0.00 0.00 0.00 0.00 0.00
car 0.00 0 0.00 357 655 401 735 0.00 0.00 0.00 0.00 0.00 0.00 0.00
car 0.00 0 0.00 451 724 493 787 0.00 0.00 0.00 0.00 0.00 0.00 0.00
car 0.00 0 0.00 694 679 734 755 0.00 0.00 0.00 0.00 0.00 0.00 0.00
car 0.00 0 0.00 644 353 671 403 0.00 0.00 0.00 0.00 0.00 0.00 0.00
car 0.00 0 0.00 644 183 667 224 0.00 0.00 0.00 0.00 0.00 0.00 0.00
car 0.00 0 0.00 647 71 668 102 0.00 0.00 0.00 0.00 0.00 0.00 0.00
car 0.00 0 0.00 996 402 1049 431 0.00 0.00 0.00 0.00 0.00 0.00 0.00
car 0.00 0 0.00 585 719 628 787 0.00 0.00 0.00 0.00 0.00 0.00 0.00
car 0.00 0 0.00 594 542 631 624 0.00 0.00 0.00 0.00 0.00 0.00 0.00
car 0.00 0 0.00 596 405 629 476 0.00 0.00 0.00 0.00 0.00 0.00 0.00
car 0.00 0 0.00 594 262 624 309 0.00 0.00 0.00 0.00 0.00 0.00 0.00
car 0.00 0 0.00 601 226 629 264 0.00 0.00 0.00 0.00 0.00 0.00 0.00
car 0.00 0 0.00 602 180 630 219 0.00 0.00 0.00 0.00 0.00 0.00 0.00
car 0.00 0 0.00 603 141 630 186 0.00 0.00 0.00 0.00 0.00 0.00 0.00
car 0.00 0 0.00 609 96 637 139 0.00 0.00 0.00 0.00 0.00 0.00 0.00
car 0.00 0 0.00 610 51 633 86 0.00 0.00 0.00 0.00 0.00 0.00 0.00
car 0.00 0 0.00 611 23 636 58 0.00 0.00 0.00 0.00 0.00 0.00 0.00
van 0.00 0 0.00 567 56 594 102 0.00 0.00 0.00 0.00 0.00 0.00 0.00
bus 0.00 0 0.00 638 429 688 585 0.00 0.00 0.00 0.00 0.00 0.00 0.00
pedestrian 0.00 0 0.00 804 551 816 575 0.00 0.00 0.00 0.00 0.00 0.00 0.00
pedestrian 0.00 0 0.00 718 546 728 569 0.00 0.00 0.00 0.00 0.00 0.00 0.00
pedestrian 0.00 0 0.00 706 553 714 569 0.00 0.00 0.00 0.00 0.00 0.00 0.00
pedestrian 0.00 0 0.00 710 559 721 573 0.00 0.00 0.00 0.00 0.00 0.00 0.00
van 0.00 0 0.00 640 241 671 295 0.00 0.00 0.00 0.00 0.00 0.00 0.00
