bus 0.00 0 0.00 250 13 426 234 0.00 0.00 0.00 0.00 0.00 0.00 0.00
bus 0.00 0 0.00 186 0 339 134 0.00 0.00 0.00 0.00 0.00 0.00 0.00
pedestrian 0.00 0 0.00 393 514 428 576 0.00 0.00 0.00 0.00 0.00 0.00 0.00
bicycle 0.00 0 0.00 449 669 484 755 0.00 0.00 0.00 0.00 0.00 0.00 0.00
people 0.00 0 0.00 440 675 476 727 0.00 0.00 0.00 0.00 0.00 0.00 0.00
car 0.00 0 0.00 77 738 265 996 0.00 0.00 0.00 0.00 0.00 0.00 0.00
pedestrian 0.00 0 0.00 542 681 577 742 0.00 0.00 0.00 0.00 0.00 0.00 0.00
pedestrian 0.00 0 0.00 595 344 620 401 0.00 0.00 0.00 0.00 0.00 0.00 0.00
bicycle 0.00 0 0.00 724 333 744 387 0.00 0.00 0.00 0.00 0.00 0.00 0.00
bicycle 0.00 0 0.00 778 406 822 461 0.00 0.00 0.00 0.00 0.00 0.00 0.00
motor 0.00 0 0.00 819 366 841 435 0.00 0.00 0.00 0.00 0.00 0.00 0.00
motor 0.00 0 0.00 841 397 872 459 0.00 0.00 0.00 0.00 0.00 0.00 0.00
motor 0.00 0 0.00 918 398 942 466 0.00 0.00 0.00 0.00 0.00 0.00 0.00
motor 0.00 0 0.00 951 382 982 455 0.00 0.00 0.00 0.00 0.00 0.00 0.00
motor 0.00 0 0.00 984 390 1007 466 0.00 0.00 0.00 0.00 0.00 0.00 0.00
van 0.00 0 0.00 946 115 1022 226 0.00 0.00 0.00 0.00 0.00 0.00 0.00
van 0.00 0 0.00 1040 137 1125 249 0.00 0.00 0.00 0.00 0.00 0.00 0.00
van 0.00 0 0.00 1125 124 1249 243 0.00 0.00 0.00 0.00 0.00 0.00 0.00
car 0.00 0 0.00 1181 0 1292 38 0.00 0.00 0.00 0.00 0.00 0.00 0.00
car 0.00 0 0.00 1086 0 1148 38 0.00 0.00 0.00 0.00 0.00 0.00 0.00
car 0.00 0 0.00 1020 0 1088 40 0.00 0.00 0.00 0.00 0.00 0.00 0.00
car 0.00 0 0.00 960 0 1015 40 0.00 0.00 0.00 0.00 0.00 0.00 0.00
car 0.00 0 0.00 902 0 959 38 0.00 0.00 0.00 0.00 0.00 0.00 0.00
car 0.00 0 0.00 848 1 904 45 0.00 0.00 0.00 0.00 0.00 0.00 0.00
pedestrian 0.00 0 0.00 574 132 595 177 0.00 0.00 0.00 0.00 0.00 0.00 0.00
van 0.00 0 0.00 738 105 829 206 0.00 0.00 0.00 0.00 0.00 0.00 0.00
pedestrian 0.00 0 0.00 817 0 829 20 0.00 0.00 0.00 0.00 0.00 0.00 0.00
pedestrian 0.00 0 0.00 788 0 804 32 0.00 0.00 0.00 0.00 0.00 0.00 0.00
pedestrian 0.00 0 0.00 745 0 756 30 0.00 0.00 0.00 0.00 0.00 0.00 0.00
pedestrian 0.00 0 0.00 665 0 681 37 0.00 0.00 0.00 0.00 0.00 0.00 0.00
pedestrian 0.00 0 0.00 759 0 767 21 0.00 0.00 0.00 0.00 0.00 0.00 0.00
pedestrian 0.00 0 0.00 767 0 776 16 0.00 0.00 0.00 0.00 0.00 0.00 0.00
pedestrian 0.00 0 0.00 578 0 602 46 0.00 0.00 0.00 0.00 0.00 0.00 0.00
