car 0.00 0 0.00 523 721 546 765 0.00 0.00 0.00 0.00 0.00 0.00 0.00
car 0.00 0 0.00 464 563 485 593 0.00 0.00 0.00 0.00 0.00 0.00 0.00
car 0.00 0 0.00 541 380 556 400 0.00 0.00 0.00 0.00 0.00 0.00 0.00
car 0.00 0 0.00 513 354 526 373 0.00 0.00 0.00 0.00 0.00 0.00 0.00
car 0.00 0 0.00 537 336 551 353 0.00 0.00 0.00 0.00 0.00 0.00 0.00
car 0.00 0 0.00 526 293 538 307 0.00 0.00 0.00 0.00 0.00 0.00 0.00
car 0.00 0 0.00 443 330 457 344 0.00 0.00 0.00 0.00 0.00 0.00 0.00
car 0.00 0 0.00 467 306 480 322 0.00 0.00 0.00 0.00 0.00 0.00 0.00
car 0.00 0 0.00 484 262 495 274 0.00 0.00 0.00 0.00 0.00 0.00 0.00
car 0.00 0 0.00 470 256 482 268 0.00 0.00 0.00 0.00 0.00 0.00 0.00
car 0.00 0 0.00 483 226 494 237 0.00 0.00 0.00 0.00 0.00 0.00 0.00
truck 0.00 0 0.00 549 235 562 260 0.00 0.00 0.00 0.00 0.00 0.00 0.00
car 0.00 0 0.00 557 224 568 235 0.00 0.00 0.00 0.00 0.00 0.00 0.00
car 0.00 0 0.00 501 211 511 221 0.00 0.00 0.00 0.00 0.00 0.00 0.00
car 0.00 0 0.00 492 204 501 214 0.00 0.00 0.00 0.00 0.00 0.00 0.00
truck 0.00 0 0.00 547 189 559 208 0.00 0.00 0.00 0.00 0.00 0.00 0.00
truck 0.00 0 0.00 564 158 574 174 0.00 0.00 0.00 0.00 0.00 0.00 0.00
car 0.00 0 0.00 512 173 520 182 0.00 0.00 0.00 0.00 0.00 0.00 0.00
car 0.00 0 0.00 503 161 510 170 0.00 0.00 0.00 0.00 0.00 0.00 0.00
car 0.00 0 0.00 514 156 522 164 0.00 0.00 0.00 0.00 0.00 0.00 0.00
car 0.00 0 0.00 554 142 562 152 0.00 0.00 0.00 0.00 0.00 0.00 0.00
car 0.00 0 0.00 563 142 571 151 0.00 0.00 0.00 0.00 0.00 0.00 0.00
car 0.00 0 0.00 556 117 563 125 0.00 0.00 0.00 0.00 0.00 0.00 0.00
