car 0.00 0 0.00 694 964 803 1044 0.00 0.00 0.00 0.00 0.00 0.00 0.00
car 0.00 0 0.00 706 907 801 980 0.00 0.00 0.00 0.00 0.00 0.00 0.00
car 0.00 0 0.00 691 874 794 931 0.00 0.00 0.00 0.00 0.00 0.00 0.00
van 0.00 0 0.00 1437 1000 1553 1066 0.00 0.00 0.00 0.00 0.00 0.00 0.00
car 0.00 0 0.00 1307 836 1404 886 0.00 0.00 0.00 0.00 0.00 0.00 0.00
car 0.00 0 0.00 1227 724 1314 761 0.00 0.00 0.00 0.00 0.00 0.00 0.00
car 0.00 0 0.00 1277 791 1360 844 0.00 0.00 0.00 0.00 0.00 0.00 0.00
car 0.00 0 0.00 1196 683 1274 724 0.00 0.00 0.00 0.00 0.00 0.00 0.00
car 0.00 0 0.00 119 937 196 1031 0.00 0.00 0.00 0.00 0.00 0.00 0.00
car 0.00 0 0.00 203 797 254 864 0.00 0.00 0.00 0.00 0.00 0.00 0.00
car 0.00 0 0.00 281 668 329 720 0.00 0.00 0.00 0.00 0.00 0.00 0.00
bus 0.00 0 0.00 1618 160 1673 187 0.00 0.00 0.00 0.00 0.00 0.00 0.00
car 0.00 0 0.00 1587 146 1606 156 0.00 0.00 0.00 0.00 0.00 0.00 0.00
car 0.00 0 0.00 1612 146 1637 155 0.00 0.00 0.00 0.00 0.00 0.00 0.00
car 0.00 0 0.00 1717 191 1740 203 0.00 0.00 0.00 0.00 0.00 0.00 0.00
car 0.00 0 0.00 1727 186 1753 196 0.00 0.00 0.00 0.00 0.00 0.00 0.00
car 0.00 0 0.00 1686 176 1714 187 0.00 0.00 0.00 0.00 0.00 0.00 0.00
car 0.00 0 0.00 1667 174 1694 184 0.00 0.00 0.00 0.00 0.00 0.00 0.00
