bicycle 0.00 0 0.00 89 793 122 817 0.00 0.00 0.00 0.00 0.00 0.00 0.00
motor 0.00 0 0.00 64 785 89 816 0.00 0.00 0.00 0.00 0.00 0.00 0.00
bicycle 0.00 0 0.00 62 812 95 837 0.00 0.00 0.00 0.00 0.00 0.00 0.00
motor 0.00 0 0.00 35 828 68 849 0.00 0.00 0.00 0.00 0.00 0.00 0.00
pedestrian 0.00 0 0.00 27 835 39 854 0.00 0.00 0.00 0.00 0.00 0.00 0.00
bicycle 0.00 0 0.00 1 864 24 885 0.00 0.00 0.00 0.00 0.00 0.00 0.00
pedestrian 0.00 0 0.00 106 855 133 881 0.00 0.00 0.00 0.00 0.00 0.00 0.00
pedestrian 0.00 0 0.00 400 1066 426 1092 0.00 0.00 0.00 0.00 0.00 0.00 0.00
people 0.00 0 0.00 400 1073 411 1084 0.00 0.00 0.00 0.00 0.00 0.00 0.00
pedestrian 0.00 0 0.00 372 1072 388 1096 0.00 0.00 0.00 0.00 0.00 0.00 0.00
pedestrian 0.00 0 0.00 646 1021 667 1050 0.00 0.00 0.00 0.00 0.00 0.00 0.00
pedestrian 0.00 0 0.00 163 1089 181 1110 0.00 0.00 0.00 0.00 0.00 0.00 0.00
people 0.00 0 0.00 102 1128 120 1146 0.00 0.00 0.00 0.00 0.00 0.00 0.00
people 0.00 0 0.00 116 1140 130 1156 0.00 0.00 0.00 0.00 0.00 0.00 0.00
people 0.00 0 0.00 118 1228 148 1248 0.00 0.00 0.00 0.00 0.00 0.00 0.00
people 0.00 0 0.00 101 1207 132 1234 0.00 0.00 0.00 0.00 0.00 0.00 0.00
people 0.00 0 0.00 78 1184 110 1209 0.00 0.00 0.00 0.00 0.00 0.00 0.00
pedestrian 0.00 0 0.00 36 1235 57 1252 0.00 0.00 0.00 0.00 0.00 0.00 0.00
pedestrian 0.00 0 0.00 28 1218 56 1243 0.00 0.00 0.00 0.00 0.00 0.00 0.00
van 0.00 0 0.00 412 1286 485 1418 0.00 0.00 0.00 0.00 0.00 0.00 0.00
pedestrian 0.00 0 0.00 394 1318 413 1344 0.00 0.00 0.00 0.00 0.00 0.00 0.00
pedestrian 0.00 0 0.00 394 1305 406 1323 0.00 0.00 0.00 0.00 0.00 0.00 0.00
car 0.00 0 0.00 1296 1404 1397 1500 0.00 0.00 0.00 0.00 0.00 0.00 0.00
car 0.00 0 0.00 1023 1393 1134 1500 0.00 0.00 0.00 0.00 0.00 0.00 0.00
car 0.00 0 0.00 1355 1256 1447 1398 0.00 0.00 0.00 0.00 0.00 0.00 0.00
car 0.00 0 0.00 1432 1112 1519 1240 0.00 0.00 0.00 0.00 0.00 0.00 0.00
car 0.00 0 0.00 1493 1019 1565 1116 0.00 0.00 0.00 0.00 0.00 0.00 0.00
car 0.00 0 0.00 1121 1244 1232 1390 0.00 0.00 0.00 0.00 0.00 0.00 0.00
van 0.00 0 0.00 1210 1117 1296 1231 0.00 0.00 0.00 0.00 0.00 0.00 0.00
van 0.00 0 0.00 1273 1024 1342 1114 0.00 0.00 0.00 0.00 0.00 0.00 0.00
car 0.00 0 0.00 1339 910 1419 1010 0.00 0.00 0.00 0.00 0.00 0.00 0.00
car 0.00 0 0.00 1585 847 1642 926 0.00 0.00 0.00 0.00 0.00 0.00 0.00
car 0.00 0 0.00 1656 679 1715 757 0.00 0.00 0.00 0.00 0.00 0.00 0.00
car 0.00 0 0.00 1469 833 1536 918 0.00 0.00 0.00 0.00 0.00 0.00 0.00
car 0.00 0 0.00 1401 823 1467 904 0.00 0.00 0.00 0.00 0.00 0.00 0.00
car 0.00 0 0.00 1454 736 1507 801 0.00 0.00 0.00 0.00 0.00 0.00 0.00
pedestrian 0.00 0 0.00 1542 923 1566 951 0.00 0.00 0.00 0.00 0.00 0.00 0.00
car 0.00 0 0.00 916 1019 1030 1117 0.00 0.00 0.00 0.00 0.00 0.00 0.00
van 0.00 0 0.00 1210 684 1295 740 0.00 0.00 0.00 0.00 0.00 0.00 0.00
car 0.00 0 0.00 1232 657 1310 706 0.00 0.00 0.00 0.00 0.00 0.00 0.00
car 0.00 0 0.00 1965 588 2000 623 0.00 0.00 0.00 0.00 0.00 0.00 0.00
car 0.00 0 0.00 1844 482 1928 542 0.00 0.00 0.00 0.00 0.00 0.00 0.00
car 0.00 0 0.00 1548 513 1639 552 0.00 0.00 0.00 0.00 0.00 0.00 0.00
car 0.00 0 0.00 1462 589 1557 632 0.00 0.00 0.00 0.00 0.00 0.00 0.00
pedestrian 0.00 0 0.00 1724 634 1746 658 0.00 0.00 0.00 0.00 0.00 0.00 0.00
