car 0.00 0 0.00 52 708 162 847 0.00 0.00 0.00 0.00 0.00 0.00 0.00
car 0.00 0 0.00 136 566 231 693 0.00 0.00 0.00 0.00 0.00 0.00 0.00
car 0.00 0 0.00 204 433 283 547 0.00 0.00 0.00 0.00 0.00 0.00 0.00
car 0.00 0 0.00 306 342 376 435 0.00 0.00 0.00 0.00 0.00 0.00 0.00
van 0.00 0 0.00 316 231 378 299 0.00 0.00 0.00 0.00 0.00 0.00 0.00
van 0.00 0 0.00 387 79 433 143 0.00 0.00 0.00 0.00 0.00 0.00 0.00
car 0.00 0 0.00 352 154 420 224 0.00 0.00 0.00 0.00 0.00 0.00 0.00
car 0.00 0 0.00 720 495 778 613 0.00 0.00 0.00 0.00 0.00 0.00 0.00
car 0.00 0 0.00 639 488 688 555 0.00 0.00 0.00 0.00 0.00 0.00 0.00
car 0.00 0 0.00 558 507 615 596 0.00 0.00 0.00 0.00 0.00 0.00 0.00
car 0.00 0 0.00 618 745 765 817 0.00 0.00 0.00 0.00 0.00 0.00 0.00
car 0.00 0 0.00 806 776 950 863 0.00 0.00 0.00 0.00 0.00 0.00 0.00
motor 0.00 0 0.00 816 600 864 642 0.00 0.00 0.00 0.00 0.00 0.00 0.00
motor 0.00 0 0.00 811 304 855 334 0.00 0.00 0.00 0.00 0.00 0.00 0.00
bicycle 0.00 0 0.00 802 406 840 431 0.00 0.00 0.00 0.00 0.00 0.00 0.00
motor 0.00 0 0.00 791 141 824 165 0.00 0.00 0.00 0.00 0.00 0.00 0.00
van 0.00 0 0.00 685 261 736 350 0.00 0.00 0.00 0.00 0.00 0.00 0.00
car 0.00 0 0.00 627 116 667 173 0.00 0.00 0.00 0.00 0.00 0.00 0.00
car 0.00 0 0.00 644 64 682 115 0.00 0.00 0.00 0.00 0.00 0.00 0.00
car 0.00 0 0.00 743 99 790 156 0.00 0.00 0.00 0.00 0.00 0.00 0.00
people 0.00 0 0.00 844 362 863 386 0.00 0.00 0.00 0.00 0.00 0.00 0.00
motor 0.00 0 0.00 653 380 695 414 0.00 0.00 0.00 0.00 0.00 0.00 0.00
pedestrian 0.00 0 0.00 750 433 763 464 0.00 0.00 0.00 0.00 0.00 0.00 0.00
pedestrian 0.00 0 0.00 762 440 775 461 0.00 0.00 0.00 0.00 0.00 0.00 0.00
pedestrian 0.00 0 0.00 775 429 794 465 0.00 0.00 0.00 0.00 0.00 0.00 0.00
pedestrian 0.00 0 0.00 589 332 608 368 0.00 0.00 0.00 0.00 0.00 0.00 0.00
pedestrian 0.00 0 0.00 545 335 565 369 0.00 0.00 0.00 0.00 0.00 0.00 0.00
people 0.00 0 0.00 622 308 645 339 0.00 0.00 0.00 0.00 0.00 0.00 0.00
motor 0.00 0 0.00 615 306 645 347 0.00 0.00 0.00 0.00 0.00 0.00 0.00
van 0.00 0 0.00 774 65 844 111 0.00 0.00 0.00 0.00 0.00 0.00 0.00
car 0.00 0 0.00 760 46 840 88 0.00 0.00 0.00 0.00 0.00 0.00 0.00
van 0.00 0 0.00 425 0 473 58 0.00 0.00 0.00 0.00 0.00 0.00 0.00
pedestrian 0.00 0 0.00 480 58 492 89 0.00 0.00 0.00 0.00 0.00 0.00 0.00
pedestrian 0.00 0 0.00 485 51 497 80 0.00 0.00 0.00 0.00 0.00 0.00 0.00
car 0.00 0 0.00 437 57 484 111 0.00 0.00 0.00 0.00 0.00 0.00 0.00
car 0.00 0 0.00 1285 799 1400 874 0.00 0.00 0.00 0.00 0.00 0.00 0.00
pedestrian 0.00 0 0.00 883 952 907 986 0.00 0.00 0.00 0.00 0.00 0.00 0.00
