pedestrian 0.00 0 0.00 634 496 639 502 0.00 0.00 0.00 0.00 0.00 0.00 0.00
pedestrian 0.00 0 0.00 633 502 638 506 0.00 0.00 0.00 0.00 0.00 0.00 0.00
bicycle 0.00 0 0.00 837 420 844 424 0.00 0.00 0.00 0.00 0.00 0.00 0.00
bicycle 0.00 0 0.00 838 464 846 466 0.00 0.00 0.00 0.00 0.00 0.00 0.00
bicycle 0.00 0 0.00 838 454 846 457 0.00 0.00 0.00 0.00 0.00 0.00 0.00
bicycle 0.00 0 0.00 841 477 848 481 0.00 0.00 0.00 0.00 0.00 0.00 0.00
bicycle 0.00 0 0.00 835 409 842 413 0.00 0.00 0.00 0.00 0.00 0.00 0.00
bicycle 0.00 0 0.00 841 470 848 473 0.00 0.00 0.00 0.00 0.00 0.00 0.00
bicycle 0.00 0 0.00 862 540 866 551 0.00 0.00 0.00 0.00 0.00 0.00 0.00
bicycle 0.00 0 0.00 868 538 873 549 0.00 0.00 0.00 0.00 0.00 0.00 0.00
