car 0.00 0 0.00 99 440 252 523 0.00 0.00 0.00 0.00 0.00 0.00 0.00
car 0.00 0 0.00 48 524 189 590 0.00 0.00 0.00 0.00 0.00 0.00 0.00
car 0.00 0 0.00 3 710 103 862 0.00 0.00 0.00 0.00 0.00 0.00 0.00
people 0.00 0 0.00 427 372 453 395 0.00 0.00 0.00 0.00 0.00 0.00 0.00
people 0.00 0 0.00 426 379 438 391 0.00 0.00 0.00 0.00 0.00 0.00 0.00
car 0.00 0 0.00 445 200 527 324 0.00 0.00 0.00 0.00 0.00 0.00 0.00
bicycle 0.00 0 0.00 669 332 692 373 0.00 0.00 0.00 0.00 0.00 0.00 0.00
motor 0.00 0 0.00 694 336 713 374 0.00 0.00 0.00 0.00 0.00 0.00 0.00
motor 0.00 0 0.00 871 297 889 341 0.00 0.00 0.00 0.00 0.00 0.00 0.00
motor 0.00 0 0.00 834 323 854 366 0.00 0.00 0.00 0.00 0.00 0.00 0.00
motor 0.00 0 0.00 807 368 826 409 0.00 0.00 0.00 0.00 0.00 0.00 0.00
car 0.00 0 0.00 527 494 651 564 0.00 0.00 0.00 0.00 0.00 0.00 0.00
motor 0.00 0 0.00 1145 377 1161 417 0.00 0.00 0.00 0.00 0.00 0.00 0.00
motor 0.00 0 0.00 1171 377 1185 418 0.00 0.00 0.00 0.00 0.00 0.00 0.00
people 0.00 0 0.00 1263 379 1300 399 0.00 0.00 0.00 0.00 0.00 0.00 0.00
people 0.00 0 0.00 1266 416 1297 445 0.00 0.00 0.00 0.00 0.00 0.00 0.00
car 0.00 0 0.00 894 297 972 432 0.00 0.00 0.00 0.00 0.00 0.00 0.00
car 0.00 0 0.00 1448 439 1528 561 0.00 0.00 0.00 0.00 0.00 0.00 0.00
car 0.00 0 0.00 1600 485 1674 608 0.00 0.00 0.00 0.00 0.00 0.00 0.00
car 0.00 0 0.00 1254 675 1340 823 0.00 0.00 0.00 0.00 0.00 0.00 0.00
car 0.00 0 0.00 1340 704 1420 849 0.00 0.00 0.00 0.00 0.00 0.00 0.00
car 0.00 0 0.00 1413 741 1494 887 0.00 0.00 0.00 0.00 0.00 0.00 0.00
car 0.00 0 0.00 1487 773 1573 919 0.00 0.00 0.00 0.00 0.00 0.00 0.00
car 0.00 0 0.00 1596 817 1680 958 0.00 0.00 0.00 0.00 0.00 0.00 0.00
car 0.00 0 0.00 1677 818 1767 963 0.00 0.00 0.00 0.00 0.00 0.00 0.00
