car 0.00 0 0.00 32 0 67 23 0.00 0.00 0.00 0.00 0.00 0.00 0.00
car 0.00 0 0.00 120 19 152 41 0.00 0.00 0.00 0.00 0.00 0.00 0.00
car 0.00 0 0.00 137 8 171 32 0.00 0.00 0.00 0.00 0.00 0.00 0.00
car 0.00 0 0.00 147 0 182 18 0.00 0.00 0.00 0.00 0.00 0.00 0.00
bus 0.00 0 0.00 153 24 233 105 0.00 0.00 0.00 0.00 0.00 0.00 0.00
pedestrian 0.00 0 0.00 444 643 456 650 0.00 0.00 0.00 0.00 0.00 0.00 0.00
pedestrian 0.00 0 0.00 429 757 440 768 0.00 0.00 0.00 0.00 0.00 0.00 0.00
pedestrian 0.00 0 0.00 390 745 398 754 0.00 0.00 0.00 0.00 0.00 0.00 0.00
pedestrian 0.00 0 0.00 471 690 479 699 0.00 0.00 0.00 0.00 0.00 0.00 0.00
pedestrian 0.00 0 0.00 473 656 484 668 0.00 0.00 0.00 0.00 0.00 0.00 0.00
car 0.00 0 0.00 311 144 343 177 0.00 0.00 0.00 0.00 0.00 0.00 0.00
car 0.00 0 0.00 352 95 382 128 0.00 0.00 0.00 0.00 0.00 0.00 0.00
van 0.00 0 0.00 403 128 435 160 0.00 0.00 0.00 0.00 0.00 0.00 0.00
van 0.00 0 0.00 494 168 527 201 0.00 0.00 0.00 0.00 0.00 0.00 0.00
car 0.00 0 0.00 518 221 543 251 0.00 0.00 0.00 0.00 0.00 0.00 0.00
car 0.00 0 0.00 489 256 519 289 0.00 0.00 0.00 0.00 0.00 0.00 0.00
car 0.00 0 0.00 376 164 409 195 0.00 0.00 0.00 0.00 0.00 0.00 0.00
car 0.00 0 0.00 476 203 506 230 0.00 0.00 0.00 0.00 0.00 0.00 0.00
car 0.00 0 0.00 453 194 483 224 0.00 0.00 0.00 0.00 0.00 0.00 0.00
car 0.00 0 0.00 436 185 467 216 0.00 0.00 0.00 0.00 0.00 0.00 0.00
car 0.00 0 0.00 395 172 428 206 0.00 0.00 0.00 0.00 0.00 0.00 0.00
car 0.00 0 0.00 412 179 446 212 0.00 0.00 0.00 0.00 0.00 0.00 0.00
car 0.00 0 0.00 420 139 453 170 0.00 0.00 0.00 0.00 0.00 0.00 0.00
car 0.00 0 0.00 441 147 471 177 0.00 0.00 0.00 0.00 0.00 0.00 0.00
car 0.00 0 0.00 459 155 486 182 0.00 0.00 0.00 0.00 0.00 0.00 0.00
car 0.00 0 0.00 480 160 508 189 0.00 0.00 0.00 0.00 0.00 0.00 0.00
car 0.00 0 0.00 521 180 546 210 0.00 0.00 0.00 0.00 0.00 0.00 0.00
pedestrian 0.00 0 0.00 777 18 783 27 0.00 0.00 0.00 0.00 0.00 0.00 0.00
pedestrian 0.00 0 0.00 773 21 778 31 0.00 0.00 0.00 0.00 0.00 0.00 0.00
bus 0.00 0 0.00 762 42 813 79 0.00 0.00 0.00 0.00 0.00 0.00 0.00
van 0.00 0 0.00 783 81 820 108 0.00 0.00 0.00 0.00 0.00 0.00 0.00
car 0.00 0 0.00 763 119 790 153 0.00 0.00 0.00 0.00 0.00 0.00 0.00
van 0.00 0 0.00 593 253 625 290 0.00 0.00 0.00 0.00 0.00 0.00 0.00
van 0.00 0 0.00 618 218 648 253 0.00 0.00 0.00 0.00 0.00 0.00 0.00
car 0.00 0 0.00 553 244 580 275 0.00 0.00 0.00 0.00 0.00 0.00 0.00
car 0.00 0 0.00 573 249 602 282 0.00 0.00 0.00 0.00 0.00 0.00 0.00
car 0.00 0 0.00 539 185 568 218 0.00 0.00 0.00 0.00 0.00 0.00 0.00
car 0.00 0 0.00 558 197 584 225 0.00 0.00 0.00 0.00 0.00 0.00 0.00
car 0.00 0 0.00 572 207 602 241 0.00 0.00 0.00 0.00 0.00 0.00 0.00
car 0.00 0 0.00 597 214 627 244 0.00 0.00 0.00 0.00 0.00 0.00 0.00
car 0.00 0 0.00 503 317 530 350 0.00 0.00 0.00 0.00 0.00 0.00 0.00
car 0.00 0 0.00 545 329 578 362 0.00 0.00 0.00 0.00 0.00 0.00 0.00
van 0.00 0 0.00 528 281 555 313 0.00 0.00 0.00 0.00 0.00 0.00 0.00
van 0.00 0 0.00 507 268 537 303 0.00 0.00 0.00 0.00 0.00 0.00 0.00
car 0.00 0 0.00 552 282 580 313 0.00 0.00 0.00 0.00 0.00 0.00 0.00
van 0.00 0 0.00 669 379 705 424 0.00 0.00 0.00 0.00 0.00 0.00 0.00
car 0.00 0 0.00 675 347 711 375 0.00 0.00 0.00 0.00 0.00 0.00 0.00
car 0.00 0 0.00 692 335 721 357 0.00 0.00 0.00 0.00 0.00 0.00 0.00
car 0.00 0 0.00 693 313 727 338 0.00 0.00 0.00 0.00 0.00 0.00 0.00
car 0.00 0 0.00 698 291 734 314 0.00 0.00 0.00 0.00 0.00 0.00 0.00
car 0.00 0 0.00 709 275 749 303 0.00 0.00 0.00 0.00 0.00 0.00 0.00
car 0.00 0 0.00 732 258 767 282 0.00 0.00 0.00 0.00 0.00 0.00 0.00
car 0.00 0 0.00 699 391 730 431 0.00 0.00 0.00 0.00 0.00 0.00 0.00
car 0.00 0 0.00 723 396 753 436 0.00 0.00 0.00 0.00 0.00 0.00 0.00
car 0.00 0 0.00 747 409 775 442 0.00 0.00 0.00 0.00 0.00 0.00 0.00
car 0.00 0 0.00 768 417 799 454 0.00 0.00 0.00 0.00 0.00 0.00 0.00
car 0.00 0 0.00 786 431 817 470 0.00 0.00 0.00 0.00 0.00 0.00 0.00
motor 0.00 0 0.00 931 575 953 592 0.00 0.00 0.00 0.00 0.00 0.00 0.00
motor 0.00 0 0.00 927 586 950 604 0.00 0.00 0.00 0.00 0.00 0.00 0.00
motor 0.00 0 0.00 923 598 944 614 0.00 0.00 0.00 0.00 0.00 0.00 0.00
motor 0.00 0 0.00 932 545 955 561 0.00 0.00 0.00 0.00 0.00 0.00 0.00
van 0.00 0 0.00 875 514 924 550 0.00 0.00 0.00 0.00 0.00 0.00 0.00
car 0.00 0 0.00 866 464 899 507 0.00 0.00 0.00 0.00 0.00 0.00 0.00
car 0.00 0 0.00 835 457 864 497 0.00 0.00 0.00 0.00 0.00 0.00 0.00
car 0.00 0 0.00 815 436 841 477 0.00 0.00 0.00 0.00 0.00 0.00 0.00
motor 0.00 0 0.00 899 610 909 630 0.00 0.00 0.00 0.00 0.00 0.00 0.00
motor 0.00 0 0.00 867 80 885 94 0.00 0.00 0.00 0.00 0.00 0.00 0.00
people 0.00 0 0.00 876 83 882 91 0.00 0.00 0.00 0.00 0.00 0.00 0.00
people 0.00 0 0.00 872 80 879 91 0.00 0.00 0.00 0.00 0.00 0.00 0.00
bus 0.00 0 0.00 1066 145 1170 206 0.00 0.00 0.00 0.00 0.00 0.00 0.00
truck 0.00 0 0.00 1225 203 1296 259 0.00 0.00 0.00 0.00 0.00 0.00 0.00
truck 0.00 0 0.00 1314 299 1364 372 0.00 0.00 0.00 0.00 0.00 0.00 0.00
car 0.00 0 0.00 1327 387 1353 431 0.00 0.00 0.00 0.00 0.00 0.00 0.00
car 0.00 0 0.00 1315 439 1348 488 0.00 0.00 0.00 0.00 0.00 0.00 0.00
car 0.00 0 0.00 1280 576 1311 620 0.00 0.00 0.00 0.00 0.00 0.00 0.00
van 0.00 0 0.00 1261 633 1294 681 0.00 0.00 0.00 0.00 0.00 0.00 0.00
bus 0.00 0 0.00 1224 688 1292 787 0.00 0.00 0.00 0.00 0.00 0.00 0.00
