pedestrian 0.00 0 0.00 303 338 326 366 0.00 0.00 0.00 0.00 0.00 0.00 0.00
pedestrian 0.00 0 0.00 287 342 313 389 0.00 0.00 0.00 0.00 0.00 0.00 0.00
pedestrian 0.00 0 0.00 345 662 374 688 0.00 0.00 0.00 0.00 0.00 0.00 0.00
pedestrian 0.00 0 0.00 344 639 371 661 0.00 0.00 0.00 0.00 0.00 0.00 0.00
pedestrian 0.00 0 0.00 342 617 372 641 0.00 0.00 0.00 0.00 0.00 0.00 0.00
pedestrian 0.00 0 0.00 268 468 292 504 0.00 0.00 0.00 0.00 0.00 0.00 0.00
pedestrian 0.00 0 0.00 258 436 280 467 0.00 0.00 0.00 0.00 0.00 0.00 0.00
pedestrian 0.00 0 0.00 243 431 263 468 0.00 0.00 0.00 0.00 0.00 0.00 0.00
pedestrian 0.00 0 0.00 976 246 989 284 0.00 0.00 0.00 0.00 0.00 0.00 0.00
pedestrian 0.00 0 0.00 963 245 977 286 0.00 0.00 0.00 0.00 0.00 0.00 0.00
pedestrian 0.00 0 0.00 941 0 960 36 0.00 0.00 0.00 0.00 0.00 0.00 0.00
bus 0.00 0 0.00 791 33 928 283 0.00 0.00 0.00 0.00 0.00 0.00 0.00
bus 0.00 0 0.00 980 583 1166 787 0.00 0.00 0.00 0.00 0.00 0.00 0.00
truck 0.00 0 0.00 758 393 900 631 0.00 0.00 0.00 0.00 0.00 0.00 0.00
bicycle 0.00 0 0.00 701 389 718 436 0.00 0.00 0.00 0.00 0.00 0.00 0.00
bicycle 0.00 0 0.00 695 307 723 354 0.00 0.00 0.00 0.00 0.00 0.00 0.00
bicycle 0.00 0 0.00 625 7 642 49 0.00 0.00 0.00 0.00 0.00 0.00 0.00
people 0.00 0 0.00 701 389 720 423 0.00 0.00 0.00 0.00 0.00 0.00 0.00
people 0.00 0 0.00 695 307 718 342 0.00 0.00 0.00 0.00 0.00 0.00 0.00
people 0.00 0 0.00 625 6 639 42 0.00 0.00 0.00 0.00 0.00 0.00 0.00
pedestrian 0.00 0 0.00 568 124 587 159 0.00 0.00 0.00 0.00 0.00 0.00 0.00
