van 0.00 0 0.00 0 187 49 212 0.00 0.00 0.00 0.00 0.00 0.00 0.00
car 0.00 0 0.00 143 20 159 36 0.00 0.00 0.00 0.00 0.00 0.00 0.00
pedestrian 0.00 0 0.00 11 561 19 575 0.00 0.00 0.00 0.00 0.00 0.00 0.00
truck 0.00 0 0.00 1778 686 1915 812 0.00 0.00 0.00 0.00 0.00 0.00 0.00
car 0.00 0 0.00 1764 397 1801 434 0.00 0.00 0.00 0.00 0.00 0.00 0.00
car 0.00 0 0.00 1827 376 1872 404 0.00 0.00 0.00 0.00 0.00 0.00 0.00
motor 0.00 0 0.00 1757 316 1768 333 0.00 0.00 0.00 0.00 0.00 0.00 0.00
motor 0.00 0 0.00 1767 316 1780 334 0.00 0.00 0.00 0.00 0.00 0.00 0.00
motor 0.00 0 0.00 1777 310 1792 331 0.00 0.00 0.00 0.00 0.00 0.00 0.00
motor 0.00 0 0.00 1798 303 1816 320 0.00 0.00 0.00 0.00 0.00 0.00 0.00
motor 0.00 0 0.00 1810 301 1831 319 0.00 0.00 0.00 0.00 0.00 0.00 0.00
motor 0.00 0 0.00 1825 298 1847 314 0.00 0.00 0.00 0.00 0.00 0.00 0.00
car 0.00 0 0.00 1121 64 1152 79 0.00 0.00 0.00 0.00 0.00 0.00 0.00
van 0.00 0 0.00 1150 80 1179 102 0.00 0.00 0.00 0.00 0.00 0.00 0.00
truck 0.00 0 0.00 1167 39 1222 72 0.00 0.00 0.00 0.00 0.00 0.00 0.00
tricycle 0.00 0 0.00 1360 281 1387 296 0.00 0.00 0.00 0.00 0.00 0.00 0.00
motor 0.00 0 0.00 1325 277 1342 291 0.00 0.00 0.00 0.00 0.00 0.00 0.00
motor 0.00 0 0.00 1396 300 1411 314 0.00 0.00 0.00 0.00 0.00 0.00 0.00
motor 0.00 0 0.00 1423 336 1447 354 0.00 0.00 0.00 0.00 0.00 0.00 0.00
motor 0.00 0 0.00 1428 317 1447 330 0.00 0.00 0.00 0.00 0.00 0.00 0.00
pedestrian 0.00 0 0.00 1438 319 1449 336 0.00 0.00 0.00 0.00 0.00 0.00 0.00
car 0.00 0 0.00 1354 316 1404 345 0.00 0.00 0.00 0.00 0.00 0.00 0.00
car 0.00 0 0.00 1397 366 1447 393 0.00 0.00 0.00 0.00 0.00 0.00 0.00
awning-tricycle 0.00 0 0.00 1507 348 1538 372 0.00 0.00 0.00 0.00 0.00 0.00 0.00
motor 0.00 0 0.00 1490 344 1518 367 0.00 0.00 0.00 0.00 0.00 0.00 0.00
tricycle 0.00 0 0.00 1458 320 1496 346 0.00 0.00 0.00 0.00 0.00 0.00 0.00
tricycle 0.00 0 0.00 1502 301 1534 320 0.00 0.00 0.00 0.00 0.00 0.00 0.00
van 0.00 0 0.00 1309 261 1338 285 0.00 0.00 0.00 0.00 0.00 0.00 0.00
motor 0.00 0 0.00 1529 397 1548 413 0.00 0.00 0.00 0.00 0.00 0.00 0.00
motor 0.00 0 0.00 1524 390 1542 408 0.00 0.00 0.00 0.00 0.00 0.00 0.00
motor 0.00 0 0.00 1495 380 1513 397 0.00 0.00 0.00 0.00 0.00 0.00 0.00
motor 0.00 0 0.00 1504 385 1527 401 0.00 0.00 0.00 0.00 0.00 0.00 0.00
motor 0.00 0 0.00 1887 360 1898 380 0.00 0.00 0.00 0.00 0.00 0.00 0.00
motor 0.00 0 0.00 1875 364 1890 384 0.00 0.00 0.00 0.00 0.00 0.00 0.00
motor 0.00 0 0.00 1861 365 1875 387 0.00 0.00 0.00 0.00 0.00 0.00 0.00
motor 0.00 0 0.00 1833 350 1845 374 0.00 0.00 0.00 0.00 0.00 0.00 0.00
motor 0.00 0 0.00 1843 348 1855 370 0.00 0.00 0.00 0.00 0.00 0.00 0.00
motor 0.00 0 0.00 1848 345 1863 362 0.00 0.00 0.00 0.00 0.00 0.00 0.00
awning-tricycle 0.00 0 0.00 1849 332 1886 363 0.00 0.00 0.00 0.00 0.00 0.00 0.00
pedestrian 0.00 0 0.00 1903 301 1915 318 0.00 0.00 0.00 0.00 0.00 0.00 0.00
car 0.00 0 0.00 1304 446 1358 487 0.00 0.00 0.00 0.00 0.00 0.00 0.00
car 0.00 0 0.00 1285 412 1313 449 0.00 0.00 0.00 0.00 0.00 0.00 0.00
pedestrian 0.00 0 0.00 1316 343 1328 365 0.00 0.00 0.00 0.00 0.00 0.00 0.00
