van 0.00 0 0.00 556 618 580 645 0.00 0.00 0.00 0.00 0.00 0.00 0.00
bus 0.00 0 0.00 0 535 16 553 0.00 0.00 0.00 0.00 0.00 0.00 0.00
truck 0.00 0 0.00 25 466 64 482 0.00 0.00 0.00 0.00 0.00 0.00 0.00
truck 0.00 0 0.00 83 425 105 452 0.00 0.00 0.00 0.00 0.00 0.00 0.00
truck 0.00 0 0.00 107 381 126 406 0.00 0.00 0.00 0.00 0.00 0.00 0.00
truck 0.00 0 0.00 157 389 194 408 0.00 0.00 0.00 0.00 0.00 0.00 0.00
truck 0.00 0 0.00 155 397 190 416 0.00 0.00 0.00 0.00 0.00 0.00 0.00
van 0.00 0 0.00 30 405 57 416 0.00 0.00 0.00 0.00 0.00 0.00 0.00
truck 0.00 0 0.00 78 402 111 417 0.00 0.00 0.00 0.00 0.00 0.00 0.00
car 0.00 0 0.00 74 433 89 447 0.00 0.00 0.00 0.00 0.00 0.00 0.00
car 0.00 0 0.00 72 452 86 468 0.00 0.00 0.00 0.00 0.00 0.00 0.00
van 0.00 0 0.00 91 445 109 466 0.00 0.00 0.00 0.00 0.00 0.00 0.00
car 0.00 0 0.00 104 430 121 445 0.00 0.00 0.00 0.00 0.00 0.00 0.00
car 0.00 0 0.00 110 448 126 467 0.00 0.00 0.00 0.00 0.00 0.00 0.00
van 0.00 0 0.00 144 431 161 448 0.00 0.00 0.00 0.00 0.00 0.00 0.00
van 0.00 0 0.00 132 427 150 447 0.00 0.00 0.00 0.00 0.00 0.00 0.00
van 0.00 0 0.00 118 427 138 445 0.00 0.00 0.00 0.00 0.00 0.00 0.00
van 0.00 0 0.00 128 400 153 413 0.00 0.00 0.00 0.00 0.00 0.00 0.00
pedestrian 0.00 0 0.00 444 196 446 204 0.00 0.00 0.00 0.00 0.00 0.00 0.00
people 0.00 0 0.00 455 191 459 196 0.00 0.00 0.00 0.00 0.00 0.00 0.00
van 0.00 0 0.00 519 234 531 248 0.00 0.00 0.00 0.00 0.00 0.00 0.00
van 0.00 0 0.00 521 243 538 255 0.00 0.00 0.00 0.00 0.00 0.00 0.00
van 0.00 0 0.00 524 248 542 259 0.00 0.00 0.00 0.00 0.00 0.00 0.00
van 0.00 0 0.00 529 251 545 263 0.00 0.00 0.00 0.00 0.00 0.00 0.00
van 0.00 0 0.00 531 255 550 266 0.00 0.00 0.00 0.00 0.00 0.00 0.00
van 0.00 0 0.00 532 259 552 272 0.00 0.00 0.00 0.00 0.00 0.00 0.00
van 0.00 0 0.00 537 263 556 275 0.00 0.00 0.00 0.00 0.00 0.00 0.00
van 0.00 0 0.00 542 267 559 280 0.00 0.00 0.00 0.00 0.00 0.00 0.00
van 0.00 0 0.00 545 271 563 284 0.00 0.00 0.00 0.00 0.00 0.00 0.00
van 0.00 0 0.00 548 277 566 289 0.00 0.00 0.00 0.00 0.00 0.00 0.00
van 0.00 0 0.00 552 279 572 292 0.00 0.00 0.00 0.00 0.00 0.00 0.00
car 0.00 0 0.00 560 290 580 301 0.00 0.00 0.00 0.00 0.00 0.00 0.00
van 0.00 0 0.00 565 293 584 305 0.00 0.00 0.00 0.00 0.00 0.00 0.00
bus 0.00 0 0.00 603 335 625 352 0.00 0.00 0.00 0.00 0.00 0.00 0.00
van 0.00 0 0.00 475 243 493 256 0.00 0.00 0.00 0.00 0.00 0.00 0.00
bus 0.00 0 0.00 466 245 488 261 0.00 0.00 0.00 0.00 0.00 0.00 0.00
bus 0.00 0 0.00 450 253 474 270 0.00 0.00 0.00 0.00 0.00 0.00 0.00
bus 0.00 0 0.00 444 258 464 274 0.00 0.00 0.00 0.00 0.00 0.00 0.00
bus 0.00 0 0.00 429 268 451 284 0.00 0.00 0.00 0.00 0.00 0.00 0.00
bus 0.00 0 0.00 414 277 436 294 0.00 0.00 0.00 0.00 0.00 0.00 0.00
bus 0.00 0 0.00 399 288 423 304 0.00 0.00 0.00 0.00 0.00 0.00 0.00
bus 0.00 0 0.00 391 292 414 308 0.00 0.00 0.00 0.00 0.00 0.00 0.00
bus 0.00 0 0.00 380 297 403 314 0.00 0.00 0.00 0.00 0.00 0.00 0.00
bus 0.00 0 0.00 371 304 395 319 0.00 0.00 0.00 0.00 0.00 0.00 0.00
bus 0.00 0 0.00 366 311 420 339 0.00 0.00 0.00 0.00 0.00 0.00 0.00
bus 0.00 0 0.00 393 345 449 377 0.00 0.00 0.00 0.00 0.00 0.00 0.00
bus 0.00 0 0.00 432 392 482 424 0.00 0.00 0.00 0.00 0.00 0.00 0.00
bus 0.00 0 0.00 450 419 499 448 0.00 0.00 0.00 0.00 0.00 0.00 0.00
bus 0.00 0 0.00 478 441 514 476 0.00 0.00 0.00 0.00 0.00 0.00 0.00
bus 0.00 0 0.00 358 529 433 555 0.00 0.00 0.00 0.00 0.00 0.00 0.00
car 0.00 0 0.00 320 501 331 519 0.00 0.00 0.00 0.00 0.00 0.00 0.00
pedestrian 0.00 0 0.00 357 573 361 581 0.00 0.00 0.00 0.00 0.00 0.00 0.00
pedestrian 0.00 0 0.00 361 575 364 583 0.00 0.00 0.00 0.00 0.00 0.00 0.00
pedestrian 0.00 0 0.00 301 591 305 600 0.00 0.00 0.00 0.00 0.00 0.00 0.00
pedestrian 0.00 0 0.00 302 593 305 601 0.00 0.00 0.00 0.00 0.00 0.00 0.00
truck 0.00 0 0.00 459 278 485 301 0.00 0.00 0.00 0.00 0.00 0.00 0.00
truck 0.00 0 0.00 469 289 494 311 0.00 0.00 0.00 0.00 0.00 0.00 0.00
truck 0.00 0 0.00 472 294 501 318 0.00 0.00 0.00 0.00 0.00 0.00 0.00
bus 0.00 0 0.00 475 302 505 325 0.00 0.00 0.00 0.00 0.00 0.00 0.00
truck 0.00 0 0.00 485 306 509 327 0.00 0.00 0.00 0.00 0.00 0.00 0.00
truck 0.00 0 0.00 489 311 515 332 0.00 0.00 0.00 0.00 0.00 0.00 0.00
truck 0.00 0 0.00 492 316 520 339 0.00 0.00 0.00 0.00 0.00 0.00 0.00
truck 0.00 0 0.00 499 325 522 343 0.00 0.00 0.00 0.00 0.00 0.00 0.00
bus 0.00 0 0.00 501 330 527 351 0.00 0.00 0.00 0.00 0.00 0.00 0.00
truck 0.00 0 0.00 514 346 543 370 0.00 0.00 0.00 0.00 0.00 0.00 0.00
truck 0.00 0 0.00 520 352 548 377 0.00 0.00 0.00 0.00 0.00 0.00 0.00
truck 0.00 0 0.00 534 368 563 392 0.00 0.00 0.00 0.00 0.00 0.00 0.00
truck 0.00 0 0.00 542 369 576 400 0.00 0.00 0.00 0.00 0.00 0.00 0.00
bus 0.00 0 0.00 552 380 580 405 0.00 0.00 0.00 0.00 0.00 0.00 0.00
bus 0.00 0 0.00 527 360 556 385 0.00 0.00 0.00 0.00 0.00 0.00 0.00
van 0.00 0 0.00 567 358 593 377 0.00 0.00 0.00 0.00 0.00 0.00 0.00
bus 0.00 0 0.00 559 351 585 371 0.00 0.00 0.00 0.00 0.00 0.00 0.00
bus 0.00 0 0.00 551 345 578 364 0.00 0.00 0.00 0.00 0.00 0.00 0.00
bus 0.00 0 0.00 547 339 572 359 0.00 0.00 0.00 0.00 0.00 0.00 0.00
bus 0.00 0 0.00 482 274 507 292 0.00 0.00 0.00 0.00 0.00 0.00 0.00
bus 0.00 0 0.00 486 278 511 295 0.00 0.00 0.00 0.00 0.00 0.00 0.00
bus 0.00 0 0.00 493 283 518 299 0.00 0.00 0.00 0.00 0.00 0.00 0.00
bus 0.00 0 0.00 499 285 523 305 0.00 0.00 0.00 0.00 0.00 0.00 0.00
bus 0.00 0 0.00 504 289 529 309 0.00 0.00 0.00 0.00 0.00 0.00 0.00
bus 0.00 0 0.00 513 301 541 318 0.00 0.00 0.00 0.00 0.00 0.00 0.00
bus 0.00 0 0.00 518 306 543 324 0.00 0.00 0.00 0.00 0.00 0.00 0.00
bus 0.00 0 0.00 524 318 548 337 0.00 0.00 0.00 0.00 0.00 0.00 0.00
bus 0.00 0 0.00 532 321 557 340 0.00 0.00 0.00 0.00 0.00 0.00 0.00
bus 0.00 0 0.00 537 327 561 347 0.00 0.00 0.00 0.00 0.00 0.00 0.00
bus 0.00 0 0.00 540 335 565 354 0.00 0.00 0.00 0.00 0.00 0.00 0.00
