car 0.00 0 0.00 507 997 553 1050 0.00 0.00 0.00 0.00 0.00 0.00 0.00
motor 0.00 0 0.00 511 880 520 917 0.00 0.00 0.00 0.00 0.00 0.00 0.00
people 0.00 0 0.00 509 889 520 902 0.00 0.00 0.00 0.00 0.00 0.00 0.00
people 0.00 0 0.00 510 882 520 898 0.00 0.00 0.00 0.00 0.00 0.00 0.00
pedestrian 0.00 0 0.00 483 861 494 881 0.00 0.00 0.00 0.00 0.00 0.00 0.00
pedestrian 0.00 0 0.00 488 845 496 864 0.00 0.00 0.00 0.00 0.00 0.00 0.00
pedestrian 0.00 0 0.00 597 449 602 461 0.00 0.00 0.00 0.00 0.00 0.00 0.00
pedestrian 0.00 0 0.00 616 288 619 295 0.00 0.00 0.00 0.00 0.00 0.00 0.00
people 0.00 0 0.00 636 419 643 429 0.00 0.00 0.00 0.00 0.00 0.00 0.00
motor 0.00 0 0.00 636 424 643 435 0.00 0.00 0.00 0.00 0.00 0.00 0.00
car 0.00 0 0.00 654 403 670 426 0.00 0.00 0.00 0.00 0.00 0.00 0.00
car 0.00 0 0.00 635 169 641 176 0.00 0.00 0.00 0.00 0.00 0.00 0.00
car 0.00 0 0.00 637 200 643 209 0.00 0.00 0.00 0.00 0.00 0.00 0.00
pedestrian 0.00 0 0.00 618 267 621 274 0.00 0.00 0.00 0.00 0.00 0.00 0.00
truck 0.00 0 0.00 623 193 631 206 0.00 0.00 0.00 0.00 0.00 0.00 0.00
truck 0.00 0 0.00 573 189 587 207 0.00 0.00 0.00 0.00 0.00 0.00 0.00
bus 0.00 0 0.00 417 213 530 253 0.00 0.00 0.00 0.00 0.00 0.00 0.00
bus 0.00 0 0.00 329 212 390 236 0.00 0.00 0.00 0.00 0.00 0.00 0.00
car 0.00 0 0.00 547 188 560 194 0.00 0.00 0.00 0.00 0.00 0.00 0.00
car 0.00 0 0.00 523 175 533 182 0.00 0.00 0.00 0.00 0.00 0.00 0.00
van 0.00 0 0.00 553 181 569 189 0.00 0.00 0.00 0.00 0.00 0.00 0.00
van 0.00 0 0.00 557 178 569 186 0.00 0.00 0.00 0.00 0.00 0.00 0.00
van 0.00 0 0.00 517 164 529 170 0.00 0.00 0.00 0.00 0.00 0.00 0.00
van 0.00 0 0.00 637 119 642 124 0.00 0.00 0.00 0.00 0.00 0.00 0.00
truck 0.00 0 0.00 536 161 566 169 0.00 0.00 0.00 0.00 0.00 0.00 0.00
truck 0.00 0 0.00 969 293 994 304 0.00 0.00 0.00 0.00 0.00 0.00 0.00
car 0.00 0 0.00 866 244 889 252 0.00 0.00 0.00 0.00 0.00 0.00 0.00
car 0.00 0 0.00 892 239 901 249 0.00 0.00 0.00 0.00 0.00 0.00 0.00
car 0.00 0 0.00 922 227 930 235 0.00 0.00 0.00 0.00 0.00 0.00 0.00
car 0.00 0 0.00 932 226 943 235 0.00 0.00 0.00 0.00 0.00 0.00 0.00
