pedestrian 0.00 0 0.00 714 611 723 628 0.00 0.00 0.00 0.00 0.00 0.00 0.00
pedestrian 0.00 0 0.00 739 598 750 614 0.00 0.00 0.00 0.00 0.00 0.00 0.00
bus 0.00 0 0.00 673 454 778 579 0.00 0.00 0.00 0.00 0.00 0.00 0.00
bus 0.00 0 0.00 529 494 661 615 0.00 0.00 0.00 0.00 0.00 0.00 0.00
bus 0.00 0 0.00 304 479 410 595 0.00 0.00 0.00 0.00 0.00 0.00 0.00
bus 0.00 0 0.00 231 350 322 447 0.00 0.00 0.00 0.00 0.00 0.00 0.00
bus 0.00 0 0.00 185 277 261 358 0.00 0.00 0.00 0.00 0.00 0.00 0.00
bus 0.00 0 0.00 305 252 370 327 0.00 0.00 0.00 0.00 0.00 0.00 0.00
bus 0.00 0 0.00 765 171 867 233 0.00 0.00 0.00 0.00 0.00 0.00 0.00
car 0.00 0 0.00 900 304 931 334 0.00 0.00 0.00 0.00 0.00 0.00 0.00
car 0.00 0 0.00 958 401 1004 437 0.00 0.00 0.00 0.00 0.00 0.00 0.00
car 0.00 0 0.00 998 442 1047 483 0.00 0.00 0.00 0.00 0.00 0.00 0.00
car 0.00 0 0.00 1050 484 1105 528 0.00 0.00 0.00 0.00 0.00 0.00 0.00
bus 0.00 0 0.00 1079 363 1154 434 0.00 0.00 0.00 0.00 0.00 0.00 0.00
motor 0.00 0 0.00 937 103 947 117 0.00 0.00 0.00 0.00 0.00 0.00 0.00
car 0.00 0 0.00 1060 105 1079 126 0.00 0.00 0.00 0.00 0.00 0.00 0.00
car 0.00 0 0.00 1077 83 1093 102 0.00 0.00 0.00 0.00 0.00 0.00 0.00
