car 0.00 0 0.00 943 712 1299 1015 0.00 0.00 0.00 0.00 0.00 0.00 0.00
car 0.00 0 0.00 118 663 569 882 0.00 0.00 0.00 0.00 0.00 0.00 0.00
car 0.00 0 0.00 779 551 990 659 0.00 0.00 0.00 0.00 0.00 0.00 0.00
car 0.00 0 0.00 126 544 247 659 0.00 0.00 0.00 0.00 0.00 0.00 0.00
car 0.00 0 0.00 179 515 273 594 0.00 0.00 0.00 0.00 0.00 0.00 0.00
car 0.00 0 0.00 221 485 301 540 0.00 0.00 0.00 0.00 0.00 0.00 0.00
car 0.00 0 0.00 236 466 308 522 0.00 0.00 0.00 0.00 0.00 0.00 0.00
car 0.00 0 0.00 252 455 313 495 0.00 0.00 0.00 0.00 0.00 0.00 0.00
car 0.00 0 0.00 159 443 224 490 0.00 0.00 0.00 0.00 0.00 0.00 0.00
car 0.00 0 0.00 261 432 339 469 0.00 0.00 0.00 0.00 0.00 0.00 0.00
car 0.00 0 0.00 264 398 315 420 0.00 0.00 0.00 0.00 0.00 0.00 0.00
car 0.00 0 0.00 676 528 861 627 0.00 0.00 0.00 0.00 0.00 0.00 0.00
car 0.00 0 0.00 614 490 788 562 0.00 0.00 0.00 0.00 0.00 0.00 0.00
car 0.00 0 0.00 584 485 725 547 0.00 0.00 0.00 0.00 0.00 0.00 0.00
car 0.00 0 0.00 557 467 696 517 0.00 0.00 0.00 0.00 0.00 0.00 0.00
car 0.00 0 0.00 552 460 696 517 0.00 0.00 0.00 0.00 0.00 0.00 0.00
car 0.00 0 0.00 540 447 665 505 0.00 0.00 0.00 0.00 0.00 0.00 0.00
van 0.00 0 0.00 509 418 635 484 0.00 0.00 0.00 0.00 0.00 0.00 0.00
car 0.00 0 0.00 483 421 535 449 0.00 0.00 0.00 0.00 0.00 0.00 0.00
car 0.00 0 0.00 459 411 513 438 0.00 0.00 0.00 0.00 0.00 0.00 0.00
car 0.00 0 0.00 0 595 154 740 0.00 0.00 0.00 0.00 0.00 0.00 0.00
car 0.00 0 0.00 874 634 1206 790 0.00 0.00 0.00 0.00 0.00 0.00 0.00
