car 0.00 0 0.00 108 381 224 478 0.00 0.00 0.00 0.00 0.00 0.00 0.00
car 0.00 0 0.00 0 568 104 696 0.00 0.00 0.00 0.00 0.00 0.00 0.00
car 0.00 0 0.00 3 479 119 579 0.00 0.00 0.00 0.00 0.00 0.00 0.00
motor 0.00 0 0.00 199 501 248 550 0.00 0.00 0.00 0.00 0.00 0.00 0.00
motor 0.00 0 0.00 301 425 333 456 0.00 0.00 0.00 0.00 0.00 0.00 0.00
people 0.00 0 0.00 211 481 233 514 0.00 0.00 0.00 0.00 0.00 0.00 0.00
people 0.00 0 0.00 298 401 324 432 0.00 0.00 0.00 0.00 0.00 0.00 0.00
car 0.00 0 0.00 227 323 308 383 0.00 0.00 0.00 0.00 0.00 0.00 0.00
car 0.00 0 0.00 304 262 383 322 0.00 0.00 0.00 0.00 0.00 0.00 0.00
car 0.00 0 0.00 426 257 494 317 0.00 0.00 0.00 0.00 0.00 0.00 0.00
car 0.00 0 0.00 369 224 420 270 0.00 0.00 0.00 0.00 0.00 0.00 0.00
car 0.00 0 0.00 434 201 495 246 0.00 0.00 0.00 0.00 0.00 0.00 0.00
pedestrian 0.00 0 0.00 342 192 361 222 0.00 0.00 0.00 0.00 0.00 0.00 0.00
pedestrian 0.00 0 0.00 389 183 407 211 0.00 0.00 0.00 0.00 0.00 0.00 0.00
car 0.00 0 0.00 327 172 393 199 0.00 0.00 0.00 0.00 0.00 0.00 0.00
car 0.00 0 0.00 356 149 415 184 0.00 0.00 0.00 0.00 0.00 0.00 0.00
awning-tricycle 0.00 0 0.00 572 201 607 242 0.00 0.00 0.00 0.00 0.00 0.00 0.00
car 0.00 0 0.00 533 311 599 376 0.00 0.00 0.00 0.00 0.00 0.00 0.00
car 0.00 0 0.00 445 174 496 212 0.00 0.00 0.00 0.00 0.00 0.00 0.00
car 0.00 0 0.00 485 152 522 187 0.00 0.00 0.00 0.00 0.00 0.00 0.00
car 0.00 0 0.00 517 130 551 165 0.00 0.00 0.00 0.00 0.00 0.00 0.00
car 0.00 0 0.00 544 116 572 142 0.00 0.00 0.00 0.00 0.00 0.00 0.00
bus 0.00 0 0.00 595 90 656 170 0.00 0.00 0.00 0.00 0.00 0.00 0.00
truck 0.00 0 0.00 567 76 606 128 0.00 0.00 0.00 0.00 0.00 0.00 0.00
pedestrian 0.00 0 0.00 421 168 435 197 0.00 0.00 0.00 0.00 0.00 0.00 0.00
pedestrian 0.00 0 0.00 490 121 500 141 0.00 0.00 0.00 0.00 0.00 0.00 0.00
pedestrian 0.00 0 0.00 507 116 519 140 0.00 0.00 0.00 0.00 0.00 0.00 0.00
pedestrian 0.00 0 0.00 519 104 528 131 0.00 0.00 0.00 0.00 0.00 0.00 0.00
car 0.00 0 0.00 474 95 536 110 0.00 0.00 0.00 0.00 0.00 0.00 0.00
car 0.00 0 0.00 604 76 624 95 0.00 0.00 0.00 0.00 0.00 0.00 0.00
car 0.00 0 0.00 592 49 618 70 0.00 0.00 0.00 0.00 0.00 0.00 0.00
car 0.00 0 0.00 639 52 660 79 0.00 0.00 0.00 0.00 0.00 0.00 0.00
car 0.00 0 0.00 651 34 672 58 0.00 0.00 0.00 0.00 0.00 0.00 0.00
pedestrian 0.00 0 0.00 651 72 659 90 0.00 0.00 0.00 0.00 0.00 0.00 0.00
pedestrian 0.00 0 0.00 656 52 667 70 0.00 0.00 0.00 0.00 0.00 0.00 0.00
pedestrian 0.00 0 0.00 673 24 688 39 0.00 0.00 0.00 0.00 0.00 0.00 0.00
pedestrian 0.00 0 0.00 684 16 704 31 0.00 0.00 0.00 0.00 0.00 0.00 0.00
car 0.00 0 0.00 710 50 734 77 0.00 0.00 0.00 0.00 0.00 0.00 0.00
car 0.00 0 0.00 745 47 765 68 0.00 0.00 0.00 0.00 0.00 0.00 0.00
car 0.00 0 0.00 796 54 815 76 0.00 0.00 0.00 0.00 0.00 0.00 0.00
car 0.00 0 0.00 716 95 738 113 0.00 0.00 0.00 0.00 0.00 0.00 0.00
car 0.00 0 0.00 781 92 802 112 0.00 0.00 0.00 0.00 0.00 0.00 0.00
car 0.00 0 0.00 715 123 738 151 0.00 0.00 0.00 0.00 0.00 0.00 0.00
pedestrian 0.00 0 0.00 692 161 707 192 0.00 0.00 0.00 0.00 0.00 0.00 0.00
car 0.00 0 0.00 763 152 798 188 0.00 0.00 0.00 0.00 0.00 0.00 0.00
truck 0.00 0 0.00 648 232 717 317 0.00 0.00 0.00 0.00 0.00 0.00 0.00
car 0.00 0 0.00 733 221 771 272 0.00 0.00 0.00 0.00 0.00 0.00 0.00
car 0.00 0 0.00 767 254 815 299 0.00 0.00 0.00 0.00 0.00 0.00 0.00
car 0.00 0 0.00 782 210 818 253 0.00 0.00 0.00 0.00 0.00 0.00 0.00
car 0.00 0 0.00 689 323 744 384 0.00 0.00 0.00 0.00 0.00 0.00 0.00
car 0.00 0 0.00 779 339 832 401 0.00 0.00 0.00 0.00 0.00 0.00 0.00
car 0.00 0 0.00 797 179 831 216 0.00 0.00 0.00 0.00 0.00 0.00 0.00
car 0.00 0 0.00 809 101 832 117 0.00 0.00 0.00 0.00 0.00 0.00 0.00
car 0.00 0 0.00 810 111 839 133 0.00 0.00 0.00 0.00 0.00 0.00 0.00
car 0.00 0 0.00 807 124 829 141 0.00 0.00 0.00 0.00 0.00 0.00 0.00
car 0.00 0 0.00 807 139 873 165 0.00 0.00 0.00 0.00 0.00 0.00 0.00
car 0.00 0 0.00 798 182 828 218 0.00 0.00 0.00 0.00 0.00 0.00 0.00
bicycle 0.00 0 0.00 892 156 916 179 0.00 0.00 0.00 0.00 0.00 0.00 0.00
van 0.00 0 0.00 849 272 931 312 0.00 0.00 0.00 0.00 0.00 0.00 0.00
car 0.00 0 0.00 850 299 950 340 0.00 0.00 0.00 0.00 0.00 0.00 0.00
car 0.00 0 0.00 843 320 962 372 0.00 0.00 0.00 0.00 0.00 0.00 0.00
pedestrian 0.00 0 0.00 876 138 882 163 0.00 0.00 0.00 0.00 0.00 0.00 0.00
pedestrian 0.00 0 0.00 865 193 877 222 0.00 0.00 0.00 0.00 0.00 0.00 0.00
pedestrian 0.00 0 0.00 883 165 892 187 0.00 0.00 0.00 0.00 0.00 0.00 0.00
pedestrian 0.00 0 0.00 915 155 922 178 0.00 0.00 0.00 0.00 0.00 0.00 0.00
pedestrian 0.00 0 0.00 911 134 920 157 0.00 0.00 0.00 0.00 0.00 0.00 0.00
motor 0.00 0 0.00 905 232 945 261 0.00 0.00 0.00 0.00 0.00 0.00 0.00
motor 0.00 0 0.00 894 253 938 276 0.00 0.00 0.00 0.00 0.00 0.00 0.00
car 0.00 0 0.00 839 387 965 466 0.00 0.00 0.00 0.00 0.00 0.00 0.00
pedestrian 0.00 0 0.00 962 409 986 457 0.00 0.00 0.00 0.00 0.00 0.00 0.00
car 0.00 0 0.00 620 378 684 444 0.00 0.00 0.00 0.00 0.00 0.00 0.00
car 0.00 0 0.00 667 433 738 521 0.00 0.00 0.00 0.00 0.00 0.00 0.00
car 0.00 0 0.00 826 529 901 646 0.00 0.00 0.00 0.00 0.00 0.00 0.00
bicycle 0.00 0 0.00 957 540 1018 580 0.00 0.00 0.00 0.00 0.00 0.00 0.00
motor 0.00 0 0.00 977 589 1014 656 0.00 0.00 0.00 0.00 0.00 0.00 0.00
motor 0.00 0 0.00 993 574 1035 629 0.00 0.00 0.00 0.00 0.00 0.00 0.00
pedestrian 0.00 0 0.00 934 617 954 683 0.00 0.00 0.00 0.00 0.00 0.00 0.00
pedestrian 0.00 0 0.00 909 615 930 682 0.00 0.00 0.00 0.00 0.00 0.00 0.00
car 0.00 0 0.00 554 648 693 840 0.00 0.00 0.00 0.00 0.00 0.00 0.00
bicycle 0.00 0 0.00 827 696 894 738 0.00 0.00 0.00 0.00 0.00 0.00 0.00
car 0.00 0 0.00 685 733 795 955 0.00 0.00 0.00 0.00 0.00 0.00 0.00
car 0.00 0 0.00 494 902 635 1049 0.00 0.00 0.00 0.00 0.00 0.00 0.00
motor 0.00 0 0.00 986 574 1034 631 0.00 0.00 0.00 0.00 0.00 0.00 0.00
people 0.00 0 0.00 543 429 570 472 0.00 0.00 0.00 0.00 0.00 0.00 0.00
motor 0.00 0 0.00 543 442 572 488 0.00 0.00 0.00 0.00 0.00 0.00 0.00
