van 0.00 0 0.00 343 384 378 435 0.00 0.00 0.00 0.00 0.00 0.00 0.00
car 0.00 0 0.00 397 390 435 436 0.00 0.00 0.00 0.00 0.00 0.00 0.00
car 0.00 0 0.00 141 565 195 621 0.00 0.00 0.00 0.00 0.00 0.00 0.00
car 0.00 0 0.00 1 623 65 661 0.00 0.00 0.00 0.00 0.00 0.00 0.00
car 0.00 0 0.00 58 522 111 551 0.00 0.00 0.00 0.00 0.00 0.00 0.00
van 0.00 0 0.00 68 405 108 455 0.00 0.00 0.00 0.00 0.00 0.00 0.00
car 0.00 0 0.00 50 370 74 390 0.00 0.00 0.00 0.00 0.00 0.00 0.00
car 0.00 0 0.00 63 384 89 408 0.00 0.00 0.00 0.00 0.00 0.00 0.00
car 0.00 0 0.00 31 335 58 359 0.00 0.00 0.00 0.00 0.00 0.00 0.00
van 0.00 0 0.00 640 526 685 570 0.00 0.00 0.00 0.00 0.00 0.00 0.00
motor 0.00 0 0.00 499 414 513 436 0.00 0.00 0.00 0.00 0.00 0.00 0.00
car 0.00 0 0.00 158 276 185 297 0.00 0.00 0.00 0.00 0.00 0.00 0.00
car 0.00 0 0.00 153 209 176 228 0.00 0.00 0.00 0.00 0.00 0.00 0.00
car 0.00 0 0.00 254 237 281 259 0.00 0.00 0.00 0.00 0.00 0.00 0.00
car 0.00 0 0.00 95 166 112 178 0.00 0.00 0.00 0.00 0.00 0.00 0.00
van 0.00 0 0.00 183 158 212 182 0.00 0.00 0.00 0.00 0.00 0.00 0.00
van 0.00 0 0.00 147 165 167 181 0.00 0.00 0.00 0.00 0.00 0.00 0.00
van 0.00 0 0.00 114 141 133 156 0.00 0.00 0.00 0.00 0.00 0.00 0.00
car 0.00 0 0.00 61 140 77 151 0.00 0.00 0.00 0.00 0.00 0.00 0.00
car 0.00 0 0.00 28 132 43 143 0.00 0.00 0.00 0.00 0.00 0.00 0.00
car 0.00 0 0.00 38 122 51 132 0.00 0.00 0.00 0.00 0.00 0.00 0.00
car 0.00 0 0.00 106 128 120 140 0.00 0.00 0.00 0.00 0.00 0.00 0.00
car 0.00 0 0.00 101 116 115 129 0.00 0.00 0.00 0.00 0.00 0.00 0.00
car 0.00 0 0.00 77 117 88 129 0.00 0.00 0.00 0.00 0.00 0.00 0.00
car 0.00 0 0.00 63 112 75 122 0.00 0.00 0.00 0.00 0.00 0.00 0.00
car 0.00 0 0.00 77 103 91 114 0.00 0.00 0.00 0.00 0.00 0.00 0.00
car 0.00 0 0.00 5 286 22 301 0.00 0.00 0.00 0.00 0.00 0.00 0.00
car 0.00 0 0.00 584 292 614 307 0.00 0.00 0.00 0.00 0.00 0.00 0.00
car 0.00 0 0.00 544 240 562 258 0.00 0.00 0.00 0.00 0.00 0.00 0.00
car 0.00 0 0.00 468 219 487 235 0.00 0.00 0.00 0.00 0.00 0.00 0.00
car 0.00 0 0.00 577 249 613 268 0.00 0.00 0.00 0.00 0.00 0.00 0.00
car 0.00 0 0.00 590 238 623 250 0.00 0.00 0.00 0.00 0.00 0.00 0.00
car 0.00 0 0.00 608 221 634 233 0.00 0.00 0.00 0.00 0.00 0.00 0.00
car 0.00 0 0.00 639 231 670 242 0.00 0.00 0.00 0.00 0.00 0.00 0.00
car 0.00 0 0.00 702 203 724 217 0.00 0.00 0.00 0.00 0.00 0.00 0.00
car 0.00 0 0.00 0 311 15 331 0.00 0.00 0.00 0.00 0.00 0.00 0.00
car 0.00 0 0.00 618 209 635 219 0.00 0.00 0.00 0.00 0.00 0.00 0.00
car 0.00 0 0.00 584 245 618 264 0.00 0.00 0.00 0.00 0.00 0.00 0.00
car 0.00 0 0.00 733 212 761 231 0.00 0.00 0.00 0.00 0.00 0.00 0.00
car 0.00 0 0.00 728 211 751 227 0.00 0.00 0.00 0.00 0.00 0.00 0.00
car 0.00 0 0.00 765 210 793 228 0.00 0.00 0.00 0.00 0.00 0.00 0.00
car 0.00 0 0.00 751 205 769 221 0.00 0.00 0.00 0.00 0.00 0.00 0.00
car 0.00 0 0.00 740 202 759 218 0.00 0.00 0.00 0.00 0.00 0.00 0.00
car 0.00 0 0.00 728 200 752 216 0.00 0.00 0.00 0.00 0.00 0.00 0.00
car 0.00 0 0.00 706 193 735 210 0.00 0.00 0.00 0.00 0.00 0.00 0.00
car 0.00 0 0.00 58 105 69 113 0.00 0.00 0.00 0.00 0.00 0.00 0.00
car 0.00 0 0.00 68 97 79 106 0.00 0.00 0.00 0.00 0.00 0.00 0.00
car 0.00 0 0.00 19 93 29 102 0.00 0.00 0.00 0.00 0.00 0.00 0.00
car 0.00 0 0.00 19 88 27 96 0.00 0.00 0.00 0.00 0.00 0.00 0.00
truck 0.00 0 0.00 0 82 11 99 0.00 0.00 0.00 0.00 0.00 0.00 0.00
