truck 0.00 0 0.00 352 324 392 351 0.00 0.00 0.00 0.00 0.00 0.00 0.00
truck 0.00 0 0.00 370 308 404 330 0.00 0.00 0.00 0.00 0.00 0.00 0.00
car 0.00 0 0.00 425 425 461 442 0.00 0.00 0.00 0.00 0.00 0.00 0.00
car 0.00 0 0.00 421 449 462 468 0.00 0.00 0.00 0.00 0.00 0.00 0.00
car 0.00 0 0.00 720 240 737 282 0.00 0.00 0.00 0.00 0.00 0.00 0.00
car 0.00 0 0.00 633 745 649 787 0.00 0.00 0.00 0.00 0.00 0.00 0.00
car 0.00 0 0.00 625 1018 653 1039 0.00 0.00 0.00 0.00 0.00 0.00 0.00
car 0.00 0 0.00 759 1020 775 1050 0.00 0.00 0.00 0.00 0.00 0.00 0.00
motor 0.00 0 0.00 733 855 741 871 0.00 0.00 0.00 0.00 0.00 0.00 0.00
truck 0.00 0 0.00 758 728 784 810 0.00 0.00 0.00 0.00 0.00 0.00 0.00
bus 0.00 0 0.00 925 933 954 1034 0.00 0.00 0.00 0.00 0.00 0.00 0.00
van 0.00 0 0.00 610 524 643 545 0.00 0.00 0.00 0.00 0.00 0.00 0.00
truck 0.00 0 0.00 745 129 772 224 0.00 0.00 0.00 0.00 0.00 0.00 0.00
car 0.00 0 0.00 574 140 601 180 0.00 0.00 0.00 0.00 0.00 0.00 0.00
motor 0.00 0 0.00 686 26 700 39 0.00 0.00 0.00 0.00 0.00 0.00 0.00
motor 0.00 0 0.00 716 23 725 40 0.00 0.00 0.00 0.00 0.00 0.00 0.00
car 0.00 0 0.00 901 50 922 91 0.00 0.00 0.00 0.00 0.00 0.00 0.00
car 0.00 0 0.00 929 291 946 331 0.00 0.00 0.00 0.00 0.00 0.00 0.00
van 0.00 0 0.00 904 285 920 326 0.00 0.00 0.00 0.00 0.00 0.00 0.00
van 0.00 0 0.00 1034 66 1054 110 0.00 0.00 0.00 0.00 0.00 0.00 0.00
truck 0.00 0 0.00 1013 383 1034 426 0.00 0.00 0.00 0.00 0.00 0.00 0.00
motor 0.00 0 0.00 941 471 951 487 0.00 0.00 0.00 0.00 0.00 0.00 0.00
car 0.00 0 0.00 1150 608 1190 629 0.00 0.00 0.00 0.00 0.00 0.00 0.00
car 0.00 0 0.00 1170 674 1204 692 0.00 0.00 0.00 0.00 0.00 0.00 0.00
car 0.00 0 0.00 1172 701 1211 720 0.00 0.00 0.00 0.00 0.00 0.00 0.00
car 0.00 0 0.00 1176 718 1209 736 0.00 0.00 0.00 0.00 0.00 0.00 0.00
van 0.00 0 0.00 1161 782 1203 800 0.00 0.00 0.00 0.00 0.00 0.00 0.00
car 0.00 0 0.00 1072 852 1095 893 0.00 0.00 0.00 0.00 0.00 0.00 0.00
car 0.00 0 0.00 1233 924 1274 941 0.00 0.00 0.00 0.00 0.00 0.00 0.00
car 0.00 0 0.00 1275 920 1314 941 0.00 0.00 0.00 0.00 0.00 0.00 0.00
car 0.00 0 0.00 1109 857 1126 895 0.00 0.00 0.00 0.00 0.00 0.00 0.00
