car 0.00 0 0.00 864 42 929 101 0.00 0.00 0.00 0.00 0.00 0.00 0.00
car 0.00 0 0.00 1144 83 1205 145 0.00 0.00 0.00 0.00 0.00 0.00 0.00
car 0.00 0 0.00 1005 310 1078 384 0.00 0.00 0.00 0.00 0.00 0.00 0.00
car 0.00 0 0.00 871 360 947 433 0.00 0.00 0.00 0.00 0.00 0.00 0.00
car 0.00 0 0.00 687 531 769 615 0.00 0.00 0.00 0.00 0.00 0.00 0.00
car 0.00 0 0.00 914 417 980 486 0.00 0.00 0.00 0.00 0.00 0.00 0.00
car 0.00 0 0.00 784 526 856 600 0.00 0.00 0.00 0.00 0.00 0.00 0.00
van 0.00 0 0.00 725 265 804 342 0.00 0.00 0.00 0.00 0.00 0.00 0.00
van 0.00 0 0.00 1002 247 1062 304 0.00 0.00 0.00 0.00 0.00 0.00 0.00
van 0.00 0 0.00 1061 169 1136 241 0.00 0.00 0.00 0.00 0.00 0.00 0.00
van 0.00 0 0.00 1111 384 1171 469 0.00 0.00 0.00 0.00 0.00 0.00 0.00
van 0.00 0 0.00 618 17 684 84 0.00 0.00 0.00 0.00 0.00 0.00 0.00
van 0.00 0 0.00 592 721 679 787 0.00 0.00 0.00 0.00 0.00 0.00 0.00
van 0.00 0 0.00 511 716 592 787 0.00 0.00 0.00 0.00 0.00 0.00 0.00
bus 0.00 0 0.00 1100 102 1250 294 0.00 0.00 0.00 0.00 0.00 0.00 0.00
pedestrian 0.00 0 0.00 285 354 301 377 0.00 0.00 0.00 0.00 0.00 0.00 0.00
car 0.00 0 0.00 383 204 457 262 0.00 0.00 0.00 0.00 0.00 0.00 0.00
