pedestrian 0.00 0 0.00 784 1122 798 1150 0.00 0.00 0.00 0.00 0.00 0.00 0.00
pedestrian 0.00 0 0.00 883 1165 894 1193 0.00 0.00 0.00 0.00 0.00 0.00 0.00
pedestrian 0.00 0 0.00 911 1191 924 1222 0.00 0.00 0.00 0.00 0.00 0.00 0.00
pedestrian 0.00 0 0.00 932 1232 944 1263 0.00 0.00 0.00 0.00 0.00 0.00 0.00
pedestrian 0.00 0 0.00 979 1282 989 1313 0.00 0.00 0.00 0.00 0.00 0.00 0.00
pedestrian 0.00 0 0.00 910 1076 919 1102 0.00 0.00 0.00 0.00 0.00 0.00 0.00
people 0.00 0 0.00 979 1139 991 1163 0.00 0.00 0.00 0.00 0.00 0.00 0.00
tricycle 0.00 0 0.00 977 1138 1010 1179 0.00 0.00 0.00 0.00 0.00 0.00 0.00
van 0.00 0 0.00 719 649 773 675 0.00 0.00 0.00 0.00 0.00 0.00 0.00
van 0.00 0 0.00 801 657 850 687 0.00 0.00 0.00 0.00 0.00 0.00 0.00
van 0.00 0 0.00 872 672 926 701 0.00 0.00 0.00 0.00 0.00 0.00 0.00
van 0.00 0 0.00 943 681 1001 712 0.00 0.00 0.00 0.00 0.00 0.00 0.00
people 0.00 0 0.00 962 648 972 662 0.00 0.00 0.00 0.00 0.00 0.00 0.00
bicycle 0.00 0 0.00 957 652 977 667 0.00 0.00 0.00 0.00 0.00 0.00 0.00
bicycle 0.00 0 0.00 671 608 679 623 0.00 0.00 0.00 0.00 0.00 0.00 0.00
bicycle 0.00 0 0.00 677 606 687 621 0.00 0.00 0.00 0.00 0.00 0.00 0.00
bicycle 0.00 0 0.00 701 605 711 618 0.00 0.00 0.00 0.00 0.00 0.00 0.00
bicycle 0.00 0 0.00 711 603 719 618 0.00 0.00 0.00 0.00 0.00 0.00 0.00
people 0.00 0 0.00 839 642 848 657 0.00 0.00 0.00 0.00 0.00 0.00 0.00
people 0.00 0 0.00 838 650 847 667 0.00 0.00 0.00 0.00 0.00 0.00 0.00
tricycle 0.00 0 0.00 819 644 855 661 0.00 0.00 0.00 0.00 0.00 0.00 0.00
bicycle 0.00 0 0.00 836 659 854 671 0.00 0.00 0.00 0.00 0.00 0.00 0.00
pedestrian 0.00 0 0.00 1157 708 1162 727 0.00 0.00 0.00 0.00 0.00 0.00 0.00
van 0.00 0 0.00 1162 718 1226 748 0.00 0.00 0.00 0.00 0.00 0.00 0.00
motor 0.00 0 0.00 1434 646 1441 665 0.00 0.00 0.00 0.00 0.00 0.00 0.00
motor 0.00 0 0.00 1444 651 1454 671 0.00 0.00 0.00 0.00 0.00 0.00 0.00
motor 0.00 0 0.00 1460 663 1470 679 0.00 0.00 0.00 0.00 0.00 0.00 0.00
motor 0.00 0 0.00 1469 665 1482 686 0.00 0.00 0.00 0.00 0.00 0.00 0.00
motor 0.00 0 0.00 1479 674 1493 690 0.00 0.00 0.00 0.00 0.00 0.00 0.00
bicycle 0.00 0 0.00 1494 680 1506 697 0.00 0.00 0.00 0.00 0.00 0.00 0.00
bicycle 0.00 0 0.00 1507 686 1517 701 0.00 0.00 0.00 0.00 0.00 0.00 0.00
motor 0.00 0 0.00 1513 692 1534 704 0.00 0.00 0.00 0.00 0.00 0.00 0.00
bicycle 0.00 0 0.00 1523 698 1534 715 0.00 0.00 0.00 0.00 0.00 0.00 0.00
bicycle 0.00 0 0.00 1536 701 1546 718 0.00 0.00 0.00 0.00 0.00 0.00 0.00
pedestrian 0.00 0 0.00 1559 710 1571 728 0.00 0.00 0.00 0.00 0.00 0.00 0.00
pedestrian 0.00 0 0.00 1577 750 1588 771 0.00 0.00 0.00 0.00 0.00 0.00 0.00
pedestrian 0.00 0 0.00 1580 756 1592 778 0.00 0.00 0.00 0.00 0.00 0.00 0.00
pedestrian 0.00 0 0.00 1600 757 1610 778 0.00 0.00 0.00 0.00 0.00 0.00 0.00
pedestrian 0.00 0 0.00 1597 753 1609 774 0.00 0.00 0.00 0.00 0.00 0.00 0.00
people 0.00 0 0.00 1817 803 1829 820 0.00 0.00 0.00 0.00 0.00 0.00 0.00
tricycle 0.00 0 0.00 1804 803 1860 830 0.00 0.00 0.00 0.00 0.00 0.00 0.00
pedestrian 0.00 0 0.00 1920 922 1940 948 0.00 0.00 0.00 0.00 0.00 0.00 0.00
car 0.00 0 0.00 265 402 298 418 0.00 0.00 0.00 0.00 0.00 0.00 0.00
car 0.00 0 0.00 239 397 274 417 0.00 0.00 0.00 0.00 0.00 0.00 0.00
