car 0.00 0 0.00 529 1314 579 1391 0.00 0.00 0.00 0.00 0.00 0.00 0.00
car 0.00 0 0.00 552 1239 599 1311 0.00 0.00 0.00 0.00 0.00 0.00 0.00
van 0.00 0 0.00 602 1088 650 1159 0.00 0.00 0.00 0.00 0.00 0.00 0.00
car 0.00 0 0.00 628 1036 670 1086 0.00 0.00 0.00 0.00 0.00 0.00 0.00
bus 0.00 0 0.00 765 970 829 1103 0.00 0.00 0.00 0.00 0.00 0.00 0.00
car 0.00 0 0.00 683 942 713 988 0.00 0.00 0.00 0.00 0.00 0.00 0.00
car 0.00 0 0.00 994 1213 1029 1274 0.00 0.00 0.00 0.00 0.00 0.00 0.00
car 0.00 0 0.00 1166 1369 1215 1455 0.00 0.00 0.00 0.00 0.00 0.00 0.00
car 0.00 0 0.00 1147 1202 1182 1266 0.00 0.00 0.00 0.00 0.00 0.00 0.00
car 0.00 0 0.00 1144 1143 1178 1199 0.00 0.00 0.00 0.00 0.00 0.00 0.00
car 0.00 0 0.00 1138 1080 1173 1131 0.00 0.00 0.00 0.00 0.00 0.00 0.00
car 0.00 0 0.00 1129 1022 1164 1072 0.00 0.00 0.00 0.00 0.00 0.00 0.00
van 0.00 0 0.00 1120 961 1149 1006 0.00 0.00 0.00 0.00 0.00 0.00 0.00
car 0.00 0 0.00 1108 921 1142 961 0.00 0.00 0.00 0.00 0.00 0.00 0.00
car 0.00 0 0.00 1097 873 1125 911 0.00 0.00 0.00 0.00 0.00 0.00 0.00
car 0.00 0 0.00 343 600 370 623 0.00 0.00 0.00 0.00 0.00 0.00 0.00
car 0.00 0 0.00 1093 836 1119 868 0.00 0.00 0.00 0.00 0.00 0.00 0.00
car 0.00 0 0.00 1085 799 1110 831 0.00 0.00 0.00 0.00 0.00 0.00 0.00
car 0.00 0 0.00 717 823 740 855 0.00 0.00 0.00 0.00 0.00 0.00 0.00
car 0.00 0 0.00 728 783 748 815 0.00 0.00 0.00 0.00 0.00 0.00 0.00
car 0.00 0 0.00 735 750 759 781 0.00 0.00 0.00 0.00 0.00 0.00 0.00
car 0.00 0 0.00 838 733 859 762 0.00 0.00 0.00 0.00 0.00 0.00 0.00
car 0.00 0 0.00 872 705 893 733 0.00 0.00 0.00 0.00 0.00 0.00 0.00
car 0.00 0 0.00 842 667 861 691 0.00 0.00 0.00 0.00 0.00 0.00 0.00
car 0.00 0 0.00 876 633 897 656 0.00 0.00 0.00 0.00 0.00 0.00 0.00
car 0.00 0 0.00 856 616 876 636 0.00 0.00 0.00 0.00 0.00 0.00 0.00
people 0.00 0 0.00 1111 1139 1123 1158 0.00 0.00 0.00 0.00 0.00 0.00 0.00
people 0.00 0 0.00 1075 1030 1085 1046 0.00 0.00 0.00 0.00 0.00 0.00 0.00
people 0.00 0 0.00 1117 1015 1126 1033 0.00 0.00 0.00 0.00 0.00 0.00 0.00
people 0.00 0 0.00 1071 926 1081 944 0.00 0.00 0.00 0.00 0.00 0.00 0.00
people 0.00 0 0.00 1086 927 1094 943 0.00 0.00 0.00 0.00 0.00 0.00 0.00
people 0.00 0 0.00 1064 823 1071 838 0.00 0.00 0.00 0.00 0.00 0.00 0.00
people 0.00 0 0.00 773 790 783 802 0.00 0.00 0.00 0.00 0.00 0.00 0.00
people 0.00 0 0.00 805 674 811 685 0.00 0.00 0.00 0.00 0.00 0.00 0.00
people 0.00 0 0.00 820 663 828 672 0.00 0.00 0.00 0.00 0.00 0.00 0.00
people 0.00 0 0.00 798 662 804 674 0.00 0.00 0.00 0.00 0.00 0.00 0.00
people 0.00 0 0.00 801 642 805 651 0.00 0.00 0.00 0.00 0.00 0.00 0.00
people 0.00 0 0.00 813 629 821 643 0.00 0.00 0.00 0.00 0.00 0.00 0.00
people 0.00 0 0.00 810 584 816 595 0.00 0.00 0.00 0.00 0.00 0.00 0.00
people 0.00 0 0.00 825 514 829 522 0.00 0.00 0.00 0.00 0.00 0.00 0.00
people 0.00 0 0.00 1021 651 1027 664 0.00 0.00 0.00 0.00 0.00 0.00 0.00
bicycle 0.00 0 0.00 1113 1149 1122 1166 0.00 0.00 0.00 0.00 0.00 0.00 0.00
bicycle 0.00 0 0.00 1118 1027 1126 1038 0.00 0.00 0.00 0.00 0.00 0.00 0.00
motor 0.00 0 0.00 1075 1041 1085 1052 0.00 0.00 0.00 0.00 0.00 0.00 0.00
motor 0.00 0 0.00 1073 937 1081 950 0.00 0.00 0.00 0.00 0.00 0.00 0.00
bicycle 0.00 0 0.00 1087 941 1094 950 0.00 0.00 0.00 0.00 0.00 0.00 0.00
bicycle 0.00 0 0.00 1066 836 1071 843 0.00 0.00 0.00 0.00 0.00 0.00 0.00
bicycle 0.00 0 0.00 1023 660 1026 668 0.00 0.00 0.00 0.00 0.00 0.00 0.00
bus 0.00 0 0.00 1052 669 1095 737 0.00 0.00 0.00 0.00 0.00 0.00 0.00
bus 0.00 0 0.00 1069 732 1105 796 0.00 0.00 0.00 0.00 0.00 0.00 0.00
car 0.00 0 0.00 1030 583 1047 602 0.00 0.00 0.00 0.00 0.00 0.00 0.00
car 0.00 0 0.00 1028 569 1045 584 0.00 0.00 0.00 0.00 0.00 0.00 0.00
car 0.00 0 0.00 1022 542 1039 559 0.00 0.00 0.00 0.00 0.00 0.00 0.00
car 0.00 0 0.00 1022 531 1035 546 0.00 0.00 0.00 0.00 0.00 0.00 0.00
van 0.00 0 0.00 1020 516 1034 532 0.00 0.00 0.00 0.00 0.00 0.00 0.00
car 0.00 0 0.00 1018 504 1032 517 0.00 0.00 0.00 0.00 0.00 0.00 0.00
van 0.00 0 0.00 890 568 907 594 0.00 0.00 0.00 0.00 0.00 0.00 0.00
van 0.00 0 0.00 841 564 858 590 0.00 0.00 0.00 0.00 0.00 0.00 0.00
car 0.00 0 0.00 873 540 890 559 0.00 0.00 0.00 0.00 0.00 0.00 0.00
car 0.00 0 0.00 849 523 867 545 0.00 0.00 0.00 0.00 0.00 0.00 0.00
car 0.00 0 0.00 819 546 837 567 0.00 0.00 0.00 0.00 0.00 0.00 0.00
bicycle 0.00 0 0.00 811 593 816 600 0.00 0.00 0.00 0.00 0.00 0.00 0.00
bicycle 0.00 0 0.00 826 520 831 524 0.00 0.00 0.00 0.00 0.00 0.00 0.00
bicycle 0.00 0 0.00 801 648 805 655 0.00 0.00 0.00 0.00 0.00 0.00 0.00
bicycle 0.00 0 0.00 798 671 803 681 0.00 0.00 0.00 0.00 0.00 0.00 0.00
bicycle 0.00 0 0.00 804 681 812 692 0.00 0.00 0.00 0.00 0.00 0.00 0.00
motor 0.00 0 0.00 819 666 827 677 0.00 0.00 0.00 0.00 0.00 0.00 0.00
motor 0.00 0 0.00 774 797 783 809 0.00 0.00 0.00 0.00 0.00 0.00 0.00
pedestrian 0.00 0 0.00 743 815 750 835 0.00 0.00 0.00 0.00 0.00 0.00 0.00
bicycle 0.00 0 0.00 682 879 700 893 0.00 0.00 0.00 0.00 0.00 0.00 0.00
motor 0.00 0 0.00 683 871 703 882 0.00 0.00 0.00 0.00 0.00 0.00 0.00
car 0.00 0 0.00 739 727 764 751 0.00 0.00 0.00 0.00 0.00 0.00 0.00
car 0.00 0 0.00 746 706 768 730 0.00 0.00 0.00 0.00 0.00 0.00 0.00
car 0.00 0 0.00 754 680 777 706 0.00 0.00 0.00 0.00 0.00 0.00 0.00
car 0.00 0 0.00 762 659 782 681 0.00 0.00 0.00 0.00 0.00 0.00 0.00
car 0.00 0 0.00 768 637 789 659 0.00 0.00 0.00 0.00 0.00 0.00 0.00
pedestrian 0.00 0 0.00 775 655 783 661 0.00 0.00 0.00 0.00 0.00 0.00 0.00
car 0.00 0 0.00 774 620 791 638 0.00 0.00 0.00 0.00 0.00 0.00 0.00
car 0.00 0 0.00 778 601 797 622 0.00 0.00 0.00 0.00 0.00 0.00 0.00
car 0.00 0 0.00 784 576 802 595 0.00 0.00 0.00 0.00 0.00 0.00 0.00
car 0.00 0 0.00 789 559 806 577 0.00 0.00 0.00 0.00 0.00 0.00 0.00
car 0.00 0 0.00 770 554 786 573 0.00 0.00 0.00 0.00 0.00 0.00 0.00
car 0.00 0 0.00 775 539 791 555 0.00 0.00 0.00 0.00 0.00 0.00 0.00
car 0.00 0 0.00 747 543 764 562 0.00 0.00 0.00 0.00 0.00 0.00 0.00
car 0.00 0 0.00 801 515 816 531 0.00 0.00 0.00 0.00 0.00 0.00 0.00
car 0.00 0 0.00 755 511 771 528 0.00 0.00 0.00 0.00 0.00 0.00 0.00
car 0.00 0 0.00 738 509 753 525 0.00 0.00 0.00 0.00 0.00 0.00 0.00
car 0.00 0 0.00 753 498 770 512 0.00 0.00 0.00 0.00 0.00 0.00 0.00
car 0.00 0 0.00 729 543 744 561 0.00 0.00 0.00 0.00 0.00 0.00 0.00
pedestrian 0.00 0 0.00 982 466 989 477 0.00 0.00 0.00 0.00 0.00 0.00 0.00
pedestrian 0.00 0 0.00 926 463 933 476 0.00 0.00 0.00 0.00 0.00 0.00 0.00
car 0.00 0 0.00 958 331 967 340 0.00 0.00 0.00 0.00 0.00 0.00 0.00
car 0.00 0 0.00 943 344 954 354 0.00 0.00 0.00 0.00 0.00 0.00 0.00
car 0.00 0 0.00 943 335 954 345 0.00 0.00 0.00 0.00 0.00 0.00 0.00
car 0.00 0 0.00 944 328 952 334 0.00 0.00 0.00 0.00 0.00 0.00 0.00
car 0.00 0 0.00 928 343 939 353 0.00 0.00 0.00 0.00 0.00 0.00 0.00
car 0.00 0 0.00 740 465 772 475 0.00 0.00 0.00 0.00 0.00 0.00 0.00
car 0.00 0 0.00 741 458 772 468 0.00 0.00 0.00 0.00 0.00 0.00 0.00
car 0.00 0 0.00 745 437 774 449 0.00 0.00 0.00 0.00 0.00 0.00 0.00
car 0.00 0 0.00 745 432 775 443 0.00 0.00 0.00 0.00 0.00 0.00 0.00
car 0.00 0 0.00 747 428 778 439 0.00 0.00 0.00 0.00 0.00 0.00 0.00
car 0.00 0 0.00 756 424 784 435 0.00 0.00 0.00 0.00 0.00 0.00 0.00
car 0.00 0 0.00 763 411 793 420 0.00 0.00 0.00 0.00 0.00 0.00 0.00
car 0.00 0 0.00 768 402 793 411 0.00 0.00 0.00 0.00 0.00 0.00 0.00
car 0.00 0 0.00 772 395 799 404 0.00 0.00 0.00 0.00 0.00 0.00 0.00
car 0.00 0 0.00 775 391 799 400 0.00 0.00 0.00 0.00 0.00 0.00 0.00
car 0.00 0 0.00 779 380 805 389 0.00 0.00 0.00 0.00 0.00 0.00 0.00
car 0.00 0 0.00 827 420 839 434 0.00 0.00 0.00 0.00 0.00 0.00 0.00
car 0.00 0 0.00 864 433 877 447 0.00 0.00 0.00 0.00 0.00 0.00 0.00
car 0.00 0 0.00 886 428 899 443 0.00 0.00 0.00 0.00 0.00 0.00 0.00
car 0.00 0 0.00 877 413 890 426 0.00 0.00 0.00 0.00 0.00 0.00 0.00
car 0.00 0 0.00 904 406 916 419 0.00 0.00 0.00 0.00 0.00 0.00 0.00
car 0.00 0 0.00 930 388 940 399 0.00 0.00 0.00 0.00 0.00 0.00 0.00
car 0.00 0 0.00 906 367 917 380 0.00 0.00 0.00 0.00 0.00 0.00 0.00
car 0.00 0 0.00 884 362 895 373 0.00 0.00 0.00 0.00 0.00 0.00 0.00
car 0.00 0 0.00 835 393 846 406 0.00 0.00 0.00 0.00 0.00 0.00 0.00
car 0.00 0 0.00 842 364 855 376 0.00 0.00 0.00 0.00 0.00 0.00 0.00
car 0.00 0 0.00 843 354 855 364 0.00 0.00 0.00 0.00 0.00 0.00 0.00
car 0.00 0 0.00 849 341 858 351 0.00 0.00 0.00 0.00 0.00 0.00 0.00
car 0.00 0 0.00 855 335 862 344 0.00 0.00 0.00 0.00 0.00 0.00 0.00
car 0.00 0 0.00 864 333 874 342 0.00 0.00 0.00 0.00 0.00 0.00 0.00
bus 0.00 0 0.00 876 329 889 354 0.00 0.00 0.00 0.00 0.00 0.00 0.00
car 0.00 0 0.00 359 586 385 607 0.00 0.00 0.00 0.00 0.00 0.00 0.00
car 0.00 0 0.00 372 571 392 588 0.00 0.00 0.00 0.00 0.00 0.00 0.00
car 0.00 0 0.00 404 584 422 604 0.00 0.00 0.00 0.00 0.00 0.00 0.00
car 0.00 0 0.00 929 438 937 450 0.00 0.00 0.00 0.00 0.00 0.00 0.00
car 0.00 0 0.00 1789 948 1860 979 0.00 0.00 0.00 0.00 0.00 0.00 0.00
bicycle 0.00 0 0.00 1496 780 1512 801 0.00 0.00 0.00 0.00 0.00 0.00 0.00
bicycle 0.00 0 0.00 1512 782 1525 803 0.00 0.00 0.00 0.00 0.00 0.00 0.00
bicycle 0.00 0 0.00 1532 783 1541 803 0.00 0.00 0.00 0.00 0.00 0.00 0.00
car 0.00 0 0.00 1934 1060 2000 1103 0.00 0.00 0.00 0.00 0.00 0.00 0.00
pedestrian 0.00 0 0.00 547 1048 558 1073 0.00 0.00 0.00 0.00 0.00 0.00 0.00
bicycle 0.00 0 0.00 498 1222 525 1241 0.00 0.00 0.00 0.00 0.00 0.00 0.00
