car 0.00 0 0.00 453 611 582 749 0.00 0.00 0.00 0.00 0.00 0.00 0.00
truck 0.00 0 0.00 688 513 780 707 0.00 0.00 0.00 0.00 0.00 0.00 0.00
car 0.00 0 0.00 689 727 778 918 0.00 0.00 0.00 0.00 0.00 0.00 0.00
motor 0.00 0 0.00 523 886 595 936 0.00 0.00 0.00 0.00 0.00 0.00 0.00
car 0.00 0 0.00 1266 992 1380 1077 0.00 0.00 0.00 0.00 0.00 0.00 0.00
van 0.00 0 0.00 1105 465 1173 562 0.00 0.00 0.00 0.00 0.00 0.00 0.00
truck 0.00 0 0.00 1021 154 1106 268 0.00 0.00 0.00 0.00 0.00 0.00 0.00
truck 0.00 0 0.00 1052 79 1115 158 0.00 0.00 0.00 0.00 0.00 0.00 0.00
car 0.00 0 0.00 838 297 898 386 0.00 0.00 0.00 0.00 0.00 0.00 0.00
tricycle 0.00 0 0.00 681 280 708 340 0.00 0.00 0.00 0.00 0.00 0.00 0.00
van 0.00 0 0.00 736 319 795 424 0.00 0.00 0.00 0.00 0.00 0.00 0.00
motor 0.00 0 0.00 588 454 609 510 0.00 0.00 0.00 0.00 0.00 0.00 0.00
pedestrian 0.00 0 0.00 517 401 538 440 0.00 0.00 0.00 0.00 0.00 0.00 0.00
