car 0.00 0 0.00 157 635 256 725 0.00 0.00 0.00 0.00 0.00 0.00 0.00
car 0.00 0 0.00 299 493 378 549 0.00 0.00 0.00 0.00 0.00 0.00 0.00
car 0.00 0 0.00 530 495 604 550 0.00 0.00 0.00 0.00 0.00 0.00 0.00
car 0.00 0 0.00 89 354 136 384 0.00 0.00 0.00 0.00 0.00 0.00 0.00
car 0.00 0 0.00 26 310 69 345 0.00 0.00 0.00 0.00 0.00 0.00 0.00
car 0.00 0 0.00 786 510 874 568 0.00 0.00 0.00 0.00 0.00 0.00 0.00
car 0.00 0 0.00 868 466 953 519 0.00 0.00 0.00 0.00 0.00 0.00 0.00
car 0.00 0 0.00 915 444 1014 497 0.00 0.00 0.00 0.00 0.00 0.00 0.00
car 0.00 0 0.00 641 434 720 480 0.00 0.00 0.00 0.00 0.00 0.00 0.00
car 0.00 0 0.00 587 420 668 468 0.00 0.00 0.00 0.00 0.00 0.00 0.00
car 0.00 0 0.00 562 405 632 454 0.00 0.00 0.00 0.00 0.00 0.00 0.00
car 0.00 0 0.00 239 458 306 501 0.00 0.00 0.00 0.00 0.00 0.00 0.00
car 0.00 0 0.00 193 421 247 464 0.00 0.00 0.00 0.00 0.00 0.00 0.00
car 0.00 0 0.00 152 397 217 437 0.00 0.00 0.00 0.00 0.00 0.00 0.00
car 0.00 0 0.00 936 429 1017 479 0.00 0.00 0.00 0.00 0.00 0.00 0.00
car 0.00 0 0.00 978 408 1050 456 0.00 0.00 0.00 0.00 0.00 0.00 0.00
car 0.00 0 0.00 1042 396 1114 442 0.00 0.00 0.00 0.00 0.00 0.00 0.00
car 0.00 0 0.00 1062 388 1131 430 0.00 0.00 0.00 0.00 0.00 0.00 0.00
car 0.00 0 0.00 1086 369 1153 415 0.00 0.00 0.00 0.00 0.00 0.00 0.00
car 0.00 0 0.00 3 294 35 318 0.00 0.00 0.00 0.00 0.00 0.00 0.00
people 0.00 0 0.00 8 323 24 343 0.00 0.00 0.00 0.00 0.00 0.00 0.00
bicycle 0.00 0 0.00 8 328 25 348 0.00 0.00 0.00 0.00 0.00 0.00 0.00
car 0.00 0 0.00 433 406 514 443 0.00 0.00 0.00 0.00 0.00 0.00 0.00
car 0.00 0 0.00 1090 313 1130 337 0.00 0.00 0.00 0.00 0.00 0.00 0.00
car 0.00 0 0.00 1260 271 1291 290 0.00 0.00 0.00 0.00 0.00 0.00 0.00
car 0.00 0 0.00 1283 246 1310 263 0.00 0.00 0.00 0.00 0.00 0.00 0.00
car 0.00 0 0.00 1208 248 1242 266 0.00 0.00 0.00 0.00 0.00 0.00 0.00
car 0.00 0 0.00 1221 245 1249 262 0.00 0.00 0.00 0.00 0.00 0.00 0.00
pedestrian 0.00 0 0.00 1220 271 1227 288 0.00 0.00 0.00 0.00 0.00 0.00 0.00
pedestrian 0.00 0 0.00 1205 298 1213 320 0.00 0.00 0.00 0.00 0.00 0.00 0.00
car 0.00 0 0.00 1103 353 1176 400 0.00 0.00 0.00 0.00 0.00 0.00 0.00
car 0.00 0 0.00 1138 349 1204 387 0.00 0.00 0.00 0.00 0.00 0.00 0.00
car 0.00 0 0.00 1160 332 1228 375 0.00 0.00 0.00 0.00 0.00 0.00 0.00
car 0.00 0 0.00 1182 323 1251 358 0.00 0.00 0.00 0.00 0.00 0.00 0.00
motor 0.00 0 0.00 1310 390 1327 417 0.00 0.00 0.00 0.00 0.00 0.00 0.00
people 0.00 0 0.00 1310 391 1325 410 0.00 0.00 0.00 0.00 0.00 0.00 0.00
motor 0.00 0 0.00 754 442 794 469 0.00 0.00 0.00 0.00 0.00 0.00 0.00
pedestrian 0.00 0 0.00 648 472 659 507 0.00 0.00 0.00 0.00 0.00 0.00 0.00
pedestrian 0.00 0 0.00 570 432 583 465 0.00 0.00 0.00 0.00 0.00 0.00 0.00
pedestrian 0.00 0 0.00 633 461 649 493 0.00 0.00 0.00 0.00 0.00 0.00 0.00
