car 0.00 0 0.00 453 410 504 462 0.00 0.00 0.00 0.00 0.00 0.00 0.00
car 0.00 0 0.00 514 406 561 461 0.00 0.00 0.00 0.00 0.00 0.00 0.00
car 0.00 0 0.00 634 352 671 409 0.00 0.00 0.00 0.00 0.00 0.00 0.00
car 0.00 0 0.00 837 617 876 689 0.00 0.00 0.00 0.00 0.00 0.00 0.00
car 0.00 0 0.00 738 500 767 558 0.00 0.00 0.00 0.00 0.00 0.00 0.00
car 0.00 0 0.00 818 368 845 410 0.00 0.00 0.00 0.00 0.00 0.00 0.00
car 0.00 0 0.00 700 297 730 343 0.00 0.00 0.00 0.00 0.00 0.00 0.00
car 0.00 0 0.00 684 148 708 185 0.00 0.00 0.00 0.00 0.00 0.00 0.00
car 0.00 0 0.00 629 110 652 135 0.00 0.00 0.00 0.00 0.00 0.00 0.00
car 0.00 0 0.00 630 34 652 58 0.00 0.00 0.00 0.00 0.00 0.00 0.00
car 0.00 0 0.00 560 495 611 568 0.00 0.00 0.00 0.00 0.00 0.00 0.00
car 0.00 0 0.00 292 735 368 787 0.00 0.00 0.00 0.00 0.00 0.00 0.00
truck 0.00 0 0.00 95 576 182 665 0.00 0.00 0.00 0.00 0.00 0.00 0.00
truck 0.00 0 0.00 87 548 171 639 0.00 0.00 0.00 0.00 0.00 0.00 0.00
truck 0.00 0 0.00 67 529 147 615 0.00 0.00 0.00 0.00 0.00 0.00 0.00
truck 0.00 0 0.00 35 516 127 602 0.00 0.00 0.00 0.00 0.00 0.00 0.00
truck 0.00 0 0.00 0 497 102 599 0.00 0.00 0.00 0.00 0.00 0.00 0.00
truck 0.00 0 0.00 0 483 73 569 0.00 0.00 0.00 0.00 0.00 0.00 0.00
truck 0.00 0 0.00 582 218 633 285 0.00 0.00 0.00 0.00 0.00 0.00 0.00
bus 0.00 0 0.00 55 307 155 392 0.00 0.00 0.00 0.00 0.00 0.00 0.00
car 0.00 0 0.00 883 113 911 137 0.00 0.00 0.00 0.00 0.00 0.00 0.00
car 0.00 0 0.00 868 79 887 104 0.00 0.00 0.00 0.00 0.00 0.00 0.00
car 0.00 0 0.00 891 71 910 91 0.00 0.00 0.00 0.00 0.00 0.00 0.00
car 0.00 0 0.00 962 81 991 103 0.00 0.00 0.00 0.00 0.00 0.00 0.00
car 0.00 0 0.00 1031 237 1058 266 0.00 0.00 0.00 0.00 0.00 0.00 0.00
car 0.00 0 0.00 1064 162 1107 185 0.00 0.00 0.00 0.00 0.00 0.00 0.00
car 0.00 0 0.00 1075 153 1110 175 0.00 0.00 0.00 0.00 0.00 0.00 0.00
car 0.00 0 0.00 1087 142 1125 168 0.00 0.00 0.00 0.00 0.00 0.00 0.00
car 0.00 0 0.00 1127 107 1157 130 0.00 0.00 0.00 0.00 0.00 0.00 0.00
car 0.00 0 0.00 1137 102 1168 125 0.00 0.00 0.00 0.00 0.00 0.00 0.00
car 0.00 0 0.00 1120 118 1156 140 0.00 0.00 0.00 0.00 0.00 0.00 0.00
car 0.00 0 0.00 1152 146 1194 168 0.00 0.00 0.00 0.00 0.00 0.00 0.00
car 0.00 0 0.00 1168 110 1202 131 0.00 0.00 0.00 0.00 0.00 0.00 0.00
car 0.00 0 0.00 1260 117 1292 137 0.00 0.00 0.00 0.00 0.00 0.00 0.00
car 0.00 0 0.00 1291 148 1335 171 0.00 0.00 0.00 0.00 0.00 0.00 0.00
car 0.00 0 0.00 1339 150 1383 169 0.00 0.00 0.00 0.00 0.00 0.00 0.00
car 0.00 0 0.00 1288 143 1323 158 0.00 0.00 0.00 0.00 0.00 0.00 0.00
car 0.00 0 0.00 1319 135 1355 151 0.00 0.00 0.00 0.00 0.00 0.00 0.00
car 0.00 0 0.00 1312 129 1345 141 0.00 0.00 0.00 0.00 0.00 0.00 0.00
car 0.00 0 0.00 1298 119 1339 135 0.00 0.00 0.00 0.00 0.00 0.00 0.00
car 0.00 0 0.00 1274 98 1319 119 0.00 0.00 0.00 0.00 0.00 0.00 0.00
pedestrian 0.00 0 0.00 1309 87 1319 102 0.00 0.00 0.00 0.00 0.00 0.00 0.00
pedestrian 0.00 0 0.00 1257 80 1266 95 0.00 0.00 0.00 0.00 0.00 0.00 0.00
bus 0.00 0 0.00 166 299 231 350 0.00 0.00 0.00 0.00 0.00 0.00 0.00
van 0.00 0 0.00 496 227 519 266 0.00 0.00 0.00 0.00 0.00 0.00 0.00
car 0.00 0 0.00 498 202 523 227 0.00 0.00 0.00 0.00 0.00 0.00 0.00
car 0.00 0 0.00 505 171 523 195 0.00 0.00 0.00 0.00 0.00 0.00 0.00
car 0.00 0 0.00 509 94 528 114 0.00 0.00 0.00 0.00 0.00 0.00 0.00
car 0.00 0 0.00 323 146 347 168 0.00 0.00 0.00 0.00 0.00 0.00 0.00
car 0.00 0 0.00 331 127 356 145 0.00 0.00 0.00 0.00 0.00 0.00 0.00
car 0.00 0 0.00 30 225 63 250 0.00 0.00 0.00 0.00 0.00 0.00 0.00
car 0.00 0 0.00 8 235 43 261 0.00 0.00 0.00 0.00 0.00 0.00 0.00
car 0.00 0 0.00 64 210 101 241 0.00 0.00 0.00 0.00 0.00 0.00 0.00
car 0.00 0 0.00 54 210 101 233 0.00 0.00 0.00 0.00 0.00 0.00 0.00
car 0.00 0 0.00 41 199 89 226 0.00 0.00 0.00 0.00 0.00 0.00 0.00
car 0.00 0 0.00 53 169 87 192 0.00 0.00 0.00 0.00 0.00 0.00 0.00
car 0.00 0 0.00 85 159 128 179 0.00 0.00 0.00 0.00 0.00 0.00 0.00
car 0.00 0 0.00 79 154 113 173 0.00 0.00 0.00 0.00 0.00 0.00 0.00
car 0.00 0 0.00 39 167 73 187 0.00 0.00 0.00 0.00 0.00 0.00 0.00
car 0.00 0 0.00 30 160 68 182 0.00 0.00 0.00 0.00 0.00 0.00 0.00
car 0.00 0 0.00 16 156 55 182 0.00 0.00 0.00 0.00 0.00 0.00 0.00
car 0.00 0 0.00 121 116 159 144 0.00 0.00 0.00 0.00 0.00 0.00 0.00
car 0.00 0 0.00 131 119 168 146 0.00 0.00 0.00 0.00 0.00 0.00 0.00
truck 0.00 0 0.00 807 57 843 90 0.00 0.00 0.00 0.00 0.00 0.00 0.00
pedestrian 0.00 0 0.00 522 41 527 54 0.00 0.00 0.00 0.00 0.00 0.00 0.00
car 0.00 0 0.00 525 54 539 68 0.00 0.00 0.00 0.00 0.00 0.00 0.00
car 0.00 0 0.00 525 37 540 53 0.00 0.00 0.00 0.00 0.00 0.00 0.00
car 0.00 0 0.00 531 19 544 35 0.00 0.00 0.00 0.00 0.00 0.00 0.00
car 0.00 0 0.00 381 68 398 82 0.00 0.00 0.00 0.00 0.00 0.00 0.00
car 0.00 0 0.00 391 75 415 86 0.00 0.00 0.00 0.00 0.00 0.00 0.00
car 0.00 0 0.00 419 48 430 65 0.00 0.00 0.00 0.00 0.00 0.00 0.00
