car 0.00 0 0.00 666 698 770 836 0.00 0.00 0.00 0.00 0.00 0.00 0.00
car 0.00 0 0.00 963 739 1145 826 0.00 0.00 0.00 0.00 0.00 0.00 0.00
car 0.00 0 0.00 901 654 1073 745 0.00 0.00 0.00 0.00 0.00 0.00 0.00
car 0.00 0 0.00 863 577 1024 644 0.00 0.00 0.00 0.00 0.00 0.00 0.00
car 0.00 0 0.00 864 540 987 598 0.00 0.00 0.00 0.00 0.00 0.00 0.00
tricycle 0.00 0 0.00 1074 489 1158 544 0.00 0.00 0.00 0.00 0.00 0.00 0.00
car 0.00 0 0.00 707 298 746 324 0.00 0.00 0.00 0.00 0.00 0.00 0.00
truck 0.00 0 0.00 763 290 809 320 0.00 0.00 0.00 0.00 0.00 0.00 0.00
car 0.00 0 0.00 665 221 684 239 0.00 0.00 0.00 0.00 0.00 0.00 0.00
car 0.00 0 0.00 685 235 707 252 0.00 0.00 0.00 0.00 0.00 0.00 0.00
car 0.00 0 0.00 696 217 716 233 0.00 0.00 0.00 0.00 0.00 0.00 0.00
awning-tricycle 0.00 0 0.00 704 226 723 248 0.00 0.00 0.00 0.00 0.00 0.00 0.00
pedestrian 0.00 0 0.00 613 184 618 198 0.00 0.00 0.00 0.00 0.00 0.00 0.00
