van 0.00 0 0.00 393 686 451 734 0.00 0.00 0.00 0.00 0.00 0.00 0.00
van 0.00 0 0.00 278 726 326 763 0.00 0.00 0.00 0.00 0.00 0.00 0.00
motor 0.00 0 0.00 608 957 627 982 0.00 0.00 0.00 0.00 0.00 0.00 0.00
motor 0.00 0 0.00 623 957 640 989 0.00 0.00 0.00 0.00 0.00 0.00 0.00
car 0.00 0 0.00 343 605 398 644 0.00 0.00 0.00 0.00 0.00 0.00 0.00
car 0.00 0 0.00 256 390 290 431 0.00 0.00 0.00 0.00 0.00 0.00 0.00
van 0.00 0 0.00 554 527 591 571 0.00 0.00 0.00 0.00 0.00 0.00 0.00
van 0.00 0 0.00 348 277 383 317 0.00 0.00 0.00 0.00 0.00 0.00 0.00
car 0.00 0 0.00 472 465 507 505 0.00 0.00 0.00 0.00 0.00 0.00 0.00
car 0.00 0 0.00 240 115 269 148 0.00 0.00 0.00 0.00 0.00 0.00 0.00
bus 0.00 0 0.00 229 0 306 82 0.00 0.00 0.00 0.00 0.00 0.00 0.00
car 0.00 0 0.00 288 13 316 47 0.00 0.00 0.00 0.00 0.00 0.00 0.00
car 0.00 0 0.00 630 99 665 135 0.00 0.00 0.00 0.00 0.00 0.00 0.00
car 0.00 0 0.00 685 205 723 235 0.00 0.00 0.00 0.00 0.00 0.00 0.00
car 0.00 0 0.00 832 656 880 688 0.00 0.00 0.00 0.00 0.00 0.00 0.00
car 0.00 0 0.00 827 575 853 621 0.00 0.00 0.00 0.00 0.00 0.00 0.00
car 0.00 0 0.00 853 559 878 606 0.00 0.00 0.00 0.00 0.00 0.00 0.00
car 0.00 0 0.00 897 527 922 571 0.00 0.00 0.00 0.00 0.00 0.00 0.00
car 0.00 0 0.00 923 527 945 567 0.00 0.00 0.00 0.00 0.00 0.00 0.00
car 0.00 0 0.00 942 504 970 548 0.00 0.00 0.00 0.00 0.00 0.00 0.00
car 0.00 0 0.00 960 489 989 532 0.00 0.00 0.00 0.00 0.00 0.00 0.00
car 0.00 0 0.00 992 504 1016 546 0.00 0.00 0.00 0.00 0.00 0.00 0.00
car 0.00 0 0.00 859 503 908 526 0.00 0.00 0.00 0.00 0.00 0.00 0.00
car 0.00 0 0.00 995 463 1031 509 0.00 0.00 0.00 0.00 0.00 0.00 0.00
car 0.00 0 0.00 1001 442 1036 481 0.00 0.00 0.00 0.00 0.00 0.00 0.00
car 0.00 0 0.00 1034 449 1070 491 0.00 0.00 0.00 0.00 0.00 0.00 0.00
car 0.00 0 0.00 1057 424 1086 470 0.00 0.00 0.00 0.00 0.00 0.00 0.00
car 0.00 0 0.00 1077 410 1113 453 0.00 0.00 0.00 0.00 0.00 0.00 0.00
car 0.00 0 0.00 1132 373 1173 414 0.00 0.00 0.00 0.00 0.00 0.00 0.00
car 0.00 0 0.00 1099 404 1135 446 0.00 0.00 0.00 0.00 0.00 0.00 0.00
truck 0.00 0 0.00 1169 344 1217 390 0.00 0.00 0.00 0.00 0.00 0.00 0.00
truck 0.00 0 0.00 1045 507 1097 552 0.00 0.00 0.00 0.00 0.00 0.00 0.00
car 0.00 0 0.00 1151 358 1191 401 0.00 0.00 0.00 0.00 0.00 0.00 0.00
van 0.00 0 0.00 1149 324 1188 348 0.00 0.00 0.00 0.00 0.00 0.00 0.00
van 0.00 0 0.00 725 603 761 653 0.00 0.00 0.00 0.00 0.00 0.00 0.00
van 0.00 0 0.00 746 658 782 703 0.00 0.00 0.00 0.00 0.00 0.00 0.00
van 0.00 0 0.00 1095 461 1139 505 0.00 0.00 0.00 0.00 0.00 0.00 0.00
car 0.00 0 0.00 790 578 813 623 0.00 0.00 0.00 0.00 0.00 0.00 0.00
car 0.00 0 0.00 757 588 780 628 0.00 0.00 0.00 0.00 0.00 0.00 0.00
car 0.00 0 0.00 687 729 719 774 0.00 0.00 0.00 0.00 0.00 0.00 0.00
car 0.00 0 0.00 982 947 1029 990 0.00 0.00 0.00 0.00 0.00 0.00 0.00
car 0.00 0 0.00 1003 967 1051 1015 0.00 0.00 0.00 0.00 0.00 0.00 0.00
car 0.00 0 0.00 864 790 914 830 0.00 0.00 0.00 0.00 0.00 0.00 0.00
car 0.00 0 0.00 839 772 882 817 0.00 0.00 0.00 0.00 0.00 0.00 0.00
truck 0.00 0 0.00 750 757 797 819 0.00 0.00 0.00 0.00 0.00 0.00 0.00
truck 0.00 0 0.00 804 524 865 568 0.00 0.00 0.00 0.00 0.00 0.00 0.00
van 0.00 0 0.00 883 547 908 586 0.00 0.00 0.00 0.00 0.00 0.00 0.00
car 0.00 0 0.00 488 282 524 316 0.00 0.00 0.00 0.00 0.00 0.00 0.00
car 0.00 0 0.00 559 386 592 425 0.00 0.00 0.00 0.00 0.00 0.00 0.00
car 0.00 0 0.00 590 427 620 465 0.00 0.00 0.00 0.00 0.00 0.00 0.00
car 0.00 0 0.00 610 487 655 507 0.00 0.00 0.00 0.00 0.00 0.00 0.00
car 0.00 0 0.00 640 525 683 564 0.00 0.00 0.00 0.00 0.00 0.00 0.00
car 0.00 0 0.00 689 569 737 596 0.00 0.00 0.00 0.00 0.00 0.00 0.00
car 0.00 0 0.00 696 602 732 647 0.00 0.00 0.00 0.00 0.00 0.00 0.00
van 0.00 0 0.00 694 650 732 694 0.00 0.00 0.00 0.00 0.00 0.00 0.00
car 0.00 0 0.00 661 603 698 648 0.00 0.00 0.00 0.00 0.00 0.00 0.00
car 0.00 0 0.00 812 734 855 776 0.00 0.00 0.00 0.00 0.00 0.00 0.00
car 0.00 0 0.00 867 830 913 872 0.00 0.00 0.00 0.00 0.00 0.00 0.00
car 0.00 0 0.00 897 896 945 938 0.00 0.00 0.00 0.00 0.00 0.00 0.00
car 0.00 0 0.00 901 851 952 897 0.00 0.00 0.00 0.00 0.00 0.00 0.00
car 0.00 0 0.00 1311 788 1355 836 0.00 0.00 0.00 0.00 0.00 0.00 0.00
car 0.00 0 0.00 1247 842 1291 884 0.00 0.00 0.00 0.00 0.00 0.00 0.00
car 0.00 0 0.00 1292 615 1335 652 0.00 0.00 0.00 0.00 0.00 0.00 0.00
car 0.00 0 0.00 1374 698 1400 738 0.00 0.00 0.00 0.00 0.00 0.00 0.00
pedestrian 0.00 0 0.00 510 376 518 389 0.00 0.00 0.00 0.00 0.00 0.00 0.00
pedestrian 0.00 0 0.00 333 426 345 439 0.00 0.00 0.00 0.00 0.00 0.00 0.00
pedestrian 0.00 0 0.00 455 255 463 270 0.00 0.00 0.00 0.00 0.00 0.00 0.00
people 0.00 0 0.00 306 164 314 174 0.00 0.00 0.00 0.00 0.00 0.00 0.00
people 0.00 0 0.00 281 94 287 103 0.00 0.00 0.00 0.00 0.00 0.00 0.00
people 0.00 0 0.00 278 91 285 100 0.00 0.00 0.00 0.00 0.00 0.00 0.00
motor 0.00 0 0.00 304 164 317 178 0.00 0.00 0.00 0.00 0.00 0.00 0.00
pedestrian 0.00 0 0.00 498 589 505 598 0.00 0.00 0.00 0.00 0.00 0.00 0.00
