car 0.00 0 0.00 165 827 326 1050 0.00 0.00 0.00 0.00 0.00 0.00 0.00
car 0.00 0 0.00 375 814 519 1050 0.00 0.00 0.00 0.00 0.00 0.00 0.00
car 0.00 0 0.00 558 781 719 1050 0.00 0.00 0.00 0.00 0.00 0.00 0.00
car 0.00 0 0.00 737 779 901 1050 0.00 0.00 0.00 0.00 0.00 0.00 0.00
car 0.00 0 0.00 0 769 124 912 0.00 0.00 0.00 0.00 0.00 0.00 0.00
car 0.00 0 0.00 0 409 107 534 0.00 0.00 0.00 0.00 0.00 0.00 0.00
car 0.00 0 0.00 263 138 381 355 0.00 0.00 0.00 0.00 0.00 0.00 0.00
car 0.00 0 0.00 461 167 594 413 0.00 0.00 0.00 0.00 0.00 0.00 0.00
car 0.00 0 0.00 771 2 1012 113 0.00 0.00 0.00 0.00 0.00 0.00 0.00
car 0.00 0 0.00 815 110 1052 240 0.00 0.00 0.00 0.00 0.00 0.00 0.00
car 0.00 0 0.00 866 214 1099 335 0.00 0.00 0.00 0.00 0.00 0.00 0.00
car 0.00 0 0.00 841 338 1085 468 0.00 0.00 0.00 0.00 0.00 0.00 0.00
van 0.00 0 0.00 1036 618 1374 801 0.00 0.00 0.00 0.00 0.00 0.00 0.00
van 0.00 0 0.00 911 820 1093 1050 0.00 0.00 0.00 0.00 0.00 0.00 0.00
truck 0.00 0 0.00 0 534 109 715 0.00 0.00 0.00 0.00 0.00 0.00 0.00
van 0.00 0 0.00 453 1 572 156 0.00 0.00 0.00 0.00 0.00 0.00 0.00
