car 0.00 0 0.00 934 872 997 979 0.00 0.00 0.00 0.00 0.00 0.00 0.00
van 0.00 0 0.00 771 1022 846 1077 0.00 0.00 0.00 0.00 0.00 0.00 0.00
car 0.00 0 0.00 1420 679 1480 720 0.00 0.00 0.00 0.00 0.00 0.00 0.00
car 0.00 0 0.00 1559 217 1626 253 0.00 0.00 0.00 0.00 0.00 0.00 0.00
car 0.00 0 0.00 1601 197 1669 232 0.00 0.00 0.00 0.00 0.00 0.00 0.00
car 0.00 0 0.00 440 455 522 512 0.00 0.00 0.00 0.00 0.00 0.00 0.00
car 0.00 0 0.00 373 572 422 648 0.00 0.00 0.00 0.00 0.00 0.00 0.00
car 0.00 0 0.00 438 230 487 256 0.00 0.00 0.00 0.00 0.00 0.00 0.00
car 0.00 0 0.00 419 735 496 808 0.00 0.00 0.00 0.00 0.00 0.00 0.00
car 0.00 0 0.00 349 764 426 831 0.00 0.00 0.00 0.00 0.00 0.00 0.00
car 0.00 0 0.00 1695 364 1757 394 0.00 0.00 0.00 0.00 0.00 0.00 0.00
car 0.00 0 0.00 1759 323 1807 345 0.00 0.00 0.00 0.00 0.00 0.00 0.00
car 0.00 0 0.00 1619 468 1674 501 0.00 0.00 0.00 0.00 0.00 0.00 0.00
