car 0.00 0 0.00 834 884 968 1000 0.00 0.00 0.00 0.00 0.00 0.00 0.00
car 0.00 0 0.00 681 664 733 710 0.00 0.00 0.00 0.00 0.00 0.00 0.00
car 0.00 0 0.00 512 659 551 712 0.00 0.00 0.00 0.00 0.00 0.00 0.00
car 0.00 0 0.00 584 589 614 621 0.00 0.00 0.00 0.00 0.00 0.00 0.00
car 0.00 0 0.00 527 556 560 582 0.00 0.00 0.00 0.00 0.00 0.00 0.00
car 0.00 0 0.00 564 536 592 560 0.00 0.00 0.00 0.00 0.00 0.00 0.00
car 0.00 0 0.00 517 527 543 546 0.00 0.00 0.00 0.00 0.00 0.00 0.00
car 0.00 0 0.00 416 601 449 645 0.00 0.00 0.00 0.00 0.00 0.00 0.00
car 0.00 0 0.00 286 560 320 600 0.00 0.00 0.00 0.00 0.00 0.00 0.00
tricycle 0.00 0 0.00 104 665 155 699 0.00 0.00 0.00 0.00 0.00 0.00 0.00
car 0.00 0 0.00 448 486 490 499 0.00 0.00 0.00 0.00 0.00 0.00 0.00
car 0.00 0 0.00 459 478 501 493 0.00 0.00 0.00 0.00 0.00 0.00 0.00
car 0.00 0 0.00 431 476 465 490 0.00 0.00 0.00 0.00 0.00 0.00 0.00
car 0.00 0 0.00 445 469 473 481 0.00 0.00 0.00 0.00 0.00 0.00 0.00
car 0.00 0 0.00 398 473 426 486 0.00 0.00 0.00 0.00 0.00 0.00 0.00
car 0.00 0 0.00 500 469 533 481 0.00 0.00 0.00 0.00 0.00 0.00 0.00
car 0.00 0 0.00 525 471 560 483 0.00 0.00 0.00 0.00 0.00 0.00 0.00
car 0.00 0 0.00 543 473 571 489 0.00 0.00 0.00 0.00 0.00 0.00 0.00
car 0.00 0 0.00 507 513 535 526 0.00 0.00 0.00 0.00 0.00 0.00 0.00
car 0.00 0 0.00 512 496 528 514 0.00 0.00 0.00 0.00 0.00 0.00 0.00
car 0.00 0 0.00 549 518 571 535 0.00 0.00 0.00 0.00 0.00 0.00 0.00
car 0.00 0 0.00 543 508 561 523 0.00 0.00 0.00 0.00 0.00 0.00 0.00
car 0.00 0 0.00 536 493 551 507 0.00 0.00 0.00 0.00 0.00 0.00 0.00
people 0.00 0 0.00 574 516 580 528 0.00 0.00 0.00 0.00 0.00 0.00 0.00
motor 0.00 0 0.00 574 519 581 531 0.00 0.00 0.00 0.00 0.00 0.00 0.00
pedestrian 0.00 0 0.00 638 583 650 606 0.00 0.00 0.00 0.00 0.00 0.00 0.00
car 0.00 0 0.00 1222 678 1333 730 0.00 0.00 0.00 0.00 0.00 0.00 0.00
pedestrian 0.00 0 0.00 1134 661 1157 702 0.00 0.00 0.00 0.00 0.00 0.00 0.00
car 0.00 0 0.00 1093 626 1159 662 0.00 0.00 0.00 0.00 0.00 0.00 0.00
car 0.00 0 0.00 1038 612 1106 639 0.00 0.00 0.00 0.00 0.00 0.00 0.00
van 0.00 0 0.00 1036 595 1103 623 0.00 0.00 0.00 0.00 0.00 0.00 0.00
car 0.00 0 0.00 948 572 996 602 0.00 0.00 0.00 0.00 0.00 0.00 0.00
car 0.00 0 0.00 935 559 975 582 0.00 0.00 0.00 0.00 0.00 0.00 0.00
pedestrian 0.00 0 0.00 832 526 842 545 0.00 0.00 0.00 0.00 0.00 0.00 0.00
car 0.00 0 0.00 778 510 811 528 0.00 0.00 0.00 0.00 0.00 0.00 0.00
van 0.00 0 0.00 780 502 810 517 0.00 0.00 0.00 0.00 0.00 0.00 0.00
van 0.00 0 0.00 787 544 824 574 0.00 0.00 0.00 0.00 0.00 0.00 0.00
