bus 0.00 0 0.00 1081 1201 1247 1500 0.00 0.00 0.00 0.00 0.00 0.00 0.00
car 0.00 0 0.00 541 1120 641 1319 0.00 0.00 0.00 0.00 0.00 0.00 0.00
car 0.00 0 0.00 279 1042 382 1216 0.00 0.00 0.00 0.00 0.00 0.00 0.00
car 0.00 0 0.00 179 1389 302 1500 0.00 0.00 0.00 0.00 0.00 0.00 0.00
pedestrian 0.00 0 0.00 379 1078 419 1135 0.00 0.00 0.00 0.00 0.00 0.00 0.00
people 0.00 0 0.00 450 1019 470 1053 0.00 0.00 0.00 0.00 0.00 0.00 0.00
people 0.00 0 0.00 453 1096 481 1130 0.00 0.00 0.00 0.00 0.00 0.00 0.00
motor 0.00 0 0.00 447 1017 480 1076 0.00 0.00 0.00 0.00 0.00 0.00 0.00
motor 0.00 0 0.00 451 1089 490 1157 0.00 0.00 0.00 0.00 0.00 0.00 0.00
van 0.00 0 0.00 339 908 420 1015 0.00 0.00 0.00 0.00 0.00 0.00 0.00
car 0.00 0 0.00 376 751 463 871 0.00 0.00 0.00 0.00 0.00 0.00 0.00
pedestrian 0.00 0 0.00 501 774 527 840 0.00 0.00 0.00 0.00 0.00 0.00 0.00
van 0.00 0 0.00 1424 1034 1526 1180 0.00 0.00 0.00 0.00 0.00 0.00 0.00
van 0.00 0 0.00 1403 265 1487 306 0.00 0.00 0.00 0.00 0.00 0.00 0.00
car 0.00 0 0.00 1501 268 1589 305 0.00 0.00 0.00 0.00 0.00 0.00 0.00
car 0.00 0 0.00 1598 263 1693 305 0.00 0.00 0.00 0.00 0.00 0.00 0.00
car 0.00 0 0.00 1715 263 1808 302 0.00 0.00 0.00 0.00 0.00 0.00 0.00
car 0.00 0 0.00 1828 258 1931 301 0.00 0.00 0.00 0.00 0.00 0.00 0.00
van 0.00 0 0.00 1655 397 1745 449 0.00 0.00 0.00 0.00 0.00 0.00 0.00
pedestrian 0.00 0 0.00 1623 412 1643 478 0.00 0.00 0.00 0.00 0.00 0.00 0.00
car 0.00 0 0.00 1540 419 1640 471 0.00 0.00 0.00 0.00 0.00 0.00 0.00
car 0.00 0 0.00 1002 553 1055 640 0.00 0.00 0.00 0.00 0.00 0.00 0.00
car 0.00 0 0.00 909 411 962 487 0.00 0.00 0.00 0.00 0.00 0.00 0.00
car 0.00 0 0.00 1028 322 1078 397 0.00 0.00 0.00 0.00 0.00 0.00 0.00
car 0.00 0 0.00 733 510 783 617 0.00 0.00 0.00 0.00 0.00 0.00 0.00
car 0.00 0 0.00 754 328 804 419 0.00 0.00 0.00 0.00 0.00 0.00 0.00
pedestrian 0.00 0 0.00 611 294 626 336 0.00 0.00 0.00 0.00 0.00 0.00 0.00
pedestrian 0.00 0 0.00 628 281 655 321 0.00 0.00 0.00 0.00 0.00 0.00 0.00
car 0.00 0 0.00 575 147 619 200 0.00 0.00 0.00 0.00 0.00 0.00 0.00
car 0.00 0 0.00 592 103 627 148 0.00 0.00 0.00 0.00 0.00 0.00 0.00
car 0.00 0 0.00 603 70 639 113 0.00 0.00 0.00 0.00 0.00 0.00 0.00
car 0.00 0 0.00 611 44 644 75 0.00 0.00 0.00 0.00 0.00 0.00 0.00
car 0.00 0 0.00 621 16 652 48 0.00 0.00 0.00 0.00 0.00 0.00 0.00
pedestrian 0.00 0 0.00 655 50 667 78 0.00 0.00 0.00 0.00 0.00 0.00 0.00
pedestrian 0.00 0 0.00 562 92 571 120 0.00 0.00 0.00 0.00 0.00 0.00 0.00
pedestrian 0.00 0 0.00 574 92 584 120 0.00 0.00 0.00 0.00 0.00 0.00 0.00
van 0.00 0 0.00 753 160 792 228 0.00 0.00 0.00 0.00 0.00 0.00 0.00
car 0.00 0 0.00 1141 193 1187 233 0.00 0.00 0.00 0.00 0.00 0.00 0.00
car 0.00 0 0.00 1122 153 1164 193 0.00 0.00 0.00 0.00 0.00 0.00 0.00
car 0.00 0 0.00 1103 115 1142 161 0.00 0.00 0.00 0.00 0.00 0.00 0.00
car 0.00 0 0.00 1093 79 1128 116 0.00 0.00 0.00 0.00 0.00 0.00 0.00
van 0.00 0 0.00 1078 38 1113 72 0.00 0.00 0.00 0.00 0.00 0.00 0.00
car 0.00 0 0.00 1067 11 1099 40 0.00 0.00 0.00 0.00 0.00 0.00 0.00
car 0.00 0 0.00 1387 203 1469 240 0.00 0.00 0.00 0.00 0.00 0.00 0.00
