pedestrian 0.00 0 0.00 311 337 327 375 0.00 0.00 0.00 0.00 0.00 0.00 0.00
pedestrian 0.00 0 0.00 470 510 486 556 0.00 0.00 0.00 0.00 0.00 0.00 0.00
pedestrian 0.00 0 0.00 459 495 472 537 0.00 0.00 0.00 0.00 0.00 0.00 0.00
pedestrian 0.00 0 0.00 628 488 645 529 0.00 0.00 0.00 0.00 0.00 0.00 0.00
pedestrian 0.00 0 0.00 644 494 656 527 0.00 0.00 0.00 0.00 0.00 0.00 0.00
pedestrian 0.00 0 0.00 655 490 671 527 0.00 0.00 0.00 0.00 0.00 0.00 0.00
bicycle 0.00 0 0.00 721 289 737 312 0.00 0.00 0.00 0.00 0.00 0.00 0.00
pedestrian 0.00 0 0.00 650 265 663 298 0.00 0.00 0.00 0.00 0.00 0.00 0.00
pedestrian 0.00 0 0.00 642 242 657 272 0.00 0.00 0.00 0.00 0.00 0.00 0.00
bicycle 0.00 0 0.00 648 248 656 270 0.00 0.00 0.00 0.00 0.00 0.00 0.00
pedestrian 0.00 0 0.00 622 206 631 231 0.00 0.00 0.00 0.00 0.00 0.00 0.00
pedestrian 0.00 0 0.00 649 189 658 214 0.00 0.00 0.00 0.00 0.00 0.00 0.00
pedestrian 0.00 0 0.00 628 126 638 151 0.00 0.00 0.00 0.00 0.00 0.00 0.00
pedestrian 0.00 0 0.00 681 126 689 148 0.00 0.00 0.00 0.00 0.00 0.00 0.00
bicycle 0.00 0 0.00 483 145 489 164 0.00 0.00 0.00 0.00 0.00 0.00 0.00
pedestrian 0.00 0 0.00 462 32 469 49 0.00 0.00 0.00 0.00 0.00 0.00 0.00
pedestrian 0.00 0 0.00 609 66 618 86 0.00 0.00 0.00 0.00 0.00 0.00 0.00
bicycle 0.00 0 0.00 1101 641 1144 686 0.00 0.00 0.00 0.00 0.00 0.00 0.00
