van 0.00 0 0.00 520 100 689 213 0.00 0.00 0.00 0.00 0.00 0.00 0.00
van 0.00 0 0.00 908 608 1085 723 0.00 0.00 0.00 0.00 0.00 0.00 0.00
van 0.00 0 0.00 980 239 1091 408 0.00 0.00 0.00 0.00 0.00 0.00 0.00
van 0.00 0 0.00 868 675 1057 787 0.00 0.00 0.00 0.00 0.00 0.00 0.00
van 0.00 0 0.00 374 585 546 704 0.00 0.00 0.00 0.00 0.00 0.00 0.00
car 0.00 0 0.00 554 39 719 143 0.00 0.00 0.00 0.00 0.00 0.00 0.00
car 0.00 0 0.00 1032 81 1132 239 0.00 0.00 0.00 0.00 0.00 0.00 0.00
car 0.00 0 0.00 1162 151 1274 319 0.00 0.00 0.00 0.00 0.00 0.00 0.00
car 0.00 0 0.00 1247 167 1350 342 0.00 0.00 0.00 0.00 0.00 0.00 0.00
car 0.00 0 0.00 1100 307 1214 470 0.00 0.00 0.00 0.00 0.00 0.00 0.00
car 0.00 0 0.00 1186 366 1282 501 0.00 0.00 0.00 0.00 0.00 0.00 0.00
car 0.00 0 0.00 1258 373 1365 523 0.00 0.00 0.00 0.00 0.00 0.00 0.00
car 0.00 0 0.00 826 196 928 346 0.00 0.00 0.00 0.00 0.00 0.00 0.00
car 0.00 0 0.00 908 227 999 367 0.00 0.00 0.00 0.00 0.00 0.00 0.00
car 0.00 0 0.00 1080 670 1246 775 0.00 0.00 0.00 0.00 0.00 0.00 0.00
car 0.00 0 0.00 608 484 781 598 0.00 0.00 0.00 0.00 0.00 0.00 0.00
car 0.00 0 0.00 589 575 758 690 0.00 0.00 0.00 0.00 0.00 0.00 0.00
car 0.00 0 0.00 550 661 720 762 0.00 0.00 0.00 0.00 0.00 0.00 0.00
car 0.00 0 0.00 526 735 687 787 0.00 0.00 0.00 0.00 0.00 0.00 0.00
car 0.00 0 0.00 331 739 494 787 0.00 0.00 0.00 0.00 0.00 0.00 0.00
car 0.00 0 0.00 0 735 155 785 0.00 0.00 0.00 0.00 0.00 0.00 0.00
car 0.00 0 0.00 359 673 522 771 0.00 0.00 0.00 0.00 0.00 0.00 0.00
car 0.00 0 0.00 428 512 589 616 0.00 0.00 0.00 0.00 0.00 0.00 0.00
car 0.00 0 0.00 443 424 608 534 0.00 0.00 0.00 0.00 0.00 0.00 0.00
car 0.00 0 0.00 141 316 281 409 0.00 0.00 0.00 0.00 0.00 0.00 0.00
car 0.00 0 0.00 99 405 280 512 0.00 0.00 0.00 0.00 0.00 0.00 0.00
car 0.00 0 0.00 62 489 250 596 0.00 0.00 0.00 0.00 0.00 0.00 0.00
car 0.00 0 0.00 23 578 231 684 0.00 0.00 0.00 0.00 0.00 0.00 0.00
car 0.00 0 0.00 1 662 182 736 0.00 0.00 0.00 0.00 0.00 0.00 0.00
pedestrian 0.00 0 0.00 512 270 538 294 0.00 0.00 0.00 0.00 0.00 0.00 0.00
car 0.00 0 0.00 1337 199 1400 365 0.00 0.00 0.00 0.00 0.00 0.00 0.00
