pedestrian 0.00 0 0.00 1130 867 1140 887 0.00 0.00 0.00 0.00 0.00 0.00 0.00
pedestrian 0.00 0 0.00 940 780 948 799 0.00 0.00 0.00 0.00 0.00 0.00 0.00
car 0.00 0 0.00 632 835 665 866 0.00 0.00 0.00 0.00 0.00 0.00 0.00
car 0.00 0 0.00 581 826 614 860 0.00 0.00 0.00 0.00 0.00 0.00 0.00
bus 0.00 0 0.00 494 755 541 814 0.00 0.00 0.00 0.00 0.00 0.00 0.00
car 0.00 0 0.00 526 748 551 771 0.00 0.00 0.00 0.00 0.00 0.00 0.00
car 0.00 0 0.00 487 699 502 713 0.00 0.00 0.00 0.00 0.00 0.00 0.00
truck 0.00 0 0.00 606 688 631 711 0.00 0.00 0.00 0.00 0.00 0.00 0.00
van 0.00 0 0.00 646 690 665 703 0.00 0.00 0.00 0.00 0.00 0.00 0.00
car 0.00 0 0.00 548 646 560 655 0.00 0.00 0.00 0.00 0.00 0.00 0.00
van 0.00 0 0.00 470 633 481 645 0.00 0.00 0.00 0.00 0.00 0.00 0.00
car 0.00 0 0.00 504 615 512 625 0.00 0.00 0.00 0.00 0.00 0.00 0.00
pedestrian 0.00 0 0.00 385 727 391 742 0.00 0.00 0.00 0.00 0.00 0.00 0.00
car 0.00 0 0.00 259 824 324 852 0.00 0.00 0.00 0.00 0.00 0.00 0.00
car 0.00 0 0.00 174 841 235 867 0.00 0.00 0.00 0.00 0.00 0.00 0.00
car 0.00 0 0.00 118 943 208 985 0.00 0.00 0.00 0.00 0.00 0.00 0.00
car 0.00 0 0.00 139 914 219 949 0.00 0.00 0.00 0.00 0.00 0.00 0.00
car 0.00 0 0.00 510 592 517 599 0.00 0.00 0.00 0.00 0.00 0.00 0.00
car 0.00 0 0.00 518 590 525 597 0.00 0.00 0.00 0.00 0.00 0.00 0.00
car 0.00 0 0.00 502 581 510 588 0.00 0.00 0.00 0.00 0.00 0.00 0.00
car 0.00 0 0.00 510 585 516 591 0.00 0.00 0.00 0.00 0.00 0.00 0.00
car 0.00 0 0.00 517 580 524 589 0.00 0.00 0.00 0.00 0.00 0.00 0.00
car 0.00 0 0.00 510 579 517 587 0.00 0.00 0.00 0.00 0.00 0.00 0.00
