car 0.00 0 0.00 1154 800 1213 911 0.00 0.00 0.00 0.00 0.00 0.00 0.00
car 0.00 0 0.00 1350 811 1421 921 0.00 0.00 0.00 0.00 0.00 0.00 0.00
car 0.00 0 0.00 1330 724 1394 817 0.00 0.00 0.00 0.00 0.00 0.00 0.00
car 0.00 0 0.00 831 498 873 554 0.00 0.00 0.00 0.00 0.00 0.00 0.00
car 0.00 0 0.00 1054 449 1139 488 0.00 0.00 0.00 0.00 0.00 0.00 0.00
car 0.00 0 0.00 1068 429 1154 463 0.00 0.00 0.00 0.00 0.00 0.00 0.00
car 0.00 0 0.00 1055 389 1129 421 0.00 0.00 0.00 0.00 0.00 0.00 0.00
car 0.00 0 0.00 1057 370 1125 396 0.00 0.00 0.00 0.00 0.00 0.00 0.00
van 0.00 0 0.00 1284 457 1358 503 0.00 0.00 0.00 0.00 0.00 0.00 0.00
car 0.00 0 0.00 1066 328 1134 362 0.00 0.00 0.00 0.00 0.00 0.00 0.00
car 0.00 0 0.00 1060 253 1123 280 0.00 0.00 0.00 0.00 0.00 0.00 0.00
car 0.00 0 0.00 1251 437 1328 478 0.00 0.00 0.00 0.00 0.00 0.00 0.00
car 0.00 0 0.00 1239 403 1314 445 0.00 0.00 0.00 0.00 0.00 0.00 0.00
car 0.00 0 0.00 1241 382 1313 417 0.00 0.00 0.00 0.00 0.00 0.00 0.00
car 0.00 0 0.00 1242 345 1300 382 0.00 0.00 0.00 0.00 0.00 0.00 0.00
car 0.00 0 0.00 1220 327 1276 359 0.00 0.00 0.00 0.00 0.00 0.00 0.00
car 0.00 0 0.00 1187 305 1248 340 0.00 0.00 0.00 0.00 0.00 0.00 0.00
car 0.00 0 0.00 1179 284 1246 312 0.00 0.00 0.00 0.00 0.00 0.00 0.00
car 0.00 0 0.00 1361 534 1442 579 0.00 0.00 0.00 0.00 0.00 0.00 0.00
car 0.00 0 0.00 1385 564 1483 614 0.00 0.00 0.00 0.00 0.00 0.00 0.00
car 0.00 0 0.00 1442 591 1544 637 0.00 0.00 0.00 0.00 0.00 0.00 0.00
car 0.00 0 0.00 1497 615 1594 666 0.00 0.00 0.00 0.00 0.00 0.00 0.00
car 0.00 0 0.00 1561 644 1647 700 0.00 0.00 0.00 0.00 0.00 0.00 0.00
car 0.00 0 0.00 1642 667 1716 727 0.00 0.00 0.00 0.00 0.00 0.00 0.00
car 0.00 0 0.00 1730 689 1801 757 0.00 0.00 0.00 0.00 0.00 0.00 0.00
car 0.00 0 0.00 1796 717 1854 782 0.00 0.00 0.00 0.00 0.00 0.00 0.00
pedestrian 0.00 0 0.00 1608 736 1630 768 0.00 0.00 0.00 0.00 0.00 0.00 0.00
car 0.00 0 0.00 1177 219 1235 246 0.00 0.00 0.00 0.00 0.00 0.00 0.00
van 0.00 0 0.00 1209 176 1258 206 0.00 0.00 0.00 0.00 0.00 0.00 0.00
van 0.00 0 0.00 1067 214 1119 243 0.00 0.00 0.00 0.00 0.00 0.00 0.00
car 0.00 0 0.00 1061 193 1129 218 0.00 0.00 0.00 0.00 0.00 0.00 0.00
pedestrian 0.00 0 0.00 1145 267 1153 289 0.00 0.00 0.00 0.00 0.00 0.00 0.00
pedestrian 0.00 0 0.00 1084 291 1093 313 0.00 0.00 0.00 0.00 0.00 0.00 0.00
motor 0.00 0 0.00 1238 263 1259 280 0.00 0.00 0.00 0.00 0.00 0.00 0.00
motor 0.00 0 0.00 1212 271 1233 287 0.00 0.00 0.00 0.00 0.00 0.00 0.00
truck 0.00 0 0.00 885 51 936 133 0.00 0.00 0.00 0.00 0.00 0.00 0.00
pedestrian 0.00 0 0.00 886 75 892 92 0.00 0.00 0.00 0.00 0.00 0.00 0.00
