car 0.00 0 0.00 416 517 607 615 0.00 0.00 0.00 0.00 0.00 0.00 0.00
car 0.00 0 0.00 453 132 579 189 0.00 0.00 0.00 0.00 0.00 0.00 0.00
car 0.00 0 0.00 57 35 129 87 0.00 0.00 0.00 0.00 0.00 0.00 0.00
car 0.00 0 0.00 686 645 902 760 0.00 0.00 0.00 0.00 0.00 0.00 0.00
car 0.00 0 0.00 367 45 422 87 0.00 0.00 0.00 0.00 0.00 0.00 0.00
car 0.00 0 0.00 463 107 570 149 0.00 0.00 0.00 0.00 0.00 0.00 0.00
car 0.00 0 0.00 480 91 582 125 0.00 0.00 0.00 0.00 0.00 0.00 0.00
car 0.00 0 0.00 506 63 600 97 0.00 0.00 0.00 0.00 0.00 0.00 0.00
car 0.00 0 0.00 528 40 600 84 0.00 0.00 0.00 0.00 0.00 0.00 0.00
car 0.00 0 0.00 542 6 630 45 0.00 0.00 0.00 0.00 0.00 0.00 0.00
car 0.00 0 0.00 743 75 837 122 0.00 0.00 0.00 0.00 0.00 0.00 0.00
car 0.00 0 0.00 752 55 834 93 0.00 0.00 0.00 0.00 0.00 0.00 0.00
car 0.00 0 0.00 740 38 820 72 0.00 0.00 0.00 0.00 0.00 0.00 0.00
car 0.00 0 0.00 722 20 809 57 0.00 0.00 0.00 0.00 0.00 0.00 0.00
car 0.00 0 0.00 905 185 1027 256 0.00 0.00 0.00 0.00 0.00 0.00 0.00
car 0.00 0 0.00 1069 166 1184 225 0.00 0.00 0.00 0.00 0.00 0.00 0.00
car 0.00 0 0.00 1101 301 1270 372 0.00 0.00 0.00 0.00 0.00 0.00 0.00
car 0.00 0 0.00 1037 512 1230 594 0.00 0.00 0.00 0.00 0.00 0.00 0.00
car 0.00 0 0.00 268 920 428 1050 0.00 0.00 0.00 0.00 0.00 0.00 0.00
car 0.00 0 0.00 441 905 591 1050 0.00 0.00 0.00 0.00 0.00 0.00 0.00
car 0.00 0 0.00 634 935 767 1050 0.00 0.00 0.00 0.00 0.00 0.00 0.00
car 0.00 0 0.00 870 922 991 1050 0.00 0.00 0.00 0.00 0.00 0.00 0.00
car 0.00 0 0.00 1212 930 1379 1050 0.00 0.00 0.00 0.00 0.00 0.00 0.00
car 0.00 0 0.00 1334 306 1400 374 0.00 0.00 0.00 0.00 0.00 0.00 0.00
car 0.00 0 0.00 1328 174 1400 246 0.00 0.00 0.00 0.00 0.00 0.00 0.00
pedestrian 0.00 0 0.00 975 131 990 176 0.00 0.00 0.00 0.00 0.00 0.00 0.00
pedestrian 0.00 0 0.00 417 380 449 437 0.00 0.00 0.00 0.00 0.00 0.00 0.00
pedestrian 0.00 0 0.00 394 382 424 433 0.00 0.00 0.00 0.00 0.00 0.00 0.00
pedestrian 0.00 0 0.00 366 381 391 437 0.00 0.00 0.00 0.00 0.00 0.00 0.00
pedestrian 0.00 0 0.00 272 82 293 124 0.00 0.00 0.00 0.00 0.00 0.00 0.00
pedestrian 0.00 0 0.00 261 90 282 129 0.00 0.00 0.00 0.00 0.00 0.00 0.00
pedestrian 0.00 0 0.00 355 360 381 413 0.00 0.00 0.00 0.00 0.00 0.00 0.00
bus 0.00 0 0.00 660 341 1130 495 0.00 0.00 0.00 0.00 0.00 0.00 0.00
bus 0.00 0 0.00 575 257 975 404 0.00 0.00 0.00 0.00 0.00 0.00 0.00
van 0.00 0 0.00 394 0 450 46 0.00 0.00 0.00 0.00 0.00 0.00 0.00
car 0.00 0 0.00 3 30 72 80 0.00 0.00 0.00 0.00 0.00 0.00 0.00
