car 0.00 0 0.00 1287 1104 1420 1349 0.00 0.00 0.00 0.00 0.00 0.00 0.00
car 0.00 0 0.00 1239 902 1363 1103 0.00 0.00 0.00 0.00 0.00 0.00 0.00
pedestrian 0.00 0 0.00 1752 1035 1800 1092 0.00 0.00 0.00 0.00 0.00 0.00 0.00
pedestrian 0.00 0 0.00 1714 975 1750 1029 0.00 0.00 0.00 0.00 0.00 0.00 0.00
pedestrian 0.00 0 0.00 1633 769 1661 821 0.00 0.00 0.00 0.00 0.00 0.00 0.00
pedestrian 0.00 0 0.00 1795 726 1839 791 0.00 0.00 0.00 0.00 0.00 0.00 0.00
truck 0.00 0 0.00 1427 688 1598 935 0.00 0.00 0.00 0.00 0.00 0.00 0.00
car 0.00 0 0.00 1369 446 1460 563 0.00 0.00 0.00 0.00 0.00 0.00 0.00
car 0.00 0 0.00 1235 534 1331 649 0.00 0.00 0.00 0.00 0.00 0.00 0.00
car 0.00 0 0.00 1333 320 1410 426 0.00 0.00 0.00 0.00 0.00 0.00 0.00
car 0.00 0 0.00 1100 733 1294 827 0.00 0.00 0.00 0.00 0.00 0.00 0.00
car 0.00 0 0.00 1050 665 1257 737 0.00 0.00 0.00 0.00 0.00 0.00 0.00
car 0.00 0 0.00 1033 585 1216 653 0.00 0.00 0.00 0.00 0.00 0.00 0.00
car 0.00 0 0.00 1050 514 1225 585 0.00 0.00 0.00 0.00 0.00 0.00 0.00
car 0.00 0 0.00 1039 437 1200 504 0.00 0.00 0.00 0.00 0.00 0.00 0.00
car 0.00 0 0.00 1024 382 1193 442 0.00 0.00 0.00 0.00 0.00 0.00 0.00
car 0.00 0 0.00 1012 334 1162 381 0.00 0.00 0.00 0.00 0.00 0.00 0.00
car 0.00 0 0.00 1016 280 1158 340 0.00 0.00 0.00 0.00 0.00 0.00 0.00
car 0.00 0 0.00 1016 221 1159 284 0.00 0.00 0.00 0.00 0.00 0.00 0.00
car 0.00 0 0.00 1032 193 1161 239 0.00 0.00 0.00 0.00 0.00 0.00 0.00
car 0.00 0 0.00 1029 151 1164 207 0.00 0.00 0.00 0.00 0.00 0.00 0.00
