car 0.00 0 0.00 976 633 1015 694 0.00 0.00 0.00 0.00 0.00 0.00 0.00
car 0.00 0 0.00 1041 581 1073 623 0.00 0.00 0.00 0.00 0.00 0.00 0.00
car 0.00 0 0.00 1009 520 1036 563 0.00 0.00 0.00 0.00 0.00 0.00 0.00
car 0.00 0 0.00 1056 410 1077 431 0.00 0.00 0.00 0.00 0.00 0.00 0.00
car 0.00 0 0.00 1022 405 1041 428 0.00 0.00 0.00 0.00 0.00 0.00 0.00
car 0.00 0 0.00 994 401 1013 424 0.00 0.00 0.00 0.00 0.00 0.00 0.00
car 0.00 0 0.00 1061 370 1077 387 0.00 0.00 0.00 0.00 0.00 0.00 0.00
car 0.00 0 0.00 940 359 955 373 0.00 0.00 0.00 0.00 0.00 0.00 0.00
car 0.00 0 0.00 907 357 926 380 0.00 0.00 0.00 0.00 0.00 0.00 0.00
car 0.00 0 0.00 1063 312 1076 323 0.00 0.00 0.00 0.00 0.00 0.00 0.00
car 0.00 0 0.00 1034 328 1047 348 0.00 0.00 0.00 0.00 0.00 0.00 0.00
car 0.00 0 0.00 1041 312 1052 327 0.00 0.00 0.00 0.00 0.00 0.00 0.00
car 0.00 0 0.00 1040 287 1050 299 0.00 0.00 0.00 0.00 0.00 0.00 0.00
car 0.00 0 0.00 1062 284 1072 296 0.00 0.00 0.00 0.00 0.00 0.00 0.00
car 0.00 0 0.00 1040 273 1048 284 0.00 0.00 0.00 0.00 0.00 0.00 0.00
car 0.00 0 0.00 1056 273 1068 283 0.00 0.00 0.00 0.00 0.00 0.00 0.00
car 0.00 0 0.00 1050 251 1055 262 0.00 0.00 0.00 0.00 0.00 0.00 0.00
car 0.00 0 0.00 1056 242 1069 253 0.00 0.00 0.00 0.00 0.00 0.00 0.00
car 0.00 0 0.00 1040 245 1052 251 0.00 0.00 0.00 0.00 0.00 0.00 0.00
people 0.00 0 0.00 768 771 780 784 0.00 0.00 0.00 0.00 0.00 0.00 0.00
motor 0.00 0 0.00 762 781 780 810 0.00 0.00 0.00 0.00 0.00 0.00 0.00
motor 0.00 0 0.00 1476 746 1500 773 0.00 0.00 0.00 0.00 0.00 0.00 0.00
motor 0.00 0 0.00 1420 695 1448 716 0.00 0.00 0.00 0.00 0.00 0.00 0.00
motor 0.00 0 0.00 1431 680 1455 695 0.00 0.00 0.00 0.00 0.00 0.00 0.00
motor 0.00 0 0.00 1281 491 1293 498 0.00 0.00 0.00 0.00 0.00 0.00 0.00
bicycle 0.00 0 0.00 1372 587 1385 605 0.00 0.00 0.00 0.00 0.00 0.00 0.00
people 0.00 0 0.00 1437 664 1452 681 0.00 0.00 0.00 0.00 0.00 0.00 0.00
people 0.00 0 0.00 1479 734 1497 748 0.00 0.00 0.00 0.00 0.00 0.00 0.00
people 0.00 0 0.00 1426 684 1441 702 0.00 0.00 0.00 0.00 0.00 0.00 0.00
people 0.00 0 0.00 1281 476 1290 492 0.00 0.00 0.00 0.00 0.00 0.00 0.00
people 0.00 0 0.00 1372 578 1380 589 0.00 0.00 0.00 0.00 0.00 0.00 0.00
bus 0.00 0 0.00 1033 203 1062 221 0.00 0.00 0.00 0.00 0.00 0.00 0.00
car 0.00 0 0.00 927 324 947 342 0.00 0.00 0.00 0.00 0.00 0.00 0.00
car 0.00 0 0.00 938 313 954 324 0.00 0.00 0.00 0.00 0.00 0.00 0.00
people 0.00 0 0.00 963 342 969 345 0.00 0.00 0.00 0.00 0.00 0.00 0.00
people 0.00 0 0.00 973 338 980 345 0.00 0.00 0.00 0.00 0.00 0.00 0.00
pedestrian 0.00 0 0.00 969 319 976 331 0.00 0.00 0.00 0.00 0.00 0.00 0.00
motor 0.00 0 0.00 965 349 970 355 0.00 0.00 0.00 0.00 0.00 0.00 0.00
motor 0.00 0 0.00 975 349 983 352 0.00 0.00 0.00 0.00 0.00 0.00 0.00
van 0.00 0 0.00 975 269 983 280 0.00 0.00 0.00 0.00 0.00 0.00 0.00
car 0.00 0 0.00 956 257 970 265 0.00 0.00 0.00 0.00 0.00 0.00 0.00
car 0.00 0 0.00 956 253 974 260 0.00 0.00 0.00 0.00 0.00 0.00 0.00
van 0.00 0 0.00 959 243 979 255 0.00 0.00 0.00 0.00 0.00 0.00 0.00
bus 0.00 0 0.00 1012 255 1030 280 0.00 0.00 0.00 0.00 0.00 0.00 0.00
bus 0.00 0 0.00 989 198 1018 210 0.00 0.00 0.00 0.00 0.00 0.00 0.00
