truck 0.00 0 0.00 685 9 743 107 0.00 0.00 0.00 0.00 0.00 0.00 0.00
truck 0.00 0 0.00 775 19 807 99 0.00 0.00 0.00 0.00 0.00 0.00 0.00
van 0.00 0 0.00 927 193 1000 242 0.00 0.00 0.00 0.00 0.00 0.00 0.00
pedestrian 0.00 0 0.00 994 257 1007 280 0.00 0.00 0.00 0.00 0.00 0.00 0.00
car 0.00 0 0.00 909 264 944 328 0.00 0.00 0.00 0.00 0.00 0.00 0.00
truck 0.00 0 0.00 622 268 689 431 0.00 0.00 0.00 0.00 0.00 0.00 0.00
car 0.00 0 0.00 857 278 878 313 0.00 0.00 0.00 0.00 0.00 0.00 0.00
car 0.00 0 0.00 902 346 941 415 0.00 0.00 0.00 0.00 0.00 0.00 0.00
pedestrian 0.00 0 0.00 892 552 905 573 0.00 0.00 0.00 0.00 0.00 0.00 0.00
pedestrian 0.00 0 0.00 615 814 638 832 0.00 0.00 0.00 0.00 0.00 0.00 0.00
truck 0.00 0 0.00 505 849 600 1050 0.00 0.00 0.00 0.00 0.00 0.00 0.00
van 0.00 0 0.00 907 532 942 598 0.00 0.00 0.00 0.00 0.00 0.00 0.00
motor 0.00 0 0.00 999 375 1012 399 0.00 0.00 0.00 0.00 0.00 0.00 0.00
