car 0.00 0 0.00 554 280 626 378 0.00 0.00 0.00 0.00 0.00 0.00 0.00
car 0.00 0 0.00 629 108 688 180 0.00 0.00 0.00 0.00 0.00 0.00 0.00
car 0.00 0 0.00 560 56 615 147 0.00 0.00 0.00 0.00 0.00 0.00 0.00
car 0.00 0 0.00 652 33 715 108 0.00 0.00 0.00 0.00 0.00 0.00 0.00
car 0.00 0 0.00 778 5 869 46 0.00 0.00 0.00 0.00 0.00 0.00 0.00
car 0.00 0 0.00 778 44 862 84 0.00 0.00 0.00 0.00 0.00 0.00 0.00
car 0.00 0 0.00 758 65 853 103 0.00 0.00 0.00 0.00 0.00 0.00 0.00
car 0.00 0 0.00 767 87 873 138 0.00 0.00 0.00 0.00 0.00 0.00 0.00
car 0.00 0 0.00 455 517 553 660 0.00 0.00 0.00 0.00 0.00 0.00 0.00
car 0.00 0 0.00 678 562 848 651 0.00 0.00 0.00 0.00 0.00 0.00 0.00
car 0.00 0 0.00 702 490 855 572 0.00 0.00 0.00 0.00 0.00 0.00 0.00
car 0.00 0 0.00 702 434 848 501 0.00 0.00 0.00 0.00 0.00 0.00 0.00
car 0.00 0 0.00 714 384 849 451 0.00 0.00 0.00 0.00 0.00 0.00 0.00
car 0.00 0 0.00 710 337 854 404 0.00 0.00 0.00 0.00 0.00 0.00 0.00
car 0.00 0 0.00 725 293 865 354 0.00 0.00 0.00 0.00 0.00 0.00 0.00
car 0.00 0 0.00 748 250 873 305 0.00 0.00 0.00 0.00 0.00 0.00 0.00
car 0.00 0 0.00 755 215 872 260 0.00 0.00 0.00 0.00 0.00 0.00 0.00
car 0.00 0 0.00 768 178 874 228 0.00 0.00 0.00 0.00 0.00 0.00 0.00
car 0.00 0 0.00 1021 0 1104 17 0.00 0.00 0.00 0.00 0.00 0.00 0.00
car 0.00 0 0.00 1007 3 1096 44 0.00 0.00 0.00 0.00 0.00 0.00 0.00
car 0.00 0 0.00 996 58 1103 96 0.00 0.00 0.00 0.00 0.00 0.00 0.00
van 0.00 0 0.00 1003 71 1101 123 0.00 0.00 0.00 0.00 0.00 0.00 0.00
motor 0.00 0 0.00 1115 174 1156 201 0.00 0.00 0.00 0.00 0.00 0.00 0.00
motor 0.00 0 0.00 996 184 1042 207 0.00 0.00 0.00 0.00 0.00 0.00 0.00
pedestrian 0.00 0 0.00 1004 172 1024 196 0.00 0.00 0.00 0.00 0.00 0.00 0.00
car 0.00 0 0.00 1039 210 1165 267 0.00 0.00 0.00 0.00 0.00 0.00 0.00
car 0.00 0 0.00 1042 277 1166 337 0.00 0.00 0.00 0.00 0.00 0.00 0.00
car 0.00 0 0.00 1087 422 1224 496 0.00 0.00 0.00 0.00 0.00 0.00 0.00
car 0.00 0 0.00 1096 373 1228 431 0.00 0.00 0.00 0.00 0.00 0.00 0.00
car 0.00 0 0.00 1094 542 1272 631 0.00 0.00 0.00 0.00 0.00 0.00 0.00
car 0.00 0 0.00 673 719 864 815 0.00 0.00 0.00 0.00 0.00 0.00 0.00
car 0.00 0 0.00 1142 862 1351 963 0.00 0.00 0.00 0.00 0.00 0.00 0.00
car 0.00 0 0.00 357 731 479 919 0.00 0.00 0.00 0.00 0.00 0.00 0.00
car 0.00 0 0.00 276 965 412 1046 0.00 0.00 0.00 0.00 0.00 0.00 0.00
