car 0.00 0 0.00 706 746 730 782 0.00 0.00 0.00 0.00 0.00 0.00 0.00
car 0.00 0 0.00 693 703 718 740 0.00 0.00 0.00 0.00 0.00 0.00 0.00
car 0.00 0 0.00 686 666 706 698 0.00 0.00 0.00 0.00 0.00 0.00 0.00
car 0.00 0 0.00 697 628 718 658 0.00 0.00 0.00 0.00 0.00 0.00 0.00
van 0.00 0 0.00 683 581 704 612 0.00 0.00 0.00 0.00 0.00 0.00 0.00
bus 0.00 0 0.00 657 569 695 652 0.00 0.00 0.00 0.00 0.00 0.00 0.00
car 0.00 0 0.00 681 526 709 549 0.00 0.00 0.00 0.00 0.00 0.00 0.00
bus 0.00 0 0.00 779 484 855 523 0.00 0.00 0.00 0.00 0.00 0.00 0.00
bus 0.00 0 0.00 768 471 842 513 0.00 0.00 0.00 0.00 0.00 0.00 0.00
car 0.00 0 0.00 762 482 789 499 0.00 0.00 0.00 0.00 0.00 0.00 0.00
car 0.00 0 0.00 767 469 794 486 0.00 0.00 0.00 0.00 0.00 0.00 0.00
van 0.00 0 0.00 863 478 898 499 0.00 0.00 0.00 0.00 0.00 0.00 0.00
van 0.00 0 0.00 882 461 917 481 0.00 0.00 0.00 0.00 0.00 0.00 0.00
car 0.00 0 0.00 845 445 876 465 0.00 0.00 0.00 0.00 0.00 0.00 0.00
bus 0.00 0 0.00 851 419 891 443 0.00 0.00 0.00 0.00 0.00 0.00 0.00
car 0.00 0 0.00 811 425 836 439 0.00 0.00 0.00 0.00 0.00 0.00 0.00
car 0.00 0 0.00 687 456 712 472 0.00 0.00 0.00 0.00 0.00 0.00 0.00
car 0.00 0 0.00 636 478 668 494 0.00 0.00 0.00 0.00 0.00 0.00 0.00
van 0.00 0 0.00 712 432 742 450 0.00 0.00 0.00 0.00 0.00 0.00 0.00
car 0.00 0 0.00 637 396 652 419 0.00 0.00 0.00 0.00 0.00 0.00 0.00
truck 0.00 0 0.00 648 373 668 411 0.00 0.00 0.00 0.00 0.00 0.00 0.00
car 0.00 0 0.00 670 391 686 411 0.00 0.00 0.00 0.00 0.00 0.00 0.00
car 0.00 0 0.00 663 371 678 390 0.00 0.00 0.00 0.00 0.00 0.00 0.00
car 0.00 0 0.00 643 355 658 375 0.00 0.00 0.00 0.00 0.00 0.00 0.00
car 0.00 0 0.00 655 349 669 368 0.00 0.00 0.00 0.00 0.00 0.00 0.00
car 0.00 0 0.00 640 330 651 352 0.00 0.00 0.00 0.00 0.00 0.00 0.00
car 0.00 0 0.00 651 332 665 349 0.00 0.00 0.00 0.00 0.00 0.00 0.00
car 0.00 0 0.00 635 313 647 331 0.00 0.00 0.00 0.00 0.00 0.00 0.00
car 0.00 0 0.00 650 312 662 332 0.00 0.00 0.00 0.00 0.00 0.00 0.00
car 0.00 0 0.00 643 281 659 314 0.00 0.00 0.00 0.00 0.00 0.00 0.00
car 0.00 0 0.00 644 240 654 255 0.00 0.00 0.00 0.00 0.00 0.00 0.00
van 0.00 0 0.00 608 214 617 229 0.00 0.00 0.00 0.00 0.00 0.00 0.00
car 0.00 0 0.00 639 201 648 212 0.00 0.00 0.00 0.00 0.00 0.00 0.00
car 0.00 0 0.00 462 510 495 527 0.00 0.00 0.00 0.00 0.00 0.00 0.00
car 0.00 0 0.00 444 468 471 486 0.00 0.00 0.00 0.00 0.00 0.00 0.00
car 0.00 0 0.00 318 530 353 548 0.00 0.00 0.00 0.00 0.00 0.00 0.00
van 0.00 0 0.00 340 492 372 512 0.00 0.00 0.00 0.00 0.00 0.00 0.00
truck 0.00 0 0.00 296 497 337 519 0.00 0.00 0.00 0.00 0.00 0.00 0.00
car 0.00 0 0.00 257 510 288 525 0.00 0.00 0.00 0.00 0.00 0.00 0.00
car 0.00 0 0.00 219 319 235 336 0.00 0.00 0.00 0.00 0.00 0.00 0.00
car 0.00 0 0.00 250 303 269 323 0.00 0.00 0.00 0.00 0.00 0.00 0.00
car 0.00 0 0.00 243 288 256 305 0.00 0.00 0.00 0.00 0.00 0.00 0.00
car 0.00 0 0.00 249 276 265 292 0.00 0.00 0.00 0.00 0.00 0.00 0.00
car 0.00 0 0.00 258 263 270 279 0.00 0.00 0.00 0.00 0.00 0.00 0.00
car 0.00 0 0.00 253 254 266 270 0.00 0.00 0.00 0.00 0.00 0.00 0.00
car 0.00 0 0.00 198 323 215 341 0.00 0.00 0.00 0.00 0.00 0.00 0.00
car 0.00 0 0.00 207 305 226 326 0.00 0.00 0.00 0.00 0.00 0.00 0.00
car 0.00 0 0.00 218 293 232 309 0.00 0.00 0.00 0.00 0.00 0.00 0.00
car 0.00 0 0.00 226 279 241 296 0.00 0.00 0.00 0.00 0.00 0.00 0.00
car 0.00 0 0.00 234 266 249 282 0.00 0.00 0.00 0.00 0.00 0.00 0.00
car 0.00 0 0.00 243 254 257 270 0.00 0.00 0.00 0.00 0.00 0.00 0.00
bus 0.00 0 0.00 186 217 220 259 0.00 0.00 0.00 0.00 0.00 0.00 0.00
bus 0.00 0 0.00 156 222 190 264 0.00 0.00 0.00 0.00 0.00 0.00 0.00
bus 0.00 0 0.00 129 230 162 266 0.00 0.00 0.00 0.00 0.00 0.00 0.00
car 0.00 0 0.00 121 186 140 195 0.00 0.00 0.00 0.00 0.00 0.00 0.00
car 0.00 0 0.00 151 183 175 194 0.00 0.00 0.00 0.00 0.00 0.00 0.00
car 0.00 0 0.00 947 378 975 393 0.00 0.00 0.00 0.00 0.00 0.00 0.00
car 0.00 0 0.00 981 380 1004 395 0.00 0.00 0.00 0.00 0.00 0.00 0.00
car 0.00 0 0.00 1104 342 1126 358 0.00 0.00 0.00 0.00 0.00 0.00 0.00
car 0.00 0 0.00 1153 336 1180 352 0.00 0.00 0.00 0.00 0.00 0.00 0.00
car 0.00 0 0.00 1212 350 1239 367 0.00 0.00 0.00 0.00 0.00 0.00 0.00
car 0.00 0 0.00 1171 316 1199 333 0.00 0.00 0.00 0.00 0.00 0.00 0.00
car 0.00 0 0.00 1183 303 1208 316 0.00 0.00 0.00 0.00 0.00 0.00 0.00
bus 0.00 0 0.00 1209 295 1248 319 0.00 0.00 0.00 0.00 0.00 0.00 0.00
car 0.00 0 0.00 1214 317 1239 331 0.00 0.00 0.00 0.00 0.00 0.00 0.00
car 0.00 0 0.00 1311 345 1335 362 0.00 0.00 0.00 0.00 0.00 0.00 0.00
car 0.00 0 0.00 1244 279 1266 292 0.00 0.00 0.00 0.00 0.00 0.00 0.00
car 0.00 0 0.00 1332 266 1357 281 0.00 0.00 0.00 0.00 0.00 0.00 0.00
car 0.00 0 0.00 963 132 976 147 0.00 0.00 0.00 0.00 0.00 0.00 0.00
car 0.00 0 0.00 961 116 971 132 0.00 0.00 0.00 0.00 0.00 0.00 0.00
car 0.00 0 0.00 967 56 976 67 0.00 0.00 0.00 0.00 0.00 0.00 0.00
