van 0.00 0 0.00 10 166 33 179 0.00 0.00 0.00 0.00 0.00 0.00 0.00
car 0.00 0 0.00 1 174 20 186 0.00 0.00 0.00 0.00 0.00 0.00 0.00
van 0.00 0 0.00 39 189 61 202 0.00 0.00 0.00 0.00 0.00 0.00 0.00
car 0.00 0 0.00 68 199 89 209 0.00 0.00 0.00 0.00 0.00 0.00 0.00
car 0.00 0 0.00 116 192 136 203 0.00 0.00 0.00 0.00 0.00 0.00 0.00
truck 0.00 0 0.00 31 164 67 185 0.00 0.00 0.00 0.00 0.00 0.00 0.00
truck 0.00 0 0.00 64 172 117 198 0.00 0.00 0.00 0.00 0.00 0.00 0.00
van 0.00 0 0.00 63 185 95 201 0.00 0.00 0.00 0.00 0.00 0.00 0.00
van 0.00 0 0.00 24 178 42 190 0.00 0.00 0.00 0.00 0.00 0.00 0.00
car 0.00 0 0.00 42 185 63 193 0.00 0.00 0.00 0.00 0.00 0.00 0.00
car 0.00 0 0.00 101 198 120 210 0.00 0.00 0.00 0.00 0.00 0.00 0.00
car 0.00 0 0.00 93 203 115 217 0.00 0.00 0.00 0.00 0.00 0.00 0.00
car 0.00 0 0.00 353 150 367 163 0.00 0.00 0.00 0.00 0.00 0.00 0.00
van 0.00 0 0.00 396 116 413 128 0.00 0.00 0.00 0.00 0.00 0.00 0.00
van 0.00 0 0.00 396 123 415 138 0.00 0.00 0.00 0.00 0.00 0.00 0.00
truck 0.00 0 0.00 361 134 398 164 0.00 0.00 0.00 0.00 0.00 0.00 0.00
van 0.00 0 0.00 236 206 254 222 0.00 0.00 0.00 0.00 0.00 0.00 0.00
truck 0.00 0 0.00 240 204 269 231 0.00 0.00 0.00 0.00 0.00 0.00 0.00
van 0.00 0 0.00 206 210 228 230 0.00 0.00 0.00 0.00 0.00 0.00 0.00
van 0.00 0 0.00 355 120 372 132 0.00 0.00 0.00 0.00 0.00 0.00 0.00
car 0.00 0 0.00 288 186 304 199 0.00 0.00 0.00 0.00 0.00 0.00 0.00
car 0.00 0 0.00 310 181 328 195 0.00 0.00 0.00 0.00 0.00 0.00 0.00
pedestrian 0.00 0 0.00 313 193 318 205 0.00 0.00 0.00 0.00 0.00 0.00 0.00
truck 0.00 0 0.00 138 240 191 285 0.00 0.00 0.00 0.00 0.00 0.00 0.00
car 0.00 0 0.00 42 287 67 300 0.00 0.00 0.00 0.00 0.00 0.00 0.00
car 0.00 0 0.00 16 291 40 305 0.00 0.00 0.00 0.00 0.00 0.00 0.00
van 0.00 0 0.00 1 334 27 356 0.00 0.00 0.00 0.00 0.00 0.00 0.00
truck 0.00 0 0.00 2 300 34 326 0.00 0.00 0.00 0.00 0.00 0.00 0.00
car 0.00 0 0.00 497 313 520 327 0.00 0.00 0.00 0.00 0.00 0.00 0.00
truck 0.00 0 0.00 307 265 346 292 0.00 0.00 0.00 0.00 0.00 0.00 0.00
truck 0.00 0 0.00 280 266 324 293 0.00 0.00 0.00 0.00 0.00 0.00 0.00
van 0.00 0 0.00 329 296 349 309 0.00 0.00 0.00 0.00 0.00 0.00 0.00
van 0.00 0 0.00 272 284 297 302 0.00 0.00 0.00 0.00 0.00 0.00 0.00
van 0.00 0 0.00 43 273 71 294 0.00 0.00 0.00 0.00 0.00 0.00 0.00
van 0.00 0 0.00 23 273 54 291 0.00 0.00 0.00 0.00 0.00 0.00 0.00
car 0.00 0 0.00 8 274 32 287 0.00 0.00 0.00 0.00 0.00 0.00 0.00
pedestrian 0.00 0 0.00 489 285 495 296 0.00 0.00 0.00 0.00 0.00 0.00 0.00
pedestrian 0.00 0 0.00 207 626 215 637 0.00 0.00 0.00 0.00 0.00 0.00 0.00
pedestrian 0.00 0 0.00 287 639 293 646 0.00 0.00 0.00 0.00 0.00 0.00 0.00
car 0.00 0 0.00 389 732 431 775 0.00 0.00 0.00 0.00 0.00 0.00 0.00
people 0.00 0 0.00 415 613 421 618 0.00 0.00 0.00 0.00 0.00 0.00 0.00
people 0.00 0 0.00 371 601 379 612 0.00 0.00 0.00 0.00 0.00 0.00 0.00
motor 0.00 0 0.00 451 601 465 609 0.00 0.00 0.00 0.00 0.00 0.00 0.00
motor 0.00 0 0.00 411 613 422 620 0.00 0.00 0.00 0.00 0.00 0.00 0.00
motor 0.00 0 0.00 370 605 380 614 0.00 0.00 0.00 0.00 0.00 0.00 0.00
pedestrian 0.00 0 0.00 218 630 223 641 0.00 0.00 0.00 0.00 0.00 0.00 0.00
pedestrian 0.00 0 0.00 236 634 241 643 0.00 0.00 0.00 0.00 0.00 0.00 0.00
car 0.00 0 0.00 571 615 606 652 0.00 0.00 0.00 0.00 0.00 0.00 0.00
bicycle 0.00 0 0.00 708 667 723 676 0.00 0.00 0.00 0.00 0.00 0.00 0.00
car 0.00 0 0.00 680 382 707 406 0.00 0.00 0.00 0.00 0.00 0.00 0.00
truck 0.00 0 0.00 546 327 584 359 0.00 0.00 0.00 0.00 0.00 0.00 0.00
truck 0.00 0 0.00 655 333 705 364 0.00 0.00 0.00 0.00 0.00 0.00 0.00
motor 0.00 0 0.00 623 370 634 377 0.00 0.00 0.00 0.00 0.00 0.00 0.00
people 0.00 0 0.00 624 367 630 376 0.00 0.00 0.00 0.00 0.00 0.00 0.00
van 0.00 0 0.00 829 178 849 192 0.00 0.00 0.00 0.00 0.00 0.00 0.00
truck 0.00 0 0.00 882 194 909 219 0.00 0.00 0.00 0.00 0.00 0.00 0.00
car 0.00 0 0.00 790 289 808 306 0.00 0.00 0.00 0.00 0.00 0.00 0.00
car 0.00 0 0.00 851 162 871 172 0.00 0.00 0.00 0.00 0.00 0.00 0.00
car 0.00 0 0.00 856 158 875 169 0.00 0.00 0.00 0.00 0.00 0.00 0.00
car 0.00 0 0.00 862 153 881 165 0.00 0.00 0.00 0.00 0.00 0.00 0.00
car 0.00 0 0.00 867 149 884 160 0.00 0.00 0.00 0.00 0.00 0.00 0.00
car 0.00 0 0.00 872 148 891 156 0.00 0.00 0.00 0.00 0.00 0.00 0.00
car 0.00 0 0.00 875 142 896 154 0.00 0.00 0.00 0.00 0.00 0.00 0.00
car 0.00 0 0.00 883 140 899 150 0.00 0.00 0.00 0.00 0.00 0.00 0.00
car 0.00 0 0.00 883 137 902 146 0.00 0.00 0.00 0.00 0.00 0.00 0.00
car 0.00 0 0.00 891 132 909 143 0.00 0.00 0.00 0.00 0.00 0.00 0.00
car 0.00 0 0.00 902 130 914 140 0.00 0.00 0.00 0.00 0.00 0.00 0.00
van 0.00 0 0.00 889 165 900 179 0.00 0.00 0.00 0.00 0.00 0.00 0.00
car 0.00 0 0.00 911 169 925 181 0.00 0.00 0.00 0.00 0.00 0.00 0.00
car 0.00 0 0.00 906 119 926 130 0.00 0.00 0.00 0.00 0.00 0.00 0.00
car 0.00 0 0.00 927 105 945 114 0.00 0.00 0.00 0.00 0.00 0.00 0.00
car 0.00 0 0.00 932 100 952 113 0.00 0.00 0.00 0.00 0.00 0.00 0.00
car 0.00 0 0.00 809 449 837 471 0.00 0.00 0.00 0.00 0.00 0.00 0.00
car 0.00 0 0.00 806 434 825 451 0.00 0.00 0.00 0.00 0.00 0.00 0.00
van 0.00 0 0.00 839 425 865 453 0.00 0.00 0.00 0.00 0.00 0.00 0.00
van 0.00 0 0.00 860 372 880 395 0.00 0.00 0.00 0.00 0.00 0.00 0.00
truck 0.00 0 0.00 827 390 862 434 0.00 0.00 0.00 0.00 0.00 0.00 0.00
car 0.00 0 0.00 864 406 882 426 0.00 0.00 0.00 0.00 0.00 0.00 0.00
bus 0.00 0 0.00 945 624 1009 662 0.00 0.00 0.00 0.00 0.00 0.00 0.00
bicycle 0.00 0 0.00 1043 688 1060 697 0.00 0.00 0.00 0.00 0.00 0.00 0.00
van 0.00 0 0.00 1067 49 1084 65 0.00 0.00 0.00 0.00 0.00 0.00 0.00
car 0.00 0 0.00 1066 71 1077 80 0.00 0.00 0.00 0.00 0.00 0.00 0.00
car 0.00 0 0.00 1156 16 1168 24 0.00 0.00 0.00 0.00 0.00 0.00 0.00
car 0.00 0 0.00 1240 37 1253 44 0.00 0.00 0.00 0.00 0.00 0.00 0.00
truck 0.00 0 0.00 1032 648 1095 685 0.00 0.00 0.00 0.00 0.00 0.00 0.00
car 0.00 0 0.00 1364 15 1380 21 0.00 0.00 0.00 0.00 0.00 0.00 0.00
car 0.00 0 0.00 1347 285 1370 302 0.00 0.00 0.00 0.00 0.00 0.00 0.00
truck 0.00 0 0.00 1299 205 1324 235 0.00 0.00 0.00 0.00 0.00 0.00 0.00
