truck 0.00 0 0.00 637 553 661 603 0.00 0.00 0.00 0.00 0.00 0.00 0.00
truck 0.00 0 0.00 635 320 653 362 0.00 0.00 0.00 0.00 0.00 0.00 0.00
van 0.00 0 0.00 671 338 685 355 0.00 0.00 0.00 0.00 0.00 0.00 0.00
car 0.00 0 0.00 617 333 630 352 0.00 0.00 0.00 0.00 0.00 0.00 0.00
car 0.00 0 0.00 781 398 811 415 0.00 0.00 0.00 0.00 0.00 0.00 0.00
bus 0.00 0 0.00 640 494 671 546 0.00 0.00 0.00 0.00 0.00 0.00 0.00
motor 0.00 0 0.00 670 226 675 233 0.00 0.00 0.00 0.00 0.00 0.00 0.00
motor 0.00 0 0.00 651 221 656 230 0.00 0.00 0.00 0.00 0.00 0.00 0.00
pedestrian 0.00 0 0.00 677 215 684 225 0.00 0.00 0.00 0.00 0.00 0.00 0.00
car 0.00 0 0.00 1258 258 1278 269 0.00 0.00 0.00 0.00 0.00 0.00 0.00
pedestrian 0.00 0 0.00 947 246 953 254 0.00 0.00 0.00 0.00 0.00 0.00 0.00
pedestrian 0.00 0 0.00 928 243 933 253 0.00 0.00 0.00 0.00 0.00 0.00 0.00
pedestrian 0.00 0 0.00 924 241 930 251 0.00 0.00 0.00 0.00 0.00 0.00 0.00
