pedestrian 0.00 0 0.00 1058 505 1086 557 0.00 0.00 0.00 0.00 0.00 0.00 0.00
pedestrian 0.00 0 0.00 1034 452 1061 502 0.00 0.00 0.00 0.00 0.00 0.00 0.00
pedestrian 0.00 0 0.00 692 351 716 390 0.00 0.00 0.00 0.00 0.00 0.00 0.00
pedestrian 0.00 0 0.00 376 238 401 278 0.00 0.00 0.00 0.00 0.00 0.00 0.00
van 0.00 0 0.00 493 344 622 480 0.00 0.00 0.00 0.00 0.00 0.00 0.00
van 0.00 0 0.00 281 339 407 402 0.00 0.00 0.00 0.00 0.00 0.00 0.00
bus 0.00 0 0.00 292 404 498 787 0.00 0.00 0.00 0.00 0.00 0.00 0.00
pedestrian 0.00 0 0.00 382 413 400 446 0.00 0.00 0.00 0.00 0.00 0.00 0.00
motor 0.00 0 0.00 860 168 880 205 0.00 0.00 0.00 0.00 0.00 0.00 0.00
van 0.00 0 0.00 43 0 116 50 0.00 0.00 0.00 0.00 0.00 0.00 0.00
van 0.00 0 0.00 719 72 795 145 0.00 0.00 0.00 0.00 0.00 0.00 0.00
van 0.00 0 0.00 776 37 873 84 0.00 0.00 0.00 0.00 0.00 0.00 0.00
van 0.00 0 0.00 771 13 861 55 0.00 0.00 0.00 0.00 0.00 0.00 0.00
van 0.00 0 0.00 756 0 848 19 0.00 0.00 0.00 0.00 0.00 0.00 0.00
pedestrian 0.00 0 0.00 1194 717 1236 760 0.00 0.00 0.00 0.00 0.00 0.00 0.00
pedestrian 0.00 0 0.00 1264 704 1302 743 0.00 0.00 0.00 0.00 0.00 0.00 0.00
pedestrian 0.00 0 0.00 1281 693 1313 747 0.00 0.00 0.00 0.00 0.00 0.00 0.00
