car 0.00 0 0.00 758 725 786 781 0.00 0.00 0.00 0.00 0.00 0.00 0.00
car 0.00 0 0.00 705 685 733 743 0.00 0.00 0.00 0.00 0.00 0.00 0.00
car 0.00 0 0.00 658 573 704 621 0.00 0.00 0.00 0.00 0.00 0.00 0.00
car 0.00 0 0.00 659 411 680 449 0.00 0.00 0.00 0.00 0.00 0.00 0.00
car 0.00 0 0.00 688 73 700 86 0.00 0.00 0.00 0.00 0.00 0.00 0.00
car 0.00 0 0.00 671 58 684 73 0.00 0.00 0.00 0.00 0.00 0.00 0.00
car 0.00 0 0.00 671 19 685 32 0.00 0.00 0.00 0.00 0.00 0.00 0.00
car 0.00 0 0.00 615 19 635 30 0.00 0.00 0.00 0.00 0.00 0.00 0.00
bus 0.00 0 0.00 566 15 609 40 0.00 0.00 0.00 0.00 0.00 0.00 0.00
truck 0.00 0 0.00 19 27 41 45 0.00 0.00 0.00 0.00 0.00 0.00 0.00
car 0.00 0 0.00 7 28 21 39 0.00 0.00 0.00 0.00 0.00 0.00 0.00
