car 0.00 0 0.00 212 677 526 830 0.00 0.00 0.00 0.00 0.00 0.00 0.00
car 0.00 0 0.00 949 625 1129 811 0.00 0.00 0.00 0.00 0.00 0.00 0.00
van 0.00 0 0.00 278 537 578 680 0.00 0.00 0.00 0.00 0.00 0.00 0.00
van 0.00 0 0.00 1212 573 1515 730 0.00 0.00 0.00 0.00 0.00 0.00 0.00
van 0.00 0 0.00 524 203 744 316 0.00 0.00 0.00 0.00 0.00 0.00 0.00
van 0.00 0 0.00 984 1153 1222 1496 0.00 0.00 0.00 0.00 0.00 0.00 0.00
van 0.00 0 0.00 1361 1291 1996 1500 0.00 0.00 0.00 0.00 0.00 0.00 0.00
van 0.00 0 0.00 1237 1059 1751 1304 0.00 0.00 0.00 0.00 0.00 0.00 0.00
van 0.00 0 0.00 1154 913 1530 1119 0.00 0.00 0.00 0.00 0.00 0.00 0.00
car 0.00 0 0.00 1217 512 1522 622 0.00 0.00 0.00 0.00 0.00 0.00 0.00
car 0.00 0 0.00 1077 432 1332 546 0.00 0.00 0.00 0.00 0.00 0.00 0.00
car 0.00 0 0.00 664 379 795 503 0.00 0.00 0.00 0.00 0.00 0.00 0.00
car 0.00 0 0.00 329 477 601 580 0.00 0.00 0.00 0.00 0.00 0.00 0.00
car 0.00 0 0.00 399 408 669 522 0.00 0.00 0.00 0.00 0.00 0.00 0.00
motor 0.00 0 0.00 403 377 522 451 0.00 0.00 0.00 0.00 0.00 0.00 0.00
bicycle 0.00 0 0.00 508 349 592 411 0.00 0.00 0.00 0.00 0.00 0.00 0.00
van 0.00 0 0.00 1214 356 1411 480 0.00 0.00 0.00 0.00 0.00 0.00 0.00
car 0.00 0 0.00 1184 317 1411 414 0.00 0.00 0.00 0.00 0.00 0.00 0.00
car 0.00 0 0.00 1148 277 1356 358 0.00 0.00 0.00 0.00 0.00 0.00 0.00
car 0.00 0 0.00 1141 247 1349 328 0.00 0.00 0.00 0.00 0.00 0.00 0.00
van 0.00 0 0.00 567 182 759 272 0.00 0.00 0.00 0.00 0.00 0.00 0.00
pedestrian 0.00 0 0.00 1077 219 1111 291 0.00 0.00 0.00 0.00 0.00 0.00 0.00
car 0.00 0 0.00 1132 210 1311 279 0.00 0.00 0.00 0.00 0.00 0.00 0.00
tricycle 0.00 0 0.00 1151 186 1271 245 0.00 0.00 0.00 0.00 0.00 0.00 0.00
car 0.00 0 0.00 1102 132 1268 194 0.00 0.00 0.00 0.00 0.00 0.00 0.00
car 0.00 0 0.00 1107 114 1259 160 0.00 0.00 0.00 0.00 0.00 0.00 0.00
van 0.00 0 0.00 1112 73 1239 135 0.00 0.00 0.00 0.00 0.00 0.00 0.00
truck 0.00 0 0.00 1087 57 1230 113 0.00 0.00 0.00 0.00 0.00 0.00 0.00
car 0.00 0 0.00 1088 34 1213 78 0.00 0.00 0.00 0.00 0.00 0.00 0.00
van 0.00 0 0.00 1082 5 1198 56 0.00 0.00 0.00 0.00 0.00 0.00 0.00
car 0.00 0 0.00 1008 74 1074 140 0.00 0.00 0.00 0.00 0.00 0.00 0.00
car 0.00 0 0.00 892 50 959 114 0.00 0.00 0.00 0.00 0.00 0.00 0.00
car 0.00 0 0.00 627 142 794 209 0.00 0.00 0.00 0.00 0.00 0.00 0.00
car 0.00 0 0.00 613 107 779 173 0.00 0.00 0.00 0.00 0.00 0.00 0.00
car 0.00 0 0.00 639 82 795 137 0.00 0.00 0.00 0.00 0.00 0.00 0.00
car 0.00 0 0.00 687 59 843 114 0.00 0.00 0.00 0.00 0.00 0.00 0.00
car 0.00 0 0.00 690 25 831 81 0.00 0.00 0.00 0.00 0.00 0.00 0.00
pedestrian 0.00 0 0.00 789 39 808 83 0.00 0.00 0.00 0.00 0.00 0.00 0.00
car 0.00 0 0.00 686 14 804 50 0.00 0.00 0.00 0.00 0.00 0.00 0.00
van 0.00 0 0.00 709 0 825 37 0.00 0.00 0.00 0.00 0.00 0.00 0.00
pedestrian 0.00 0 0.00 1306 42 1331 99 0.00 0.00 0.00 0.00 0.00 0.00 0.00
motor 0.00 0 0.00 582 178 641 218 0.00 0.00 0.00 0.00 0.00 0.00 0.00
motor 0.00 0 0.00 635 55 688 98 0.00 0.00 0.00 0.00 0.00 0.00 0.00
bicycle 0.00 0 0.00 662 40 691 77 0.00 0.00 0.00 0.00 0.00 0.00 0.00
bicycle 0.00 0 0.00 676 18 696 50 0.00 0.00 0.00 0.00 0.00 0.00 0.00
