pedestrian 0.00 0 0.00 449 61 464 89 0.00 0.00 0.00 0.00 0.00 0.00 0.00
pedestrian 0.00 0 0.00 522 50 543 88 0.00 0.00 0.00 0.00 0.00 0.00 0.00
pedestrian 0.00 0 0.00 689 0 701 22 0.00 0.00 0.00 0.00 0.00 0.00 0.00
car 0.00 0 0.00 561 0 592 32 0.00 0.00 0.00 0.00 0.00 0.00 0.00
car 0.00 0 0.00 629 0 667 32 0.00 0.00 0.00 0.00 0.00 0.00 0.00
car 0.00 0 0.00 626 33 658 76 0.00 0.00 0.00 0.00 0.00 0.00 0.00
car 0.00 0 0.00 622 77 659 139 0.00 0.00 0.00 0.00 0.00 0.00 0.00
car 0.00 0 0.00 670 37 706 111 0.00 0.00 0.00 0.00 0.00 0.00 0.00
truck 0.00 0 0.00 545 22 588 92 0.00 0.00 0.00 0.00 0.00 0.00 0.00
car 0.00 0 0.00 545 90 584 148 0.00 0.00 0.00 0.00 0.00 0.00 0.00
car 0.00 0 0.00 607 144 656 223 0.00 0.00 0.00 0.00 0.00 0.00 0.00
car 0.00 0 0.00 536 141 587 222 0.00 0.00 0.00 0.00 0.00 0.00 0.00
motor 0.00 0 0.00 416 84 447 105 0.00 0.00 0.00 0.00 0.00 0.00 0.00
pedestrian 0.00 0 0.00 410 98 426 129 0.00 0.00 0.00 0.00 0.00 0.00 0.00
pedestrian 0.00 0 0.00 423 113 442 130 0.00 0.00 0.00 0.00 0.00 0.00 0.00
car 0.00 0 0.00 382 201 499 246 0.00 0.00 0.00 0.00 0.00 0.00 0.00
car 0.00 0 0.00 389 239 524 289 0.00 0.00 0.00 0.00 0.00 0.00 0.00
car 0.00 0 0.00 548 226 665 280 0.00 0.00 0.00 0.00 0.00 0.00 0.00
car 0.00 0 0.00 307 279 428 340 0.00 0.00 0.00 0.00 0.00 0.00 0.00
car 0.00 0 0.00 645 308 699 409 0.00 0.00 0.00 0.00 0.00 0.00 0.00
van 0.00 0 0.00 581 268 637 368 0.00 0.00 0.00 0.00 0.00 0.00 0.00
van 0.00 0 0.00 476 341 543 481 0.00 0.00 0.00 0.00 0.00 0.00 0.00
car 0.00 0 0.00 566 390 625 492 0.00 0.00 0.00 0.00 0.00 0.00 0.00
car 0.00 0 0.00 645 465 706 589 0.00 0.00 0.00 0.00 0.00 0.00 0.00
truck 0.00 0 0.00 548 472 621 652 0.00 0.00 0.00 0.00 0.00 0.00 0.00
car 0.00 0 0.00 267 487 350 611 0.00 0.00 0.00 0.00 0.00 0.00 0.00
tricycle 0.00 0 0.00 202 543 244 624 0.00 0.00 0.00 0.00 0.00 0.00 0.00
bicycle 0.00 0 0.00 164 596 212 639 0.00 0.00 0.00 0.00 0.00 0.00 0.00
bicycle 0.00 0 0.00 283 673 330 718 0.00 0.00 0.00 0.00 0.00 0.00 0.00
people 0.00 0 0.00 293 656 317 688 0.00 0.00 0.00 0.00 0.00 0.00 0.00
pedestrian 0.00 0 0.00 372 771 400 810 0.00 0.00 0.00 0.00 0.00 0.00 0.00
pedestrian 0.00 0 0.00 393 760 412 786 0.00 0.00 0.00 0.00 0.00 0.00 0.00
pedestrian 0.00 0 0.00 402 729 423 761 0.00 0.00 0.00 0.00 0.00 0.00 0.00
pedestrian 0.00 0 0.00 213 819 236 858 0.00 0.00 0.00 0.00 0.00 0.00 0.00
bicycle 0.00 0 0.00 232 824 252 890 0.00 0.00 0.00 0.00 0.00 0.00 0.00
car 0.00 0 0.00 649 687 738 866 0.00 0.00 0.00 0.00 0.00 0.00 0.00
van 0.00 0 0.00 528 688 602 843 0.00 0.00 0.00 0.00 0.00 0.00 0.00
car 0.00 0 0.00 416 702 500 836 0.00 0.00 0.00 0.00 0.00 0.00 0.00
pedestrian 0.00 0 0.00 461 812 492 860 0.00 0.00 0.00 0.00 0.00 0.00 0.00
van 0.00 0 0.00 373 857 473 1033 0.00 0.00 0.00 0.00 0.00 0.00 0.00
car 0.00 0 0.00 246 767 376 971 0.00 0.00 0.00 0.00 0.00 0.00 0.00
tricycle 0.00 0 0.00 77 773 155 822 0.00 0.00 0.00 0.00 0.00 0.00 0.00
pedestrian 0.00 0 0.00 69 1007 97 1032 0.00 0.00 0.00 0.00 0.00 0.00 0.00
van 0.00 0 0.00 483 839 581 1048 0.00 0.00 0.00 0.00 0.00 0.00 0.00
car 0.00 0 0.00 773 0 807 26 0.00 0.00 0.00 0.00 0.00 0.00 0.00
car 0.00 0 0.00 989 7 1040 52 0.00 0.00 0.00 0.00 0.00 0.00 0.00
car 0.00 0 0.00 1010 55 1059 106 0.00 0.00 0.00 0.00 0.00 0.00 0.00
car 0.00 0 0.00 1033 104 1085 159 0.00 0.00 0.00 0.00 0.00 0.00 0.00
truck 0.00 0 0.00 1045 132 1140 240 0.00 0.00 0.00 0.00 0.00 0.00 0.00
pedestrian 0.00 0 0.00 1278 297 1295 341 0.00 0.00 0.00 0.00 0.00 0.00 0.00
pedestrian 0.00 0 0.00 1240 304 1272 349 0.00 0.00 0.00 0.00 0.00 0.00 0.00
pedestrian 0.00 0 0.00 1224 291 1242 331 0.00 0.00 0.00 0.00 0.00 0.00 0.00
tricycle 0.00 0 0.00 1340 346 1400 388 0.00 0.00 0.00 0.00 0.00 0.00 0.00
bicycle 0.00 0 0.00 1376 408 1400 438 0.00 0.00 0.00 0.00 0.00 0.00 0.00
car 0.00 0 0.00 1150 402 1283 545 0.00 0.00 0.00 0.00 0.00 0.00 0.00
car 0.00 0 0.00 1227 546 1352 684 0.00 0.00 0.00 0.00 0.00 0.00 0.00
car 0.00 0 0.00 1287 683 1398 821 0.00 0.00 0.00 0.00 0.00 0.00 0.00
