bus 0.00 0 0.00 67 0 123 136 0.00 0.00 0.00 0.00 0.00 0.00 0.00
pedestrian 0.00 0 0.00 89 608 111 619 0.00 0.00 0.00 0.00 0.00 0.00 0.00
car 0.00 0 0.00 0 997 22 1049 0.00 0.00 0.00 0.00 0.00 0.00 0.00
van 0.00 0 0.00 638 980 672 1050 0.00 0.00 0.00 0.00 0.00 0.00 0.00
car 0.00 0 0.00 554 1001 632 1038 0.00 0.00 0.00 0.00 0.00 0.00 0.00
motor 0.00 0 0.00 744 1007 776 1032 0.00 0.00 0.00 0.00 0.00 0.00 0.00
car 0.00 0 0.00 584 936 660 976 0.00 0.00 0.00 0.00 0.00 0.00 0.00
people 0.00 0 0.00 753 1015 767 1031 0.00 0.00 0.00 0.00 0.00 0.00 0.00
motor 0.00 0 0.00 763 963 781 989 0.00 0.00 0.00 0.00 0.00 0.00 0.00
motor 0.00 0 0.00 764 894 779 923 0.00 0.00 0.00 0.00 0.00 0.00 0.00
motor 0.00 0 0.00 782 892 805 913 0.00 0.00 0.00 0.00 0.00 0.00 0.00
motor 0.00 0 0.00 769 881 795 892 0.00 0.00 0.00 0.00 0.00 0.00 0.00
motor 0.00 0 0.00 770 864 801 878 0.00 0.00 0.00 0.00 0.00 0.00 0.00
motor 0.00 0 0.00 776 816 801 833 0.00 0.00 0.00 0.00 0.00 0.00 0.00
motor 0.00 0 0.00 760 774 786 792 0.00 0.00 0.00 0.00 0.00 0.00 0.00
pedestrian 0.00 0 0.00 712 907 722 924 0.00 0.00 0.00 0.00 0.00 0.00 0.00
pedestrian 0.00 0 0.00 725 876 734 891 0.00 0.00 0.00 0.00 0.00 0.00 0.00
pedestrian 0.00 0 0.00 734 875 746 887 0.00 0.00 0.00 0.00 0.00 0.00 0.00
car 0.00 0 0.00 565 896 633 926 0.00 0.00 0.00 0.00 0.00 0.00 0.00
car 0.00 0 0.00 571 853 639 888 0.00 0.00 0.00 0.00 0.00 0.00 0.00
car 0.00 0 0.00 562 799 636 831 0.00 0.00 0.00 0.00 0.00 0.00 0.00
van 0.00 0 0.00 604 758 663 793 0.00 0.00 0.00 0.00 0.00 0.00 0.00
car 0.00 0 0.00 584 719 662 755 0.00 0.00 0.00 0.00 0.00 0.00 0.00
van 0.00 0 0.00 589 639 657 676 0.00 0.00 0.00 0.00 0.00 0.00 0.00
motor 0.00 0 0.00 607 683 632 701 0.00 0.00 0.00 0.00 0.00 0.00 0.00
pedestrian 0.00 0 0.00 693 695 704 707 0.00 0.00 0.00 0.00 0.00 0.00 0.00
pedestrian 0.00 0 0.00 706 686 718 696 0.00 0.00 0.00 0.00 0.00 0.00 0.00
pedestrian 0.00 0 0.00 719 694 727 705 0.00 0.00 0.00 0.00 0.00 0.00 0.00
pedestrian 0.00 0 0.00 680 603 689 615 0.00 0.00 0.00 0.00 0.00 0.00 0.00
pedestrian 0.00 0 0.00 688 613 698 621 0.00 0.00 0.00 0.00 0.00 0.00 0.00
pedestrian 0.00 0 0.00 631 595 641 606 0.00 0.00 0.00 0.00 0.00 0.00 0.00
car 0.00 0 0.00 574 459 647 490 0.00 0.00 0.00 0.00 0.00 0.00 0.00
van 0.00 0 0.00 754 348 821 418 0.00 0.00 0.00 0.00 0.00 0.00 0.00
van 0.00 0 0.00 766 406 824 463 0.00 0.00 0.00 0.00 0.00 0.00 0.00
motor 0.00 0 0.00 803 315 816 342 0.00 0.00 0.00 0.00 0.00 0.00 0.00
motor 0.00 0 0.00 710 362 718 374 0.00 0.00 0.00 0.00 0.00 0.00 0.00
motor 0.00 0 0.00 661 325 672 338 0.00 0.00 0.00 0.00 0.00 0.00 0.00
truck 0.00 0 0.00 549 349 650 392 0.00 0.00 0.00 0.00 0.00 0.00 0.00
truck 0.00 0 0.00 554 302 652 345 0.00 0.00 0.00 0.00 0.00 0.00 0.00
truck 0.00 0 0.00 559 225 647 262 0.00 0.00 0.00 0.00 0.00 0.00 0.00
awning-tricycle 0.00 0 0.00 592 272 644 296 0.00 0.00 0.00 0.00 0.00 0.00 0.00
pedestrian 0.00 0 0.00 604 281 611 292 0.00 0.00 0.00 0.00 0.00 0.00 0.00
people 0.00 0 0.00 650 226 660 236 0.00 0.00 0.00 0.00 0.00 0.00 0.00
awning-tricycle 0.00 0 0.00 624 153 665 188 0.00 0.00 0.00 0.00 0.00 0.00 0.00
people 0.00 0 0.00 652 167 661 179 0.00 0.00 0.00 0.00 0.00 0.00 0.00
pedestrian 0.00 0 0.00 657 193 672 205 0.00 0.00 0.00 0.00 0.00 0.00 0.00
pedestrian 0.00 0 0.00 581 134 590 147 0.00 0.00 0.00 0.00 0.00 0.00 0.00
pedestrian 0.00 0 0.00 656 135 666 149 0.00 0.00 0.00 0.00 0.00 0.00 0.00
motor 0.00 0 0.00 787 175 813 190 0.00 0.00 0.00 0.00 0.00 0.00 0.00
pedestrian 0.00 0 0.00 638 35 652 53 0.00 0.00 0.00 0.00 0.00 0.00 0.00
pedestrian 0.00 0 0.00 589 81 597 96 0.00 0.00 0.00 0.00 0.00 0.00 0.00
pedestrian 0.00 0 0.00 588 69 599 84 0.00 0.00 0.00 0.00 0.00 0.00 0.00
awning-tricycle 0.00 0 0.00 569 72 593 107 0.00 0.00 0.00 0.00 0.00 0.00 0.00
people 0.00 0 0.00 673 28 683 42 0.00 0.00 0.00 0.00 0.00 0.00 0.00
pedestrian 0.00 0 0.00 570 40 582 57 0.00 0.00 0.00 0.00 0.00 0.00 0.00
pedestrian 0.00 0 0.00 579 29 591 47 0.00 0.00 0.00 0.00 0.00 0.00 0.00
