van 0.00 0 0.00 258 162 274 170 0.00 0.00 0.00 0.00 0.00 0.00 0.00
van 0.00 0 0.00 222 175 238 182 0.00 0.00 0.00 0.00 0.00 0.00 0.00
car 0.00 0 0.00 241 169 256 177 0.00 0.00 0.00 0.00 0.00 0.00 0.00
van 0.00 0 0.00 220 211 231 225 0.00 0.00 0.00 0.00 0.00 0.00 0.00
car 0.00 0 0.00 226 222 235 234 0.00 0.00 0.00 0.00 0.00 0.00 0.00
truck 0.00 0 0.00 184 242 206 263 0.00 0.00 0.00 0.00 0.00 0.00 0.00
truck 0.00 0 0.00 193 245 216 263 0.00 0.00 0.00 0.00 0.00 0.00 0.00
truck 0.00 0 0.00 203 248 225 267 0.00 0.00 0.00 0.00 0.00 0.00 0.00
van 0.00 0 0.00 243 255 257 271 0.00 0.00 0.00 0.00 0.00 0.00 0.00
truck 0.00 0 0.00 364 243 390 255 0.00 0.00 0.00 0.00 0.00 0.00 0.00
truck 0.00 0 0.00 426 247 452 263 0.00 0.00 0.00 0.00 0.00 0.00 0.00
truck 0.00 0 0.00 427 241 454 257 0.00 0.00 0.00 0.00 0.00 0.00 0.00
truck 0.00 0 0.00 386 232 403 249 0.00 0.00 0.00 0.00 0.00 0.00 0.00
van 0.00 0 0.00 403 247 422 257 0.00 0.00 0.00 0.00 0.00 0.00 0.00
truck 0.00 0 0.00 229 286 262 302 0.00 0.00 0.00 0.00 0.00 0.00 0.00
van 0.00 0 0.00 250 272 272 283 0.00 0.00 0.00 0.00 0.00 0.00 0.00
car 0.00 0 0.00 181 285 194 298 0.00 0.00 0.00 0.00 0.00 0.00 0.00
van 0.00 0 0.00 189 282 205 298 0.00 0.00 0.00 0.00 0.00 0.00 0.00
truck 0.00 0 0.00 195 286 216 305 0.00 0.00 0.00 0.00 0.00 0.00 0.00
van 0.00 0 0.00 209 290 225 305 0.00 0.00 0.00 0.00 0.00 0.00 0.00
car 0.00 0 0.00 275 277 293 286 0.00 0.00 0.00 0.00 0.00 0.00 0.00
truck 0.00 0 0.00 322 283 352 297 0.00 0.00 0.00 0.00 0.00 0.00 0.00
truck 0.00 0 0.00 369 260 385 279 0.00 0.00 0.00 0.00 0.00 0.00 0.00
car 0.00 0 0.00 361 264 371 275 0.00 0.00 0.00 0.00 0.00 0.00 0.00
car 0.00 0 0.00 359 279 369 289 0.00 0.00 0.00 0.00 0.00 0.00 0.00
car 0.00 0 0.00 388 279 399 292 0.00 0.00 0.00 0.00 0.00 0.00 0.00
car 0.00 0 0.00 385 266 396 277 0.00 0.00 0.00 0.00 0.00 0.00 0.00
van 0.00 0 0.00 396 265 410 279 0.00 0.00 0.00 0.00 0.00 0.00 0.00
van 0.00 0 0.00 406 266 419 281 0.00 0.00 0.00 0.00 0.00 0.00 0.00
van 0.00 0 0.00 414 270 428 283 0.00 0.00 0.00 0.00 0.00 0.00 0.00
van 0.00 0 0.00 374 274 388 291 0.00 0.00 0.00 0.00 0.00 0.00 0.00
car 0.00 0 0.00 126 234 148 245 0.00 0.00 0.00 0.00 0.00 0.00 0.00
van 0.00 0 0.00 79 347 101 360 0.00 0.00 0.00 0.00 0.00 0.00 0.00
bus 0.00 0 0.00 185 548 211 585 0.00 0.00 0.00 0.00 0.00 0.00 0.00
car 0.00 0 0.00 220 589 234 613 0.00 0.00 0.00 0.00 0.00 0.00 0.00
van 0.00 0 0.00 229 672 242 699 0.00 0.00 0.00 0.00 0.00 0.00 0.00
car 0.00 0 0.00 832 765 851 787 0.00 0.00 0.00 0.00 0.00 0.00 0.00
bicycle 0.00 0 0.00 1135 678 1146 686 0.00 0.00 0.00 0.00 0.00 0.00 0.00
people 0.00 0 0.00 1139 677 1145 684 0.00 0.00 0.00 0.00 0.00 0.00 0.00
van 0.00 0 0.00 734 449 753 471 0.00 0.00 0.00 0.00 0.00 0.00 0.00
car 0.00 0 0.00 759 398 783 412 0.00 0.00 0.00 0.00 0.00 0.00 0.00
pedestrian 0.00 0 0.00 624 407 627 414 0.00 0.00 0.00 0.00 0.00 0.00 0.00
car 0.00 0 0.00 686 129 699 137 0.00 0.00 0.00 0.00 0.00 0.00 0.00
van 0.00 0 0.00 732 161 742 174 0.00 0.00 0.00 0.00 0.00 0.00 0.00
van 0.00 0 0.00 732 170 748 178 0.00 0.00 0.00 0.00 0.00 0.00 0.00
bus 0.00 0 0.00 602 201 621 217 0.00 0.00 0.00 0.00 0.00 0.00 0.00
bus 0.00 0 0.00 610 195 630 211 0.00 0.00 0.00 0.00 0.00 0.00 0.00
bus 0.00 0 0.00 618 193 638 208 0.00 0.00 0.00 0.00 0.00 0.00 0.00
bus 0.00 0 0.00 625 191 646 206 0.00 0.00 0.00 0.00 0.00 0.00 0.00
bus 0.00 0 0.00 600 208 642 228 0.00 0.00 0.00 0.00 0.00 0.00 0.00
bus 0.00 0 0.00 618 238 663 258 0.00 0.00 0.00 0.00 0.00 0.00 0.00
bus 0.00 0 0.00 646 276 688 298 0.00 0.00 0.00 0.00 0.00 0.00 0.00
bus 0.00 0 0.00 660 299 700 317 0.00 0.00 0.00 0.00 0.00 0.00 0.00
bus 0.00 0 0.00 681 316 712 341 0.00 0.00 0.00 0.00 0.00 0.00 0.00
bus 0.00 0 0.00 795 249 816 262 0.00 0.00 0.00 0.00 0.00 0.00 0.00
van 0.00 0 0.00 767 213 783 222 0.00 0.00 0.00 0.00 0.00 0.00 0.00
van 0.00 0 0.00 736 174 751 181 0.00 0.00 0.00 0.00 0.00 0.00 0.00
van 0.00 0 0.00 738 177 754 185 0.00 0.00 0.00 0.00 0.00 0.00 0.00
van 0.00 0 0.00 740 180 756 188 0.00 0.00 0.00 0.00 0.00 0.00 0.00
van 0.00 0 0.00 742 184 759 193 0.00 0.00 0.00 0.00 0.00 0.00 0.00
van 0.00 0 0.00 745 187 762 196 0.00 0.00 0.00 0.00 0.00 0.00 0.00
van 0.00 0 0.00 751 193 767 203 0.00 0.00 0.00 0.00 0.00 0.00 0.00
van 0.00 0 0.00 754 199 769 207 0.00 0.00 0.00 0.00 0.00 0.00 0.00
van 0.00 0 0.00 757 201 775 211 0.00 0.00 0.00 0.00 0.00 0.00 0.00
van 0.00 0 0.00 763 210 780 219 0.00 0.00 0.00 0.00 0.00 0.00 0.00
van 0.00 0 0.00 695 162 708 176 0.00 0.00 0.00 0.00 0.00 0.00 0.00
bus 0.00 0 0.00 686 163 704 178 0.00 0.00 0.00 0.00 0.00 0.00 0.00
bus 0.00 0 0.00 673 169 691 184 0.00 0.00 0.00 0.00 0.00 0.00 0.00
bus 0.00 0 0.00 665 173 684 187 0.00 0.00 0.00 0.00 0.00 0.00 0.00
bus 0.00 0 0.00 654 178 671 194 0.00 0.00 0.00 0.00 0.00 0.00 0.00
bus 0.00 0 0.00 640 184 658 199 0.00 0.00 0.00 0.00 0.00 0.00 0.00
truck 0.00 0 0.00 677 190 699 209 0.00 0.00 0.00 0.00 0.00 0.00 0.00
truck 0.00 0 0.00 683 200 706 217 0.00 0.00 0.00 0.00 0.00 0.00 0.00
truck 0.00 0 0.00 685 203 712 223 0.00 0.00 0.00 0.00 0.00 0.00 0.00
truck 0.00 0 0.00 688 212 715 228 0.00 0.00 0.00 0.00 0.00 0.00 0.00
truck 0.00 0 0.00 697 215 718 230 0.00 0.00 0.00 0.00 0.00 0.00 0.00
truck 0.00 0 0.00 699 218 722 235 0.00 0.00 0.00 0.00 0.00 0.00 0.00
truck 0.00 0 0.00 702 223 726 240 0.00 0.00 0.00 0.00 0.00 0.00 0.00
truck 0.00 0 0.00 708 232 727 247 0.00 0.00 0.00 0.00 0.00 0.00 0.00
bus 0.00 0 0.00 708 234 731 250 0.00 0.00 0.00 0.00 0.00 0.00 0.00
truck 0.00 0 0.00 718 249 741 267 0.00 0.00 0.00 0.00 0.00 0.00 0.00
truck 0.00 0 0.00 721 253 746 274 0.00 0.00 0.00 0.00 0.00 0.00 0.00
bus 0.00 0 0.00 727 261 753 280 0.00 0.00 0.00 0.00 0.00 0.00 0.00
truck 0.00 0 0.00 732 267 757 285 0.00 0.00 0.00 0.00 0.00 0.00 0.00
truck 0.00 0 0.00 737 269 769 293 0.00 0.00 0.00 0.00 0.00 0.00 0.00
bus 0.00 0 0.00 746 279 772 298 0.00 0.00 0.00 0.00 0.00 0.00 0.00
bus 0.00 0 0.00 755 257 778 272 0.00 0.00 0.00 0.00 0.00 0.00 0.00
van 0.00 0 0.00 762 263 785 277 0.00 0.00 0.00 0.00 0.00 0.00 0.00
bus 0.00 0 0.00 749 252 772 267 0.00 0.00 0.00 0.00 0.00 0.00 0.00
bus 0.00 0 0.00 747 247 767 261 0.00 0.00 0.00 0.00 0.00 0.00 0.00
bus 0.00 0 0.00 742 242 762 256 0.00 0.00 0.00 0.00 0.00 0.00 0.00
bus 0.00 0 0.00 745 235 767 247 0.00 0.00 0.00 0.00 0.00 0.00 0.00
bus 0.00 0 0.00 734 232 756 246 0.00 0.00 0.00 0.00 0.00 0.00 0.00
bus 0.00 0 0.00 729 228 750 243 0.00 0.00 0.00 0.00 0.00 0.00 0.00
bus 0.00 0 0.00 724 219 746 237 0.00 0.00 0.00 0.00 0.00 0.00 0.00
bus 0.00 0 0.00 719 213 743 229 0.00 0.00 0.00 0.00 0.00 0.00 0.00
bus 0.00 0 0.00 714 204 735 220 0.00 0.00 0.00 0.00 0.00 0.00 0.00
bus 0.00 0 0.00 705 197 725 211 0.00 0.00 0.00 0.00 0.00 0.00 0.00
bus 0.00 0 0.00 699 194 721 208 0.00 0.00 0.00 0.00 0.00 0.00 0.00
bus 0.00 0 0.00 699 190 716 204 0.00 0.00 0.00 0.00 0.00 0.00 0.00
car 0.00 0 0.00 285 25 297 32 0.00 0.00 0.00 0.00 0.00 0.00 0.00
