van 0.00 0 0.00 685 48 728 150 0.00 0.00 0.00 0.00 0.00 0.00 0.00
van 0.00 0 0.00 695 279 728 362 0.00 0.00 0.00 0.00 0.00 0.00 0.00
van 0.00 0 0.00 699 690 736 776 0.00 0.00 0.00 0.00 0.00 0.00 0.00
van 0.00 0 0.00 379 183 424 270 0.00 0.00 0.00 0.00 0.00 0.00 0.00
car 0.00 0 0.00 694 414 734 500 0.00 0.00 0.00 0.00 0.00 0.00 0.00
car 0.00 0 0.00 697 534 742 629 0.00 0.00 0.00 0.00 0.00 0.00 0.00
car 0.00 0 0.00 379 335 425 427 0.00 0.00 0.00 0.00 0.00 0.00 0.00
car 0.00 0 0.00 322 793 404 864 0.00 0.00 0.00 0.00 0.00 0.00 0.00
car 0.00 0 0.00 705 1013 746 1050 0.00 0.00 0.00 0.00 0.00 0.00 0.00
pedestrian 0.00 0 0.00 404 972 419 992 0.00 0.00 0.00 0.00 0.00 0.00 0.00
pedestrian 0.00 0 0.00 503 803 519 829 0.00 0.00 0.00 0.00 0.00 0.00 0.00
pedestrian 0.00 0 0.00 397 1004 415 1026 0.00 0.00 0.00 0.00 0.00 0.00 0.00
pedestrian 0.00 0 0.00 417 998 427 1023 0.00 0.00 0.00 0.00 0.00 0.00 0.00
pedestrian 0.00 0 0.00 426 998 441 1024 0.00 0.00 0.00 0.00 0.00 0.00 0.00
pedestrian 0.00 0 0.00 438 994 461 1011 0.00 0.00 0.00 0.00 0.00 0.00 0.00
pedestrian 0.00 0 0.00 779 340 790 361 0.00 0.00 0.00 0.00 0.00 0.00 0.00
pedestrian 0.00 0 0.00 753 293 765 310 0.00 0.00 0.00 0.00 0.00 0.00 0.00
pedestrian 0.00 0 0.00 771 289 779 307 0.00 0.00 0.00 0.00 0.00 0.00 0.00
bicycle 0.00 0 0.00 814 319 827 351 0.00 0.00 0.00 0.00 0.00 0.00 0.00
motor 0.00 0 0.00 303 232 336 250 0.00 0.00 0.00 0.00 0.00 0.00 0.00
motor 0.00 0 0.00 295 445 332 458 0.00 0.00 0.00 0.00 0.00 0.00 0.00
