people 0.00 0 0.00 336 458 352 487 0.00 0.00 0.00 0.00 0.00 0.00 0.00
motor 0.00 0 0.00 389 542 417 559 0.00 0.00 0.00 0.00 0.00 0.00 0.00
motor 0.00 0 0.00 457 518 486 533 0.00 0.00 0.00 0.00 0.00 0.00 0.00
tricycle 0.00 0 0.00 298 556 337 597 0.00 0.00 0.00 0.00 0.00 0.00 0.00
pedestrian 0.00 0 0.00 330 584 346 612 0.00 0.00 0.00 0.00 0.00 0.00 0.00
people 0.00 0 0.00 256 531 273 544 0.00 0.00 0.00 0.00 0.00 0.00 0.00
people 0.00 0 0.00 206 526 219 540 0.00 0.00 0.00 0.00 0.00 0.00 0.00
people 0.00 0 0.00 116 522 131 535 0.00 0.00 0.00 0.00 0.00 0.00 0.00
tricycle 0.00 0 0.00 40 480 78 517 0.00 0.00 0.00 0.00 0.00 0.00 0.00
pedestrian 0.00 0 0.00 666 833 685 872 0.00 0.00 0.00 0.00 0.00 0.00 0.00
awning-tricycle 0.00 0 0.00 822 753 857 830 0.00 0.00 0.00 0.00 0.00 0.00 0.00
awning-tricycle 0.00 0 0.00 834 791 917 902 0.00 0.00 0.00 0.00 0.00 0.00 0.00
motor 0.00 0 0.00 838 711 860 748 0.00 0.00 0.00 0.00 0.00 0.00 0.00
car 0.00 0 0.00 942 583 976 639 0.00 0.00 0.00 0.00 0.00 0.00 0.00
people 0.00 0 0.00 893 596 907 621 0.00 0.00 0.00 0.00 0.00 0.00 0.00
tricycle 0.00 0 0.00 891 597 911 631 0.00 0.00 0.00 0.00 0.00 0.00 0.00
motor 0.00 0 0.00 617 504 654 530 0.00 0.00 0.00 0.00 0.00 0.00 0.00
bicycle 0.00 0 0.00 566 510 599 532 0.00 0.00 0.00 0.00 0.00 0.00 0.00
motor 0.00 0 0.00 687 499 722 525 0.00 0.00 0.00 0.00 0.00 0.00 0.00
car 0.00 0 0.00 948 324 984 372 0.00 0.00 0.00 0.00 0.00 0.00 0.00
awning-tricycle 0.00 0 0.00 920 306 941 338 0.00 0.00 0.00 0.00 0.00 0.00 0.00
awning-tricycle 0.00 0 0.00 906 191 925 214 0.00 0.00 0.00 0.00 0.00 0.00 0.00
bus 0.00 0 0.00 938 166 967 209 0.00 0.00 0.00 0.00 0.00 0.00 0.00
motor 0.00 0 0.00 890 146 905 160 0.00 0.00 0.00 0.00 0.00 0.00 0.00
car 0.00 0 0.00 911 122 930 146 0.00 0.00 0.00 0.00 0.00 0.00 0.00
car 0.00 0 0.00 950 125 970 149 0.00 0.00 0.00 0.00 0.00 0.00 0.00
van 0.00 0 0.00 951 93 968 115 0.00 0.00 0.00 0.00 0.00 0.00 0.00
car 0.00 0 0.00 969 91 986 113 0.00 0.00 0.00 0.00 0.00 0.00 0.00
car 0.00 0 0.00 877 92 910 107 0.00 0.00 0.00 0.00 0.00 0.00 0.00
people 0.00 0 0.00 853 116 860 126 0.00 0.00 0.00 0.00 0.00 0.00 0.00
people 0.00 0 0.00 935 129 943 139 0.00 0.00 0.00 0.00 0.00 0.00 0.00
tricycle 0.00 0 0.00 934 133 944 143 0.00 0.00 0.00 0.00 0.00 0.00 0.00
people 0.00 0 0.00 934 84 938 93 0.00 0.00 0.00 0.00 0.00 0.00 0.00
people 0.00 0 0.00 941 83 945 91 0.00 0.00 0.00 0.00 0.00 0.00 0.00
motor 0.00 0 0.00 932 87 939 95 0.00 0.00 0.00 0.00 0.00 0.00 0.00
motor 0.00 0 0.00 940 87 946 95 0.00 0.00 0.00 0.00 0.00 0.00 0.00
motor 0.00 0 0.00 922 69 929 80 0.00 0.00 0.00 0.00 0.00 0.00 0.00
motor 0.00 0 0.00 614 198 623 214 0.00 0.00 0.00 0.00 0.00 0.00 0.00
car 0.00 0 0.00 614 223 635 252 0.00 0.00 0.00 0.00 0.00 0.00 0.00
bicycle 0.00 0 0.00 788 241 808 255 0.00 0.00 0.00 0.00 0.00 0.00 0.00
pedestrian 0.00 0 0.00 741 250 754 276 0.00 0.00 0.00 0.00 0.00 0.00 0.00
people 0.00 0 0.00 729 259 743 275 0.00 0.00 0.00 0.00 0.00 0.00 0.00
motor 0.00 0 0.00 905 69 913 77 0.00 0.00 0.00 0.00 0.00 0.00 0.00
bicycle 0.00 0 0.00 915 57 922 64 0.00 0.00 0.00 0.00 0.00 0.00 0.00
pedestrian 0.00 0 0.00 911 53 916 63 0.00 0.00 0.00 0.00 0.00 0.00 0.00
awning-tricycle 0.00 0 0.00 927 52 936 64 0.00 0.00 0.00 0.00 0.00 0.00 0.00
motor 0.00 0 0.00 940 54 946 63 0.00 0.00 0.00 0.00 0.00 0.00 0.00
people 0.00 0 0.00 939 52 943 60 0.00 0.00 0.00 0.00 0.00 0.00 0.00
car 0.00 0 0.00 990 86 1005 104 0.00 0.00 0.00 0.00 0.00 0.00 0.00
van 0.00 0 0.00 991 104 1008 127 0.00 0.00 0.00 0.00 0.00 0.00 0.00
awning-tricycle 0.00 0 0.00 990 69 1001 82 0.00 0.00 0.00 0.00 0.00 0.00 0.00
car 0.00 0 0.00 986 61 999 76 0.00 0.00 0.00 0.00 0.00 0.00 0.00
truck 0.00 0 0.00 1000 187 1022 219 0.00 0.00 0.00 0.00 0.00 0.00 0.00
car 0.00 0 0.00 1024 370 1057 405 0.00 0.00 0.00 0.00 0.00 0.00 0.00
people 0.00 0 0.00 1008 407 1018 425 0.00 0.00 0.00 0.00 0.00 0.00 0.00
motor 0.00 0 0.00 1007 410 1019 430 0.00 0.00 0.00 0.00 0.00 0.00 0.00
awning-tricycle 0.00 0 0.00 1047 450 1074 483 0.00 0.00 0.00 0.00 0.00 0.00 0.00
motor 0.00 0 0.00 1067 524 1090 552 0.00 0.00 0.00 0.00 0.00 0.00 0.00
van 0.00 0 0.00 1058 636 1108 706 0.00 0.00 0.00 0.00 0.00 0.00 0.00
people 0.00 0 0.00 1026 791 1049 819 0.00 0.00 0.00 0.00 0.00 0.00 0.00
people 0.00 0 0.00 1027 803 1047 828 0.00 0.00 0.00 0.00 0.00 0.00 0.00
van 0.00 0 0.00 1083 799 1138 881 0.00 0.00 0.00 0.00 0.00 0.00 0.00
people 0.00 0 0.00 1026 973 1046 1004 0.00 0.00 0.00 0.00 0.00 0.00 0.00
people 0.00 0 0.00 1061 987 1082 1023 0.00 0.00 0.00 0.00 0.00 0.00 0.00
motor 0.00 0 0.00 1059 980 1085 1035 0.00 0.00 0.00 0.00 0.00 0.00 0.00
motor 0.00 0 0.00 1024 972 1045 1018 0.00 0.00 0.00 0.00 0.00 0.00 0.00
van 0.00 0 0.00 1413 622 1487 703 0.00 0.00 0.00 0.00 0.00 0.00 0.00
van 0.00 0 0.00 1326 559 1408 606 0.00 0.00 0.00 0.00 0.00 0.00 0.00
car 0.00 0 0.00 1314 518 1371 568 0.00 0.00 0.00 0.00 0.00 0.00 0.00
motor 0.00 0 0.00 1550 540 1561 563 0.00 0.00 0.00 0.00 0.00 0.00 0.00
motor 0.00 0 0.00 1537 532 1547 560 0.00 0.00 0.00 0.00 0.00 0.00 0.00
motor 0.00 0 0.00 1540 525 1556 544 0.00 0.00 0.00 0.00 0.00 0.00 0.00
truck 0.00 0 0.00 1197 440 1260 527 0.00 0.00 0.00 0.00 0.00 0.00 0.00
awning-tricycle 0.00 0 0.00 926 15 935 26 0.00 0.00 0.00 0.00 0.00 0.00 0.00
pedestrian 0.00 0 0.00 711 20 717 34 0.00 0.00 0.00 0.00 0.00 0.00 0.00
