pedestrian 0.00 0 0.00 1095 478 1111 502 0.00 0.00 0.00 0.00 0.00 0.00 0.00
pedestrian 0.00 0 0.00 1121 507 1139 532 0.00 0.00 0.00 0.00 0.00 0.00 0.00
pedestrian 0.00 0 0.00 935 460 945 486 0.00 0.00 0.00 0.00 0.00 0.00 0.00
pedestrian 0.00 0 0.00 937 496 951 515 0.00 0.00 0.00 0.00 0.00 0.00 0.00
car 0.00 0 0.00 1132 575 1191 642 0.00 0.00 0.00 0.00 0.00 0.00 0.00
car 0.00 0 0.00 918 648 930 673 0.00 0.00 0.00 0.00 0.00 0.00 0.00
car 0.00 0 0.00 928 645 940 672 0.00 0.00 0.00 0.00 0.00 0.00 0.00
car 0.00 0 0.00 526 607 572 695 0.00 0.00 0.00 0.00 0.00 0.00 0.00
car 0.00 0 0.00 635 669 674 745 0.00 0.00 0.00 0.00 0.00 0.00 0.00
car 0.00 0 0.00 706 234 735 280 0.00 0.00 0.00 0.00 0.00 0.00 0.00
car 0.00 0 0.00 701 86 723 119 0.00 0.00 0.00 0.00 0.00 0.00 0.00
car 0.00 0 0.00 655 53 677 81 0.00 0.00 0.00 0.00 0.00 0.00 0.00
car 0.00 0 0.00 729 0 745 23 0.00 0.00 0.00 0.00 0.00 0.00 0.00
car 0.00 0 0.00 456 39 480 58 0.00 0.00 0.00 0.00 0.00 0.00 0.00
truck 0.00 0 0.00 588 387 637 486 0.00 0.00 0.00 0.00 0.00 0.00 0.00
motor 0.00 0 0.00 819 411 833 437 0.00 0.00 0.00 0.00 0.00 0.00 0.00
people 0.00 0 0.00 819 412 831 428 0.00 0.00 0.00 0.00 0.00 0.00 0.00
pedestrian 0.00 0 0.00 417 517 427 549 0.00 0.00 0.00 0.00 0.00 0.00 0.00
