car 0.00 0 0.00 514 169 567 228 0.00 0.00 0.00 0.00 0.00 0.00 0.00
car 0.00 0 0.00 578 156 629 216 0.00 0.00 0.00 0.00 0.00 0.00 0.00
car 0.00 0 0.00 675 3 721 56 0.00 0.00 0.00 0.00 0.00 0.00 0.00
car 0.00 0 0.00 1097 95 1141 156 0.00 0.00 0.00 0.00 0.00 0.00 0.00
bus 0.00 0 0.00 1038 743 1096 787 0.00 0.00 0.00 0.00 0.00 0.00 0.00
car 0.00 0 0.00 999 664 1056 745 0.00 0.00 0.00 0.00 0.00 0.00 0.00
car 0.00 0 0.00 1238 671 1320 738 0.00 0.00 0.00 0.00 0.00 0.00 0.00
car 0.00 0 0.00 1255 629 1342 694 0.00 0.00 0.00 0.00 0.00 0.00 0.00
car 0.00 0 0.00 1273 588 1370 656 0.00 0.00 0.00 0.00 0.00 0.00 0.00
car 0.00 0 0.00 1309 509 1393 573 0.00 0.00 0.00 0.00 0.00 0.00 0.00
car 0.00 0 0.00 1329 466 1387 527 0.00 0.00 0.00 0.00 0.00 0.00 0.00
car 0.00 0 0.00 1369 403 1400 450 0.00 0.00 0.00 0.00 0.00 0.00 0.00
car 0.00 0 0.00 1111 587 1165 663 0.00 0.00 0.00 0.00 0.00 0.00 0.00
van 0.00 0 0.00 1061 540 1124 623 0.00 0.00 0.00 0.00 0.00 0.00 0.00
car 0.00 0 0.00 1180 443 1232 517 0.00 0.00 0.00 0.00 0.00 0.00 0.00
car 0.00 0 0.00 1115 418 1173 496 0.00 0.00 0.00 0.00 0.00 0.00 0.00
car 0.00 0 0.00 967 456 1019 521 0.00 0.00 0.00 0.00 0.00 0.00 0.00
van 0.00 0 0.00 1190 247 1243 325 0.00 0.00 0.00 0.00 0.00 0.00 0.00
van 0.00 0 0.00 1316 189 1376 260 0.00 0.00 0.00 0.00 0.00 0.00 0.00
van 0.00 0 0.00 1371 99 1400 169 0.00 0.00 0.00 0.00 0.00 0.00 0.00
car 0.00 0 0.00 1243 153 1299 224 0.00 0.00 0.00 0.00 0.00 0.00 0.00
car 0.00 0 0.00 1339 1 1388 58 0.00 0.00 0.00 0.00 0.00 0.00 0.00
car 0.00 0 0.00 1308 0 1345 28 0.00 0.00 0.00 0.00 0.00 0.00 0.00
van 0.00 0 0.00 1270 67 1315 124 0.00 0.00 0.00 0.00 0.00 0.00 0.00
