motor 0.00 0 0.00 694 523 716 559 0.00 0.00 0.00 0.00 0.00 0.00 0.00
car 0.00 0 0.00 622 679 659 752 0.00 0.00 0.00 0.00 0.00 0.00 0.00
car 0.00 0 0.00 336 709 386 787 0.00 0.00 0.00 0.00 0.00 0.00 0.00
car 0.00 0 0.00 482 580 530 652 0.00 0.00 0.00 0.00 0.00 0.00 0.00
truck 0.00 0 0.00 634 415 681 518 0.00 0.00 0.00 0.00 0.00 0.00 0.00
car 0.00 0 0.00 434 408 472 459 0.00 0.00 0.00 0.00 0.00 0.00 0.00
van 0.00 0 0.00 615 321 645 376 0.00 0.00 0.00 0.00 0.00 0.00 0.00
car 0.00 0 0.00 706 306 734 352 0.00 0.00 0.00 0.00 0.00 0.00 0.00
car 0.00 0 0.00 523 277 556 316 0.00 0.00 0.00 0.00 0.00 0.00 0.00
car 0.00 0 0.00 646 148 673 186 0.00 0.00 0.00 0.00 0.00 0.00 0.00
car 0.00 0 0.00 589 150 616 186 0.00 0.00 0.00 0.00 0.00 0.00 0.00
car 0.00 0 0.00 509 171 542 207 0.00 0.00 0.00 0.00 0.00 0.00 0.00
truck 0.00 0 0.00 553 87 593 157 0.00 0.00 0.00 0.00 0.00 0.00 0.00
car 0.00 0 0.00 664 56 686 86 0.00 0.00 0.00 0.00 0.00 0.00 0.00
car 0.00 0 0.00 629 18 651 46 0.00 0.00 0.00 0.00 0.00 0.00 0.00
car 0.00 0 0.00 586 46 608 72 0.00 0.00 0.00 0.00 0.00 0.00 0.00
car 0.00 0 0.00 554 38 579 65 0.00 0.00 0.00 0.00 0.00 0.00 0.00
car 0.00 0 0.00 193 292 231 325 0.00 0.00 0.00 0.00 0.00 0.00 0.00
car 0.00 0 0.00 0 534 40 577 0.00 0.00 0.00 0.00 0.00 0.00 0.00
car 0.00 0 0.00 286 153 318 190 0.00 0.00 0.00 0.00 0.00 0.00 0.00
truck 0.00 0 0.00 308 91 352 157 0.00 0.00 0.00 0.00 0.00 0.00 0.00
truck 0.00 0 0.00 337 47 381 106 0.00 0.00 0.00 0.00 0.00 0.00 0.00
truck 0.00 0 0.00 384 4 436 69 0.00 0.00 0.00 0.00 0.00 0.00 0.00
pedestrian 0.00 0 0.00 263 187 270 202 0.00 0.00 0.00 0.00 0.00 0.00 0.00
pedestrian 0.00 0 0.00 222 235 238 252 0.00 0.00 0.00 0.00 0.00 0.00 0.00
pedestrian 0.00 0 0.00 1099 672 1110 692 0.00 0.00 0.00 0.00 0.00 0.00 0.00
pedestrian 0.00 0 0.00 1037 615 1057 638 0.00 0.00 0.00 0.00 0.00 0.00 0.00
pedestrian 0.00 0 0.00 896 684 930 699 0.00 0.00 0.00 0.00 0.00 0.00 0.00
pedestrian 0.00 0 0.00 962 562 977 576 0.00 0.00 0.00 0.00 0.00 0.00 0.00
people 0.00 0 0.00 858 549 883 558 0.00 0.00 0.00 0.00 0.00 0.00 0.00
pedestrian 0.00 0 0.00 895 482 905 494 0.00 0.00 0.00 0.00 0.00 0.00 0.00
people 0.00 0 0.00 918 440 933 454 0.00 0.00 0.00 0.00 0.00 0.00 0.00
pedestrian 0.00 0 0.00 870 434 884 449 0.00 0.00 0.00 0.00 0.00 0.00 0.00
pedestrian 0.00 0 0.00 857 419 866 435 0.00 0.00 0.00 0.00 0.00 0.00 0.00
pedestrian 0.00 0 0.00 992 419 1002 437 0.00 0.00 0.00 0.00 0.00 0.00 0.00
pedestrian 0.00 0 0.00 1010 390 1020 402 0.00 0.00 0.00 0.00 0.00 0.00 0.00
pedestrian 0.00 0 0.00 936 345 943 359 0.00 0.00 0.00 0.00 0.00 0.00 0.00
people 0.00 0 0.00 927 357 938 366 0.00 0.00 0.00 0.00 0.00 0.00 0.00
pedestrian 0.00 0 0.00 901 322 910 337 0.00 0.00 0.00 0.00 0.00 0.00 0.00
pedestrian 0.00 0 0.00 940 329 948 341 0.00 0.00 0.00 0.00 0.00 0.00 0.00
pedestrian 0.00 0 0.00 830 337 843 351 0.00 0.00 0.00 0.00 0.00 0.00 0.00
pedestrian 0.00 0 0.00 779 358 788 375 0.00 0.00 0.00 0.00 0.00 0.00 0.00
pedestrian 0.00 0 0.00 822 308 831 326 0.00 0.00 0.00 0.00 0.00 0.00 0.00
pedestrian 0.00 0 0.00 806 314 818 331 0.00 0.00 0.00 0.00 0.00 0.00 0.00
people 0.00 0 0.00 849 264 859 275 0.00 0.00 0.00 0.00 0.00 0.00 0.00
pedestrian 0.00 0 0.00 814 281 823 290 0.00 0.00 0.00 0.00 0.00 0.00 0.00
pedestrian 0.00 0 0.00 796 251 809 266 0.00 0.00 0.00 0.00 0.00 0.00 0.00
pedestrian 0.00 0 0.00 781 220 791 235 0.00 0.00 0.00 0.00 0.00 0.00 0.00
pedestrian 0.00 0 0.00 771 199 780 214 0.00 0.00 0.00 0.00 0.00 0.00 0.00
pedestrian 0.00 0 0.00 929 248 937 265 0.00 0.00 0.00 0.00 0.00 0.00 0.00
pedestrian 0.00 0 0.00 941 213 952 230 0.00 0.00 0.00 0.00 0.00 0.00 0.00
pedestrian 0.00 0 0.00 857 210 865 223 0.00 0.00 0.00 0.00 0.00 0.00 0.00
pedestrian 0.00 0 0.00 809 203 822 219 0.00 0.00 0.00 0.00 0.00 0.00 0.00
pedestrian 0.00 0 0.00 789 184 798 198 0.00 0.00 0.00 0.00 0.00 0.00 0.00
pedestrian 0.00 0 0.00 780 179 788 192 0.00 0.00 0.00 0.00 0.00 0.00 0.00
pedestrian 0.00 0 0.00 768 155 778 168 0.00 0.00 0.00 0.00 0.00 0.00 0.00
pedestrian 0.00 0 0.00 792 156 799 173 0.00 0.00 0.00 0.00 0.00 0.00 0.00
pedestrian 0.00 0 0.00 819 175 831 190 0.00 0.00 0.00 0.00 0.00 0.00 0.00
pedestrian 0.00 0 0.00 837 172 851 191 0.00 0.00 0.00 0.00 0.00 0.00 0.00
pedestrian 0.00 0 0.00 934 174 942 187 0.00 0.00 0.00 0.00 0.00 0.00 0.00
pedestrian 0.00 0 0.00 966 179 975 199 0.00 0.00 0.00 0.00 0.00 0.00 0.00
pedestrian 0.00 0 0.00 975 169 982 183 0.00 0.00 0.00 0.00 0.00 0.00 0.00
pedestrian 0.00 0 0.00 957 154 963 167 0.00 0.00 0.00 0.00 0.00 0.00 0.00
pedestrian 0.00 0 0.00 944 117 949 131 0.00 0.00 0.00 0.00 0.00 0.00 0.00
pedestrian 0.00 0 0.00 862 128 875 137 0.00 0.00 0.00 0.00 0.00 0.00 0.00
pedestrian 0.00 0 0.00 872 106 879 120 0.00 0.00 0.00 0.00 0.00 0.00 0.00
pedestrian 0.00 0 0.00 879 95 888 106 0.00 0.00 0.00 0.00 0.00 0.00 0.00
pedestrian 0.00 0 0.00 862 95 872 110 0.00 0.00 0.00 0.00 0.00 0.00 0.00
pedestrian 0.00 0 0.00 961 83 970 99 0.00 0.00 0.00 0.00 0.00 0.00 0.00
pedestrian 0.00 0 0.00 921 74 929 87 0.00 0.00 0.00 0.00 0.00 0.00 0.00
pedestrian 0.00 0 0.00 952 42 961 58 0.00 0.00 0.00 0.00 0.00 0.00 0.00
pedestrian 0.00 0 0.00 929 14 938 30 0.00 0.00 0.00 0.00 0.00 0.00 0.00
pedestrian 0.00 0 0.00 913 37 920 48 0.00 0.00 0.00 0.00 0.00 0.00 0.00
pedestrian 0.00 0 0.00 801 24 810 38 0.00 0.00 0.00 0.00 0.00 0.00 0.00
pedestrian 0.00 0 0.00 883 487 898 500 0.00 0.00 0.00 0.00 0.00 0.00 0.00
pedestrian 0.00 0 0.00 1045 460 1053 476 0.00 0.00 0.00 0.00 0.00 0.00 0.00
pedestrian 0.00 0 0.00 996 419 1005 434 0.00 0.00 0.00 0.00 0.00 0.00 0.00
people 0.00 0 0.00 874 278 885 288 0.00 0.00 0.00 0.00 0.00 0.00 0.00
people 0.00 0 0.00 867 274 872 284 0.00 0.00 0.00 0.00 0.00 0.00 0.00
people 0.00 0 0.00 856 281 865 295 0.00 0.00 0.00 0.00 0.00 0.00 0.00
pedestrian 0.00 0 0.00 949 255 958 268 0.00 0.00 0.00 0.00 0.00 0.00 0.00
pedestrian 0.00 0 0.00 863 194 871 212 0.00 0.00 0.00 0.00 0.00 0.00 0.00
pedestrian 0.00 0 0.00 884 200 892 213 0.00 0.00 0.00 0.00 0.00 0.00 0.00
pedestrian 0.00 0 0.00 876 191 886 203 0.00 0.00 0.00 0.00 0.00 0.00 0.00
pedestrian 0.00 0 0.00 869 187 876 199 0.00 0.00 0.00 0.00 0.00 0.00 0.00
pedestrian 0.00 0 0.00 951 153 958 169 0.00 0.00 0.00 0.00 0.00 0.00 0.00
pedestrian 0.00 0 0.00 942 159 949 174 0.00 0.00 0.00 0.00 0.00 0.00 0.00
pedestrian 0.00 0 0.00 939 117 945 132 0.00 0.00 0.00 0.00 0.00 0.00 0.00
pedestrian 0.00 0 0.00 809 22 817 35 0.00 0.00 0.00 0.00 0.00 0.00 0.00
pedestrian 0.00 0 0.00 917 72 922 84 0.00 0.00 0.00 0.00 0.00 0.00 0.00
people 0.00 0 0.00 855 540 881 553 0.00 0.00 0.00 0.00 0.00 0.00 0.00
