bus 0.00 0 0.00 546 424 590 515 0.00 0.00 0.00 0.00 0.00 0.00 0.00
car 0.00 0 0.00 327 441 353 470 0.00 0.00 0.00 0.00 0.00 0.00 0.00
car 0.00 0 0.00 71 436 103 465 0.00 0.00 0.00 0.00 0.00 0.00 0.00
car 0.00 0 0.00 119 438 150 468 0.00 0.00 0.00 0.00 0.00 0.00 0.00
car 0.00 0 0.00 145 440 173 468 0.00 0.00 0.00 0.00 0.00 0.00 0.00
van 0.00 0 0.00 303 438 330 472 0.00 0.00 0.00 0.00 0.00 0.00 0.00
van 0.00 0 0.00 280 438 308 472 0.00 0.00 0.00 0.00 0.00 0.00 0.00
van 0.00 0 0.00 257 439 285 472 0.00 0.00 0.00 0.00 0.00 0.00 0.00
car 0.00 0 0.00 230 441 264 472 0.00 0.00 0.00 0.00 0.00 0.00 0.00
car 0.00 0 0.00 175 441 192 466 0.00 0.00 0.00 0.00 0.00 0.00 0.00
car 0.00 0 0.00 193 441 213 470 0.00 0.00 0.00 0.00 0.00 0.00 0.00
car 0.00 0 0.00 216 442 240 469 0.00 0.00 0.00 0.00 0.00 0.00 0.00
van 0.00 0 0.00 99 434 127 464 0.00 0.00 0.00 0.00 0.00 0.00 0.00
car 0.00 0 0.00 632 302 645 324 0.00 0.00 0.00 0.00 0.00 0.00 0.00
car 0.00 0 0.00 650 290 661 307 0.00 0.00 0.00 0.00 0.00 0.00 0.00
car 0.00 0 0.00 706 371 740 390 0.00 0.00 0.00 0.00 0.00 0.00 0.00
car 0.00 0 0.00 761 373 799 389 0.00 0.00 0.00 0.00 0.00 0.00 0.00
bus 0.00 0 0.00 561 101 591 141 0.00 0.00 0.00 0.00 0.00 0.00 0.00
van 0.00 0 0.00 594 293 615 322 0.00 0.00 0.00 0.00 0.00 0.00 0.00
van 0.00 0 0.00 320 41 338 53 0.00 0.00 0.00 0.00 0.00 0.00 0.00
bus 0.00 0 0.00 335 34 360 49 0.00 0.00 0.00 0.00 0.00 0.00 0.00
bus 0.00 0 0.00 316 31 337 42 0.00 0.00 0.00 0.00 0.00 0.00 0.00
van 0.00 0 0.00 437 35 452 49 0.00 0.00 0.00 0.00 0.00 0.00 0.00
van 0.00 0 0.00 460 23 472 34 0.00 0.00 0.00 0.00 0.00 0.00 0.00
car 0.00 0 0.00 451 29 463 38 0.00 0.00 0.00 0.00 0.00 0.00 0.00
car 0.00 0 0.00 466 19 475 26 0.00 0.00 0.00 0.00 0.00 0.00 0.00
car 0.00 0 0.00 455 37 470 45 0.00 0.00 0.00 0.00 0.00 0.00 0.00
pedestrian 0.00 0 0.00 493 524 498 538 0.00 0.00 0.00 0.00 0.00 0.00 0.00
pedestrian 0.00 0 0.00 720 293 723 303 0.00 0.00 0.00 0.00 0.00 0.00 0.00
pedestrian 0.00 0 0.00 616 162 618 172 0.00 0.00 0.00 0.00 0.00 0.00 0.00
pedestrian 0.00 0 0.00 621 140 626 151 0.00 0.00 0.00 0.00 0.00 0.00 0.00
pedestrian 0.00 0 0.00 613 152 618 161 0.00 0.00 0.00 0.00 0.00 0.00 0.00
