car 0.00 0 0.00 993 652 1033 712 0.00 0.00 0.00 0.00 0.00 0.00 0.00
car 0.00 0 0.00 1002 396 1024 423 0.00 0.00 0.00 0.00 0.00 0.00 0.00
car 0.00 0 0.00 1001 364 1020 388 0.00 0.00 0.00 0.00 0.00 0.00 0.00
car 0.00 0 0.00 995 313 1010 331 0.00 0.00 0.00 0.00 0.00 0.00 0.00
car 0.00 0 0.00 929 318 947 335 0.00 0.00 0.00 0.00 0.00 0.00 0.00
car 0.00 0 0.00 910 409 932 429 0.00 0.00 0.00 0.00 0.00 0.00 0.00
car 0.00 0 0.00 982 246 995 261 0.00 0.00 0.00 0.00 0.00 0.00 0.00
car 0.00 0 0.00 995 218 1007 229 0.00 0.00 0.00 0.00 0.00 0.00 0.00
car 0.00 0 0.00 976 208 986 219 0.00 0.00 0.00 0.00 0.00 0.00 0.00
car 0.00 0 0.00 992 199 1001 210 0.00 0.00 0.00 0.00 0.00 0.00 0.00
car 0.00 0 0.00 976 196 986 205 0.00 0.00 0.00 0.00 0.00 0.00 0.00
car 0.00 0 0.00 990 185 1001 194 0.00 0.00 0.00 0.00 0.00 0.00 0.00
car 0.00 0 0.00 1041 167 1051 175 0.00 0.00 0.00 0.00 0.00 0.00 0.00
car 0.00 0 0.00 1103 160 1116 168 0.00 0.00 0.00 0.00 0.00 0.00 0.00
car 0.00 0 0.00 1026 163 1040 171 0.00 0.00 0.00 0.00 0.00 0.00 0.00
car 0.00 0 0.00 1076 155 1089 163 0.00 0.00 0.00 0.00 0.00 0.00 0.00
car 0.00 0 0.00 1118 148 1133 157 0.00 0.00 0.00 0.00 0.00 0.00 0.00
car 0.00 0 0.00 1144 147 1155 156 0.00 0.00 0.00 0.00 0.00 0.00 0.00
van 0.00 0 0.00 977 220 990 235 0.00 0.00 0.00 0.00 0.00 0.00 0.00
car 0.00 0 0.00 933 200 942 211 0.00 0.00 0.00 0.00 0.00 0.00 0.00
car 0.00 0 0.00 957 188 967 199 0.00 0.00 0.00 0.00 0.00 0.00 0.00
car 0.00 0 0.00 975 177 985 184 0.00 0.00 0.00 0.00 0.00 0.00 0.00
car 0.00 0 0.00 1052 155 1065 163 0.00 0.00 0.00 0.00 0.00 0.00 0.00
car 0.00 0 0.00 1162 143 1176 152 0.00 0.00 0.00 0.00 0.00 0.00 0.00
car 0.00 0 0.00 1245 138 1256 146 0.00 0.00 0.00 0.00 0.00 0.00 0.00
car 0.00 0 0.00 1224 136 1233 145 0.00 0.00 0.00 0.00 0.00 0.00 0.00
car 0.00 0 0.00 1211 139 1220 148 0.00 0.00 0.00 0.00 0.00 0.00 0.00
car 0.00 0 0.00 865 329 878 344 0.00 0.00 0.00 0.00 0.00 0.00 0.00
car 0.00 0 0.00 868 317 880 328 0.00 0.00 0.00 0.00 0.00 0.00 0.00
car 0.00 0 0.00 870 309 880 320 0.00 0.00 0.00 0.00 0.00 0.00 0.00
car 0.00 0 0.00 860 284 873 296 0.00 0.00 0.00 0.00 0.00 0.00 0.00
car 0.00 0 0.00 673 380 709 394 0.00 0.00 0.00 0.00 0.00 0.00 0.00
car 0.00 0 0.00 677 375 709 389 0.00 0.00 0.00 0.00 0.00 0.00 0.00
truck 0.00 0 0.00 686 329 725 352 0.00 0.00 0.00 0.00 0.00 0.00 0.00
truck 0.00 0 0.00 1034 360 1074 429 0.00 0.00 0.00 0.00 0.00 0.00 0.00
truck 0.00 0 0.00 942 234 961 262 0.00 0.00 0.00 0.00 0.00 0.00 0.00
truck 0.00 0 0.00 923 235 939 259 0.00 0.00 0.00 0.00 0.00 0.00 0.00
bus 0.00 0 0.00 921 249 940 292 0.00 0.00 0.00 0.00 0.00 0.00 0.00
bus 0.00 0 0.00 1097 301 1122 334 0.00 0.00 0.00 0.00 0.00 0.00 0.00
car 0.00 0 0.00 818 321 831 337 0.00 0.00 0.00 0.00 0.00 0.00 0.00
van 0.00 0 0.00 585 251 609 263 0.00 0.00 0.00 0.00 0.00 0.00 0.00
car 0.00 0 0.00 619 249 634 257 0.00 0.00 0.00 0.00 0.00 0.00 0.00
car 0.00 0 0.00 623 245 642 253 0.00 0.00 0.00 0.00 0.00 0.00 0.00
car 0.00 0 0.00 631 241 650 250 0.00 0.00 0.00 0.00 0.00 0.00 0.00
car 0.00 0 0.00 668 321 686 338 0.00 0.00 0.00 0.00 0.00 0.00 0.00
car 0.00 0 0.00 536 294 554 309 0.00 0.00 0.00 0.00 0.00 0.00 0.00
motor 0.00 0 0.00 905 485 917 506 0.00 0.00 0.00 0.00 0.00 0.00 0.00
motor 0.00 0 0.00 1030 332 1038 345 0.00 0.00 0.00 0.00 0.00 0.00 0.00
motor 0.00 0 0.00 999 293 1007 307 0.00 0.00 0.00 0.00 0.00 0.00 0.00
car 0.00 0 0.00 1073 335 1089 351 0.00 0.00 0.00 0.00 0.00 0.00 0.00
