car 0.00 0 0.00 634 57 704 160 0.00 0.00 0.00 0.00 0.00 0.00 0.00
car 0.00 0 0.00 708 66 767 157 0.00 0.00 0.00 0.00 0.00 0.00 0.00
car 0.00 0 0.00 782 65 841 154 0.00 0.00 0.00 0.00 0.00 0.00 0.00
car 0.00 0 0.00 851 57 907 152 0.00 0.00 0.00 0.00 0.00 0.00 0.00
van 0.00 0 0.00 506 142 624 202 0.00 0.00 0.00 0.00 0.00 0.00 0.00
van 0.00 0 0.00 500 192 655 261 0.00 0.00 0.00 0.00 0.00 0.00 0.00
car 0.00 0 0.00 495 240 650 312 0.00 0.00 0.00 0.00 0.00 0.00 0.00
car 0.00 0 0.00 496 300 656 374 0.00 0.00 0.00 0.00 0.00 0.00 0.00
car 0.00 0 0.00 484 370 677 442 0.00 0.00 0.00 0.00 0.00 0.00 0.00
car 0.00 0 0.00 494 445 662 524 0.00 0.00 0.00 0.00 0.00 0.00 0.00
car 0.00 0 0.00 478 515 685 638 0.00 0.00 0.00 0.00 0.00 0.00 0.00
car 0.00 0 0.00 514 621 698 720 0.00 0.00 0.00 0.00 0.00 0.00 0.00
car 0.00 0 0.00 460 715 699 829 0.00 0.00 0.00 0.00 0.00 0.00 0.00
car 0.00 0 0.00 458 831 715 938 0.00 0.00 0.00 0.00 0.00 0.00 0.00
van 0.00 0 0.00 460 967 749 1048 0.00 0.00 0.00 0.00 0.00 0.00 0.00
pedestrian 0.00 0 0.00 370 708 409 774 0.00 0.00 0.00 0.00 0.00 0.00 0.00
pedestrian 0.00 0 0.00 770 866 802 940 0.00 0.00 0.00 0.00 0.00 0.00 0.00
pedestrian 0.00 0 0.00 667 235 689 290 0.00 0.00 0.00 0.00 0.00 0.00 0.00
car 0.00 0 0.00 669 0 789 17 0.00 0.00 0.00 0.00 0.00 0.00 0.00
motor 0.00 0 0.00 782 328 840 371 0.00 0.00 0.00 0.00 0.00 0.00 0.00
motor 0.00 0 0.00 839 372 869 433 0.00 0.00 0.00 0.00 0.00 0.00 0.00
pedestrian 0.00 0 0.00 907 981 947 1032 0.00 0.00 0.00 0.00 0.00 0.00 0.00
pedestrian 0.00 0 0.00 886 962 916 1003 0.00 0.00 0.00 0.00 0.00 0.00 0.00
motor 0.00 0 0.00 889 928 989 993 0.00 0.00 0.00 0.00 0.00 0.00 0.00
motor 0.00 0 0.00 913 908 1005 980 0.00 0.00 0.00 0.00 0.00 0.00 0.00
motor 0.00 0 0.00 927 856 1010 952 0.00 0.00 0.00 0.00 0.00 0.00 0.00
motor 0.00 0 0.00 950 772 992 859 0.00 0.00 0.00 0.00 0.00 0.00 0.00
car 0.00 0 0.00 907 34 964 107 0.00 0.00 0.00 0.00 0.00 0.00 0.00
