car 0.00 0 0.00 959 681 1052 763 0.00 0.00 0.00 0.00 0.00 0.00 0.00
car 0.00 0 0.00 732 518 815 591 0.00 0.00 0.00 0.00 0.00 0.00 0.00
car 0.00 0 0.00 593 583 674 653 0.00 0.00 0.00 0.00 0.00 0.00 0.00
car 0.00 0 0.00 506 442 578 502 0.00 0.00 0.00 0.00 0.00 0.00 0.00
van 0.00 0 0.00 498 339 574 403 0.00 0.00 0.00 0.00 0.00 0.00 0.00
van 0.00 0 0.00 505 279 604 372 0.00 0.00 0.00 0.00 0.00 0.00 0.00
car 0.00 0 0.00 317 206 380 254 0.00 0.00 0.00 0.00 0.00 0.00 0.00
car 0.00 0 0.00 245 97 311 156 0.00 0.00 0.00 0.00 0.00 0.00 0.00
car 0.00 0 0.00 166 88 224 135 0.00 0.00 0.00 0.00 0.00 0.00 0.00
car 0.00 0 0.00 453 596 505 657 0.00 0.00 0.00 0.00 0.00 0.00 0.00
car 0.00 0 0.00 116 3 178 49 0.00 0.00 0.00 0.00 0.00 0.00 0.00
bus 0.00 0 0.00 294 79 405 171 0.00 0.00 0.00 0.00 0.00 0.00 0.00
car 0.00 0 0.00 339 71 381 104 0.00 0.00 0.00 0.00 0.00 0.00 0.00
bus 0.00 0 0.00 482 66 573 169 0.00 0.00 0.00 0.00 0.00 0.00 0.00
bus 0.00 0 0.00 428 68 507 156 0.00 0.00 0.00 0.00 0.00 0.00 0.00
bus 0.00 0 0.00 340 3 432 86 0.00 0.00 0.00 0.00 0.00 0.00 0.00
bus 0.00 0 0.00 381 0 466 66 0.00 0.00 0.00 0.00 0.00 0.00 0.00
car 0.00 0 0.00 145 289 190 328 0.00 0.00 0.00 0.00 0.00 0.00 0.00
car 0.00 0 0.00 108 257 153 294 0.00 0.00 0.00 0.00 0.00 0.00 0.00
car 0.00 0 0.00 63 220 103 255 0.00 0.00 0.00 0.00 0.00 0.00 0.00
car 0.00 0 0.00 16 188 62 227 0.00 0.00 0.00 0.00 0.00 0.00 0.00
pedestrian 0.00 0 0.00 245 379 270 399 0.00 0.00 0.00 0.00 0.00 0.00 0.00
pedestrian 0.00 0 0.00 310 499 326 516 0.00 0.00 0.00 0.00 0.00 0.00 0.00
pedestrian 0.00 0 0.00 302 505 320 522 0.00 0.00 0.00 0.00 0.00 0.00 0.00
pedestrian 0.00 0 0.00 391 584 407 604 0.00 0.00 0.00 0.00 0.00 0.00 0.00
pedestrian 0.00 0 0.00 517 49 532 68 0.00 0.00 0.00 0.00 0.00 0.00 0.00
pedestrian 0.00 0 0.00 591 757 609 772 0.00 0.00 0.00 0.00 0.00 0.00 0.00
