car 0.00 0 0.00 773 742 827 787 0.00 0.00 0.00 0.00 0.00 0.00 0.00
car 0.00 0 0.00 749 643 797 749 0.00 0.00 0.00 0.00 0.00 0.00 0.00
car 0.00 0 0.00 801 614 881 654 0.00 0.00 0.00 0.00 0.00 0.00 0.00
car 0.00 0 0.00 796 580 883 623 0.00 0.00 0.00 0.00 0.00 0.00 0.00
van 0.00 0 0.00 800 541 890 584 0.00 0.00 0.00 0.00 0.00 0.00 0.00
car 0.00 0 0.00 806 515 889 555 0.00 0.00 0.00 0.00 0.00 0.00 0.00
van 0.00 0 0.00 770 446 801 521 0.00 0.00 0.00 0.00 0.00 0.00 0.00
car 0.00 0 0.00 733 450 767 508 0.00 0.00 0.00 0.00 0.00 0.00 0.00
truck 0.00 0 0.00 691 425 737 512 0.00 0.00 0.00 0.00 0.00 0.00 0.00
car 0.00 0 0.00 611 465 670 525 0.00 0.00 0.00 0.00 0.00 0.00 0.00
car 0.00 0 0.00 579 476 642 545 0.00 0.00 0.00 0.00 0.00 0.00 0.00
car 0.00 0 0.00 551 495 608 558 0.00 0.00 0.00 0.00 0.00 0.00 0.00
car 0.00 0 0.00 519 518 574 577 0.00 0.00 0.00 0.00 0.00 0.00 0.00
van 0.00 0 0.00 229 171 275 193 0.00 0.00 0.00 0.00 0.00 0.00 0.00
