car 0.00 0 0.00 244 560 298 587 0.00 0.00 0.00 0.00 0.00 0.00 0.00
car 0.00 0 0.00 835 533 879 562 0.00 0.00 0.00 0.00 0.00 0.00 0.00
car 0.00 0 0.00 685 345 700 361 0.00 0.00 0.00 0.00 0.00 0.00 0.00
truck 0.00 0 0.00 661 228 673 252 0.00 0.00 0.00 0.00 0.00 0.00 0.00
car 0.00 0 0.00 653 196 661 204 0.00 0.00 0.00 0.00 0.00 0.00 0.00
truck 0.00 0 0.00 480 240 500 259 0.00 0.00 0.00 0.00 0.00 0.00 0.00
bicycle 0.00 0 0.00 675 271 683 280 0.00 0.00 0.00 0.00 0.00 0.00 0.00
car 0.00 0 0.00 531 187 549 196 0.00 0.00 0.00 0.00 0.00 0.00 0.00
car 0.00 0 0.00 527 205 543 213 0.00 0.00 0.00 0.00 0.00 0.00 0.00
car 0.00 0 0.00 591 241 612 252 0.00 0.00 0.00 0.00 0.00 0.00 0.00
car 0.00 0 0.00 590 237 611 248 0.00 0.00 0.00 0.00 0.00 0.00 0.00
bicycle 0.00 0 0.00 644 228 649 237 0.00 0.00 0.00 0.00 0.00 0.00 0.00
bicycle 0.00 0 0.00 646 203 650 212 0.00 0.00 0.00 0.00 0.00 0.00 0.00
