pedestrian 0.00 0 0.00 819 916 851 963 0.00 0.00 0.00 0.00 0.00 0.00 0.00
pedestrian 0.00 0 0.00 660 659 685 702 0.00 0.00 0.00 0.00 0.00 0.00 0.00
pedestrian 0.00 0 0.00 683 511 704 557 0.00 0.00 0.00 0.00 0.00 0.00 0.00
pedestrian 0.00 0 0.00 878 454 892 491 0.00 0.00 0.00 0.00 0.00 0.00 0.00
pedestrian 0.00 0 0.00 856 429 873 468 0.00 0.00 0.00 0.00 0.00 0.00 0.00
pedestrian 0.00 0 0.00 876 431 891 470 0.00 0.00 0.00 0.00 0.00 0.00 0.00
van 0.00 0 0.00 751 355 793 422 0.00 0.00 0.00 0.00 0.00 0.00 0.00
van 0.00 0 0.00 574 265 626 336 0.00 0.00 0.00 0.00 0.00 0.00 0.00
van 0.00 0 0.00 648 128 679 176 0.00 0.00 0.00 0.00 0.00 0.00 0.00
truck 0.00 0 0.00 281 369 414 490 0.00 0.00 0.00 0.00 0.00 0.00 0.00
truck 0.00 0 0.00 347 231 499 390 0.00 0.00 0.00 0.00 0.00 0.00 0.00
truck 0.00 0 0.00 456 122 563 249 0.00 0.00 0.00 0.00 0.00 0.00 0.00
pedestrian 0.00 0 0.00 496 300 510 341 0.00 0.00 0.00 0.00 0.00 0.00 0.00
pedestrian 0.00 0 0.00 680 295 693 335 0.00 0.00 0.00 0.00 0.00 0.00 0.00
pedestrian 0.00 0 0.00 472 298 487 338 0.00 0.00 0.00 0.00 0.00 0.00 0.00
truck 0.00 0 0.00 678 236 797 309 0.00 0.00 0.00 0.00 0.00 0.00 0.00
truck 0.00 0 0.00 559 138 627 200 0.00 0.00 0.00 0.00 0.00 0.00 0.00
truck 0.00 0 0.00 574 56 624 124 0.00 0.00 0.00 0.00 0.00 0.00 0.00
car 0.00 0 0.00 780 199 814 246 0.00 0.00 0.00 0.00 0.00 0.00 0.00
awning-tricycle 0.00 0 0.00 799 144 818 171 0.00 0.00 0.00 0.00 0.00 0.00 0.00
truck 0.00 0 0.00 788 23 830 93 0.00 0.00 0.00 0.00 0.00 0.00 0.00
awning-tricycle 0.00 0 0.00 476 278 531 327 0.00 0.00 0.00 0.00 0.00 0.00 0.00
awning-tricycle 0.00 0 0.00 583 195 614 231 0.00 0.00 0.00 0.00 0.00 0.00 0.00
pedestrian 0.00 0 0.00 565 127 576 155 0.00 0.00 0.00 0.00 0.00 0.00 0.00
pedestrian 0.00 0 0.00 563 197 574 227 0.00 0.00 0.00 0.00 0.00 0.00 0.00
pedestrian 0.00 0 0.00 553 182 567 212 0.00 0.00 0.00 0.00 0.00 0.00 0.00
motor 0.00 0 0.00 855 786 901 868 0.00 0.00 0.00 0.00 0.00 0.00 0.00
car 0.00 0 0.00 304 730 424 901 0.00 0.00 0.00 0.00 0.00 0.00 0.00
pedestrian 0.00 0 0.00 236 783 276 834 0.00 0.00 0.00 0.00 0.00 0.00 0.00
truck 0.00 0 0.00 0 586 260 902 0.00 0.00 0.00 0.00 0.00 0.00 0.00
awning-tricycle 0.00 0 0.00 254 549 293 600 0.00 0.00 0.00 0.00 0.00 0.00 0.00
people 0.00 0 0.00 941 717 975 749 0.00 0.00 0.00 0.00 0.00 0.00 0.00
