car 0.00 0 0.00 330 0 356 4 0.00 0.00 0.00 0.00 0.00 0.00 0.00
car 0.00 0 0.00 308 15 322 24 0.00 0.00 0.00 0.00 0.00 0.00 0.00
car 0.00 0 0.00 335 44 348 57 0.00 0.00 0.00 0.00 0.00 0.00 0.00
car 0.00 0 0.00 388 9 406 23 0.00 0.00 0.00 0.00 0.00 0.00 0.00
car 0.00 0 0.00 363 37 377 49 0.00 0.00 0.00 0.00 0.00 0.00 0.00
car 0.00 0 0.00 378 34 390 44 0.00 0.00 0.00 0.00 0.00 0.00 0.00
van 0.00 0 0.00 403 0 428 14 0.00 0.00 0.00 0.00 0.00 0.00 0.00
car 0.00 0 0.00 426 28 438 42 0.00 0.00 0.00 0.00 0.00 0.00 0.00
van 0.00 0 0.00 446 41 462 62 0.00 0.00 0.00 0.00 0.00 0.00 0.00
van 0.00 0 0.00 418 51 432 66 0.00 0.00 0.00 0.00 0.00 0.00 0.00
van 0.00 0 0.00 392 55 407 73 0.00 0.00 0.00 0.00 0.00 0.00 0.00
car 0.00 0 0.00 372 54 384 66 0.00 0.00 0.00 0.00 0.00 0.00 0.00
car 0.00 0 0.00 386 47 397 59 0.00 0.00 0.00 0.00 0.00 0.00 0.00
car 0.00 0 0.00 377 69 390 81 0.00 0.00 0.00 0.00 0.00 0.00 0.00
car 0.00 0 0.00 515 193 534 213 0.00 0.00 0.00 0.00 0.00 0.00 0.00
car 0.00 0 0.00 555 213 572 236 0.00 0.00 0.00 0.00 0.00 0.00 0.00
car 0.00 0 0.00 570 283 593 306 0.00 0.00 0.00 0.00 0.00 0.00 0.00
car 0.00 0 0.00 475 264 494 284 0.00 0.00 0.00 0.00 0.00 0.00 0.00
car 0.00 0 0.00 478 224 496 244 0.00 0.00 0.00 0.00 0.00 0.00 0.00
car 0.00 0 0.00 452 220 471 239 0.00 0.00 0.00 0.00 0.00 0.00 0.00
car 0.00 0 0.00 442 257 463 279 0.00 0.00 0.00 0.00 0.00 0.00 0.00
car 0.00 0 0.00 413 200 432 219 0.00 0.00 0.00 0.00 0.00 0.00 0.00
van 0.00 0 0.00 442 199 460 217 0.00 0.00 0.00 0.00 0.00 0.00 0.00
van 0.00 0 0.00 432 181 448 199 0.00 0.00 0.00 0.00 0.00 0.00 0.00
car 0.00 0 0.00 423 164 439 180 0.00 0.00 0.00 0.00 0.00 0.00 0.00
car 0.00 0 0.00 445 164 463 180 0.00 0.00 0.00 0.00 0.00 0.00 0.00
car 0.00 0 0.00 499 161 515 179 0.00 0.00 0.00 0.00 0.00 0.00 0.00
car 0.00 0 0.00 434 143 450 161 0.00 0.00 0.00 0.00 0.00 0.00 0.00
car 0.00 0 0.00 414 143 432 161 0.00 0.00 0.00 0.00 0.00 0.00 0.00
car 0.00 0 0.00 407 126 424 144 0.00 0.00 0.00 0.00 0.00 0.00 0.00
car 0.00 0 0.00 423 122 440 140 0.00 0.00 0.00 0.00 0.00 0.00 0.00
car 0.00 0 0.00 416 106 430 124 0.00 0.00 0.00 0.00 0.00 0.00 0.00
car 0.00 0 0.00 396 107 412 123 0.00 0.00 0.00 0.00 0.00 0.00 0.00
car 0.00 0 0.00 398 74 411 86 0.00 0.00 0.00 0.00 0.00 0.00 0.00
van 0.00 0 0.00 406 88 421 102 0.00 0.00 0.00 0.00 0.00 0.00 0.00
bus 0.00 0 0.00 384 76 405 104 0.00 0.00 0.00 0.00 0.00 0.00 0.00
truck 0.00 0 0.00 355 87 381 123 0.00 0.00 0.00 0.00 0.00 0.00 0.00
bus 0.00 0 0.00 383 147 407 178 0.00 0.00 0.00 0.00 0.00 0.00 0.00
bus 0.00 0 0.00 541 276 571 317 0.00 0.00 0.00 0.00 0.00 0.00 0.00
truck 0.00 0 0.00 576 247 608 293 0.00 0.00 0.00 0.00 0.00 0.00 0.00
truck 0.00 0 0.00 528 207 570 269 0.00 0.00 0.00 0.00 0.00 0.00 0.00
van 0.00 0 0.00 471 94 487 116 0.00 0.00 0.00 0.00 0.00 0.00 0.00
van 0.00 0 0.00 464 71 481 90 0.00 0.00 0.00 0.00 0.00 0.00 0.00
car 0.00 0 0.00 486 128 504 148 0.00 0.00 0.00 0.00 0.00 0.00 0.00
car 0.00 0 0.00 480 170 499 191 0.00 0.00 0.00 0.00 0.00 0.00 0.00
car 0.00 0 0.00 432 84 444 97 0.00 0.00 0.00 0.00 0.00 0.00 0.00
pedestrian 0.00 0 0.00 665 284 669 293 0.00 0.00 0.00 0.00 0.00 0.00 0.00
pedestrian 0.00 0 0.00 716 372 722 382 0.00 0.00 0.00 0.00 0.00 0.00 0.00
pedestrian 0.00 0 0.00 721 369 725 379 0.00 0.00 0.00 0.00 0.00 0.00 0.00
people 0.00 0 0.00 668 348 672 357 0.00 0.00 0.00 0.00 0.00 0.00 0.00
bicycle 0.00 0 0.00 667 349 674 360 0.00 0.00 0.00 0.00 0.00 0.00 0.00
van 0.00 0 0.00 635 353 660 385 0.00 0.00 0.00 0.00 0.00 0.00 0.00
van 0.00 0 0.00 595 325 620 357 0.00 0.00 0.00 0.00 0.00 0.00 0.00
bus 0.00 0 0.00 526 334 555 384 0.00 0.00 0.00 0.00 0.00 0.00 0.00
van 0.00 0 0.00 547 484 575 522 0.00 0.00 0.00 0.00 0.00 0.00 0.00
car 0.00 0 0.00 633 541 658 572 0.00 0.00 0.00 0.00 0.00 0.00 0.00
car 0.00 0 0.00 511 408 534 434 0.00 0.00 0.00 0.00 0.00 0.00 0.00
van 0.00 0 0.00 478 333 499 359 0.00 0.00 0.00 0.00 0.00 0.00 0.00
truck 0.00 0 0.00 613 365 652 423 0.00 0.00 0.00 0.00 0.00 0.00 0.00
bus 0.00 0 0.00 695 449 762 542 0.00 0.00 0.00 0.00 0.00 0.00 0.00
bus 0.00 0 0.00 649 379 711 459 0.00 0.00 0.00 0.00 0.00 0.00 0.00
car 0.00 0 0.00 674 464 699 493 0.00 0.00 0.00 0.00 0.00 0.00 0.00
car 0.00 0 0.00 755 554 786 592 0.00 0.00 0.00 0.00 0.00 0.00 0.00
car 0.00 0 0.00 735 578 767 621 0.00 0.00 0.00 0.00 0.00 0.00 0.00
car 0.00 0 0.00 818 655 854 704 0.00 0.00 0.00 0.00 0.00 0.00 0.00
van 0.00 0 0.00 845 707 884 760 0.00 0.00 0.00 0.00 0.00 0.00 0.00
van 0.00 0 0.00 799 705 837 762 0.00 0.00 0.00 0.00 0.00 0.00 0.00
van 0.00 0 0.00 770 634 807 686 0.00 0.00 0.00 0.00 0.00 0.00 0.00
van 0.00 0 0.00 783 597 820 646 0.00 0.00 0.00 0.00 0.00 0.00 0.00
bus 0.00 0 0.00 698 507 741 565 0.00 0.00 0.00 0.00 0.00 0.00 0.00
pedestrian 0.00 0 0.00 789 484 795 496 0.00 0.00 0.00 0.00 0.00 0.00 0.00
pedestrian 0.00 0 0.00 856 599 864 611 0.00 0.00 0.00 0.00 0.00 0.00 0.00
pedestrian 0.00 0 0.00 534 99 538 107 0.00 0.00 0.00 0.00 0.00 0.00 0.00
pedestrian 0.00 0 0.00 529 98 533 107 0.00 0.00 0.00 0.00 0.00 0.00 0.00
pedestrian 0.00 0 0.00 473 13 476 24 0.00 0.00 0.00 0.00 0.00 0.00 0.00
