car 0.00 0 0.00 791 162 857 264 0.00 0.00 0.00 0.00 0.00 0.00 0.00
van 0.00 0 0.00 828 84 883 167 0.00 0.00 0.00 0.00 0.00 0.00 0.00
car 0.00 0 0.00 856 14 918 94 0.00 0.00 0.00 0.00 0.00 0.00 0.00
truck 0.00 0 0.00 927 202 1011 339 0.00 0.00 0.00 0.00 0.00 0.00 0.00
truck 0.00 0 0.00 995 120 1153 225 0.00 0.00 0.00 0.00 0.00 0.00 0.00
pedestrian 0.00 0 0.00 1171 13 1187 50 0.00 0.00 0.00 0.00 0.00 0.00 0.00
tricycle 0.00 0 0.00 1274 12 1334 50 0.00 0.00 0.00 0.00 0.00 0.00 0.00
motor 0.00 0 0.00 1320 14 1348 37 0.00 0.00 0.00 0.00 0.00 0.00 0.00
motor 0.00 0 0.00 1258 43 1302 69 0.00 0.00 0.00 0.00 0.00 0.00 0.00
motor 0.00 0 0.00 1299 60 1337 92 0.00 0.00 0.00 0.00 0.00 0.00 0.00
motor 0.00 0 0.00 1300 100 1333 130 0.00 0.00 0.00 0.00 0.00 0.00 0.00
motor 0.00 0 0.00 1318 124 1361 152 0.00 0.00 0.00 0.00 0.00 0.00 0.00
motor 0.00 0 0.00 1297 186 1345 212 0.00 0.00 0.00 0.00 0.00 0.00 0.00
motor 0.00 0 0.00 1300 210 1340 232 0.00 0.00 0.00 0.00 0.00 0.00 0.00
motor 0.00 0 0.00 1158 242 1202 272 0.00 0.00 0.00 0.00 0.00 0.00 0.00
motor 0.00 0 0.00 1283 264 1330 299 0.00 0.00 0.00 0.00 0.00 0.00 0.00
motor 0.00 0 0.00 1235 317 1274 341 0.00 0.00 0.00 0.00 0.00 0.00 0.00
bicycle 0.00 0 0.00 1295 311 1337 336 0.00 0.00 0.00 0.00 0.00 0.00 0.00
tricycle 0.00 0 0.00 1274 335 1346 374 0.00 0.00 0.00 0.00 0.00 0.00 0.00
tricycle 0.00 0 0.00 1240 122 1286 153 0.00 0.00 0.00 0.00 0.00 0.00 0.00
tricycle 0.00 0 0.00 1242 105 1314 140 0.00 0.00 0.00 0.00 0.00 0.00 0.00
tricycle 0.00 0 0.00 1259 74 1332 111 0.00 0.00 0.00 0.00 0.00 0.00 0.00
tricycle 0.00 0 0.00 1203 506 1308 544 0.00 0.00 0.00 0.00 0.00 0.00 0.00
tricycle 0.00 0 0.00 1177 544 1284 593 0.00 0.00 0.00 0.00 0.00 0.00 0.00
motor 0.00 0 0.00 1215 483 1264 506 0.00 0.00 0.00 0.00 0.00 0.00 0.00
motor 0.00 0 0.00 980 482 1002 524 0.00 0.00 0.00 0.00 0.00 0.00 0.00
truck 0.00 0 0.00 1167 785 1290 861 0.00 0.00 0.00 0.00 0.00 0.00 0.00
motor 0.00 0 0.00 1126 918 1180 950 0.00 0.00 0.00 0.00 0.00 0.00 0.00
van 0.00 0 0.00 1471 822 1528 904 0.00 0.00 0.00 0.00 0.00 0.00 0.00
pedestrian 0.00 0 0.00 1425 512 1444 545 0.00 0.00 0.00 0.00 0.00 0.00 0.00
pedestrian 0.00 0 0.00 1511 607 1530 627 0.00 0.00 0.00 0.00 0.00 0.00 0.00
pedestrian 0.00 0 0.00 1522 636 1543 662 0.00 0.00 0.00 0.00 0.00 0.00 0.00
pedestrian 0.00 0 0.00 1506 671 1530 699 0.00 0.00 0.00 0.00 0.00 0.00 0.00
pedestrian 0.00 0 0.00 1517 317 1536 345 0.00 0.00 0.00 0.00 0.00 0.00 0.00
tricycle 0.00 0 0.00 1381 18 1414 78 0.00 0.00 0.00 0.00 0.00 0.00 0.00
truck 0.00 0 0.00 440 738 660 1077 0.00 0.00 0.00 0.00 0.00 0.00 0.00
car 0.00 0 0.00 639 541 736 674 0.00 0.00 0.00 0.00 0.00 0.00 0.00
truck 0.00 0 0.00 691 394 769 523 0.00 0.00 0.00 0.00 0.00 0.00 0.00
