car 0.00 0 0.00 101 4 134 32 0.00 0.00 0.00 0.00 0.00 0.00 0.00
car 0.00 0 0.00 92 0 123 17 0.00 0.00 0.00 0.00 0.00 0.00 0.00
car 0.00 0 0.00 130 37 166 68 0.00 0.00 0.00 0.00 0.00 0.00 0.00
car 0.00 0 0.00 235 64 264 96 0.00 0.00 0.00 0.00 0.00 0.00 0.00
car 0.00 0 0.00 263 103 297 139 0.00 0.00 0.00 0.00 0.00 0.00 0.00
car 0.00 0 0.00 145 116 182 142 0.00 0.00 0.00 0.00 0.00 0.00 0.00
car 0.00 0 0.00 162 132 195 161 0.00 0.00 0.00 0.00 0.00 0.00 0.00
car 0.00 0 0.00 279 0 305 18 0.00 0.00 0.00 0.00 0.00 0.00 0.00
van 0.00 0 0.00 443 11 466 37 0.00 0.00 0.00 0.00 0.00 0.00 0.00
car 0.00 0 0.00 425 99 457 130 0.00 0.00 0.00 0.00 0.00 0.00 0.00
pedestrian 0.00 0 0.00 427 403 433 413 0.00 0.00 0.00 0.00 0.00 0.00 0.00
pedestrian 0.00 0 0.00 423 404 428 417 0.00 0.00 0.00 0.00 0.00 0.00 0.00
car 0.00 0 0.00 423 605 455 636 0.00 0.00 0.00 0.00 0.00 0.00 0.00
car 0.00 0 0.00 406 739 453 780 0.00 0.00 0.00 0.00 0.00 0.00 0.00
car 0.00 0 0.00 349 782 395 824 0.00 0.00 0.00 0.00 0.00 0.00 0.00
car 0.00 0 0.00 456 779 498 817 0.00 0.00 0.00 0.00 0.00 0.00 0.00
car 0.00 0 0.00 396 820 451 865 0.00 0.00 0.00 0.00 0.00 0.00 0.00
car 0.00 0 0.00 343 863 387 906 0.00 0.00 0.00 0.00 0.00 0.00 0.00
car 0.00 0 0.00 178 813 221 849 0.00 0.00 0.00 0.00 0.00 0.00 0.00
car 0.00 0 0.00 64 902 105 942 0.00 0.00 0.00 0.00 0.00 0.00 0.00
car 0.00 0 0.00 110 862 159 899 0.00 0.00 0.00 0.00 0.00 0.00 0.00
pedestrian 0.00 0 0.00 608 846 612 854 0.00 0.00 0.00 0.00 0.00 0.00 0.00
motor 0.00 0 0.00 658 775 671 786 0.00 0.00 0.00 0.00 0.00 0.00 0.00
motor 0.00 0 0.00 669 750 682 756 0.00 0.00 0.00 0.00 0.00 0.00 0.00
motor 0.00 0 0.00 646 751 654 761 0.00 0.00 0.00 0.00 0.00 0.00 0.00
people 0.00 0 0.00 674 751 681 755 0.00 0.00 0.00 0.00 0.00 0.00 0.00
people 0.00 0 0.00 646 750 653 756 0.00 0.00 0.00 0.00 0.00 0.00 0.00
people 0.00 0 0.00 665 776 672 784 0.00 0.00 0.00 0.00 0.00 0.00 0.00
car 0.00 0 0.00 492 719 532 758 0.00 0.00 0.00 0.00 0.00 0.00 0.00
car 0.00 0 0.00 508 740 552 777 0.00 0.00 0.00 0.00 0.00 0.00 0.00
car 0.00 0 0.00 548 679 587 715 0.00 0.00 0.00 0.00 0.00 0.00 0.00
car 0.00 0 0.00 566 697 611 737 0.00 0.00 0.00 0.00 0.00 0.00 0.00
car 0.00 0 0.00 492 672 540 711 0.00 0.00 0.00 0.00 0.00 0.00 0.00
car 0.00 0 0.00 713 614 759 640 0.00 0.00 0.00 0.00 0.00 0.00 0.00
car 0.00 0 0.00 634 618 677 638 0.00 0.00 0.00 0.00 0.00 0.00 0.00
car 0.00 0 0.00 589 568 614 612 0.00 0.00 0.00 0.00 0.00 0.00 0.00
car 0.00 0 0.00 809 498 851 521 0.00 0.00 0.00 0.00 0.00 0.00 0.00
car 0.00 0 0.00 597 383 629 418 0.00 0.00 0.00 0.00 0.00 0.00 0.00
motor 0.00 0 0.00 842 363 859 375 0.00 0.00 0.00 0.00 0.00 0.00 0.00
people 0.00 0 0.00 842 364 853 374 0.00 0.00 0.00 0.00 0.00 0.00 0.00
car 0.00 0 0.00 852 392 892 419 0.00 0.00 0.00 0.00 0.00 0.00 0.00
car 0.00 0 0.00 887 471 928 500 0.00 0.00 0.00 0.00 0.00 0.00 0.00
car 0.00 0 0.00 902 392 940 424 0.00 0.00 0.00 0.00 0.00 0.00 0.00
car 0.00 0 0.00 917 412 953 445 0.00 0.00 0.00 0.00 0.00 0.00 0.00
car 0.00 0 0.00 941 364 978 396 0.00 0.00 0.00 0.00 0.00 0.00 0.00
car 0.00 0 0.00 989 329 1023 359 0.00 0.00 0.00 0.00 0.00 0.00 0.00
car 0.00 0 0.00 1029 298 1064 330 0.00 0.00 0.00 0.00 0.00 0.00 0.00
car 0.00 0 0.00 1031 364 1068 396 0.00 0.00 0.00 0.00 0.00 0.00 0.00
pedestrian 0.00 0 0.00 952 516 959 523 0.00 0.00 0.00 0.00 0.00 0.00 0.00
car 0.00 0 0.00 867 698 905 740 0.00 0.00 0.00 0.00 0.00 0.00 0.00
car 0.00 0 0.00 1081 263 1118 291 0.00 0.00 0.00 0.00 0.00 0.00 0.00
car 0.00 0 0.00 1162 171 1203 205 0.00 0.00 0.00 0.00 0.00 0.00 0.00
