pedestrian 0.00 0 0.00 810 1128 880 1306 0.00 0.00 0.00 0.00 0.00 0.00 0.00
pedestrian 0.00 0 0.00 1041 959 1091 1100 0.00 0.00 0.00 0.00 0.00 0.00 0.00
pedestrian 0.00 0 0.00 1272 979 1347 1100 0.00 0.00 0.00 0.00 0.00 0.00 0.00
pedestrian 0.00 0 0.00 755 887 805 1021 0.00 0.00 0.00 0.00 0.00 0.00 0.00
pedestrian 0.00 0 0.00 719 842 767 939 0.00 0.00 0.00 0.00 0.00 0.00 0.00
pedestrian 0.00 0 0.00 1108 826 1146 939 0.00 0.00 0.00 0.00 0.00 0.00 0.00
pedestrian 0.00 0 0.00 1375 768 1435 882 0.00 0.00 0.00 0.00 0.00 0.00 0.00
pedestrian 0.00 0 0.00 1361 787 1399 868 0.00 0.00 0.00 0.00 0.00 0.00 0.00
pedestrian 0.00 0 0.00 966 678 1016 795 0.00 0.00 0.00 0.00 0.00 0.00 0.00
pedestrian 0.00 0 0.00 1930 746 1989 870 0.00 0.00 0.00 0.00 0.00 0.00 0.00
people 0.00 0 0.00 1869 718 1911 789 0.00 0.00 0.00 0.00 0.00 0.00 0.00
people 0.00 0 0.00 1589 836 1641 917 0.00 0.00 0.00 0.00 0.00 0.00 0.00
people 0.00 0 0.00 1569 753 1630 843 0.00 0.00 0.00 0.00 0.00 0.00 0.00
people 0.00 0 0.00 1208 729 1261 831 0.00 0.00 0.00 0.00 0.00 0.00 0.00
people 0.00 0 0.00 766 579 814 671 0.00 0.00 0.00 0.00 0.00 0.00 0.00
people 0.00 0 0.00 964 632 996 709 0.00 0.00 0.00 0.00 0.00 0.00 0.00
motor 0.00 0 0.00 1047 876 1188 962 0.00 0.00 0.00 0.00 0.00 0.00 0.00
motor 0.00 0 0.00 855 789 986 867 0.00 0.00 0.00 0.00 0.00 0.00 0.00
motor 0.00 0 0.00 1186 761 1292 842 0.00 0.00 0.00 0.00 0.00 0.00 0.00
motor 0.00 0 0.00 1538 789 1649 856 0.00 0.00 0.00 0.00 0.00 0.00 0.00
bicycle 0.00 0 0.00 1544 862 1661 928 0.00 0.00 0.00 0.00 0.00 0.00 0.00
bicycle 0.00 0 0.00 1827 742 1921 803 0.00 0.00 0.00 0.00 0.00 0.00 0.00
car 0.00 0 0.00 1685 611 2000 766 0.00 0.00 0.00 0.00 0.00 0.00 0.00
car 0.00 0 0.00 1032 701 1088 781 0.00 0.00 0.00 0.00 0.00 0.00 0.00
car 0.00 0 0.00 360 671 708 803 0.00 0.00 0.00 0.00 0.00 0.00 0.00
pedestrian 0.00 0 0.00 96 882 182 990 0.00 0.00 0.00 0.00 0.00 0.00 0.00
pedestrian 0.00 0 0.00 64 818 122 962 0.00 0.00 0.00 0.00 0.00 0.00 0.00
people 0.00 0 0.00 0 751 71 862 0.00 0.00 0.00 0.00 0.00 0.00 0.00
bicycle 0.00 0 0.00 0 806 127 875 0.00 0.00 0.00 0.00 0.00 0.00 0.00
pedestrian 0.00 0 0.00 1182 695 1215 812 0.00 0.00 0.00 0.00 0.00 0.00 0.00
people 0.00 0 0.00 964 629 996 711 0.00 0.00 0.00 0.00 0.00 0.00 0.00
bicycle 0.00 0 0.00 946 665 1035 734 0.00 0.00 0.00 0.00 0.00 0.00 0.00
people 0.00 0 0.00 972 592 999 662 0.00 0.00 0.00 0.00 0.00 0.00 0.00
bicycle 0.00 0 0.00 952 631 1050 682 0.00 0.00 0.00 0.00 0.00 0.00 0.00
pedestrian 0.00 0 0.00 882 511 911 586 0.00 0.00 0.00 0.00 0.00 0.00 0.00
pedestrian 0.00 0 0.00 800 511 828 568 0.00 0.00 0.00 0.00 0.00 0.00 0.00
van 0.00 0 0.00 278 408 480 475 0.00 0.00 0.00 0.00 0.00 0.00 0.00
van 0.00 0 0.00 359 343 530 407 0.00 0.00 0.00 0.00 0.00 0.00 0.00
van 0.00 0 0.00 421 298 493 343 0.00 0.00 0.00 0.00 0.00 0.00 0.00
van 0.00 0 0.00 681 350 783 399 0.00 0.00 0.00 0.00 0.00 0.00 0.00
van 0.00 0 0.00 660 330 765 379 0.00 0.00 0.00 0.00 0.00 0.00 0.00
van 0.00 0 0.00 823 331 874 399 0.00 0.00 0.00 0.00 0.00 0.00 0.00
car 0.00 0 0.00 242 207 304 230 0.00 0.00 0.00 0.00 0.00 0.00 0.00
car 0.00 0 0.00 417 206 481 230 0.00 0.00 0.00 0.00 0.00 0.00 0.00
car 0.00 0 0.00 511 203 568 228 0.00 0.00 0.00 0.00 0.00 0.00 0.00
car 0.00 0 0.00 286 234 356 260 0.00 0.00 0.00 0.00 0.00 0.00 0.00
car 0.00 0 0.00 309 224 375 248 0.00 0.00 0.00 0.00 0.00 0.00 0.00
car 0.00 0 0.00 376 229 437 259 0.00 0.00 0.00 0.00 0.00 0.00 0.00
car 0.00 0 0.00 288 287 377 322 0.00 0.00 0.00 0.00 0.00 0.00 0.00
van 0.00 0 0.00 170 309 283 361 0.00 0.00 0.00 0.00 0.00 0.00 0.00
car 0.00 0 0.00 308 274 378 310 0.00 0.00 0.00 0.00 0.00 0.00 0.00
car 0.00 0 0.00 341 270 416 306 0.00 0.00 0.00 0.00 0.00 0.00 0.00
car 0.00 0 0.00 372 264 449 299 0.00 0.00 0.00 0.00 0.00 0.00 0.00
truck 0.00 0 0.00 373 245 471 288 0.00 0.00 0.00 0.00 0.00 0.00 0.00
car 0.00 0 0.00 422 232 503 276 0.00 0.00 0.00 0.00 0.00 0.00 0.00
car 0.00 0 0.00 478 228 532 258 0.00 0.00 0.00 0.00 0.00 0.00 0.00
pedestrian 0.00 0 0.00 457 262 474 301 0.00 0.00 0.00 0.00 0.00 0.00 0.00
pedestrian 0.00 0 0.00 475 261 490 297 0.00 0.00 0.00 0.00 0.00 0.00 0.00
pedestrian 0.00 0 0.00 501 257 514 286 0.00 0.00 0.00 0.00 0.00 0.00 0.00
pedestrian 0.00 0 0.00 591 327 613 367 0.00 0.00 0.00 0.00 0.00 0.00 0.00
people 0.00 0 0.00 606 315 622 338 0.00 0.00 0.00 0.00 0.00 0.00 0.00
pedestrian 0.00 0 0.00 527 301 541 343 0.00 0.00 0.00 0.00 0.00 0.00 0.00
pedestrian 0.00 0 0.00 425 864 483 937 0.00 0.00 0.00 0.00 0.00 0.00 0.00
tricycle 0.00 0 0.00 569 371 622 410 0.00 0.00 0.00 0.00 0.00 0.00 0.00
motor 0.00 0 0.00 449 405 502 442 0.00 0.00 0.00 0.00 0.00 0.00 0.00
motor 0.00 0 0.00 907 543 938 609 0.00 0.00 0.00 0.00 0.00 0.00 0.00
pedestrian 0.00 0 0.00 816 405 838 471 0.00 0.00 0.00 0.00 0.00 0.00 0.00
pedestrian 0.00 0 0.00 837 422 852 470 0.00 0.00 0.00 0.00 0.00 0.00 0.00
pedestrian 0.00 0 0.00 842 395 863 457 0.00 0.00 0.00 0.00 0.00 0.00 0.00
pedestrian 0.00 0 0.00 935 322 951 369 0.00 0.00 0.00 0.00 0.00 0.00 0.00
pedestrian 0.00 0 0.00 1275 537 1308 615 0.00 0.00 0.00 0.00 0.00 0.00 0.00
pedestrian 0.00 0 0.00 1305 547 1340 633 0.00 0.00 0.00 0.00 0.00 0.00 0.00
pedestrian 0.00 0 0.00 1544 537 1574 613 0.00 0.00 0.00 0.00 0.00 0.00 0.00
bicycle 0.00 0 0.00 1533 587 1562 659 0.00 0.00 0.00 0.00 0.00 0.00 0.00
van 0.00 0 0.00 644 257 728 293 0.00 0.00 0.00 0.00 0.00 0.00 0.00
