pedestrian 0.00 0 0.00 1315 1048 1322 1068 0.00 0.00 0.00 0.00 0.00 0.00 0.00
car 0.00 0 0.00 1764 1218 1815 1261 0.00 0.00 0.00 0.00 0.00 0.00 0.00
car 0.00 0 0.00 1698 1207 1749 1244 0.00 0.00 0.00 0.00 0.00 0.00 0.00
car 0.00 0 0.00 1629 1192 1678 1236 0.00 0.00 0.00 0.00 0.00 0.00 0.00
car 0.00 0 0.00 1592 1182 1635 1221 0.00 0.00 0.00 0.00 0.00 0.00 0.00
car 0.00 0 0.00 1551 1174 1594 1213 0.00 0.00 0.00 0.00 0.00 0.00 0.00
car 0.00 0 0.00 1508 1165 1551 1199 0.00 0.00 0.00 0.00 0.00 0.00 0.00
car 0.00 0 0.00 1429 1147 1476 1181 0.00 0.00 0.00 0.00 0.00 0.00 0.00
car 0.00 0 0.00 1406 1140 1452 1170 0.00 0.00 0.00 0.00 0.00 0.00 0.00
car 0.00 0 0.00 1368 1132 1418 1164 0.00 0.00 0.00 0.00 0.00 0.00 0.00
car 0.00 0 0.00 1271 1136 1337 1165 0.00 0.00 0.00 0.00 0.00 0.00 0.00
car 0.00 0 0.00 1252 1145 1322 1175 0.00 0.00 0.00 0.00 0.00 0.00 0.00
car 0.00 0 0.00 1231 1152 1297 1180 0.00 0.00 0.00 0.00 0.00 0.00 0.00
car 0.00 0 0.00 1205 1163 1260 1191 0.00 0.00 0.00 0.00 0.00 0.00 0.00
car 0.00 0 0.00 1180 1171 1252 1206 0.00 0.00 0.00 0.00 0.00 0.00 0.00
car 0.00 0 0.00 1161 1180 1228 1213 0.00 0.00 0.00 0.00 0.00 0.00 0.00
car 0.00 0 0.00 1094 1220 1166 1259 0.00 0.00 0.00 0.00 0.00 0.00 0.00
car 0.00 0 0.00 1148 1194 1211 1230 0.00 0.00 0.00 0.00 0.00 0.00 0.00
car 0.00 0 0.00 1059 1232 1137 1272 0.00 0.00 0.00 0.00 0.00 0.00 0.00
car 0.00 0 0.00 1037 1248 1110 1287 0.00 0.00 0.00 0.00 0.00 0.00 0.00
pedestrian 0.00 0 0.00 1018 1166 1026 1192 0.00 0.00 0.00 0.00 0.00 0.00 0.00
car 0.00 0 0.00 1001 1255 1078 1299 0.00 0.00 0.00 0.00 0.00 0.00 0.00
car 0.00 0 0.00 1742 1293 1837 1336 0.00 0.00 0.00 0.00 0.00 0.00 0.00
car 0.00 0 0.00 1703 1319 1808 1372 0.00 0.00 0.00 0.00 0.00 0.00 0.00
car 0.00 0 0.00 1665 1358 1763 1407 0.00 0.00 0.00 0.00 0.00 0.00 0.00
car 0.00 0 0.00 1662 1384 1754 1432 0.00 0.00 0.00 0.00 0.00 0.00 0.00
people 0.00 0 0.00 1856 1396 1877 1430 0.00 0.00 0.00 0.00 0.00 0.00 0.00
car 0.00 0 0.00 1455 1197 1535 1235 0.00 0.00 0.00 0.00 0.00 0.00 0.00
car 0.00 0 0.00 1427 1207 1509 1248 0.00 0.00 0.00 0.00 0.00 0.00 0.00
car 0.00 0 0.00 1403 1222 1481 1260 0.00 0.00 0.00 0.00 0.00 0.00 0.00
car 0.00 0 0.00 1396 1235 1464 1268 0.00 0.00 0.00 0.00 0.00 0.00 0.00
car 0.00 0 0.00 1368 1248 1453 1289 0.00 0.00 0.00 0.00 0.00 0.00 0.00
car 0.00 0 0.00 1345 1263 1424 1305 0.00 0.00 0.00 0.00 0.00 0.00 0.00
car 0.00 0 0.00 1321 1270 1400 1317 0.00 0.00 0.00 0.00 0.00 0.00 0.00
car 0.00 0 0.00 1283 1302 1367 1352 0.00 0.00 0.00 0.00 0.00 0.00 0.00
car 0.00 0 0.00 1513 1230 1599 1273 0.00 0.00 0.00 0.00 0.00 0.00 0.00
car 0.00 0 0.00 1490 1244 1575 1281 0.00 0.00 0.00 0.00 0.00 0.00 0.00
car 0.00 0 0.00 1476 1259 1550 1299 0.00 0.00 0.00 0.00 0.00 0.00 0.00
car 0.00 0 0.00 1454 1270 1546 1320 0.00 0.00 0.00 0.00 0.00 0.00 0.00
car 0.00 0 0.00 1434 1290 1512 1329 0.00 0.00 0.00 0.00 0.00 0.00 0.00
car 0.00 0 0.00 1411 1300 1499 1348 0.00 0.00 0.00 0.00 0.00 0.00 0.00
car 0.00 0 0.00 1378 1319 1471 1364 0.00 0.00 0.00 0.00 0.00 0.00 0.00
car 0.00 0 0.00 1370 1340 1460 1387 0.00 0.00 0.00 0.00 0.00 0.00 0.00
car 0.00 0 0.00 1209 1337 1302 1389 0.00 0.00 0.00 0.00 0.00 0.00 0.00
car 0.00 0 0.00 1251 1407 1354 1471 0.00 0.00 0.00 0.00 0.00 0.00 0.00
car 0.00 0 0.00 1096 1415 1199 1479 0.00 0.00 0.00 0.00 0.00 0.00 0.00
car 0.00 0 0.00 1132 1395 1228 1456 0.00 0.00 0.00 0.00 0.00 0.00 0.00
bicycle 0.00 0 0.00 1130 1364 1165 1389 0.00 0.00 0.00 0.00 0.00 0.00 0.00
people 0.00 0 0.00 1138 1353 1153 1386 0.00 0.00 0.00 0.00 0.00 0.00 0.00
bicycle 0.00 0 0.00 1025 1388 1061 1412 0.00 0.00 0.00 0.00 0.00 0.00 0.00
people 0.00 0 0.00 1037 1374 1049 1406 0.00 0.00 0.00 0.00 0.00 0.00 0.00
awning-tricycle 0.00 0 0.00 615 1401 649 1427 0.00 0.00 0.00 0.00 0.00 0.00 0.00
people 0.00 0 0.00 623 1393 642 1420 0.00 0.00 0.00 0.00 0.00 0.00 0.00
pedestrian 0.00 0 0.00 731 1180 742 1206 0.00 0.00 0.00 0.00 0.00 0.00 0.00
car 0.00 0 0.00 550 1130 606 1164 0.00 0.00 0.00 0.00 0.00 0.00 0.00
van 0.00 0 0.00 656 1158 724 1199 0.00 0.00 0.00 0.00 0.00 0.00 0.00
car 0.00 0 0.00 134 1026 189 1049 0.00 0.00 0.00 0.00 0.00 0.00 0.00
car 0.00 0 0.00 232 1033 268 1056 0.00 0.00 0.00 0.00 0.00 0.00 0.00
car 0.00 0 0.00 170 1056 202 1076 0.00 0.00 0.00 0.00 0.00 0.00 0.00
car 0.00 0 0.00 175 1070 230 1097 0.00 0.00 0.00 0.00 0.00 0.00 0.00
car 0.00 0 0.00 193 1077 247 1100 0.00 0.00 0.00 0.00 0.00 0.00 0.00
car 0.00 0 0.00 200 1079 267 1111 0.00 0.00 0.00 0.00 0.00 0.00 0.00
car 0.00 0 0.00 225 1087 287 1115 0.00 0.00 0.00 0.00 0.00 0.00 0.00
car 0.00 0 0.00 245 1095 304 1121 0.00 0.00 0.00 0.00 0.00 0.00 0.00
car 0.00 0 0.00 254 1102 313 1128 0.00 0.00 0.00 0.00 0.00 0.00 0.00
car 0.00 0 0.00 268 1109 334 1139 0.00 0.00 0.00 0.00 0.00 0.00 0.00
car 0.00 0 0.00 285 1117 341 1140 0.00 0.00 0.00 0.00 0.00 0.00 0.00
car 0.00 0 0.00 309 1111 374 1144 0.00 0.00 0.00 0.00 0.00 0.00 0.00
car 0.00 0 0.00 326 1126 389 1159 0.00 0.00 0.00 0.00 0.00 0.00 0.00
car 0.00 0 0.00 343 1134 409 1167 0.00 0.00 0.00 0.00 0.00 0.00 0.00
car 0.00 0 0.00 359 1134 432 1171 0.00 0.00 0.00 0.00 0.00 0.00 0.00
car 0.00 0 0.00 376 1153 447 1183 0.00 0.00 0.00 0.00 0.00 0.00 0.00
car 0.00 0 0.00 396 1156 459 1188 0.00 0.00 0.00 0.00 0.00 0.00 0.00
car 0.00 0 0.00 425 1166 489 1199 0.00 0.00 0.00 0.00 0.00 0.00 0.00
car 0.00 0 0.00 448 1168 511 1201 0.00 0.00 0.00 0.00 0.00 0.00 0.00
car 0.00 0 0.00 468 1176 537 1213 0.00 0.00 0.00 0.00 0.00 0.00 0.00
car 0.00 0 0.00 486 1193 555 1226 0.00 0.00 0.00 0.00 0.00 0.00 0.00
car 0.00 0 0.00 536 1206 603 1237 0.00 0.00 0.00 0.00 0.00 0.00 0.00
car 0.00 0 0.00 569 1212 637 1248 0.00 0.00 0.00 0.00 0.00 0.00 0.00
car 0.00 0 0.00 479 1242 557 1286 0.00 0.00 0.00 0.00 0.00 0.00 0.00
car 0.00 0 0.00 453 1231 531 1276 0.00 0.00 0.00 0.00 0.00 0.00 0.00
car 0.00 0 0.00 434 1220 507 1266 0.00 0.00 0.00 0.00 0.00 0.00 0.00
car 0.00 0 0.00 416 1207 487 1252 0.00 0.00 0.00 0.00 0.00 0.00 0.00
car 0.00 0 0.00 391 1194 462 1243 0.00 0.00 0.00 0.00 0.00 0.00 0.00
car 0.00 0 0.00 367 1191 433 1233 0.00 0.00 0.00 0.00 0.00 0.00 0.00
car 0.00 0 0.00 346 1182 419 1224 0.00 0.00 0.00 0.00 0.00 0.00 0.00
car 0.00 0 0.00 325 1172 397 1214 0.00 0.00 0.00 0.00 0.00 0.00 0.00
car 0.00 0 0.00 311 1172 374 1204 0.00 0.00 0.00 0.00 0.00 0.00 0.00
car 0.00 0 0.00 281 1166 352 1202 0.00 0.00 0.00 0.00 0.00 0.00 0.00
car 0.00 0 0.00 232 1137 298 1170 0.00 0.00 0.00 0.00 0.00 0.00 0.00
van 0.00 0 0.00 266 1143 333 1185 0.00 0.00 0.00 0.00 0.00 0.00 0.00
car 0.00 0 0.00 214 1130 282 1166 0.00 0.00 0.00 0.00 0.00 0.00 0.00
car 0.00 0 0.00 191 1128 259 1155 0.00 0.00 0.00 0.00 0.00 0.00 0.00
car 0.00 0 0.00 164 1112 229 1143 0.00 0.00 0.00 0.00 0.00 0.00 0.00
car 0.00 0 0.00 143 1108 208 1135 0.00 0.00 0.00 0.00 0.00 0.00 0.00
car 0.00 0 0.00 134 1103 191 1127 0.00 0.00 0.00 0.00 0.00 0.00 0.00
car 0.00 0 0.00 114 1091 176 1120 0.00 0.00 0.00 0.00 0.00 0.00 0.00
car 0.00 0 0.00 91 1092 144 1117 0.00 0.00 0.00 0.00 0.00 0.00 0.00
car 0.00 0 0.00 214 1185 264 1227 0.00 0.00 0.00 0.00 0.00 0.00 0.00
car 0.00 0 0.00 350 1051 405 1075 0.00 0.00 0.00 0.00 0.00 0.00 0.00
car 0.00 0 0.00 393 1055 436 1083 0.00 0.00 0.00 0.00 0.00 0.00 0.00
car 0.00 0 0.00 412 1064 454 1088 0.00 0.00 0.00 0.00 0.00 0.00 0.00
car 0.00 0 0.00 430 1070 467 1094 0.00 0.00 0.00 0.00 0.00 0.00 0.00
van 0.00 0 0.00 451 1064 497 1100 0.00 0.00 0.00 0.00 0.00 0.00 0.00
car 0.00 0 0.00 481 1084 518 1108 0.00 0.00 0.00 0.00 0.00 0.00 0.00
car 0.00 0 0.00 496 1090 542 1120 0.00 0.00 0.00 0.00 0.00 0.00 0.00
car 0.00 0 0.00 516 1098 563 1127 0.00 0.00 0.00 0.00 0.00 0.00 0.00
car 0.00 0 0.00 540 1102 587 1132 0.00 0.00 0.00 0.00 0.00 0.00 0.00
car 0.00 0 0.00 729 1157 783 1189 0.00 0.00 0.00 0.00 0.00 0.00 0.00
car 0.00 0 0.00 714 1150 757 1176 0.00 0.00 0.00 0.00 0.00 0.00 0.00
car 0.00 0 0.00 685 1140 735 1170 0.00 0.00 0.00 0.00 0.00 0.00 0.00
car 0.00 0 0.00 640 1137 698 1170 0.00 0.00 0.00 0.00 0.00 0.00 0.00
car 0.00 0 0.00 613 1121 659 1147 0.00 0.00 0.00 0.00 0.00 0.00 0.00
car 0.00 0 0.00 626 1129 667 1158 0.00 0.00 0.00 0.00 0.00 0.00 0.00
car 0.00 0 0.00 79 1229 152 1265 0.00 0.00 0.00 0.00 0.00 0.00 0.00
car 0.00 0 0.00 66 1212 136 1252 0.00 0.00 0.00 0.00 0.00 0.00 0.00
car 0.00 0 0.00 51 1195 131 1237 0.00 0.00 0.00 0.00 0.00 0.00 0.00
car 0.00 0 0.00 31 1192 111 1235 0.00 0.00 0.00 0.00 0.00 0.00 0.00
car 0.00 0 0.00 16 1187 93 1224 0.00 0.00 0.00 0.00 0.00 0.00 0.00
car 0.00 0 0.00 4 1171 83 1214 0.00 0.00 0.00 0.00 0.00 0.00 0.00
car 0.00 0 0.00 0 1166 59 1210 0.00 0.00 0.00 0.00 0.00 0.00 0.00
car 0.00 0 0.00 0 1158 51 1201 0.00 0.00 0.00 0.00 0.00 0.00 0.00
pedestrian 0.00 0 0.00 597 744 603 762 0.00 0.00 0.00 0.00 0.00 0.00 0.00
pedestrian 0.00 0 0.00 594 748 598 762 0.00 0.00 0.00 0.00 0.00 0.00 0.00
people 0.00 0 0.00 601 749 609 762 0.00 0.00 0.00 0.00 0.00 0.00 0.00
