pedestrian 0.00 0 0.00 208 368 244 426 0.00 0.00 0.00 0.00 0.00 0.00 0.00
pedestrian 0.00 0 0.00 271 248 293 302 0.00 0.00 0.00 0.00 0.00 0.00 0.00
car 0.00 0 0.00 458 276 527 376 0.00 0.00 0.00 0.00 0.00 0.00 0.00
car 0.00 0 0.00 481 196 544 283 0.00 0.00 0.00 0.00 0.00 0.00 0.00
car 0.00 0 0.00 373 247 459 358 0.00 0.00 0.00 0.00 0.00 0.00 0.00
car 0.00 0 0.00 422 159 486 236 0.00 0.00 0.00 0.00 0.00 0.00 0.00
car 0.00 0 0.00 456 100 510 162 0.00 0.00 0.00 0.00 0.00 0.00 0.00
car 0.00 0 0.00 405 67 453 131 0.00 0.00 0.00 0.00 0.00 0.00 0.00
car 0.00 0 0.00 481 56 525 100 0.00 0.00 0.00 0.00 0.00 0.00 0.00
car 0.00 0 0.00 491 14 537 57 0.00 0.00 0.00 0.00 0.00 0.00 0.00
van 0.00 0 0.00 423 21 467 79 0.00 0.00 0.00 0.00 0.00 0.00 0.00
car 0.00 0 0.00 717 1 761 48 0.00 0.00 0.00 0.00 0.00 0.00 0.00
car 0.00 0 0.00 783 12 830 57 0.00 0.00 0.00 0.00 0.00 0.00 0.00
car 0.00 0 0.00 736 58 784 107 0.00 0.00 0.00 0.00 0.00 0.00 0.00
car 0.00 0 0.00 734 111 793 169 0.00 0.00 0.00 0.00 0.00 0.00 0.00
bus 0.00 0 0.00 809 74 929 277 0.00 0.00 0.00 0.00 0.00 0.00 0.00
car 0.00 0 0.00 879 314 964 422 0.00 0.00 0.00 0.00 0.00 0.00 0.00
car 0.00 0 0.00 804 69 843 112 0.00 0.00 0.00 0.00 0.00 0.00 0.00
bus 0.00 0 0.00 859 0 929 36 0.00 0.00 0.00 0.00 0.00 0.00 0.00
car 0.00 0 0.00 981 205 1052 274 0.00 0.00 0.00 0.00 0.00 0.00 0.00
car 0.00 0 0.00 1019 280 1124 376 0.00 0.00 0.00 0.00 0.00 0.00 0.00
car 0.00 0 0.00 1086 378 1193 487 0.00 0.00 0.00 0.00 0.00 0.00 0.00
car 0.00 0 0.00 1007 421 1120 557 0.00 0.00 0.00 0.00 0.00 0.00 0.00
car 0.00 0 0.00 1144 521 1301 698 0.00 0.00 0.00 0.00 0.00 0.00 0.00
car 0.00 0 0.00 1262 741 1399 977 0.00 0.00 0.00 0.00 0.00 0.00 0.00
pedestrian 0.00 0 0.00 689 492 726 557 0.00 0.00 0.00 0.00 0.00 0.00 0.00
pedestrian 0.00 0 0.00 507 706 539 772 0.00 0.00 0.00 0.00 0.00 0.00 0.00
pedestrian 0.00 0 0.00 470 700 503 765 0.00 0.00 0.00 0.00 0.00 0.00 0.00
pedestrian 0.00 0 0.00 487 634 518 708 0.00 0.00 0.00 0.00 0.00 0.00 0.00
car 0.00 0 0.00 272 762 424 1043 0.00 0.00 0.00 0.00 0.00 0.00 0.00
car 0.00 0 0.00 406 389 521 547 0.00 0.00 0.00 0.00 0.00 0.00 0.00
car 0.00 0 0.00 331 336 417 474 0.00 0.00 0.00 0.00 0.00 0.00 0.00
bicycle 0.00 0 0.00 226 475 303 515 0.00 0.00 0.00 0.00 0.00 0.00 0.00
bicycle 0.00 0 0.00 97 565 241 759 0.00 0.00 0.00 0.00 0.00 0.00 0.00
motor 0.00 0 0.00 0 632 28 700 0.00 0.00 0.00 0.00 0.00 0.00 0.00
motor 0.00 0 0.00 19 597 62 672 0.00 0.00 0.00 0.00 0.00 0.00 0.00
