car 0.00 0 0.00 54 482 153 533 0.00 0.00 0.00 0.00 0.00 0.00 0.00
car 0.00 0 0.00 425 594 535 658 0.00 0.00 0.00 0.00 0.00 0.00 0.00
car 0.00 0 0.00 774 542 830 636 0.00 0.00 0.00 0.00 0.00 0.00 0.00
car 0.00 0 0.00 1073 425 1150 500 0.00 0.00 0.00 0.00 0.00 0.00 0.00
car 0.00 0 0.00 1212 494 1286 569 0.00 0.00 0.00 0.00 0.00 0.00 0.00
pedestrian 0.00 0 0.00 917 809 935 837 0.00 0.00 0.00 0.00 0.00 0.00 0.00
pedestrian 0.00 0 0.00 482 791 495 812 0.00 0.00 0.00 0.00 0.00 0.00 0.00
pedestrian 0.00 0 0.00 492 785 511 802 0.00 0.00 0.00 0.00 0.00 0.00 0.00
bicycle 0.00 0 0.00 845 209 869 226 0.00 0.00 0.00 0.00 0.00 0.00 0.00
pedestrian 0.00 0 0.00 849 199 862 221 0.00 0.00 0.00 0.00 0.00 0.00 0.00
van 0.00 0 0.00 1087 246 1152 307 0.00 0.00 0.00 0.00 0.00 0.00 0.00
car 0.00 0 0.00 568 94 600 138 0.00 0.00 0.00 0.00 0.00 0.00 0.00
car 0.00 0 0.00 672 53 702 91 0.00 0.00 0.00 0.00 0.00 0.00 0.00
car 0.00 0 0.00 676 5 702 44 0.00 0.00 0.00 0.00 0.00 0.00 0.00
