van 0.00 0 0.00 423 2 468 93 0.00 0.00 0.00 0.00 0.00 0.00 0.00
car 0.00 0 0.00 620 40 661 131 0.00 0.00 0.00 0.00 0.00 0.00 0.00
car 0.00 0 0.00 427 209 469 311 0.00 0.00 0.00 0.00 0.00 0.00 0.00
car 0.00 0 0.00 633 292 681 404 0.00 0.00 0.00 0.00 0.00 0.00 0.00
car 0.00 0 0.00 640 421 684 528 0.00 0.00 0.00 0.00 0.00 0.00 0.00
van 0.00 0 0.00 640 542 694 653 0.00 0.00 0.00 0.00 0.00 0.00 0.00
van 0.00 0 0.00 647 678 695 793 0.00 0.00 0.00 0.00 0.00 0.00 0.00
van 0.00 0 0.00 656 852 703 969 0.00 0.00 0.00 0.00 0.00 0.00 0.00
car 0.00 0 0.00 662 981 712 1048 0.00 0.00 0.00 0.00 0.00 0.00 0.00
van 0.00 0 0.00 428 727 490 857 0.00 0.00 0.00 0.00 0.00 0.00 0.00
car 0.00 0 0.00 435 618 475 702 0.00 0.00 0.00 0.00 0.00 0.00 0.00
car 0.00 0 0.00 364 638 417 752 0.00 0.00 0.00 0.00 0.00 0.00 0.00
pedestrian 0.00 0 0.00 31 440 61 458 0.00 0.00 0.00 0.00 0.00 0.00 0.00
pedestrian 0.00 0 0.00 257 829 284 844 0.00 0.00 0.00 0.00 0.00 0.00 0.00
pedestrian 0.00 0 0.00 148 798 176 816 0.00 0.00 0.00 0.00 0.00 0.00 0.00
pedestrian 0.00 0 0.00 155 771 188 784 0.00 0.00 0.00 0.00 0.00 0.00 0.00
motor 0.00 0 0.00 215 711 257 729 0.00 0.00 0.00 0.00 0.00 0.00 0.00
motor 0.00 0 0.00 162 619 198 646 0.00 0.00 0.00 0.00 0.00 0.00 0.00
motor 0.00 0 0.00 207 1006 252 1030 0.00 0.00 0.00 0.00 0.00 0.00 0.00
