car 0.00 0 0.00 525 210 600 345 0.00 0.00 0.00 0.00 0.00 0.00 0.00
car 0.00 0 0.00 746 211 818 344 0.00 0.00 0.00 0.00 0.00 0.00 0.00
car 0.00 0 0.00 491 391 578 537 0.00 0.00 0.00 0.00 0.00 0.00 0.00
car 0.00 0 0.00 392 382 479 532 0.00 0.00 0.00 0.00 0.00 0.00 0.00
pedestrian 0.00 0 0.00 308 512 342 542 0.00 0.00 0.00 0.00 0.00 0.00 0.00
car 0.00 0 0.00 450 574 546 740 0.00 0.00 0.00 0.00 0.00 0.00 0.00
car 0.00 0 0.00 299 794 400 976 0.00 0.00 0.00 0.00 0.00 0.00 0.00
people 0.00 0 0.00 509 810 542 847 0.00 0.00 0.00 0.00 0.00 0.00 0.00
motor 0.00 0 0.00 514 801 541 856 0.00 0.00 0.00 0.00 0.00 0.00 0.00
motor 0.00 0 0.00 155 889 187 963 0.00 0.00 0.00 0.00 0.00 0.00 0.00
people 0.00 0 0.00 151 908 188 943 0.00 0.00 0.00 0.00 0.00 0.00 0.00
pedestrian 0.00 0 0.00 1124 548 1158 581 0.00 0.00 0.00 0.00 0.00 0.00 0.00
car 0.00 0 0.00 976 388 1054 527 0.00 0.00 0.00 0.00 0.00 0.00 0.00
car 0.00 0 0.00 914 158 978 305 0.00 0.00 0.00 0.00 0.00 0.00 0.00
car 0.00 0 0.00 877 569 999 727 0.00 0.00 0.00 0.00 0.00 0.00 0.00
people 0.00 0 0.00 850 406 874 456 0.00 0.00 0.00 0.00 0.00 0.00 0.00
