car 0.00 0 0.00 160 262 199 279 0.00 0.00 0.00 0.00 0.00 0.00 0.00
car 0.00 0 0.00 221 231 258 244 0.00 0.00 0.00 0.00 0.00 0.00 0.00
car 0.00 0 0.00 683 440 703 477 0.00 0.00 0.00 0.00 0.00 0.00 0.00
car 0.00 0 0.00 671 571 692 612 0.00 0.00 0.00 0.00 0.00 0.00 0.00
car 0.00 0 0.00 885 574 905 617 0.00 0.00 0.00 0.00 0.00 0.00 0.00
car 0.00 0 0.00 1095 244 1139 264 0.00 0.00 0.00 0.00 0.00 0.00 0.00
car 0.00 0 0.00 797 252 829 269 0.00 0.00 0.00 0.00 0.00 0.00 0.00
car 0.00 0 0.00 987 254 1024 275 0.00 0.00 0.00 0.00 0.00 0.00 0.00
car 0.00 0 0.00 7 245 46 263 0.00 0.00 0.00 0.00 0.00 0.00 0.00
bus 0.00 0 0.00 719 338 750 390 0.00 0.00 0.00 0.00 0.00 0.00 0.00
van 0.00 0 0.00 874 451 896 492 0.00 0.00 0.00 0.00 0.00 0.00 0.00
car 0.00 0 0.00 634 245 673 264 0.00 0.00 0.00 0.00 0.00 0.00 0.00
van 0.00 0 0.00 746 232 785 251 0.00 0.00 0.00 0.00 0.00 0.00 0.00
car 0.00 0 0.00 739 186 771 205 0.00 0.00 0.00 0.00 0.00 0.00 0.00
van 0.00 0 0.00 1307 259 1356 284 0.00 0.00 0.00 0.00 0.00 0.00 0.00
car 0.00 0 0.00 1375 287 1400 308 0.00 0.00 0.00 0.00 0.00 0.00 0.00
car 0.00 0 0.00 461 3 473 14 0.00 0.00 0.00 0.00 0.00 0.00 0.00
van 0.00 0 0.00 1380 58 1398 80 0.00 0.00 0.00 0.00 0.00 0.00 0.00
car 0.00 0 0.00 914 343 955 361 0.00 0.00 0.00 0.00 0.00 0.00 0.00
car 0.00 0 0.00 920 360 962 377 0.00 0.00 0.00 0.00 0.00 0.00 0.00
car 0.00 0 0.00 924 380 963 395 0.00 0.00 0.00 0.00 0.00 0.00 0.00
pedestrian 0.00 0 0.00 662 382 669 394 0.00 0.00 0.00 0.00 0.00 0.00 0.00
pedestrian 0.00 0 0.00 675 367 680 379 0.00 0.00 0.00 0.00 0.00 0.00 0.00
pedestrian 0.00 0 0.00 649 365 656 378 0.00 0.00 0.00 0.00 0.00 0.00 0.00
pedestrian 0.00 0 0.00 658 329 665 339 0.00 0.00 0.00 0.00 0.00 0.00 0.00
car 0.00 0 0.00 710 317 733 340 0.00 0.00 0.00 0.00 0.00 0.00 0.00
pedestrian 0.00 0 0.00 588 418 596 431 0.00 0.00 0.00 0.00 0.00 0.00 0.00
pedestrian 0.00 0 0.00 582 414 588 425 0.00 0.00 0.00 0.00 0.00 0.00 0.00
pedestrian 0.00 0 0.00 899 776 908 787 0.00 0.00 0.00 0.00 0.00 0.00 0.00
pedestrian 0.00 0 0.00 863 636 869 649 0.00 0.00 0.00 0.00 0.00 0.00 0.00
car 0.00 0 0.00 1304 357 1355 378 0.00 0.00 0.00 0.00 0.00 0.00 0.00
car 0.00 0 0.00 1212 357 1269 380 0.00 0.00 0.00 0.00 0.00 0.00 0.00
car 0.00 0 0.00 1293 37 1307 52 0.00 0.00 0.00 0.00 0.00 0.00 0.00
