car 0.00 0 0.00 803 1213 894 1426 0.00 0.00 0.00 0.00 0.00 0.00 0.00
car 0.00 0 0.00 1117 1311 1222 1500 0.00 0.00 0.00 0.00 0.00 0.00 0.00
car 0.00 0 0.00 1238 977 1315 1107 0.00 0.00 0.00 0.00 0.00 0.00 0.00
car 0.00 0 0.00 862 820 971 910 0.00 0.00 0.00 0.00 0.00 0.00 0.00
car 0.00 0 0.00 792 736 907 801 0.00 0.00 0.00 0.00 0.00 0.00 0.00
car 0.00 0 0.00 891 610 941 679 0.00 0.00 0.00 0.00 0.00 0.00 0.00
car 0.00 0 0.00 1203 738 1299 801 0.00 0.00 0.00 0.00 0.00 0.00 0.00
car 0.00 0 0.00 1125 636 1224 715 0.00 0.00 0.00 0.00 0.00 0.00 0.00
car 0.00 0 0.00 898 525 942 591 0.00 0.00 0.00 0.00 0.00 0.00 0.00
car 0.00 0 0.00 899 422 937 471 0.00 0.00 0.00 0.00 0.00 0.00 0.00
car 0.00 0 0.00 908 358 951 393 0.00 0.00 0.00 0.00 0.00 0.00 0.00
car 0.00 0 0.00 916 320 946 354 0.00 0.00 0.00 0.00 0.00 0.00 0.00
car 0.00 0 0.00 918 282 944 311 0.00 0.00 0.00 0.00 0.00 0.00 0.00
car 0.00 0 0.00 924 249 950 280 0.00 0.00 0.00 0.00 0.00 0.00 0.00
car 0.00 0 0.00 994 176 1017 201 0.00 0.00 0.00 0.00 0.00 0.00 0.00
car 0.00 0 0.00 987 123 1007 143 0.00 0.00 0.00 0.00 0.00 0.00 0.00
car 0.00 0 0.00 1076 211 1100 235 0.00 0.00 0.00 0.00 0.00 0.00 0.00
car 0.00 0 0.00 1115 311 1169 345 0.00 0.00 0.00 0.00 0.00 0.00 0.00
car 0.00 0 0.00 1162 405 1241 443 0.00 0.00 0.00 0.00 0.00 0.00 0.00
car 0.00 0 0.00 1088 171 1115 196 0.00 0.00 0.00 0.00 0.00 0.00 0.00
car 0.00 0 0.00 941 80 958 97 0.00 0.00 0.00 0.00 0.00 0.00 0.00
car 0.00 0 0.00 944 56 960 71 0.00 0.00 0.00 0.00 0.00 0.00 0.00
car 0.00 0 0.00 953 17 977 31 0.00 0.00 0.00 0.00 0.00 0.00 0.00
car 0.00 0 0.00 173 645 265 731 0.00 0.00 0.00 0.00 0.00 0.00 0.00
car 0.00 0 0.00 26 644 130 720 0.00 0.00 0.00 0.00 0.00 0.00 0.00
truck 0.00 0 0.00 1064 794 1131 905 0.00 0.00 0.00 0.00 0.00 0.00 0.00
truck 0.00 0 0.00 1263 666 1369 722 0.00 0.00 0.00 0.00 0.00 0.00 0.00
truck 0.00 0 0.00 1221 560 1321 613 0.00 0.00 0.00 0.00 0.00 0.00 0.00
truck 0.00 0 0.00 806 205 848 227 0.00 0.00 0.00 0.00 0.00 0.00 0.00
truck 0.00 0 0.00 934 172 953 197 0.00 0.00 0.00 0.00 0.00 0.00 0.00
truck 0.00 0 0.00 1026 45 1056 64 0.00 0.00 0.00 0.00 0.00 0.00 0.00
truck 0.00 0 0.00 720 946 787 1052 0.00 0.00 0.00 0.00 0.00 0.00 0.00
car 0.00 0 0.00 160 814 302 868 0.00 0.00 0.00 0.00 0.00 0.00 0.00
car 0.00 0 0.00 0 647 62 734 0.00 0.00 0.00 0.00 0.00 0.00 0.00
car 0.00 0 0.00 1301 870 1458 941 0.00 0.00 0.00 0.00 0.00 0.00 0.00
car 0.00 0 0.00 1316 818 1450 873 0.00 0.00 0.00 0.00 0.00 0.00 0.00
car 0.00 0 0.00 1329 762 1456 819 0.00 0.00 0.00 0.00 0.00 0.00 0.00
car 0.00 0 0.00 1211 530 1314 578 0.00 0.00 0.00 0.00 0.00 0.00 0.00
car 0.00 0 0.00 1198 509 1295 551 0.00 0.00 0.00 0.00 0.00 0.00 0.00
car 0.00 0 0.00 1084 239 1117 264 0.00 0.00 0.00 0.00 0.00 0.00 0.00
car 0.00 0 0.00 1068 144 1108 163 0.00 0.00 0.00 0.00 0.00 0.00 0.00
car 0.00 0 0.00 1060 135 1101 153 0.00 0.00 0.00 0.00 0.00 0.00 0.00
car 0.00 0 0.00 1043 130 1087 149 0.00 0.00 0.00 0.00 0.00 0.00 0.00
car 0.00 0 0.00 1065 119 1107 139 0.00 0.00 0.00 0.00 0.00 0.00 0.00
car 0.00 0 0.00 1056 114 1099 131 0.00 0.00 0.00 0.00 0.00 0.00 0.00
car 0.00 0 0.00 1058 106 1101 124 0.00 0.00 0.00 0.00 0.00 0.00 0.00
car 0.00 0 0.00 1052 99 1094 118 0.00 0.00 0.00 0.00 0.00 0.00 0.00
car 0.00 0 0.00 1049 95 1090 109 0.00 0.00 0.00 0.00 0.00 0.00 0.00
car 0.00 0 0.00 1050 82 1090 98 0.00 0.00 0.00 0.00 0.00 0.00 0.00
car 0.00 0 0.00 1045 70 1076 86 0.00 0.00 0.00 0.00 0.00 0.00 0.00
car 0.00 0 0.00 1046 64 1082 79 0.00 0.00 0.00 0.00 0.00 0.00 0.00
car 0.00 0 0.00 1033 41 1072 57 0.00 0.00 0.00 0.00 0.00 0.00 0.00
car 0.00 0 0.00 1025 39 1065 52 0.00 0.00 0.00 0.00 0.00 0.00 0.00
car 0.00 0 0.00 1027 31 1054 44 0.00 0.00 0.00 0.00 0.00 0.00 0.00
car 0.00 0 0.00 1025 26 1039 40 0.00 0.00 0.00 0.00 0.00 0.00 0.00
car 0.00 0 0.00 1033 19 1063 32 0.00 0.00 0.00 0.00 0.00 0.00 0.00
car 0.00 0 0.00 1032 15 1065 27 0.00 0.00 0.00 0.00 0.00 0.00 0.00
car 0.00 0 0.00 1029 11 1053 22 0.00 0.00 0.00 0.00 0.00 0.00 0.00
car 0.00 0 0.00 1041 7 1053 17 0.00 0.00 0.00 0.00 0.00 0.00 0.00
car 0.00 0 0.00 1039 0 1050 11 0.00 0.00 0.00 0.00 0.00 0.00 0.00
car 0.00 0 0.00 961 8 972 19 0.00 0.00 0.00 0.00 0.00 0.00 0.00
car 0.00 0 0.00 947 11 957 26 0.00 0.00 0.00 0.00 0.00 0.00 0.00
car 0.00 0 0.00 948 44 964 60 0.00 0.00 0.00 0.00 0.00 0.00 0.00
truck 0.00 0 0.00 934 96 956 127 0.00 0.00 0.00 0.00 0.00 0.00 0.00
car 0.00 0 0.00 936 123 958 143 0.00 0.00 0.00 0.00 0.00 0.00 0.00
car 0.00 0 0.00 933 136 954 158 0.00 0.00 0.00 0.00 0.00 0.00 0.00
car 0.00 0 0.00 935 155 958 177 0.00 0.00 0.00 0.00 0.00 0.00 0.00
truck 0.00 0 0.00 930 202 952 229 0.00 0.00 0.00 0.00 0.00 0.00 0.00
tricycle 0.00 0 0.00 953 269 971 299 0.00 0.00 0.00 0.00 0.00 0.00 0.00
motor 0.00 0 0.00 968 86 973 96 0.00 0.00 0.00 0.00 0.00 0.00 0.00
motor 0.00 0 0.00 993 13 997 21 0.00 0.00 0.00 0.00 0.00 0.00 0.00
people 0.00 0 0.00 993 9 997 17 0.00 0.00 0.00 0.00 0.00 0.00 0.00
people 0.00 0 0.00 967 81 973 92 0.00 0.00 0.00 0.00 0.00 0.00 0.00
pedestrian 0.00 0 0.00 1064 37 1069 51 0.00 0.00 0.00 0.00 0.00 0.00 0.00
pedestrian 0.00 0 0.00 1079 36 1084 51 0.00 0.00 0.00 0.00 0.00 0.00 0.00
pedestrian 0.00 0 0.00 1129 165 1135 187 0.00 0.00 0.00 0.00 0.00 0.00 0.00
pedestrian 0.00 0 0.00 1124 168 1130 188 0.00 0.00 0.00 0.00 0.00 0.00 0.00
pedestrian 0.00 0 0.00 1136 222 1141 241 0.00 0.00 0.00 0.00 0.00 0.00 0.00
pedestrian 0.00 0 0.00 1148 263 1156 278 0.00 0.00 0.00 0.00 0.00 0.00 0.00
pedestrian 0.00 0 0.00 1155 254 1161 277 0.00 0.00 0.00 0.00 0.00 0.00 0.00
pedestrian 0.00 0 0.00 1111 249 1117 274 0.00 0.00 0.00 0.00 0.00 0.00 0.00
pedestrian 0.00 0 0.00 1125 245 1133 269 0.00 0.00 0.00 0.00 0.00 0.00 0.00
pedestrian 0.00 0 0.00 858 398 869 426 0.00 0.00 0.00 0.00 0.00 0.00 0.00
pedestrian 0.00 0 0.00 715 320 723 343 0.00 0.00 0.00 0.00 0.00 0.00 0.00
car 0.00 0 0.00 834 61 851 80 0.00 0.00 0.00 0.00 0.00 0.00 0.00
van 0.00 0 0.00 856 71 894 93 0.00 0.00 0.00 0.00 0.00 0.00 0.00
car 0.00 0 0.00 846 93 881 108 0.00 0.00 0.00 0.00 0.00 0.00 0.00
car 0.00 0 0.00 833 110 870 124 0.00 0.00 0.00 0.00 0.00 0.00 0.00
car 0.00 0 0.00 830 118 868 134 0.00 0.00 0.00 0.00 0.00 0.00 0.00
car 0.00 0 0.00 806 64 829 81 0.00 0.00 0.00 0.00 0.00 0.00 0.00
car 0.00 0 0.00 806 82 822 98 0.00 0.00 0.00 0.00 0.00 0.00 0.00
car 0.00 0 0.00 824 128 867 148 0.00 0.00 0.00 0.00 0.00 0.00 0.00
tricycle 0.00 0 0.00 883 177 904 209 0.00 0.00 0.00 0.00 0.00 0.00 0.00
car 0.00 0 0.00 797 223 851 246 0.00 0.00 0.00 0.00 0.00 0.00 0.00
car 0.00 0 0.00 769 253 834 280 0.00 0.00 0.00 0.00 0.00 0.00 0.00
people 0.00 0 0.00 835 943 869 976 0.00 0.00 0.00 0.00 0.00 0.00 0.00
pedestrian 0.00 0 0.00 1318 626 1331 666 0.00 0.00 0.00 0.00 0.00 0.00 0.00
pedestrian 0.00 0 0.00 1282 625 1298 664 0.00 0.00 0.00 0.00 0.00 0.00 0.00
pedestrian 0.00 0 0.00 1223 600 1240 637 0.00 0.00 0.00 0.00 0.00 0.00 0.00
people 0.00 0 0.00 1234 619 1254 651 0.00 0.00 0.00 0.00 0.00 0.00 0.00
people 0.00 0 0.00 1259 413 1272 434 0.00 0.00 0.00 0.00 0.00 0.00 0.00
people 0.00 0 0.00 1126 231 1133 249 0.00 0.00 0.00 0.00 0.00 0.00 0.00
people 0.00 0 0.00 1122 231 1130 250 0.00 0.00 0.00 0.00 0.00 0.00 0.00
people 0.00 0 0.00 1103 216 1112 236 0.00 0.00 0.00 0.00 0.00 0.00 0.00
people 0.00 0 0.00 1134 211 1141 226 0.00 0.00 0.00 0.00 0.00 0.00 0.00
motor 0.00 0 0.00 1118 123 1136 134 0.00 0.00 0.00 0.00 0.00 0.00 0.00
motor 0.00 0 0.00 1124 260 1143 275 0.00 0.00 0.00 0.00 0.00 0.00 0.00
motor 0.00 0 0.00 1120 238 1138 253 0.00 0.00 0.00 0.00 0.00 0.00 0.00
bicycle 0.00 0 0.00 1180 349 1203 366 0.00 0.00 0.00 0.00 0.00 0.00 0.00
motor 0.00 0 0.00 1185 378 1209 396 0.00 0.00 0.00 0.00 0.00 0.00 0.00
motor 0.00 0 0.00 1171 341 1196 363 0.00 0.00 0.00 0.00 0.00 0.00 0.00
motor 0.00 0 0.00 1254 606 1268 645 0.00 0.00 0.00 0.00 0.00 0.00 0.00
bicycle 0.00 0 0.00 1230 610 1253 640 0.00 0.00 0.00 0.00 0.00 0.00 0.00
bicycle 0.00 0 0.00 1235 626 1255 658 0.00 0.00 0.00 0.00 0.00 0.00 0.00
bicycle 0.00 0 0.00 1437 991 1474 1030 0.00 0.00 0.00 0.00 0.00 0.00 0.00
bicycle 0.00 0 0.00 1525 1060 1577 1091 0.00 0.00 0.00 0.00 0.00 0.00 0.00
motor 0.00 0 0.00 847 946 869 997 0.00 0.00 0.00 0.00 0.00 0.00 0.00
truck 0.00 0 0.00 799 482 857 590 0.00 0.00 0.00 0.00 0.00 0.00 0.00
