motor 0.00 0 0.00 990 154 1033 185 0.00 0.00 0.00 0.00 0.00 0.00 0.00
car 0.00 0 0.00 1058 232 1129 353 0.00 0.00 0.00 0.00 0.00 0.00 0.00
car 0.00 0 0.00 897 478 944 589 0.00 0.00 0.00 0.00 0.00 0.00 0.00
car 0.00 0 0.00 977 468 1030 589 0.00 0.00 0.00 0.00 0.00 0.00 0.00
car 0.00 0 0.00 1038 438 1101 562 0.00 0.00 0.00 0.00 0.00 0.00 0.00
truck 0.00 0 0.00 1118 366 1177 520 0.00 0.00 0.00 0.00 0.00 0.00 0.00
van 0.00 0 0.00 1141 534 1191 642 0.00 0.00 0.00 0.00 0.00 0.00 0.00
car 0.00 0 0.00 780 593 906 650 0.00 0.00 0.00 0.00 0.00 0.00 0.00
car 0.00 0 0.00 1017 632 1075 766 0.00 0.00 0.00 0.00 0.00 0.00 0.00
van 0.00 0 0.00 787 737 908 794 0.00 0.00 0.00 0.00 0.00 0.00 0.00
tricycle 0.00 0 0.00 763 806 880 866 0.00 0.00 0.00 0.00 0.00 0.00 0.00
bicycle 0.00 0 0.00 794 862 844 885 0.00 0.00 0.00 0.00 0.00 0.00 0.00
van 0.00 0 0.00 754 894 894 958 0.00 0.00 0.00 0.00 0.00 0.00 0.00
car 0.00 0 0.00 763 999 902 1058 0.00 0.00 0.00 0.00 0.00 0.00 0.00
car 0.00 0 0.00 1015 889 1074 1044 0.00 0.00 0.00 0.00 0.00 0.00 0.00
van 0.00 0 0.00 1169 930 1232 1058 0.00 0.00 0.00 0.00 0.00 0.00 0.00
motor 0.00 0 0.00 1092 1044 1123 1077 0.00 0.00 0.00 0.00 0.00 0.00 0.00
motor 0.00 0 0.00 1279 130 1314 171 0.00 0.00 0.00 0.00 0.00 0.00 0.00
motor 0.00 0 0.00 1299 254 1350 288 0.00 0.00 0.00 0.00 0.00 0.00 0.00
motor 0.00 0 0.00 1330 424 1359 471 0.00 0.00 0.00 0.00 0.00 0.00 0.00
motor 0.00 0 0.00 1394 652 1422 701 0.00 0.00 0.00 0.00 0.00 0.00 0.00
