van 0.00 0 0.00 69 665 211 734 0.00 0.00 0.00 0.00 0.00 0.00 0.00
van 0.00 0 0.00 363 714 543 799 0.00 0.00 0.00 0.00 0.00 0.00 0.00
awning-tricycle 0.00 0 0.00 237 662 277 691 0.00 0.00 0.00 0.00 0.00 0.00 0.00
awning-tricycle 0.00 0 0.00 501 648 554 673 0.00 0.00 0.00 0.00 0.00 0.00 0.00
awning-tricycle 0.00 0 0.00 417 358 439 385 0.00 0.00 0.00 0.00 0.00 0.00 0.00
awning-tricycle 0.00 0 0.00 439 361 479 386 0.00 0.00 0.00 0.00 0.00 0.00 0.00
pedestrian 0.00 0 0.00 438 447 461 479 0.00 0.00 0.00 0.00 0.00 0.00 0.00
car 0.00 0 0.00 410 495 550 554 0.00 0.00 0.00 0.00 0.00 0.00 0.00
awning-tricycle 0.00 0 0.00 398 380 464 437 0.00 0.00 0.00 0.00 0.00 0.00 0.00
pedestrian 0.00 0 0.00 977 284 993 318 0.00 0.00 0.00 0.00 0.00 0.00 0.00
pedestrian 0.00 0 0.00 1007 394 1022 430 0.00 0.00 0.00 0.00 0.00 0.00 0.00
car 0.00 0 0.00 1142 489 1263 561 0.00 0.00 0.00 0.00 0.00 0.00 0.00
car 0.00 0 0.00 1197 612 1334 691 0.00 0.00 0.00 0.00 0.00 0.00 0.00
car 0.00 0 0.00 1117 385 1191 454 0.00 0.00 0.00 0.00 0.00 0.00 0.00
car 0.00 0 0.00 985 158 1059 204 0.00 0.00 0.00 0.00 0.00 0.00 0.00
pedestrian 0.00 0 0.00 954 114 966 144 0.00 0.00 0.00 0.00 0.00 0.00 0.00
car 0.00 0 0.00 714 38 742 79 0.00 0.00 0.00 0.00 0.00 0.00 0.00
car 0.00 0 0.00 1079 299 1134 373 0.00 0.00 0.00 0.00 0.00 0.00 0.00
car 0.00 0 0.00 1225 805 1356 962 0.00 0.00 0.00 0.00 0.00 0.00 0.00
bicycle 0.00 0 0.00 1306 673 1351 699 0.00 0.00 0.00 0.00 0.00 0.00 0.00
bicycle 0.00 0 0.00 1332 625 1354 666 0.00 0.00 0.00 0.00 0.00 0.00 0.00
bicycle 0.00 0 0.00 1339 621 1362 665 0.00 0.00 0.00 0.00 0.00 0.00 0.00
car 0.00 0 0.00 664 28 694 64 0.00 0.00 0.00 0.00 0.00 0.00 0.00
