car 0.00 0 0.00 17 342 98 405 0.00 0.00 0.00 0.00 0.00 0.00 0.00
car 0.00 0 0.00 45 384 145 463 0.00 0.00 0.00 0.00 0.00 0.00 0.00
car 0.00 0 0.00 91 440 198 515 0.00 0.00 0.00 0.00 0.00 0.00 0.00
car 0.00 0 0.00 103 474 216 558 0.00 0.00 0.00 0.00 0.00 0.00 0.00
car 0.00 0 0.00 160 535 267 620 0.00 0.00 0.00 0.00 0.00 0.00 0.00
car 0.00 0 0.00 210 604 306 691 0.00 0.00 0.00 0.00 0.00 0.00 0.00
car 0.00 0 0.00 248 635 343 722 0.00 0.00 0.00 0.00 0.00 0.00 0.00
car 0.00 0 0.00 171 276 248 347 0.00 0.00 0.00 0.00 0.00 0.00 0.00
car 0.00 0 0.00 206 238 275 304 0.00 0.00 0.00 0.00 0.00 0.00 0.00
car 0.00 0 0.00 317 420 396 504 0.00 0.00 0.00 0.00 0.00 0.00 0.00
car 0.00 0 0.00 500 616 588 708 0.00 0.00 0.00 0.00 0.00 0.00 0.00
car 0.00 0 0.00 298 712 406 787 0.00 0.00 0.00 0.00 0.00 0.00 0.00
car 0.00 0 0.00 342 745 431 787 0.00 0.00 0.00 0.00 0.00 0.00 0.00
car 0.00 0 0.00 542 587 617 663 0.00 0.00 0.00 0.00 0.00 0.00 0.00
car 0.00 0 0.00 503 479 592 562 0.00 0.00 0.00 0.00 0.00 0.00 0.00
car 0.00 0 0.00 657 485 742 581 0.00 0.00 0.00 0.00 0.00 0.00 0.00
car 0.00 0 0.00 702 465 775 549 0.00 0.00 0.00 0.00 0.00 0.00 0.00
car 0.00 0 0.00 839 580 932 673 0.00 0.00 0.00 0.00 0.00 0.00 0.00
car 0.00 0 0.00 975 702 1060 783 0.00 0.00 0.00 0.00 0.00 0.00 0.00
car 0.00 0 0.00 966 449 1059 545 0.00 0.00 0.00 0.00 0.00 0.00 0.00
car 0.00 0 0.00 1103 548 1195 648 0.00 0.00 0.00 0.00 0.00 0.00 0.00
car 0.00 0 0.00 1211 517 1298 599 0.00 0.00 0.00 0.00 0.00 0.00 0.00
car 0.00 0 0.00 1118 454 1199 537 0.00 0.00 0.00 0.00 0.00 0.00 0.00
car 0.00 0 0.00 1031 397 1102 460 0.00 0.00 0.00 0.00 0.00 0.00 0.00
car 0.00 0 0.00 589 431 671 508 0.00 0.00 0.00 0.00 0.00 0.00 0.00
car 0.00 0 0.00 616 394 707 480 0.00 0.00 0.00 0.00 0.00 0.00 0.00
car 0.00 0 0.00 650 370 734 444 0.00 0.00 0.00 0.00 0.00 0.00 0.00
car 0.00 0 0.00 695 341 773 420 0.00 0.00 0.00 0.00 0.00 0.00 0.00
car 0.00 0 0.00 704 298 791 367 0.00 0.00 0.00 0.00 0.00 0.00 0.00
car 0.00 0 0.00 799 274 885 342 0.00 0.00 0.00 0.00 0.00 0.00 0.00
car 0.00 0 0.00 599 301 675 379 0.00 0.00 0.00 0.00 0.00 0.00 0.00
car 0.00 0 0.00 571 273 623 352 0.00 0.00 0.00 0.00 0.00 0.00 0.00
car 0.00 0 0.00 532 258 603 331 0.00 0.00 0.00 0.00 0.00 0.00 0.00
car 0.00 0 0.00 502 233 566 299 0.00 0.00 0.00 0.00 0.00 0.00 0.00
car 0.00 0 0.00 474 210 538 276 0.00 0.00 0.00 0.00 0.00 0.00 0.00
car 0.00 0 0.00 442 181 509 248 0.00 0.00 0.00 0.00 0.00 0.00 0.00
car 0.00 0 0.00 417 160 477 227 0.00 0.00 0.00 0.00 0.00 0.00 0.00
car 0.00 0 0.00 386 142 442 204 0.00 0.00 0.00 0.00 0.00 0.00 0.00
car 0.00 0 0.00 357 126 424 190 0.00 0.00 0.00 0.00 0.00 0.00 0.00
car 0.00 0 0.00 443 88 484 158 0.00 0.00 0.00 0.00 0.00 0.00 0.00
car 0.00 0 0.00 486 115 517 177 0.00 0.00 0.00 0.00 0.00 0.00 0.00
car 0.00 0 0.00 524 147 557 205 0.00 0.00 0.00 0.00 0.00 0.00 0.00
car 0.00 0 0.00 591 195 632 255 0.00 0.00 0.00 0.00 0.00 0.00 0.00
van 0.00 0 0.00 174 558 293 655 0.00 0.00 0.00 0.00 0.00 0.00 0.00
van 0.00 0 0.00 1142 267 1235 363 0.00 0.00 0.00 0.00 0.00 0.00 0.00
van 0.00 0 0.00 757 654 866 762 0.00 0.00 0.00 0.00 0.00 0.00 0.00
van 0.00 0 0.00 792 697 896 787 0.00 0.00 0.00 0.00 0.00 0.00 0.00
van 0.00 0 0.00 864 729 956 787 0.00 0.00 0.00 0.00 0.00 0.00 0.00
van 0.00 0 0.00 1286 702 1400 786 0.00 0.00 0.00 0.00 0.00 0.00 0.00
car 0.00 0 0.00 784 377 864 451 0.00 0.00 0.00 0.00 0.00 0.00 0.00
car 0.00 0 0.00 810 348 899 419 0.00 0.00 0.00 0.00 0.00 0.00 0.00
truck 0.00 0 0.00 782 176 923 315 0.00 0.00 0.00 0.00 0.00 0.00 0.00
truck 0.00 0 0.00 834 163 952 280 0.00 0.00 0.00 0.00 0.00 0.00 0.00
truck 0.00 0 0.00 861 131 968 244 0.00 0.00 0.00 0.00 0.00 0.00 0.00
truck 0.00 0 0.00 891 95 1013 222 0.00 0.00 0.00 0.00 0.00 0.00 0.00
truck 0.00 0 0.00 945 70 1096 179 0.00 0.00 0.00 0.00 0.00 0.00 0.00
truck 0.00 0 0.00 986 33 1128 152 0.00 0.00 0.00 0.00 0.00 0.00 0.00
truck 0.00 0 0.00 1016 17 1193 149 0.00 0.00 0.00 0.00 0.00 0.00 0.00
bus 0.00 0 0.00 936 95 1045 198 0.00 0.00 0.00 0.00 0.00 0.00 0.00
bus 0.00 0 0.00 1291 212 1400 363 0.00 0.00 0.00 0.00 0.00 0.00 0.00
bus 0.00 0 0.00 1356 315 1400 404 0.00 0.00 0.00 0.00 0.00 0.00 0.00
truck 0.00 0 0.00 0 515 110 650 0.00 0.00 0.00 0.00 0.00 0.00 0.00
truck 0.00 0 0.00 0 588 170 751 0.00 0.00 0.00 0.00 0.00 0.00 0.00
truck 0.00 0 0.00 29 637 188 783 0.00 0.00 0.00 0.00 0.00 0.00 0.00
car 0.00 0 0.00 17 87 93 149 0.00 0.00 0.00 0.00 0.00 0.00 0.00
car 0.00 0 0.00 106 42 174 94 0.00 0.00 0.00 0.00 0.00 0.00 0.00
car 0.00 0 0.00 200 0 261 41 0.00 0.00 0.00 0.00 0.00 0.00 0.00
van 0.00 0 0.00 355 381 437 462 0.00 0.00 0.00 0.00 0.00 0.00 0.00
