car 0.00 0 0.00 1231 1023 1321 1050 0.00 0.00 0.00 0.00 0.00 0.00 0.00
car 0.00 0 0.00 1142 1017 1237 1050 0.00 0.00 0.00 0.00 0.00 0.00 0.00
awning-tricycle 0.00 0 0.00 0 274 18 284 0.00 0.00 0.00 0.00 0.00 0.00 0.00
people 0.00 0 0.00 302 417 310 426 0.00 0.00 0.00 0.00 0.00 0.00 0.00
people 0.00 0 0.00 365 454 374 464 0.00 0.00 0.00 0.00 0.00 0.00 0.00
people 0.00 0 0.00 439 338 443 345 0.00 0.00 0.00 0.00 0.00 0.00 0.00
van 0.00 0 0.00 483 263 498 277 0.00 0.00 0.00 0.00 0.00 0.00 0.00
van 0.00 0 0.00 367 268 385 279 0.00 0.00 0.00 0.00 0.00 0.00 0.00
van 0.00 0 0.00 374 262 391 274 0.00 0.00 0.00 0.00 0.00 0.00 0.00
car 0.00 0 0.00 405 280 414 295 0.00 0.00 0.00 0.00 0.00 0.00 0.00
car 0.00 0 0.00 350 307 377 324 0.00 0.00 0.00 0.00 0.00 0.00 0.00
van 0.00 0 0.00 299 352 322 371 0.00 0.00 0.00 0.00 0.00 0.00 0.00
car 0.00 0 0.00 302 315 330 332 0.00 0.00 0.00 0.00 0.00 0.00 0.00
car 0.00 0 0.00 322 283 340 295 0.00 0.00 0.00 0.00 0.00 0.00 0.00
car 0.00 0 0.00 345 278 365 288 0.00 0.00 0.00 0.00 0.00 0.00 0.00
van 0.00 0 0.00 90 289 115 304 0.00 0.00 0.00 0.00 0.00 0.00 0.00
van 0.00 0 0.00 127 275 150 289 0.00 0.00 0.00 0.00 0.00 0.00 0.00
car 0.00 0 0.00 146 280 167 292 0.00 0.00 0.00 0.00 0.00 0.00 0.00
truck 0.00 0 0.00 86 278 119 293 0.00 0.00 0.00 0.00 0.00 0.00 0.00
truck 0.00 0 0.00 375 321 408 344 0.00 0.00 0.00 0.00 0.00 0.00 0.00
truck 0.00 0 0.00 452 274 490 306 0.00 0.00 0.00 0.00 0.00 0.00 0.00
truck 0.00 0 0.00 429 269 470 306 0.00 0.00 0.00 0.00 0.00 0.00 0.00
car 0.00 0 0.00 414 311 437 327 0.00 0.00 0.00 0.00 0.00 0.00 0.00
car 0.00 0 0.00 387 288 402 300 0.00 0.00 0.00 0.00 0.00 0.00 0.00
car 0.00 0 0.00 352 295 368 308 0.00 0.00 0.00 0.00 0.00 0.00 0.00
car 0.00 0 0.00 308 304 320 317 0.00 0.00 0.00 0.00 0.00 0.00 0.00
car 0.00 0 0.00 324 299 336 314 0.00 0.00 0.00 0.00 0.00 0.00 0.00
car 0.00 0 0.00 339 295 352 310 0.00 0.00 0.00 0.00 0.00 0.00 0.00
car 0.00 0 0.00 355 272 375 282 0.00 0.00 0.00 0.00 0.00 0.00 0.00
car 0.00 0 0.00 310 339 332 353 0.00 0.00 0.00 0.00 0.00 0.00 0.00
car 0.00 0 0.00 281 351 307 367 0.00 0.00 0.00 0.00 0.00 0.00 0.00
car 0.00 0 0.00 291 308 301 319 0.00 0.00 0.00 0.00 0.00 0.00 0.00
car 0.00 0 0.00 332 281 353 292 0.00 0.00 0.00 0.00 0.00 0.00 0.00
truck 0.00 0 0.00 283 367 301 378 0.00 0.00 0.00 0.00 0.00 0.00 0.00
truck 0.00 0 0.00 216 421 288 471 0.00 0.00 0.00 0.00 0.00 0.00 0.00
truck 0.00 0 0.00 329 506 413 571 0.00 0.00 0.00 0.00 0.00 0.00 0.00
truck 0.00 0 0.00 1030 893 1134 972 0.00 0.00 0.00 0.00 0.00 0.00 0.00
truck 0.00 0 0.00 951 851 1009 894 0.00 0.00 0.00 0.00 0.00 0.00 0.00
truck 0.00 0 0.00 695 698 796 774 0.00 0.00 0.00 0.00 0.00 0.00 0.00
van 0.00 0 0.00 1224 912 1285 963 0.00 0.00 0.00 0.00 0.00 0.00 0.00
car 0.00 0 0.00 1139 941 1213 993 0.00 0.00 0.00 0.00 0.00 0.00 0.00
car 0.00 0 0.00 1000 937 1072 989 0.00 0.00 0.00 0.00 0.00 0.00 0.00
truck 0.00 0 0.00 858 834 978 929 0.00 0.00 0.00 0.00 0.00 0.00 0.00
car 0.00 0 0.00 867 730 919 770 0.00 0.00 0.00 0.00 0.00 0.00 0.00
van 0.00 0 0.00 815 692 848 737 0.00 0.00 0.00 0.00 0.00 0.00 0.00
car 0.00 0 0.00 603 654 644 685 0.00 0.00 0.00 0.00 0.00 0.00 0.00
car 0.00 0 0.00 500 588 537 616 0.00 0.00 0.00 0.00 0.00 0.00 0.00
car 0.00 0 0.00 413 534 445 561 0.00 0.00 0.00 0.00 0.00 0.00 0.00
car 0.00 0 0.00 284 474 313 494 0.00 0.00 0.00 0.00 0.00 0.00 0.00
car 0.00 0 0.00 444 574 477 600 0.00 0.00 0.00 0.00 0.00 0.00 0.00
truck 0.00 0 0.00 494 621 539 660 0.00 0.00 0.00 0.00 0.00 0.00 0.00
car 0.00 0 0.00 616 704 665 740 0.00 0.00 0.00 0.00 0.00 0.00 0.00
car 0.00 0 0.00 733 773 783 812 0.00 0.00 0.00 0.00 0.00 0.00 0.00
motor 0.00 0 0.00 806 760 832 774 0.00 0.00 0.00 0.00 0.00 0.00 0.00
people 0.00 0 0.00 815 758 823 772 0.00 0.00 0.00 0.00 0.00 0.00 0.00
motor 0.00 0 0.00 976 726 996 746 0.00 0.00 0.00 0.00 0.00 0.00 0.00
motor 0.00 0 0.00 782 669 788 686 0.00 0.00 0.00 0.00 0.00 0.00 0.00
motor 0.00 0 0.00 771 661 782 680 0.00 0.00 0.00 0.00 0.00 0.00 0.00
motor 0.00 0 0.00 711 656 717 672 0.00 0.00 0.00 0.00 0.00 0.00 0.00
motor 0.00 0 0.00 826 651 845 665 0.00 0.00 0.00 0.00 0.00 0.00 0.00
motor 0.00 0 0.00 776 629 793 642 0.00 0.00 0.00 0.00 0.00 0.00 0.00
motor 0.00 0 0.00 658 591 686 606 0.00 0.00 0.00 0.00 0.00 0.00 0.00
car 0.00 0 0.00 685 588 729 617 0.00 0.00 0.00 0.00 0.00 0.00 0.00
car 0.00 0 0.00 255 428 282 449 0.00 0.00 0.00 0.00 0.00 0.00 0.00
van 0.00 0 0.00 370 503 399 524 0.00 0.00 0.00 0.00 0.00 0.00 0.00
van 0.00 0 0.00 571 504 592 523 0.00 0.00 0.00 0.00 0.00 0.00 0.00
motor 0.00 0 0.00 366 447 372 464 0.00 0.00 0.00 0.00 0.00 0.00 0.00
motor 0.00 0 0.00 301 419 311 431 0.00 0.00 0.00 0.00 0.00 0.00 0.00
motor 0.00 0 0.00 217 407 226 417 0.00 0.00 0.00 0.00 0.00 0.00 0.00
motor 0.00 0 0.00 202 388 214 395 0.00 0.00 0.00 0.00 0.00 0.00 0.00
pedestrian 0.00 0 0.00 281 378 288 388 0.00 0.00 0.00 0.00 0.00 0.00 0.00
pedestrian 0.00 0 0.00 144 341 151 352 0.00 0.00 0.00 0.00 0.00 0.00 0.00
people 0.00 0 0.00 205 384 211 395 0.00 0.00 0.00 0.00 0.00 0.00 0.00
car 0.00 0 0.00 69 310 90 322 0.00 0.00 0.00 0.00 0.00 0.00 0.00
car 0.00 0 0.00 45 315 63 326 0.00 0.00 0.00 0.00 0.00 0.00 0.00
car 0.00 0 0.00 206 316 228 327 0.00 0.00 0.00 0.00 0.00 0.00 0.00
car 0.00 0 0.00 117 310 143 323 0.00 0.00 0.00 0.00 0.00 0.00 0.00
car 0.00 0 0.00 81 293 102 302 0.00 0.00 0.00 0.00 0.00 0.00 0.00
car 0.00 0 0.00 90 289 114 301 0.00 0.00 0.00 0.00 0.00 0.00 0.00
car 0.00 0 0.00 95 294 119 307 0.00 0.00 0.00 0.00 0.00 0.00 0.00
car 0.00 0 0.00 109 297 130 309 0.00 0.00 0.00 0.00 0.00 0.00 0.00
car 0.00 0 0.00 108 303 134 313 0.00 0.00 0.00 0.00 0.00 0.00 0.00
car 0.00 0 0.00 121 307 145 318 0.00 0.00 0.00 0.00 0.00 0.00 0.00
car 0.00 0 0.00 166 287 190 302 0.00 0.00 0.00 0.00 0.00 0.00 0.00
car 0.00 0 0.00 176 293 199 303 0.00 0.00 0.00 0.00 0.00 0.00 0.00
car 0.00 0 0.00 181 297 206 307 0.00 0.00 0.00 0.00 0.00 0.00 0.00
car 0.00 0 0.00 188 296 214 311 0.00 0.00 0.00 0.00 0.00 0.00 0.00
car 0.00 0 0.00 193 308 221 318 0.00 0.00 0.00 0.00 0.00 0.00 0.00
people 0.00 0 0.00 200 717 207 726 0.00 0.00 0.00 0.00 0.00 0.00 0.00
pedestrian 0.00 0 0.00 320 706 326 724 0.00 0.00 0.00 0.00 0.00 0.00 0.00
pedestrian 0.00 0 0.00 210 712 217 725 0.00 0.00 0.00 0.00 0.00 0.00 0.00
pedestrian 0.00 0 0.00 264 699 275 715 0.00 0.00 0.00 0.00 0.00 0.00 0.00
bus 0.00 0 0.00 840 783 928 850 0.00 0.00 0.00 0.00 0.00 0.00 0.00
motor 0.00 0 0.00 1023 770 1047 785 0.00 0.00 0.00 0.00 0.00 0.00 0.00
car 0.00 0 0.00 1095 736 1122 771 0.00 0.00 0.00 0.00 0.00 0.00 0.00
car 0.00 0 0.00 1109 702 1137 741 0.00 0.00 0.00 0.00 0.00 0.00 0.00
car 0.00 0 0.00 1099 616 1128 649 0.00 0.00 0.00 0.00 0.00 0.00 0.00
people 0.00 0 0.00 1030 771 1041 782 0.00 0.00 0.00 0.00 0.00 0.00 0.00
pedestrian 0.00 0 0.00 1119 813 1127 831 0.00 0.00 0.00 0.00 0.00 0.00 0.00
pedestrian 0.00 0 0.00 1143 835 1153 853 0.00 0.00 0.00 0.00 0.00 0.00 0.00
pedestrian 0.00 0 0.00 1226 869 1242 884 0.00 0.00 0.00 0.00 0.00 0.00 0.00
pedestrian 0.00 0 0.00 435 450 443 470 0.00 0.00 0.00 0.00 0.00 0.00 0.00
car 0.00 0 0.00 551 376 574 393 0.00 0.00 0.00 0.00 0.00 0.00 0.00
motor 0.00 0 0.00 1333 919 1360 936 0.00 0.00 0.00 0.00 0.00 0.00 0.00
motor 0.00 0 0.00 1352 930 1378 945 0.00 0.00 0.00 0.00 0.00 0.00 0.00
car 0.00 0 0.00 136 278 158 291 0.00 0.00 0.00 0.00 0.00 0.00 0.00
