van 0.00 0 0.00 28 110 53 121 0.00 0.00 0.00 0.00 0.00 0.00 0.00
car 0.00 0 0.00 33 96 58 108 0.00 0.00 0.00 0.00 0.00 0.00 0.00
car 0.00 0 0.00 45 85 65 97 0.00 0.00 0.00 0.00 0.00 0.00 0.00
van 0.00 0 0.00 55 112 80 123 0.00 0.00 0.00 0.00 0.00 0.00 0.00
van 0.00 0 0.00 82 117 110 127 0.00 0.00 0.00 0.00 0.00 0.00 0.00
van 0.00 0 0.00 480 677 521 725 0.00 0.00 0.00 0.00 0.00 0.00 0.00
car 0.00 0 0.00 483 588 515 628 0.00 0.00 0.00 0.00 0.00 0.00 0.00
car 0.00 0 0.00 562 505 591 541 0.00 0.00 0.00 0.00 0.00 0.00 0.00
car 0.00 0 0.00 557 456 584 487 0.00 0.00 0.00 0.00 0.00 0.00 0.00
car 0.00 0 0.00 626 323 647 347 0.00 0.00 0.00 0.00 0.00 0.00 0.00
car 0.00 0 0.00 655 324 678 349 0.00 0.00 0.00 0.00 0.00 0.00 0.00
car 0.00 0 0.00 712 337 734 365 0.00 0.00 0.00 0.00 0.00 0.00 0.00
car 0.00 0 0.00 757 226 774 247 0.00 0.00 0.00 0.00 0.00 0.00 0.00
car 0.00 0 0.00 728 160 743 177 0.00 0.00 0.00 0.00 0.00 0.00 0.00
van 0.00 0 0.00 791 139 806 162 0.00 0.00 0.00 0.00 0.00 0.00 0.00
car 0.00 0 0.00 780 101 795 115 0.00 0.00 0.00 0.00 0.00 0.00 0.00
van 0.00 0 0.00 820 73 833 92 0.00 0.00 0.00 0.00 0.00 0.00 0.00
bus 0.00 0 0.00 839 66 862 123 0.00 0.00 0.00 0.00 0.00 0.00 0.00
bus 0.00 0 0.00 840 58 855 76 0.00 0.00 0.00 0.00 0.00 0.00 0.00
car 0.00 0 0.00 780 31 793 46 0.00 0.00 0.00 0.00 0.00 0.00 0.00
car 0.00 0 0.00 851 33 862 46 0.00 0.00 0.00 0.00 0.00 0.00 0.00
