van 0.00 0 0.00 1293 927 1367 983 0.00 0.00 0.00 0.00 0.00 0.00 0.00
car 0.00 0 0.00 1251 1007 1333 1050 0.00 0.00 0.00 0.00 0.00 0.00 0.00
car 0.00 0 0.00 1003 973 1103 1015 0.00 0.00 0.00 0.00 0.00 0.00 0.00
car 0.00 0 0.00 1342 699 1378 714 0.00 0.00 0.00 0.00 0.00 0.00 0.00
car 0.00 0 0.00 1264 679 1286 689 0.00 0.00 0.00 0.00 0.00 0.00 0.00
car 0.00 0 0.00 1238 674 1262 684 0.00 0.00 0.00 0.00 0.00 0.00 0.00
car 0.00 0 0.00 1203 676 1231 689 0.00 0.00 0.00 0.00 0.00 0.00 0.00
car 0.00 0 0.00 1205 662 1227 673 0.00 0.00 0.00 0.00 0.00 0.00 0.00
car 0.00 0 0.00 1175 658 1199 666 0.00 0.00 0.00 0.00 0.00 0.00 0.00
car 0.00 0 0.00 1114 660 1139 673 0.00 0.00 0.00 0.00 0.00 0.00 0.00
car 0.00 0 0.00 1108 646 1131 656 0.00 0.00 0.00 0.00 0.00 0.00 0.00
car 0.00 0 0.00 501 689 520 704 0.00 0.00 0.00 0.00 0.00 0.00 0.00
car 0.00 0 0.00 459 709 478 724 0.00 0.00 0.00 0.00 0.00 0.00 0.00
pedestrian 0.00 0 0.00 490 620 494 628 0.00 0.00 0.00 0.00 0.00 0.00 0.00
pedestrian 0.00 0 0.00 486 619 489 627 0.00 0.00 0.00 0.00 0.00 0.00 0.00
pedestrian 0.00 0 0.00 475 622 478 630 0.00 0.00 0.00 0.00 0.00 0.00 0.00
pedestrian 0.00 0 0.00 471 623 474 632 0.00 0.00 0.00 0.00 0.00 0.00 0.00
pedestrian 0.00 0 0.00 457 611 459 618 0.00 0.00 0.00 0.00 0.00 0.00 0.00
van 0.00 0 0.00 505 600 522 606 0.00 0.00 0.00 0.00 0.00 0.00 0.00
car 0.00 0 0.00 499 601 512 607 0.00 0.00 0.00 0.00 0.00 0.00 0.00
car 0.00 0 0.00 518 620 537 629 0.00 0.00 0.00 0.00 0.00 0.00 0.00
car 0.00 0 0.00 519 615 534 621 0.00 0.00 0.00 0.00 0.00 0.00 0.00
car 0.00 0 0.00 483 584 496 589 0.00 0.00 0.00 0.00 0.00 0.00 0.00
car 0.00 0 0.00 471 591 484 596 0.00 0.00 0.00 0.00 0.00 0.00 0.00
truck 0.00 0 0.00 460 599 477 606 0.00 0.00 0.00 0.00 0.00 0.00 0.00
truck 0.00 0 0.00 451 597 475 606 0.00 0.00 0.00 0.00 0.00 0.00 0.00
car 0.00 0 0.00 418 610 426 616 0.00 0.00 0.00 0.00 0.00 0.00 0.00
car 0.00 0 0.00 402 599 410 606 0.00 0.00 0.00 0.00 0.00 0.00 0.00
car 0.00 0 0.00 404 589 409 594 0.00 0.00 0.00 0.00 0.00 0.00 0.00
van 0.00 0 0.00 383 599 390 606 0.00 0.00 0.00 0.00 0.00 0.00 0.00
car 0.00 0 0.00 317 560 321 563 0.00 0.00 0.00 0.00 0.00 0.00 0.00
car 0.00 0 0.00 312 578 316 582 0.00 0.00 0.00 0.00 0.00 0.00 0.00
car 0.00 0 0.00 313 582 318 585 0.00 0.00 0.00 0.00 0.00 0.00 0.00
car 0.00 0 0.00 321 586 325 591 0.00 0.00 0.00 0.00 0.00 0.00 0.00
car 0.00 0 0.00 323 583 327 588 0.00 0.00 0.00 0.00 0.00 0.00 0.00
car 0.00 0 0.00 339 579 343 582 0.00 0.00 0.00 0.00 0.00 0.00 0.00
truck 0.00 0 0.00 336 571 340 577 0.00 0.00 0.00 0.00 0.00 0.00 0.00
pedestrian 0.00 0 0.00 319 601 322 607 0.00 0.00 0.00 0.00 0.00 0.00 0.00
car 0.00 0 0.00 340 576 343 581 0.00 0.00 0.00 0.00 0.00 0.00 0.00
car 0.00 0 0.00 344 574 347 577 0.00 0.00 0.00 0.00 0.00 0.00 0.00
car 0.00 0 0.00 345 580 350 585 0.00 0.00 0.00 0.00 0.00 0.00 0.00
van 0.00 0 0.00 339 586 344 590 0.00 0.00 0.00 0.00 0.00 0.00 0.00
car 0.00 0 0.00 339 589 343 594 0.00 0.00 0.00 0.00 0.00 0.00 0.00
car 0.00 0 0.00 346 590 351 596 0.00 0.00 0.00 0.00 0.00 0.00 0.00
car 0.00 0 0.00 336 596 342 602 0.00 0.00 0.00 0.00 0.00 0.00 0.00
car 0.00 0 0.00 350 599 355 604 0.00 0.00 0.00 0.00 0.00 0.00 0.00
car 0.00 0 0.00 354 607 361 613 0.00 0.00 0.00 0.00 0.00 0.00 0.00
car 0.00 0 0.00 335 607 342 613 0.00 0.00 0.00 0.00 0.00 0.00 0.00
car 0.00 0 0.00 323 607 330 613 0.00 0.00 0.00 0.00 0.00 0.00 0.00
car 0.00 0 0.00 310 612 318 619 0.00 0.00 0.00 0.00 0.00 0.00 0.00
car 0.00 0 0.00 306 623 315 632 0.00 0.00 0.00 0.00 0.00 0.00 0.00
car 0.00 0 0.00 323 620 331 627 0.00 0.00 0.00 0.00 0.00 0.00 0.00
car 0.00 0 0.00 340 619 349 627 0.00 0.00 0.00 0.00 0.00 0.00 0.00
car 0.00 0 0.00 357 620 366 628 0.00 0.00 0.00 0.00 0.00 0.00 0.00
car 0.00 0 0.00 325 631 335 640 0.00 0.00 0.00 0.00 0.00 0.00 0.00
car 0.00 0 0.00 315 640 326 651 0.00 0.00 0.00 0.00 0.00 0.00 0.00
car 0.00 0 0.00 340 643 350 653 0.00 0.00 0.00 0.00 0.00 0.00 0.00
car 0.00 0 0.00 347 638 356 645 0.00 0.00 0.00 0.00 0.00 0.00 0.00
car 0.00 0 0.00 347 655 359 668 0.00 0.00 0.00 0.00 0.00 0.00 0.00
car 0.00 0 0.00 365 649 376 660 0.00 0.00 0.00 0.00 0.00 0.00 0.00
car 0.00 0 0.00 372 675 385 688 0.00 0.00 0.00 0.00 0.00 0.00 0.00
car 0.00 0 0.00 290 686 304 699 0.00 0.00 0.00 0.00 0.00 0.00 0.00
car 0.00 0 0.00 339 700 353 716 0.00 0.00 0.00 0.00 0.00 0.00 0.00
car 0.00 0 0.00 281 709 299 727 0.00 0.00 0.00 0.00 0.00 0.00 0.00
car 0.00 0 0.00 258 687 274 700 0.00 0.00 0.00 0.00 0.00 0.00 0.00
pedestrian 0.00 0 0.00 206 703 212 718 0.00 0.00 0.00 0.00 0.00 0.00 0.00
car 0.00 0 0.00 297 738 317 758 0.00 0.00 0.00 0.00 0.00 0.00 0.00
car 0.00 0 0.00 297 755 317 779 0.00 0.00 0.00 0.00 0.00 0.00 0.00
car 0.00 0 0.00 295 780 318 809 0.00 0.00 0.00 0.00 0.00 0.00 0.00
car 0.00 0 0.00 335 768 356 793 0.00 0.00 0.00 0.00 0.00 0.00 0.00
car 0.00 0 0.00 367 752 389 776 0.00 0.00 0.00 0.00 0.00 0.00 0.00
car 0.00 0 0.00 401 757 421 779 0.00 0.00 0.00 0.00 0.00 0.00 0.00
car 0.00 0 0.00 288 813 315 845 0.00 0.00 0.00 0.00 0.00 0.00 0.00
car 0.00 0 0.00 334 810 358 838 0.00 0.00 0.00 0.00 0.00 0.00 0.00
car 0.00 0 0.00 288 848 318 887 0.00 0.00 0.00 0.00 0.00 0.00 0.00
car 0.00 0 0.00 333 844 359 879 0.00 0.00 0.00 0.00 0.00 0.00 0.00
car 0.00 0 0.00 332 878 366 928 0.00 0.00 0.00 0.00 0.00 0.00 0.00
car 0.00 0 0.00 218 897 256 943 0.00 0.00 0.00 0.00 0.00 0.00 0.00
car 0.00 0 0.00 277 890 312 939 0.00 0.00 0.00 0.00 0.00 0.00 0.00
car 0.00 0 0.00 271 937 310 1000 0.00 0.00 0.00 0.00 0.00 0.00 0.00
car 0.00 0 0.00 335 937 374 996 0.00 0.00 0.00 0.00 0.00 0.00 0.00
car 0.00 0 0.00 339 1002 385 1050 0.00 0.00 0.00 0.00 0.00 0.00 0.00
car 0.00 0 0.00 267 1016 315 1050 0.00 0.00 0.00 0.00 0.00 0.00 0.00
pedestrian 0.00 0 0.00 766 776 778 801 0.00 0.00 0.00 0.00 0.00 0.00 0.00
car 0.00 0 0.00 456 929 499 995 0.00 0.00 0.00 0.00 0.00 0.00 0.00
car 0.00 0 0.00 472 1007 526 1050 0.00 0.00 0.00 0.00 0.00 0.00 0.00
