truck 0.00 0 0.00 565 296 573 312 0.00 0.00 0.00 0.00 0.00 0.00 0.00
truck 0.00 0 0.00 542 434 554 459 0.00 0.00 0.00 0.00 0.00 0.00 0.00
truck 0.00 0 0.00 551 427 559 442 0.00 0.00 0.00 0.00 0.00 0.00 0.00
car 0.00 0 0.00 555 393 563 404 0.00 0.00 0.00 0.00 0.00 0.00 0.00
car 0.00 0 0.00 551 416 559 427 0.00 0.00 0.00 0.00 0.00 0.00 0.00
car 0.00 0 0.00 505 416 514 425 0.00 0.00 0.00 0.00 0.00 0.00 0.00
car 0.00 0 0.00 496 411 504 423 0.00 0.00 0.00 0.00 0.00 0.00 0.00
car 0.00 0 0.00 490 435 501 449 0.00 0.00 0.00 0.00 0.00 0.00 0.00
truck 0.00 0 0.00 507 801 538 882 0.00 0.00 0.00 0.00 0.00 0.00 0.00
truck 0.00 0 0.00 527 586 547 632 0.00 0.00 0.00 0.00 0.00 0.00 0.00
truck 0.00 0 0.00 527 669 541 703 0.00 0.00 0.00 0.00 0.00 0.00 0.00
car 0.00 0 0.00 532 557 546 579 0.00 0.00 0.00 0.00 0.00 0.00 0.00
car 0.00 0 0.00 526 528 539 549 0.00 0.00 0.00 0.00 0.00 0.00 0.00
car 0.00 0 0.00 541 499 553 517 0.00 0.00 0.00 0.00 0.00 0.00 0.00
car 0.00 0 0.00 546 460 556 476 0.00 0.00 0.00 0.00 0.00 0.00 0.00
van 0.00 0 0.00 496 447 504 461 0.00 0.00 0.00 0.00 0.00 0.00 0.00
van 0.00 0 0.00 471 493 481 512 0.00 0.00 0.00 0.00 0.00 0.00 0.00
pedestrian 0.00 0 0.00 669 437 674 452 0.00 0.00 0.00 0.00 0.00 0.00 0.00
pedestrian 0.00 0 0.00 1200 1012 1213 1032 0.00 0.00 0.00 0.00 0.00 0.00 0.00
motor 0.00 0 0.00 1283 977 1302 1004 0.00 0.00 0.00 0.00 0.00 0.00 0.00
car 0.00 0 0.00 1200 892 1262 940 0.00 0.00 0.00 0.00 0.00 0.00 0.00
car 0.00 0 0.00 1185 945 1250 976 0.00 0.00 0.00 0.00 0.00 0.00 0.00
car 0.00 0 0.00 1158 866 1216 895 0.00 0.00 0.00 0.00 0.00 0.00 0.00
pedestrian 0.00 0 0.00 690 890 701 916 0.00 0.00 0.00 0.00 0.00 0.00 0.00
pedestrian 0.00 0 0.00 714 850 724 873 0.00 0.00 0.00 0.00 0.00 0.00 0.00
pedestrian 0.00 0 0.00 801 850 812 880 0.00 0.00 0.00 0.00 0.00 0.00 0.00
pedestrian 0.00 0 0.00 809 880 820 905 0.00 0.00 0.00 0.00 0.00 0.00 0.00
pedestrian 0.00 0 0.00 819 879 828 904 0.00 0.00 0.00 0.00 0.00 0.00 0.00
pedestrian 0.00 0 0.00 819 864 831 891 0.00 0.00 0.00 0.00 0.00 0.00 0.00
pedestrian 0.00 0 0.00 780 765 787 786 0.00 0.00 0.00 0.00 0.00 0.00 0.00
pedestrian 0.00 0 0.00 781 776 788 801 0.00 0.00 0.00 0.00 0.00 0.00 0.00
pedestrian 0.00 0 0.00 791 784 799 810 0.00 0.00 0.00 0.00 0.00 0.00 0.00
pedestrian 0.00 0 0.00 773 751 781 772 0.00 0.00 0.00 0.00 0.00 0.00 0.00
people 0.00 0 0.00 504 715 510 727 0.00 0.00 0.00 0.00 0.00 0.00 0.00
tricycle 0.00 0 0.00 501 713 514 733 0.00 0.00 0.00 0.00 0.00 0.00 0.00
truck 0.00 0 0.00 1020 686 1079 754 0.00 0.00 0.00 0.00 0.00 0.00 0.00
car 0.00 0 0.00 1086 760 1132 782 0.00 0.00 0.00 0.00 0.00 0.00 0.00
car 0.00 0 0.00 1002 631 1024 651 0.00 0.00 0.00 0.00 0.00 0.00 0.00
