car 0.00 0 0.00 281 620 320 639 0.00 0.00 0.00 0.00 0.00 0.00 0.00
car 0.00 0 0.00 343 559 364 598 0.00 0.00 0.00 0.00 0.00 0.00 0.00
car 0.00 0 0.00 365 564 385 603 0.00 0.00 0.00 0.00 0.00 0.00 0.00
truck 0.00 0 0.00 95 569 172 612 0.00 0.00 0.00 0.00 0.00 0.00 0.00
truck 0.00 0 0.00 143 598 230 629 0.00 0.00 0.00 0.00 0.00 0.00 0.00
truck 0.00 0 0.00 203 526 235 566 0.00 0.00 0.00 0.00 0.00 0.00 0.00
truck 0.00 0 0.00 1118 808 1139 868 0.00 0.00 0.00 0.00 0.00 0.00 0.00
motor 0.00 0 0.00 441 368 449 386 0.00 0.00 0.00 0.00 0.00 0.00 0.00
motor 0.00 0 0.00 457 492 465 509 0.00 0.00 0.00 0.00 0.00 0.00 0.00
motor 0.00 0 0.00 724 793 731 808 0.00 0.00 0.00 0.00 0.00 0.00 0.00
motor 0.00 0 0.00 730 587 737 601 0.00 0.00 0.00 0.00 0.00 0.00 0.00
motor 0.00 0 0.00 1321 173 1341 187 0.00 0.00 0.00 0.00 0.00 0.00 0.00
motor 0.00 0 0.00 1237 216 1255 226 0.00 0.00 0.00 0.00 0.00 0.00 0.00
pedestrian 0.00 0 0.00 711 1020 718 1031 0.00 0.00 0.00 0.00 0.00 0.00 0.00
