truck 0.00 0 0.00 736 1316 1085 1500 0.00 0.00 0.00 0.00 0.00 0.00 0.00
van 0.00 0 0.00 1015 1399 1197 1500 0.00 0.00 0.00 0.00 0.00 0.00 0.00
people 0.00 0 0.00 726 1131 763 1191 0.00 0.00 0.00 0.00 0.00 0.00 0.00
motor 0.00 0 0.00 733 1138 778 1227 0.00 0.00 0.00 0.00 0.00 0.00 0.00
tricycle 0.00 0 0.00 1271 1359 1502 1490 0.00 0.00 0.00 0.00 0.00 0.00 0.00
motor 0.00 0 0.00 1436 1289 1533 1367 0.00 0.00 0.00 0.00 0.00 0.00 0.00
motor 0.00 0 0.00 1394 1229 1476 1314 0.00 0.00 0.00 0.00 0.00 0.00 0.00
motor 0.00 0 0.00 1351 1192 1432 1270 0.00 0.00 0.00 0.00 0.00 0.00 0.00
motor 0.00 0 0.00 1325 1156 1399 1236 0.00 0.00 0.00 0.00 0.00 0.00 0.00
motor 0.00 0 0.00 1293 1145 1377 1207 0.00 0.00 0.00 0.00 0.00 0.00 0.00
motor 0.00 0 0.00 1280 1120 1363 1189 0.00 0.00 0.00 0.00 0.00 0.00 0.00
motor 0.00 0 0.00 1268 1096 1345 1161 0.00 0.00 0.00 0.00 0.00 0.00 0.00
motor 0.00 0 0.00 1244 1084 1325 1148 0.00 0.00 0.00 0.00 0.00 0.00 0.00
motor 0.00 0 0.00 1225 1062 1297 1128 0.00 0.00 0.00 0.00 0.00 0.00 0.00
bicycle 0.00 0 0.00 1439 985 1549 1068 0.00 0.00 0.00 0.00 0.00 0.00 0.00
car 0.00 0 0.00 769 535 855 559 0.00 0.00 0.00 0.00 0.00 0.00 0.00
car 0.00 0 0.00 762 514 820 541 0.00 0.00 0.00 0.00 0.00 0.00 0.00
truck 0.00 0 0.00 625 483 737 520 0.00 0.00 0.00 0.00 0.00 0.00 0.00
car 0.00 0 0.00 407 528 490 558 0.00 0.00 0.00 0.00 0.00 0.00 0.00
car 0.00 0 0.00 402 515 486 542 0.00 0.00 0.00 0.00 0.00 0.00 0.00
car 0.00 0 0.00 415 491 483 516 0.00 0.00 0.00 0.00 0.00 0.00 0.00
truck 0.00 0 0.00 413 471 493 506 0.00 0.00 0.00 0.00 0.00 0.00 0.00
car 0.00 0 0.00 417 464 466 486 0.00 0.00 0.00 0.00 0.00 0.00 0.00
truck 0.00 0 0.00 408 442 479 476 0.00 0.00 0.00 0.00 0.00 0.00 0.00
van 0.00 0 0.00 868 448 898 475 0.00 0.00 0.00 0.00 0.00 0.00 0.00
bus 0.00 0 0.00 807 428 861 471 0.00 0.00 0.00 0.00 0.00 0.00 0.00
car 0.00 0 0.00 773 435 813 453 0.00 0.00 0.00 0.00 0.00 0.00 0.00
car 0.00 0 0.00 657 459 714 479 0.00 0.00 0.00 0.00 0.00 0.00 0.00
car 0.00 0 0.00 589 464 640 483 0.00 0.00 0.00 0.00 0.00 0.00 0.00
car 0.00 0 0.00 583 460 635 478 0.00 0.00 0.00 0.00 0.00 0.00 0.00
car 0.00 0 0.00 579 455 631 473 0.00 0.00 0.00 0.00 0.00 0.00 0.00
car 0.00 0 0.00 583 451 636 469 0.00 0.00 0.00 0.00 0.00 0.00 0.00
car 0.00 0 0.00 570 449 623 467 0.00 0.00 0.00 0.00 0.00 0.00 0.00
car 0.00 0 0.00 562 445 618 463 0.00 0.00 0.00 0.00 0.00 0.00 0.00
car 0.00 0 0.00 557 442 612 460 0.00 0.00 0.00 0.00 0.00 0.00 0.00
car 0.00 0 0.00 560 439 615 457 0.00 0.00 0.00 0.00 0.00 0.00 0.00
car 0.00 0 0.00 557 436 613 454 0.00 0.00 0.00 0.00 0.00 0.00 0.00
car 0.00 0 0.00 558 432 613 450 0.00 0.00 0.00 0.00 0.00 0.00 0.00
car 0.00 0 0.00 545 423 592 437 0.00 0.00 0.00 0.00 0.00 0.00 0.00
car 0.00 0 0.00 537 416 581 429 0.00 0.00 0.00 0.00 0.00 0.00 0.00
car 0.00 0 0.00 532 409 577 422 0.00 0.00 0.00 0.00 0.00 0.00 0.00
truck 0.00 0 0.00 627 437 689 470 0.00 0.00 0.00 0.00 0.00 0.00 0.00
truck 0.00 0 0.00 612 420 674 453 0.00 0.00 0.00 0.00 0.00 0.00 0.00
car 0.00 0 0.00 602 422 639 438 0.00 0.00 0.00 0.00 0.00 0.00 0.00
car 0.00 0 0.00 596 421 633 437 0.00 0.00 0.00 0.00 0.00 0.00 0.00
car 0.00 0 0.00 598 413 629 428 0.00 0.00 0.00 0.00 0.00 0.00 0.00
car 0.00 0 0.00 580 409 619 425 0.00 0.00 0.00 0.00 0.00 0.00 0.00
van 0.00 0 0.00 573 404 612 420 0.00 0.00 0.00 0.00 0.00 0.00 0.00
car 0.00 0 0.00 751 426 794 442 0.00 0.00 0.00 0.00 0.00 0.00 0.00
truck 0.00 0 0.00 531 396 580 414 0.00 0.00 0.00 0.00 0.00 0.00 0.00
truck 0.00 0 0.00 735 413 783 437 0.00 0.00 0.00 0.00 0.00 0.00 0.00
car 0.00 0 0.00 728 416 764 431 0.00 0.00 0.00 0.00 0.00 0.00 0.00
car 0.00 0 0.00 724 414 760 428 0.00 0.00 0.00 0.00 0.00 0.00 0.00
car 0.00 0 0.00 718 411 745 424 0.00 0.00 0.00 0.00 0.00 0.00 0.00
truck 0.00 0 0.00 690 401 739 420 0.00 0.00 0.00 0.00 0.00 0.00 0.00
truck 0.00 0 0.00 683 392 725 414 0.00 0.00 0.00 0.00 0.00 0.00 0.00
truck 0.00 0 0.00 674 388 721 415 0.00 0.00 0.00 0.00 0.00 0.00 0.00
car 0.00 0 0.00 652 401 667 413 0.00 0.00 0.00 0.00 0.00 0.00 0.00
truck 0.00 0 0.00 643 384 689 405 0.00 0.00 0.00 0.00 0.00 0.00 0.00
truck 0.00 0 0.00 624 378 684 403 0.00 0.00 0.00 0.00 0.00 0.00 0.00
