car 0.00 0 0.00 801 815 1026 1050 0.00 0.00 0.00 0.00 0.00 0.00 0.00
car 0.00 0 0.00 532 674 725 889 0.00 0.00 0.00 0.00 0.00 0.00 0.00
car 0.00 0 0.00 1060 527 1225 654 0.00 0.00 0.00 0.00 0.00 0.00 0.00
car 0.00 0 0.00 595 334 684 443 0.00 0.00 0.00 0.00 0.00 0.00 0.00
car 0.00 0 0.00 572 232 683 316 0.00 0.00 0.00 0.00 0.00 0.00 0.00
car 0.00 0 0.00 203 162 322 222 0.00 0.00 0.00 0.00 0.00 0.00 0.00
car 0.00 0 0.00 189 240 326 311 0.00 0.00 0.00 0.00 0.00 0.00 0.00
car 0.00 0 0.00 88 277 245 354 0.00 0.00 0.00 0.00 0.00 0.00 0.00
car 0.00 0 0.00 55 205 183 281 0.00 0.00 0.00 0.00 0.00 0.00 0.00
car 0.00 0 0.00 992 199 1116 265 0.00 0.00 0.00 0.00 0.00 0.00 0.00
car 0.00 0 0.00 1285 221 1400 286 0.00 0.00 0.00 0.00 0.00 0.00 0.00
bus 0.00 0 0.00 120 454 684 1029 0.00 0.00 0.00 0.00 0.00 0.00 0.00
truck 0.00 0 0.00 293 100 446 192 0.00 0.00 0.00 0.00 0.00 0.00 0.00
car 0.00 0 0.00 0 233 88 320 0.00 0.00 0.00 0.00 0.00 0.00 0.00
pedestrian 0.00 0 0.00 23 464 74 534 0.00 0.00 0.00 0.00 0.00 0.00 0.00
pedestrian 0.00 0 0.00 415 267 440 325 0.00 0.00 0.00 0.00 0.00 0.00 0.00
pedestrian 0.00 0 0.00 476 317 498 374 0.00 0.00 0.00 0.00 0.00 0.00 0.00
pedestrian 0.00 0 0.00 106 502 165 572 0.00 0.00 0.00 0.00 0.00 0.00 0.00
pedestrian 0.00 0 0.00 66 559 120 626 0.00 0.00 0.00 0.00 0.00 0.00 0.00
pedestrian 0.00 0 0.00 80 487 125 549 0.00 0.00 0.00 0.00 0.00 0.00 0.00
people 0.00 0 0.00 173 561 215 610 0.00 0.00 0.00 0.00 0.00 0.00 0.00
people 0.00 0 0.00 290 485 337 536 0.00 0.00 0.00 0.00 0.00 0.00 0.00
motor 0.00 0 0.00 168 566 255 616 0.00 0.00 0.00 0.00 0.00 0.00 0.00
motor 0.00 0 0.00 289 502 350 555 0.00 0.00 0.00 0.00 0.00 0.00 0.00
pedestrian 0.00 0 0.00 722 247 743 297 0.00 0.00 0.00 0.00 0.00 0.00 0.00
pedestrian 0.00 0 0.00 792 218 814 269 0.00 0.00 0.00 0.00 0.00 0.00 0.00
pedestrian 0.00 0 0.00 849 211 872 263 0.00 0.00 0.00 0.00 0.00 0.00 0.00
pedestrian 0.00 0 0.00 715 237 732 289 0.00 0.00 0.00 0.00 0.00 0.00 0.00
pedestrian 0.00 0 0.00 705 218 722 271 0.00 0.00 0.00 0.00 0.00 0.00 0.00
pedestrian 0.00 0 0.00 781 217 802 265 0.00 0.00 0.00 0.00 0.00 0.00 0.00
people 0.00 0 0.00 885 221 903 266 0.00 0.00 0.00 0.00 0.00 0.00 0.00
people 0.00 0 0.00 751 91 764 131 0.00 0.00 0.00 0.00 0.00 0.00 0.00
people 0.00 0 0.00 631 73 648 108 0.00 0.00 0.00 0.00 0.00 0.00 0.00
people 0.00 0 0.00 931 155 944 184 0.00 0.00 0.00 0.00 0.00 0.00 0.00
people 0.00 0 0.00 939 131 958 164 0.00 0.00 0.00 0.00 0.00 0.00 0.00
bicycle 0.00 0 0.00 873 241 909 275 0.00 0.00 0.00 0.00 0.00 0.00 0.00
bicycle 0.00 0 0.00 737 105 775 135 0.00 0.00 0.00 0.00 0.00 0.00 0.00
bicycle 0.00 0 0.00 621 89 655 113 0.00 0.00 0.00 0.00 0.00 0.00 0.00
bicycle 0.00 0 0.00 933 149 965 171 0.00 0.00 0.00 0.00 0.00 0.00 0.00
motor 0.00 0 0.00 883 98 928 132 0.00 0.00 0.00 0.00 0.00 0.00 0.00
motor 0.00 0 0.00 865 151 891 181 0.00 0.00 0.00 0.00 0.00 0.00 0.00
motor 0.00 0 0.00 924 167 952 195 0.00 0.00 0.00 0.00 0.00 0.00 0.00
pedestrian 0.00 0 0.00 976 159 996 201 0.00 0.00 0.00 0.00 0.00 0.00 0.00
pedestrian 0.00 0 0.00 959 147 971 191 0.00 0.00 0.00 0.00 0.00 0.00 0.00
pedestrian 0.00 0 0.00 962 140 977 182 0.00 0.00 0.00 0.00 0.00 0.00 0.00
pedestrian 0.00 0 0.00 1111 159 1123 200 0.00 0.00 0.00 0.00 0.00 0.00 0.00
pedestrian 0.00 0 0.00 1081 164 1100 214 0.00 0.00 0.00 0.00 0.00 0.00 0.00
pedestrian 0.00 0 0.00 1067 116 1081 148 0.00 0.00 0.00 0.00 0.00 0.00 0.00
motor 0.00 0 0.00 1132 176 1162 223 0.00 0.00 0.00 0.00 0.00 0.00 0.00
tricycle 0.00 0 0.00 969 127 1048 205 0.00 0.00 0.00 0.00 0.00 0.00 0.00
tricycle 0.00 0 0.00 1034 99 1098 154 0.00 0.00 0.00 0.00 0.00 0.00 0.00
tricycle 0.00 0 0.00 1060 135 1133 204 0.00 0.00 0.00 0.00 0.00 0.00 0.00
pedestrian 0.00 0 0.00 1176 82 1197 127 0.00 0.00 0.00 0.00 0.00 0.00 0.00
pedestrian 0.00 0 0.00 1223 85 1246 128 0.00 0.00 0.00 0.00 0.00 0.00 0.00
pedestrian 0.00 0 0.00 1218 70 1237 116 0.00 0.00 0.00 0.00 0.00 0.00 0.00
pedestrian 0.00 0 0.00 1268 46 1282 81 0.00 0.00 0.00 0.00 0.00 0.00 0.00
pedestrian 0.00 0 0.00 830 26 846 66 0.00 0.00 0.00 0.00 0.00 0.00 0.00
pedestrian 0.00 0 0.00 8 0 24 19 0.00 0.00 0.00 0.00 0.00 0.00 0.00
pedestrian 0.00 0 0.00 161 0 174 18 0.00 0.00 0.00 0.00 0.00 0.00 0.00
pedestrian 0.00 0 0.00 195 0 209 19 0.00 0.00 0.00 0.00 0.00 0.00 0.00
pedestrian 0.00 0 0.00 310 14 329 52 0.00 0.00 0.00 0.00 0.00 0.00 0.00
pedestrian 0.00 0 0.00 344 16 364 51 0.00 0.00 0.00 0.00 0.00 0.00 0.00
pedestrian 0.00 0 0.00 368 21 389 57 0.00 0.00 0.00 0.00 0.00 0.00 0.00
pedestrian 0.00 0 0.00 372 18 394 52 0.00 0.00 0.00 0.00 0.00 0.00 0.00
people 0.00 0 0.00 279 29 298 62 0.00 0.00 0.00 0.00 0.00 0.00 0.00
bicycle 0.00 0 0.00 280 37 308 66 0.00 0.00 0.00 0.00 0.00 0.00 0.00
pedestrian 0.00 0 0.00 708 18 719 53 0.00 0.00 0.00 0.00 0.00 0.00 0.00
bicycle 0.00 0 0.00 699 28 725 48 0.00 0.00 0.00 0.00 0.00 0.00 0.00
tricycle 0.00 0 0.00 863 44 876 73 0.00 0.00 0.00 0.00 0.00 0.00 0.00
tricycle 0.00 0 0.00 815 39 829 66 0.00 0.00 0.00 0.00 0.00 0.00 0.00
tricycle 0.00 0 0.00 1018 55 1057 87 0.00 0.00 0.00 0.00 0.00 0.00 0.00
pedestrian 0.00 0 0.00 484 303 503 364 0.00 0.00 0.00 0.00 0.00 0.00 0.00
