car 0.00 0 0.00 660 621 707 675 0.00 0.00 0.00 0.00 0.00 0.00 0.00
car 0.00 0 0.00 721 551 769 599 0.00 0.00 0.00 0.00 0.00 0.00 0.00
car 0.00 0 0.00 782 487 829 536 0.00 0.00 0.00 0.00 0.00 0.00 0.00
pedestrian 0.00 0 0.00 331 536 344 551 0.00 0.00 0.00 0.00 0.00 0.00 0.00
pedestrian 0.00 0 0.00 392 584 406 605 0.00 0.00 0.00 0.00 0.00 0.00 0.00
pedestrian 0.00 0 0.00 497 419 507 440 0.00 0.00 0.00 0.00 0.00 0.00 0.00
pedestrian 0.00 0 0.00 505 411 520 426 0.00 0.00 0.00 0.00 0.00 0.00 0.00
pedestrian 0.00 0 0.00 889 291 900 307 0.00 0.00 0.00 0.00 0.00 0.00 0.00
car 0.00 0 0.00 850 214 898 250 0.00 0.00 0.00 0.00 0.00 0.00 0.00
truck 0.00 0 0.00 768 151 827 207 0.00 0.00 0.00 0.00 0.00 0.00 0.00
pedestrian 0.00 0 0.00 243 95 252 111 0.00 0.00 0.00 0.00 0.00 0.00 0.00
