people 0.00 0 0.00 1312 791 1324 811 0.00 0.00 0.00 0.00 0.00 0.00 0.00
motor 0.00 0 0.00 1308 801 1328 815 0.00 0.00 0.00 0.00 0.00 0.00 0.00
car 0.00 0 0.00 529 997 601 1050 0.00 0.00 0.00 0.00 0.00 0.00 0.00
car 0.00 0 0.00 397 922 458 978 0.00 0.00 0.00 0.00 0.00 0.00 0.00
car 0.00 0 0.00 360 816 402 851 0.00 0.00 0.00 0.00 0.00 0.00 0.00
car 0.00 0 0.00 270 758 306 784 0.00 0.00 0.00 0.00 0.00 0.00 0.00
car 0.00 0 0.00 236 723 262 744 0.00 0.00 0.00 0.00 0.00 0.00 0.00
car 0.00 0 0.00 264 700 289 719 0.00 0.00 0.00 0.00 0.00 0.00 0.00
car 0.00 0 0.00 265 680 283 693 0.00 0.00 0.00 0.00 0.00 0.00 0.00
car 0.00 0 0.00 179 655 197 669 0.00 0.00 0.00 0.00 0.00 0.00 0.00
car 0.00 0 0.00 180 627 197 637 0.00 0.00 0.00 0.00 0.00 0.00 0.00
car 0.00 0 0.00 154 609 166 618 0.00 0.00 0.00 0.00 0.00 0.00 0.00
bus 0.00 0 0.00 128 577 151 588 0.00 0.00 0.00 0.00 0.00 0.00 0.00
car 0.00 0 0.00 90 581 101 588 0.00 0.00 0.00 0.00 0.00 0.00 0.00
car 0.00 0 0.00 110 616 124 626 0.00 0.00 0.00 0.00 0.00 0.00 0.00
car 0.00 0 0.00 114 640 129 653 0.00 0.00 0.00 0.00 0.00 0.00 0.00
car 0.00 0 0.00 142 654 157 668 0.00 0.00 0.00 0.00 0.00 0.00 0.00
car 0.00 0 0.00 148 667 166 684 0.00 0.00 0.00 0.00 0.00 0.00 0.00
car 0.00 0 0.00 148 686 168 699 0.00 0.00 0.00 0.00 0.00 0.00 0.00
car 0.00 0 0.00 146 697 173 716 0.00 0.00 0.00 0.00 0.00 0.00 0.00
car 0.00 0 0.00 152 702 175 726 0.00 0.00 0.00 0.00 0.00 0.00 0.00
car 0.00 0 0.00 156 720 183 741 0.00 0.00 0.00 0.00 0.00 0.00 0.00
car 0.00 0 0.00 158 735 185 758 0.00 0.00 0.00 0.00 0.00 0.00 0.00
car 0.00 0 0.00 173 748 201 774 0.00 0.00 0.00 0.00 0.00 0.00 0.00
car 0.00 0 0.00 176 769 205 797 0.00 0.00 0.00 0.00 0.00 0.00 0.00
car 0.00 0 0.00 187 798 221 828 0.00 0.00 0.00 0.00 0.00 0.00 0.00
car 0.00 0 0.00 193 821 232 863 0.00 0.00 0.00 0.00 0.00 0.00 0.00
car 0.00 0 0.00 208 857 250 903 0.00 0.00 0.00 0.00 0.00 0.00 0.00
car 0.00 0 0.00 212 898 261 948 0.00 0.00 0.00 0.00 0.00 0.00 0.00
car 0.00 0 0.00 252 982 314 1050 0.00 0.00 0.00 0.00 0.00 0.00 0.00
car 0.00 0 0.00 144 940 199 1011 0.00 0.00 0.00 0.00 0.00 0.00 0.00
car 0.00 0 0.00 175 1017 233 1050 0.00 0.00 0.00 0.00 0.00 0.00 0.00
car 0.00 0 0.00 140 882 184 934 0.00 0.00 0.00 0.00 0.00 0.00 0.00
car 0.00 0 0.00 143 854 183 894 0.00 0.00 0.00 0.00 0.00 0.00 0.00
car 0.00 0 0.00 134 822 172 862 0.00 0.00 0.00 0.00 0.00 0.00 0.00
car 0.00 0 0.00 132 788 167 826 0.00 0.00 0.00 0.00 0.00 0.00 0.00
van 0.00 0 0.00 127 768 156 801 0.00 0.00 0.00 0.00 0.00 0.00 0.00
car 0.00 0 0.00 130 754 155 781 0.00 0.00 0.00 0.00 0.00 0.00 0.00
car 0.00 0 0.00 122 739 147 763 0.00 0.00 0.00 0.00 0.00 0.00 0.00
car 0.00 0 0.00 114 723 141 746 0.00 0.00 0.00 0.00 0.00 0.00 0.00
van 0.00 0 0.00 123 707 143 730 0.00 0.00 0.00 0.00 0.00 0.00 0.00
car 0.00 0 0.00 117 701 134 721 0.00 0.00 0.00 0.00 0.00 0.00 0.00
pedestrian 0.00 0 0.00 90 734 99 751 0.00 0.00 0.00 0.00 0.00 0.00 0.00
car 0.00 0 0.00 87 674 108 698 0.00 0.00 0.00 0.00 0.00 0.00 0.00
bus 0.00 0 0.00 115 654 140 703 0.00 0.00 0.00 0.00 0.00 0.00 0.00
car 0.00 0 0.00 87 643 98 659 0.00 0.00 0.00 0.00 0.00 0.00 0.00
car 0.00 0 0.00 88 616 98 637 0.00 0.00 0.00 0.00 0.00 0.00 0.00
