car 0.00 0 0.00 419 294 458 315 0.00 0.00 0.00 0.00 0.00 0.00 0.00
car 0.00 0 0.00 423 319 462 342 0.00 0.00 0.00 0.00 0.00 0.00 0.00
car 0.00 0 0.00 422 348 464 368 0.00 0.00 0.00 0.00 0.00 0.00 0.00
car 0.00 0 0.00 425 375 465 393 0.00 0.00 0.00 0.00 0.00 0.00 0.00
car 0.00 0 0.00 425 396 468 418 0.00 0.00 0.00 0.00 0.00 0.00 0.00
car 0.00 0 0.00 423 419 460 438 0.00 0.00 0.00 0.00 0.00 0.00 0.00
car 0.00 0 0.00 426 441 460 458 0.00 0.00 0.00 0.00 0.00 0.00 0.00
car 0.00 0 0.00 431 461 468 477 0.00 0.00 0.00 0.00 0.00 0.00 0.00
van 0.00 0 0.00 431 483 471 505 0.00 0.00 0.00 0.00 0.00 0.00 0.00
car 0.00 0 0.00 538 353 577 373 0.00 0.00 0.00 0.00 0.00 0.00 0.00
van 0.00 0 0.00 532 373 572 394 0.00 0.00 0.00 0.00 0.00 0.00 0.00
car 0.00 0 0.00 543 421 581 440 0.00 0.00 0.00 0.00 0.00 0.00 0.00
car 0.00 0 0.00 539 446 580 467 0.00 0.00 0.00 0.00 0.00 0.00 0.00
car 0.00 0 0.00 1173 253 1214 276 0.00 0.00 0.00 0.00 0.00 0.00 0.00
car 0.00 0 0.00 1260 267 1302 289 0.00 0.00 0.00 0.00 0.00 0.00 0.00
car 0.00 0 0.00 1265 304 1303 327 0.00 0.00 0.00 0.00 0.00 0.00 0.00
van 0.00 0 0.00 1179 335 1218 352 0.00 0.00 0.00 0.00 0.00 0.00 0.00
car 0.00 0 0.00 1181 350 1220 370 0.00 0.00 0.00 0.00 0.00 0.00 0.00
car 0.00 0 0.00 1183 369 1219 389 0.00 0.00 0.00 0.00 0.00 0.00 0.00
car 0.00 0 0.00 1133 406 1154 448 0.00 0.00 0.00 0.00 0.00 0.00 0.00
car 0.00 0 0.00 1186 485 1229 504 0.00 0.00 0.00 0.00 0.00 0.00 0.00
car 0.00 0 0.00 1197 519 1231 538 0.00 0.00 0.00 0.00 0.00 0.00 0.00
car 0.00 0 0.00 1276 499 1316 518 0.00 0.00 0.00 0.00 0.00 0.00 0.00
pedestrian 0.00 0 0.00 1191 460 1210 468 0.00 0.00 0.00 0.00 0.00 0.00 0.00
car 0.00 0 0.00 1106 599 1126 640 0.00 0.00 0.00 0.00 0.00 0.00 0.00
car 0.00 0 0.00 839 446 859 489 0.00 0.00 0.00 0.00 0.00 0.00 0.00
bus 0.00 0 0.00 1087 771 1127 875 0.00 0.00 0.00 0.00 0.00 0.00 0.00
car 0.00 0 0.00 1197 1006 1216 1048 0.00 0.00 0.00 0.00 0.00 0.00 0.00
car 0.00 0 0.00 1293 758 1340 780 0.00 0.00 0.00 0.00 0.00 0.00 0.00
truck 0.00 0 0.00 1291 700 1340 725 0.00 0.00 0.00 0.00 0.00 0.00 0.00
pedestrian 0.00 0 0.00 1298 615 1312 623 0.00 0.00 0.00 0.00 0.00 0.00 0.00
car 0.00 0 0.00 884 819 904 860 0.00 0.00 0.00 0.00 0.00 0.00 0.00
pedestrian 0.00 0 0.00 1124 929 1135 941 0.00 0.00 0.00 0.00 0.00 0.00 0.00
pedestrian 0.00 0 0.00 1124 973 1134 984 0.00 0.00 0.00 0.00 0.00 0.00 0.00
pedestrian 0.00 0 0.00 1127 992 1137 1006 0.00 0.00 0.00 0.00 0.00 0.00 0.00
pedestrian 0.00 0 0.00 1131 1006 1141 1019 0.00 0.00 0.00 0.00 0.00 0.00 0.00
truck 0.00 0 0.00 1190 560 1237 579 0.00 0.00 0.00 0.00 0.00 0.00 0.00
truck 0.00 0 0.00 744 694 773 780 0.00 0.00 0.00 0.00 0.00 0.00 0.00
car 0.00 0 0.00 493 720 510 762 0.00 0.00 0.00 0.00 0.00 0.00 0.00
car 0.00 0 0.00 513 712 534 754 0.00 0.00 0.00 0.00 0.00 0.00 0.00
car 0.00 0 0.00 493 835 516 877 0.00 0.00 0.00 0.00 0.00 0.00 0.00
car 0.00 0 0.00 560 900 580 935 0.00 0.00 0.00 0.00 0.00 0.00 0.00
car 0.00 0 0.00 498 952 515 994 0.00 0.00 0.00 0.00 0.00 0.00 0.00
car 0.00 0 0.00 562 946 578 989 0.00 0.00 0.00 0.00 0.00 0.00 0.00
car 0.00 0 0.00 500 998 519 1041 0.00 0.00 0.00 0.00 0.00 0.00 0.00
car 0.00 0 0.00 562 993 582 1039 0.00 0.00 0.00 0.00 0.00 0.00 0.00
pedestrian 0.00 0 0.00 1266 146 1286 166 0.00 0.00 0.00 0.00 0.00 0.00 0.00
