van 0.00 0 0.00 953 1120 1278 1300 0.00 0.00 0.00 0.00 0.00 0.00 0.00
van 0.00 0 0.00 845 986 1196 1171 0.00 0.00 0.00 0.00 0.00 0.00 0.00
van 0.00 0 0.00 1196 835 1337 1113 0.00 0.00 0.00 0.00 0.00 0.00 0.00
van 0.00 0 0.00 755 841 1119 1027 0.00 0.00 0.00 0.00 0.00 0.00 0.00
people 0.00 0 0.00 1375 851 1435 932 0.00 0.00 0.00 0.00 0.00 0.00 0.00
bicycle 0.00 0 0.00 1370 877 1432 974 0.00 0.00 0.00 0.00 0.00 0.00 0.00
van 0.00 0 0.00 1013 703 1223 847 0.00 0.00 0.00 0.00 0.00 0.00 0.00
car 0.00 0 0.00 759 612 1011 722 0.00 0.00 0.00 0.00 0.00 0.00 0.00
van 0.00 0 0.00 1268 401 1387 526 0.00 0.00 0.00 0.00 0.00 0.00 0.00
car 0.00 0 0.00 1550 663 1814 782 0.00 0.00 0.00 0.00 0.00 0.00 0.00
car 0.00 0 0.00 1493 520 1731 628 0.00 0.00 0.00 0.00 0.00 0.00 0.00
van 0.00 0 0.00 1050 526 1232 714 0.00 0.00 0.00 0.00 0.00 0.00 0.00
car 0.00 0 0.00 855 540 1097 636 0.00 0.00 0.00 0.00 0.00 0.00 0.00
van 0.00 0 0.00 962 458 1145 563 0.00 0.00 0.00 0.00 0.00 0.00 0.00
tricycle 0.00 0 0.00 583 1039 773 1179 0.00 0.00 0.00 0.00 0.00 0.00 0.00
motor 0.00 0 0.00 1668 763 1779 847 0.00 0.00 0.00 0.00 0.00 0.00 0.00
tricycle 0.00 0 0.00 1632 622 1808 693 0.00 0.00 0.00 0.00 0.00 0.00 0.00
bicycle 0.00 0 0.00 1435 442 1510 499 0.00 0.00 0.00 0.00 0.00 0.00 0.00
motor 0.00 0 0.00 531 824 631 896 0.00 0.00 0.00 0.00 0.00 0.00 0.00
motor 0.00 0 0.00 792 739 891 816 0.00 0.00 0.00 0.00 0.00 0.00 0.00
bicycle 0.00 0 0.00 727 560 805 624 0.00 0.00 0.00 0.00 0.00 0.00 0.00
bicycle 0.00 0 0.00 670 572 760 630 0.00 0.00 0.00 0.00 0.00 0.00 0.00
people 0.00 0 0.00 868 461 907 511 0.00 0.00 0.00 0.00 0.00 0.00 0.00
motor 0.00 0 0.00 901 487 933 547 0.00 0.00 0.00 0.00 0.00 0.00 0.00
people 0.00 0 0.00 804 462 834 508 0.00 0.00 0.00 0.00 0.00 0.00 0.00
pedestrian 0.00 0 0.00 916 384 953 451 0.00 0.00 0.00 0.00 0.00 0.00 0.00
pedestrian 0.00 0 0.00 827 313 858 383 0.00 0.00 0.00 0.00 0.00 0.00 0.00
pedestrian 0.00 0 0.00 963 340 987 409 0.00 0.00 0.00 0.00 0.00 0.00 0.00
pedestrian 0.00 0 0.00 943 334 967 397 0.00 0.00 0.00 0.00 0.00 0.00 0.00
pedestrian 0.00 0 0.00 926 368 948 409 0.00 0.00 0.00 0.00 0.00 0.00 0.00
pedestrian 0.00 0 0.00 722 319 751 366 0.00 0.00 0.00 0.00 0.00 0.00 0.00
pedestrian 0.00 0 0.00 701 350 727 411 0.00 0.00 0.00 0.00 0.00 0.00 0.00
people 0.00 0 0.00 706 352 725 378 0.00 0.00 0.00 0.00 0.00 0.00 0.00
people 0.00 0 0.00 655 321 679 375 0.00 0.00 0.00 0.00 0.00 0.00 0.00
pedestrian 0.00 0 0.00 1378 327 1415 394 0.00 0.00 0.00 0.00 0.00 0.00 0.00
pedestrian 0.00 0 0.00 1430 388 1456 454 0.00 0.00 0.00 0.00 0.00 0.00 0.00
pedestrian 0.00 0 0.00 1472 339 1503 399 0.00 0.00 0.00 0.00 0.00 0.00 0.00
pedestrian 0.00 0 0.00 1454 314 1491 375 0.00 0.00 0.00 0.00 0.00 0.00 0.00
pedestrian 0.00 0 0.00 1537 399 1576 466 0.00 0.00 0.00 0.00 0.00 0.00 0.00
pedestrian 0.00 0 0.00 1528 392 1565 457 0.00 0.00 0.00 0.00 0.00 0.00 0.00
