van 0.00 0 0.00 1135 766 1294 949 0.00 0.00 0.00 0.00 0.00 0.00 0.00
van 0.00 0 0.00 1551 927 1759 1077 0.00 0.00 0.00 0.00 0.00 0.00 0.00
motor 0.00 0 0.00 1464 902 1566 992 0.00 0.00 0.00 0.00 0.00 0.00 0.00
tricycle 0.00 0 0.00 1495 887 1669 988 0.00 0.00 0.00 0.00 0.00 0.00 0.00
car 0.00 0 0.00 1378 731 1536 876 0.00 0.00 0.00 0.00 0.00 0.00 0.00
car 0.00 0 0.00 1291 529 1382 626 0.00 0.00 0.00 0.00 0.00 0.00 0.00
car 0.00 0 0.00 680 627 879 749 0.00 0.00 0.00 0.00 0.00 0.00 0.00
van 0.00 0 0.00 436 629 635 732 0.00 0.00 0.00 0.00 0.00 0.00 0.00
van 0.00 0 0.00 460 592 630 681 0.00 0.00 0.00 0.00 0.00 0.00 0.00
van 0.00 0 0.00 641 580 815 682 0.00 0.00 0.00 0.00 0.00 0.00 0.00
van 0.00 0 0.00 1194 369 1246 437 0.00 0.00 0.00 0.00 0.00 0.00 0.00
car 0.00 0 0.00 1138 296 1186 345 0.00 0.00 0.00 0.00 0.00 0.00 0.00
car 0.00 0 0.00 885 314 977 354 0.00 0.00 0.00 0.00 0.00 0.00 0.00
car 0.00 0 0.00 788 293 885 327 0.00 0.00 0.00 0.00 0.00 0.00 0.00
motor 0.00 0 0.00 416 929 519 1030 0.00 0.00 0.00 0.00 0.00 0.00 0.00
motor 0.00 0 0.00 441 600 528 645 0.00 0.00 0.00 0.00 0.00 0.00 0.00
motor 0.00 0 0.00 482 541 540 579 0.00 0.00 0.00 0.00 0.00 0.00 0.00
motor 0.00 0 0.00 495 545 564 582 0.00 0.00 0.00 0.00 0.00 0.00 0.00
pedestrian 0.00 0 0.00 596 416 619 470 0.00 0.00 0.00 0.00 0.00 0.00 0.00
pedestrian 0.00 0 0.00 991 263 1003 292 0.00 0.00 0.00 0.00 0.00 0.00 0.00
pedestrian 0.00 0 0.00 1015 267 1029 292 0.00 0.00 0.00 0.00 0.00 0.00 0.00
motor 0.00 0 0.00 772 297 784 320 0.00 0.00 0.00 0.00 0.00 0.00 0.00
motor 0.00 0 0.00 1027 541 1051 594 0.00 0.00 0.00 0.00 0.00 0.00 0.00
motor 0.00 0 0.00 1007 319 1022 343 0.00 0.00 0.00 0.00 0.00 0.00 0.00
motor 0.00 0 0.00 1039 186 1048 199 0.00 0.00 0.00 0.00 0.00 0.00 0.00
motor 0.00 0 0.00 1059 187 1066 197 0.00 0.00 0.00 0.00 0.00 0.00 0.00
motor 0.00 0 0.00 1083 245 1096 263 0.00 0.00 0.00 0.00 0.00 0.00 0.00
motor 0.00 0 0.00 1076 182 1086 193 0.00 0.00 0.00 0.00 0.00 0.00 0.00
motor 0.00 0 0.00 1101 180 1107 191 0.00 0.00 0.00 0.00 0.00 0.00 0.00
motor 0.00 0 0.00 1081 156 1086 163 0.00 0.00 0.00 0.00 0.00 0.00 0.00
people 0.00 0 0.00 1081 154 1086 161 0.00 0.00 0.00 0.00 0.00 0.00 0.00
people 0.00 0 0.00 1100 177 1107 187 0.00 0.00 0.00 0.00 0.00 0.00 0.00
people 0.00 0 0.00 1077 178 1084 191 0.00 0.00 0.00 0.00 0.00 0.00 0.00
people 0.00 0 0.00 1059 183 1066 193 0.00 0.00 0.00 0.00 0.00 0.00 0.00
people 0.00 0 0.00 1040 183 1049 196 0.00 0.00 0.00 0.00 0.00 0.00 0.00
people 0.00 0 0.00 1083 240 1095 260 0.00 0.00 0.00 0.00 0.00 0.00 0.00
people 0.00 0 0.00 1005 315 1021 337 0.00 0.00 0.00 0.00 0.00 0.00 0.00
motor 0.00 0 0.00 696 350 726 375 0.00 0.00 0.00 0.00 0.00 0.00 0.00
people 0.00 0 0.00 1025 530 1052 580 0.00 0.00 0.00 0.00 0.00 0.00 0.00
truck 0.00 0 0.00 1109 448 1251 613 0.00 0.00 0.00 0.00 0.00 0.00 0.00
car 0.00 0 0.00 821 276 907 311 0.00 0.00 0.00 0.00 0.00 0.00 0.00
van 0.00 0 0.00 831 257 913 299 0.00 0.00 0.00 0.00 0.00 0.00 0.00
car 0.00 0 0.00 838 252 904 288 0.00 0.00 0.00 0.00 0.00 0.00 0.00
awning-tricycle 0.00 0 0.00 842 247 886 277 0.00 0.00 0.00 0.00 0.00 0.00 0.00
awning-tricycle 0.00 0 0.00 847 206 887 229 0.00 0.00 0.00 0.00 0.00 0.00 0.00
awning-tricycle 0.00 0 0.00 904 209 924 236 0.00 0.00 0.00 0.00 0.00 0.00 0.00
awning-tricycle 0.00 0 0.00 884 206 906 228 0.00 0.00 0.00 0.00 0.00 0.00 0.00
awning-tricycle 0.00 0 0.00 909 202 940 225 0.00 0.00 0.00 0.00 0.00 0.00 0.00
awning-tricycle 0.00 0 0.00 867 199 895 220 0.00 0.00 0.00 0.00 0.00 0.00 0.00
awning-tricycle 0.00 0 0.00 877 190 899 208 0.00 0.00 0.00 0.00 0.00 0.00 0.00
awning-tricycle 0.00 0 0.00 931 181 961 203 0.00 0.00 0.00 0.00 0.00 0.00 0.00
awning-tricycle 0.00 0 0.00 917 165 936 183 0.00 0.00 0.00 0.00 0.00 0.00 0.00
tricycle 0.00 0 0.00 1113 244 1141 272 0.00 0.00 0.00 0.00 0.00 0.00 0.00
awning-tricycle 0.00 0 0.00 1029 166 1056 182 0.00 0.00 0.00 0.00 0.00 0.00 0.00
car 0.00 0 0.00 928 211 964 235 0.00 0.00 0.00 0.00 0.00 0.00 0.00
car 0.00 0 0.00 946 198 993 215 0.00 0.00 0.00 0.00 0.00 0.00 0.00
car 0.00 0 0.00 911 192 956 210 0.00 0.00 0.00 0.00 0.00 0.00 0.00
van 0.00 0 0.00 891 185 940 207 0.00 0.00 0.00 0.00 0.00 0.00 0.00
van 0.00 0 0.00 905 177 939 197 0.00 0.00 0.00 0.00 0.00 0.00 0.00
van 0.00 0 0.00 946 166 978 184 0.00 0.00 0.00 0.00 0.00 0.00 0.00
car 0.00 0 0.00 979 171 1017 186 0.00 0.00 0.00 0.00 0.00 0.00 0.00
car 0.00 0 0.00 976 166 1007 182 0.00 0.00 0.00 0.00 0.00 0.00 0.00
tricycle 0.00 0 0.00 1133 275 1157 304 0.00 0.00 0.00 0.00 0.00 0.00 0.00
truck 0.00 0 0.00 1104 219 1136 269 0.00 0.00 0.00 0.00 0.00 0.00 0.00
people 0.00 0 0.00 898 214 908 226 0.00 0.00 0.00 0.00 0.00 0.00 0.00
pedestrian 0.00 0 0.00 918 207 927 229 0.00 0.00 0.00 0.00 0.00 0.00 0.00
people 0.00 0 0.00 877 188 886 198 0.00 0.00 0.00 0.00 0.00 0.00 0.00
pedestrian 0.00 0 0.00 884 185 891 200 0.00 0.00 0.00 0.00 0.00 0.00 0.00
motor 0.00 0 0.00 926 171 940 181 0.00 0.00 0.00 0.00 0.00 0.00 0.00
motor 0.00 0 0.00 937 172 951 187 0.00 0.00 0.00 0.00 0.00 0.00 0.00
pedestrian 0.00 0 0.00 1008 167 1013 185 0.00 0.00 0.00 0.00 0.00 0.00 0.00
van 0.00 0 0.00 1027 160 1054 178 0.00 0.00 0.00 0.00 0.00 0.00 0.00
awning-tricycle 0.00 0 0.00 1075 168 1088 184 0.00 0.00 0.00 0.00 0.00 0.00 0.00
awning-tricycle 0.00 0 0.00 1096 170 1108 187 0.00 0.00 0.00 0.00 0.00 0.00 0.00
tricycle 0.00 0 0.00 1114 172 1123 185 0.00 0.00 0.00 0.00 0.00 0.00 0.00
people 0.00 0 0.00 1115 166 1121 176 0.00 0.00 0.00 0.00 0.00 0.00 0.00
pedestrian 0.00 0 0.00 1076 162 1080 171 0.00 0.00 0.00 0.00 0.00 0.00 0.00
pedestrian 0.00 0 0.00 1083 161 1088 173 0.00 0.00 0.00 0.00 0.00 0.00 0.00
pedestrian 0.00 0 0.00 1078 160 1084 174 0.00 0.00 0.00 0.00 0.00 0.00 0.00
people 0.00 0 0.00 1081 147 1085 155 0.00 0.00 0.00 0.00 0.00 0.00 0.00
motor 0.00 0 0.00 1080 150 1085 156 0.00 0.00 0.00 0.00 0.00 0.00 0.00
car 0.00 0 0.00 1086 148 1099 157 0.00 0.00 0.00 0.00 0.00 0.00 0.00
awning-tricycle 0.00 0 0.00 1084 141 1099 151 0.00 0.00 0.00 0.00 0.00 0.00 0.00
truck 0.00 0 0.00 1101 114 1121 139 0.00 0.00 0.00 0.00 0.00 0.00 0.00
