car 0.00 0 0.00 778 661 814 726 0.00 0.00 0.00 0.00 0.00 0.00 0.00
car 0.00 0 0.00 715 553 741 605 0.00 0.00 0.00 0.00 0.00 0.00 0.00
car 0.00 0 0.00 724 428 746 469 0.00 0.00 0.00 0.00 0.00 0.00 0.00
car 0.00 0 0.00 690 371 709 405 0.00 0.00 0.00 0.00 0.00 0.00 0.00
car 0.00 0 0.00 684 409 707 445 0.00 0.00 0.00 0.00 0.00 0.00 0.00
car 0.00 0 0.00 694 336 714 366 0.00 0.00 0.00 0.00 0.00 0.00 0.00
car 0.00 0 0.00 728 350 749 381 0.00 0.00 0.00 0.00 0.00 0.00 0.00
car 0.00 0 0.00 727 267 744 291 0.00 0.00 0.00 0.00 0.00 0.00 0.00
car 0.00 0 0.00 655 294 672 316 0.00 0.00 0.00 0.00 0.00 0.00 0.00
car 0.00 0 0.00 646 174 659 187 0.00 0.00 0.00 0.00 0.00 0.00 0.00
car 0.00 0 0.00 723 87 732 101 0.00 0.00 0.00 0.00 0.00 0.00 0.00
car 0.00 0 0.00 704 79 715 94 0.00 0.00 0.00 0.00 0.00 0.00 0.00
car 0.00 0 0.00 726 65 734 79 0.00 0.00 0.00 0.00 0.00 0.00 0.00
car 0.00 0 0.00 681 48 690 59 0.00 0.00 0.00 0.00 0.00 0.00 0.00
van 0.00 0 0.00 667 46 676 58 0.00 0.00 0.00 0.00 0.00 0.00 0.00
van 0.00 0 0.00 653 48 661 59 0.00 0.00 0.00 0.00 0.00 0.00 0.00
car 0.00 0 0.00 685 21 692 29 0.00 0.00 0.00 0.00 0.00 0.00 0.00
car 0.00 0 0.00 725 16 730 23 0.00 0.00 0.00 0.00 0.00 0.00 0.00
car 0.00 0 0.00 700 20 712 34 0.00 0.00 0.00 0.00 0.00 0.00 0.00
car 0.00 0 0.00 703 10 713 20 0.00 0.00 0.00 0.00 0.00 0.00 0.00
car 0.00 0 0.00 706 2 712 13 0.00 0.00 0.00 0.00 0.00 0.00 0.00
car 0.00 0 0.00 724 164 737 182 0.00 0.00 0.00 0.00 0.00 0.00 0.00
car 0.00 0 0.00 594 323 613 352 0.00 0.00 0.00 0.00 0.00 0.00 0.00
van 0.00 0 0.00 631 416 652 452 0.00 0.00 0.00 0.00 0.00 0.00 0.00
truck 0.00 0 0.00 561 559 604 643 0.00 0.00 0.00 0.00 0.00 0.00 0.00
van 0.00 0 0.00 723 212 739 235 0.00 0.00 0.00 0.00 0.00 0.00 0.00
van 0.00 0 0.00 750 180 763 206 0.00 0.00 0.00 0.00 0.00 0.00 0.00
van 0.00 0 0.00 676 97 688 113 0.00 0.00 0.00 0.00 0.00 0.00 0.00
car 0.00 0 0.00 344 464 400 488 0.00 0.00 0.00 0.00 0.00 0.00 0.00
pedestrian 0.00 0 0.00 328 564 338 582 0.00 0.00 0.00 0.00 0.00 0.00 0.00
pedestrian 0.00 0 0.00 330 560 342 579 0.00 0.00 0.00 0.00 0.00 0.00 0.00
pedestrian 0.00 0 0.00 228 530 238 552 0.00 0.00 0.00 0.00 0.00 0.00 0.00
pedestrian 0.00 0 0.00 113 514 127 535 0.00 0.00 0.00 0.00 0.00 0.00 0.00
van 0.00 0 0.00 758 318 780 355 0.00 0.00 0.00 0.00 0.00 0.00 0.00
pedestrian 0.00 0 0.00 1014 361 1022 380 0.00 0.00 0.00 0.00 0.00 0.00 0.00
pedestrian 0.00 0 0.00 980 367 989 383 0.00 0.00 0.00 0.00 0.00 0.00 0.00
