car 0.00 0 0.00 313 701 361 757 0.00 0.00 0.00 0.00 0.00 0.00 0.00
car 0.00 0 0.00 282 690 335 748 0.00 0.00 0.00 0.00 0.00 0.00 0.00
car 0.00 0 0.00 247 688 301 743 0.00 0.00 0.00 0.00 0.00 0.00 0.00
truck 0.00 0 0.00 776 626 805 684 0.00 0.00 0.00 0.00 0.00 0.00 0.00
truck 0.00 0 0.00 1098 588 1146 657 0.00 0.00 0.00 0.00 0.00 0.00 0.00
car 0.00 0 0.00 1132 599 1161 640 0.00 0.00 0.00 0.00 0.00 0.00 0.00
car 0.00 0 0.00 1154 603 1193 643 0.00 0.00 0.00 0.00 0.00 0.00 0.00
car 0.00 0 0.00 777 486 794 510 0.00 0.00 0.00 0.00 0.00 0.00 0.00
car 0.00 0 0.00 808 595 831 629 0.00 0.00 0.00 0.00 0.00 0.00 0.00
car 0.00 0 0.00 831 647 886 682 0.00 0.00 0.00 0.00 0.00 0.00 0.00
car 0.00 0 0.00 828 675 888 710 0.00 0.00 0.00 0.00 0.00 0.00 0.00
car 0.00 0 0.00 963 261 986 274 0.00 0.00 0.00 0.00 0.00 0.00 0.00
car 0.00 0 0.00 1146 525 1187 554 0.00 0.00 0.00 0.00 0.00 0.00 0.00
car 0.00 0 0.00 1286 616 1336 663 0.00 0.00 0.00 0.00 0.00 0.00 0.00
car 0.00 0 0.00 1371 604 1400 642 0.00 0.00 0.00 0.00 0.00 0.00 0.00
car 0.00 0 0.00 1347 613 1396 657 0.00 0.00 0.00 0.00 0.00 0.00 0.00
car 0.00 0 0.00 1238 538 1291 558 0.00 0.00 0.00 0.00 0.00 0.00 0.00
van 0.00 0 0.00 1310 603 1364 657 0.00 0.00 0.00 0.00 0.00 0.00 0.00
pedestrian 0.00 0 0.00 1085 544 1094 563 0.00 0.00 0.00 0.00 0.00 0.00 0.00
pedestrian 0.00 0 0.00 1101 515 1110 532 0.00 0.00 0.00 0.00 0.00 0.00 0.00
pedestrian 0.00 0 0.00 1111 513 1120 529 0.00 0.00 0.00 0.00 0.00 0.00 0.00
pedestrian 0.00 0 0.00 805 658 814 680 0.00 0.00 0.00 0.00 0.00 0.00 0.00
van 0.00 0 0.00 601 218 612 229 0.00 0.00 0.00 0.00 0.00 0.00 0.00
car 0.00 0 0.00 759 201 768 210 0.00 0.00 0.00 0.00 0.00 0.00 0.00
truck 0.00 0 0.00 774 139 782 152 0.00 0.00 0.00 0.00 0.00 0.00 0.00
truck 0.00 0 0.00 779 171 787 185 0.00 0.00 0.00 0.00 0.00 0.00 0.00
bus 0.00 0 0.00 780 165 788 179 0.00 0.00 0.00 0.00 0.00 0.00 0.00
