pedestrian 0.00 0 0.00 619 88 626 100 0.00 0.00 0.00 0.00 0.00 0.00 0.00
pedestrian 0.00 0 0.00 612 90 619 100 0.00 0.00 0.00 0.00 0.00 0.00 0.00
pedestrian 0.00 0 0.00 533 105 539 115 0.00 0.00 0.00 0.00 0.00 0.00 0.00
pedestrian 0.00 0 0.00 625 141 629 149 0.00 0.00 0.00 0.00 0.00 0.00 0.00
pedestrian 0.00 0 0.00 626 192 631 200 0.00 0.00 0.00 0.00 0.00 0.00 0.00
pedestrian 0.00 0 0.00 637 223 642 232 0.00 0.00 0.00 0.00 0.00 0.00 0.00
pedestrian 0.00 0 0.00 644 223 648 230 0.00 0.00 0.00 0.00 0.00 0.00 0.00
pedestrian 0.00 0 0.00 636 234 642 243 0.00 0.00 0.00 0.00 0.00 0.00 0.00
pedestrian 0.00 0 0.00 645 232 650 238 0.00 0.00 0.00 0.00 0.00 0.00 0.00
pedestrian 0.00 0 0.00 649 239 653 249 0.00 0.00 0.00 0.00 0.00 0.00 0.00
pedestrian 0.00 0 0.00 651 237 658 247 0.00 0.00 0.00 0.00 0.00 0.00 0.00
pedestrian 0.00 0 0.00 632 246 638 254 0.00 0.00 0.00 0.00 0.00 0.00 0.00
pedestrian 0.00 0 0.00 640 251 645 261 0.00 0.00 0.00 0.00 0.00 0.00 0.00
pedestrian 0.00 0 0.00 643 246 649 257 0.00 0.00 0.00 0.00 0.00 0.00 0.00
pedestrian 0.00 0 0.00 680 280 685 289 0.00 0.00 0.00 0.00 0.00 0.00 0.00
pedestrian 0.00 0 0.00 650 286 657 294 0.00 0.00 0.00 0.00 0.00 0.00 0.00
pedestrian 0.00 0 0.00 633 279 639 287 0.00 0.00 0.00 0.00 0.00 0.00 0.00
pedestrian 0.00 0 0.00 630 274 635 282 0.00 0.00 0.00 0.00 0.00 0.00 0.00
pedestrian 0.00 0 0.00 637 297 643 305 0.00 0.00 0.00 0.00 0.00 0.00 0.00
pedestrian 0.00 0 0.00 632 319 639 329 0.00 0.00 0.00 0.00 0.00 0.00 0.00
pedestrian 0.00 0 0.00 642 301 648 311 0.00 0.00 0.00 0.00 0.00 0.00 0.00
pedestrian 0.00 0 0.00 651 326 655 333 0.00 0.00 0.00 0.00 0.00 0.00 0.00
pedestrian 0.00 0 0.00 620 339 625 345 0.00 0.00 0.00 0.00 0.00 0.00 0.00
pedestrian 0.00 0 0.00 621 319 626 325 0.00 0.00 0.00 0.00 0.00 0.00 0.00
pedestrian 0.00 0 0.00 594 388 601 394 0.00 0.00 0.00 0.00 0.00 0.00 0.00
pedestrian 0.00 0 0.00 613 403 623 412 0.00 0.00 0.00 0.00 0.00 0.00 0.00
pedestrian 0.00 0 0.00 1097 186 1107 197 0.00 0.00 0.00 0.00 0.00 0.00 0.00
pedestrian 0.00 0 0.00 1101 195 1105 203 0.00 0.00 0.00 0.00 0.00 0.00 0.00
pedestrian 0.00 0 0.00 1121 199 1131 206 0.00 0.00 0.00 0.00 0.00 0.00 0.00
pedestrian 0.00 0 0.00 1129 223 1137 232 0.00 0.00 0.00 0.00 0.00 0.00 0.00
pedestrian 0.00 0 0.00 1135 228 1143 237 0.00 0.00 0.00 0.00 0.00 0.00 0.00
pedestrian 0.00 0 0.00 1184 124 1192 132 0.00 0.00 0.00 0.00 0.00 0.00 0.00
pedestrian 0.00 0 0.00 1188 129 1199 136 0.00 0.00 0.00 0.00 0.00 0.00 0.00
pedestrian 0.00 0 0.00 1122 216 1130 224 0.00 0.00 0.00 0.00 0.00 0.00 0.00
pedestrian 0.00 0 0.00 1120 204 1128 214 0.00 0.00 0.00 0.00 0.00 0.00 0.00
pedestrian 0.00 0 0.00 1126 209 1135 220 0.00 0.00 0.00 0.00 0.00 0.00 0.00
motor 0.00 0 0.00 1047 67 1056 85 0.00 0.00 0.00 0.00 0.00 0.00 0.00
motor 0.00 0 0.00 1066 303 1074 319 0.00 0.00 0.00 0.00 0.00 0.00 0.00
motor 0.00 0 0.00 1066 496 1074 513 0.00 0.00 0.00 0.00 0.00 0.00 0.00
car 0.00 0 0.00 1024 373 1045 412 0.00 0.00 0.00 0.00 0.00 0.00 0.00
pedestrian 0.00 0 0.00 558 170 567 182 0.00 0.00 0.00 0.00 0.00 0.00 0.00
pedestrian 0.00 0 0.00 564 158 572 167 0.00 0.00 0.00 0.00 0.00 0.00 0.00
motor 0.00 0 0.00 580 12 596 24 0.00 0.00 0.00 0.00 0.00 0.00 0.00
motor 0.00 0 0.00 577 199 587 217 0.00 0.00 0.00 0.00 0.00 0.00 0.00
motor 0.00 0 0.00 567 214 576 229 0.00 0.00 0.00 0.00 0.00 0.00 0.00
motor 0.00 0 0.00 652 159 662 179 0.00 0.00 0.00 0.00 0.00 0.00 0.00
tricycle 0.00 0 0.00 578 149 593 180 0.00 0.00 0.00 0.00 0.00 0.00 0.00
awning-tricycle 0.00 0 0.00 583 115 593 147 0.00 0.00 0.00 0.00 0.00 0.00 0.00
awning-tricycle 0.00 0 0.00 583 84 597 110 0.00 0.00 0.00 0.00 0.00 0.00 0.00
bicycle 0.00 0 0.00 584 50 598 60 0.00 0.00 0.00 0.00 0.00 0.00 0.00
bicycle 0.00 0 0.00 586 39 598 47 0.00 0.00 0.00 0.00 0.00 0.00 0.00
pedestrian 0.00 0 0.00 579 122 584 132 0.00 0.00 0.00 0.00 0.00 0.00 0.00
car 0.00 0 0.00 571 329 591 372 0.00 0.00 0.00 0.00 0.00 0.00 0.00
truck 0.00 0 0.00 703 162 740 253 0.00 0.00 0.00 0.00 0.00 0.00 0.00
motor 0.00 0 0.00 780 715 790 738 0.00 0.00 0.00 0.00 0.00 0.00 0.00
car 0.00 0 0.00 612 833 651 851 0.00 0.00 0.00 0.00 0.00 0.00 0.00
car 0.00 0 0.00 529 835 564 854 0.00 0.00 0.00 0.00 0.00 0.00 0.00
car 0.00 0 0.00 616 872 657 893 0.00 0.00 0.00 0.00 0.00 0.00 0.00
car 0.00 0 0.00 533 876 575 898 0.00 0.00 0.00 0.00 0.00 0.00 0.00
car 0.00 0 0.00 614 928 657 952 0.00 0.00 0.00 0.00 0.00 0.00 0.00
car 0.00 0 0.00 525 989 581 1013 0.00 0.00 0.00 0.00 0.00 0.00 0.00
car 0.00 0 0.00 527 1033 579 1050 0.00 0.00 0.00 0.00 0.00 0.00 0.00
