pedestrian 0.00 0 0.00 479 922 497 959 0.00 0.00 0.00 0.00 0.00 0.00 0.00
pedestrian 0.00 0 0.00 1372 949 1384 985 0.00 0.00 0.00 0.00 0.00 0.00 0.00
pedestrian 0.00 0 0.00 1103 697 1108 708 0.00 0.00 0.00 0.00 0.00 0.00 0.00
people 0.00 0 0.00 1099 690 1105 701 0.00 0.00 0.00 0.00 0.00 0.00 0.00
pedestrian 0.00 0 0.00 1071 681 1076 692 0.00 0.00 0.00 0.00 0.00 0.00 0.00
people 0.00 0 0.00 1021 634 1024 641 0.00 0.00 0.00 0.00 0.00 0.00 0.00
bicycle 0.00 0 0.00 1020 636 1023 644 0.00 0.00 0.00 0.00 0.00 0.00 0.00
pedestrian 0.00 0 0.00 635 678 639 687 0.00 0.00 0.00 0.00 0.00 0.00 0.00
pedestrian 0.00 0 0.00 623 663 627 674 0.00 0.00 0.00 0.00 0.00 0.00 0.00
pedestrian 0.00 0 0.00 766 640 769 650 0.00 0.00 0.00 0.00 0.00 0.00 0.00
pedestrian 0.00 0 0.00 795 638 799 646 0.00 0.00 0.00 0.00 0.00 0.00 0.00
pedestrian 0.00 0 0.00 799 620 802 628 0.00 0.00 0.00 0.00 0.00 0.00 0.00
car 0.00 0 0.00 907 551 909 554 0.00 0.00 0.00 0.00 0.00 0.00 0.00
car 0.00 0 0.00 911 552 913 554 0.00 0.00 0.00 0.00 0.00 0.00 0.00
car 0.00 0 0.00 914 552 917 554 0.00 0.00 0.00 0.00 0.00 0.00 0.00
car 0.00 0 0.00 918 552 922 555 0.00 0.00 0.00 0.00 0.00 0.00 0.00
car 0.00 0 0.00 913 559 916 561 0.00 0.00 0.00 0.00 0.00 0.00 0.00
car 0.00 0 0.00 923 555 926 557 0.00 0.00 0.00 0.00 0.00 0.00 0.00
car 0.00 0 0.00 918 559 921 562 0.00 0.00 0.00 0.00 0.00 0.00 0.00
car 0.00 0 0.00 922 560 925 563 0.00 0.00 0.00 0.00 0.00 0.00 0.00
car 0.00 0 0.00 925 563 929 566 0.00 0.00 0.00 0.00 0.00 0.00 0.00
car 0.00 0 0.00 923 565 927 569 0.00 0.00 0.00 0.00 0.00 0.00 0.00
car 0.00 0 0.00 916 567 919 571 0.00 0.00 0.00 0.00 0.00 0.00 0.00
truck 0.00 0 0.00 913 561 917 568 0.00 0.00 0.00 0.00 0.00 0.00 0.00
car 0.00 0 0.00 908 572 912 576 0.00 0.00 0.00 0.00 0.00 0.00 0.00
car 0.00 0 0.00 917 572 922 576 0.00 0.00 0.00 0.00 0.00 0.00 0.00
car 0.00 0 0.00 926 573 930 576 0.00 0.00 0.00 0.00 0.00 0.00 0.00
car 0.00 0 0.00 925 575 928 579 0.00 0.00 0.00 0.00 0.00 0.00 0.00
car 0.00 0 0.00 927 578 932 582 0.00 0.00 0.00 0.00 0.00 0.00 0.00
car 0.00 0 0.00 922 588 927 594 0.00 0.00 0.00 0.00 0.00 0.00 0.00
car 0.00 0 0.00 936 592 942 597 0.00 0.00 0.00 0.00 0.00 0.00 0.00
car 0.00 0 0.00 926 598 933 603 0.00 0.00 0.00 0.00 0.00 0.00 0.00
car 0.00 0 0.00 941 604 948 610 0.00 0.00 0.00 0.00 0.00 0.00 0.00
car 0.00 0 0.00 949 612 956 619 0.00 0.00 0.00 0.00 0.00 0.00 0.00
car 0.00 0 0.00 1197 914 1252 963 0.00 0.00 0.00 0.00 0.00 0.00 0.00
truck 0.00 0 0.00 874 554 878 560 0.00 0.00 0.00 0.00 0.00 0.00 0.00
car 0.00 0 0.00 874 568 877 571 0.00 0.00 0.00 0.00 0.00 0.00 0.00
car 0.00 0 0.00 887 590 892 595 0.00 0.00 0.00 0.00 0.00 0.00 0.00
car 0.00 0 0.00 848 576 852 580 0.00 0.00 0.00 0.00 0.00 0.00 0.00
car 0.00 0 0.00 852 573 856 576 0.00 0.00 0.00 0.00 0.00 0.00 0.00
van 0.00 0 0.00 835 578 842 582 0.00 0.00 0.00 0.00 0.00 0.00 0.00
car 0.00 0 0.00 833 580 841 584 0.00 0.00 0.00 0.00 0.00 0.00 0.00
car 0.00 0 0.00 850 595 856 600 0.00 0.00 0.00 0.00 0.00 0.00 0.00
car 0.00 0 0.00 858 600 864 606 0.00 0.00 0.00 0.00 0.00 0.00 0.00
car 0.00 0 0.00 885 612 891 620 0.00 0.00 0.00 0.00 0.00 0.00 0.00
car 0.00 0 0.00 850 613 859 621 0.00 0.00 0.00 0.00 0.00 0.00 0.00
van 0.00 0 0.00 847 622 855 632 0.00 0.00 0.00 0.00 0.00 0.00 0.00
car 0.00 0 0.00 842 634 851 644 0.00 0.00 0.00 0.00 0.00 0.00 0.00
car 0.00 0 0.00 830 628 840 637 0.00 0.00 0.00 0.00 0.00 0.00 0.00
car 0.00 0 0.00 815 611 824 619 0.00 0.00 0.00 0.00 0.00 0.00 0.00
awning-tricycle 0.00 0 0.00 817 635 825 646 0.00 0.00 0.00 0.00 0.00 0.00 0.00
car 0.00 0 0.00 825 647 836 658 0.00 0.00 0.00 0.00 0.00 0.00 0.00
car 0.00 0 0.00 835 658 847 670 0.00 0.00 0.00 0.00 0.00 0.00 0.00
car 0.00 0 0.00 800 665 814 679 0.00 0.00 0.00 0.00 0.00 0.00 0.00
car 0.00 0 0.00 797 681 813 694 0.00 0.00 0.00 0.00 0.00 0.00 0.00
car 0.00 0 0.00 844 679 859 695 0.00 0.00 0.00 0.00 0.00 0.00 0.00
car 0.00 0 0.00 798 610 805 617 0.00 0.00 0.00 0.00 0.00 0.00 0.00
car 0.00 0 0.00 776 624 789 631 0.00 0.00 0.00 0.00 0.00 0.00 0.00
car 0.00 0 0.00 769 630 790 638 0.00 0.00 0.00 0.00 0.00 0.00 0.00
car 0.00 0 0.00 788 643 798 653 0.00 0.00 0.00 0.00 0.00 0.00 0.00
car 0.00 0 0.00 776 645 788 653 0.00 0.00 0.00 0.00 0.00 0.00 0.00
car 0.00 0 0.00 773 648 786 656 0.00 0.00 0.00 0.00 0.00 0.00 0.00
car 0.00 0 0.00 768 652 783 660 0.00 0.00 0.00 0.00 0.00 0.00 0.00
car 0.00 0 0.00 766 656 779 665 0.00 0.00 0.00 0.00 0.00 0.00 0.00
car 0.00 0 0.00 762 662 777 673 0.00 0.00 0.00 0.00 0.00 0.00 0.00
car 0.00 0 0.00 757 668 771 680 0.00 0.00 0.00 0.00 0.00 0.00 0.00
car 0.00 0 0.00 730 652 747 664 0.00 0.00 0.00 0.00 0.00 0.00 0.00
car 0.00 0 0.00 734 662 760 670 0.00 0.00 0.00 0.00 0.00 0.00 0.00
car 0.00 0 0.00 729 666 755 675 0.00 0.00 0.00 0.00 0.00 0.00 0.00
car 0.00 0 0.00 719 670 743 680 0.00 0.00 0.00 0.00 0.00 0.00 0.00
car 0.00 0 0.00 699 657 709 667 0.00 0.00 0.00 0.00 0.00 0.00 0.00
car 0.00 0 0.00 658 663 681 676 0.00 0.00 0.00 0.00 0.00 0.00 0.00
car 0.00 0 0.00 609 678 642 693 0.00 0.00 0.00 0.00 0.00 0.00 0.00
car 0.00 0 0.00 625 668 636 681 0.00 0.00 0.00 0.00 0.00 0.00 0.00
car 0.00 0 0.00 572 679 599 691 0.00 0.00 0.00 0.00 0.00 0.00 0.00
car 0.00 0 0.00 661 682 692 695 0.00 0.00 0.00 0.00 0.00 0.00 0.00
car 0.00 0 0.00 776 711 798 734 0.00 0.00 0.00 0.00 0.00 0.00 0.00
car 0.00 0 0.00 861 709 878 729 0.00 0.00 0.00 0.00 0.00 0.00 0.00
car 0.00 0 0.00 838 727 857 745 0.00 0.00 0.00 0.00 0.00 0.00 0.00
car 0.00 0 0.00 739 758 765 780 0.00 0.00 0.00 0.00 0.00 0.00 0.00
car 0.00 0 0.00 719 809 756 842 0.00 0.00 0.00 0.00 0.00 0.00 0.00
car 0.00 0 0.00 717 844 752 882 0.00 0.00 0.00 0.00 0.00 0.00 0.00
car 0.00 0 0.00 686 987 738 1050 0.00 0.00 0.00 0.00 0.00 0.00 0.00
car 0.00 0 0.00 193 732 231 749 0.00 0.00 0.00 0.00 0.00 0.00 0.00
car 0.00 0 0.00 466 663 491 675 0.00 0.00 0.00 0.00 0.00 0.00 0.00
car 0.00 0 0.00 438 656 464 672 0.00 0.00 0.00 0.00 0.00 0.00 0.00
car 0.00 0 0.00 426 657 449 672 0.00 0.00 0.00 0.00 0.00 0.00 0.00
car 0.00 0 0.00 396 660 415 669 0.00 0.00 0.00 0.00 0.00 0.00 0.00
car 0.00 0 0.00 375 669 406 684 0.00 0.00 0.00 0.00 0.00 0.00 0.00
van 0.00 0 0.00 364 693 391 710 0.00 0.00 0.00 0.00 0.00 0.00 0.00
car 0.00 0 0.00 372 658 393 669 0.00 0.00 0.00 0.00 0.00 0.00 0.00
car 0.00 0 0.00 356 655 378 669 0.00 0.00 0.00 0.00 0.00 0.00 0.00
car 0.00 0 0.00 319 656 341 667 0.00 0.00 0.00 0.00 0.00 0.00 0.00
car 0.00 0 0.00 322 669 351 680 0.00 0.00 0.00 0.00 0.00 0.00 0.00
car 0.00 0 0.00 264 664 294 676 0.00 0.00 0.00 0.00 0.00 0.00 0.00
car 0.00 0 0.00 302 653 323 667 0.00 0.00 0.00 0.00 0.00 0.00 0.00
car 0.00 0 0.00 174 649 197 659 0.00 0.00 0.00 0.00 0.00 0.00 0.00
car 0.00 0 0.00 146 648 173 661 0.00 0.00 0.00 0.00 0.00 0.00 0.00
car 0.00 0 0.00 128 647 152 658 0.00 0.00 0.00 0.00 0.00 0.00 0.00
car 0.00 0 0.00 110 647 132 657 0.00 0.00 0.00 0.00 0.00 0.00 0.00
car 0.00 0 0.00 0 678 22 694 0.00 0.00 0.00 0.00 0.00 0.00 0.00
car 0.00 0 0.00 68 660 99 673 0.00 0.00 0.00 0.00 0.00 0.00 0.00
car 0.00 0 0.00 64 649 85 663 0.00 0.00 0.00 0.00 0.00 0.00 0.00
