car 0.00 0 0.00 884 831 1013 1050 0.00 0.00 0.00 0.00 0.00 0.00 0.00
car 0.00 0 0.00 1013 899 1134 1050 0.00 0.00 0.00 0.00 0.00 0.00 0.00
car 0.00 0 0.00 636 817 758 1050 0.00 0.00 0.00 0.00 0.00 0.00 0.00
car 0.00 0 0.00 482 803 627 1045 0.00 0.00 0.00 0.00 0.00 0.00 0.00
van 0.00 0 0.00 314 755 512 994 0.00 0.00 0.00 0.00 0.00 0.00 0.00
car 0.00 0 0.00 46 684 253 897 0.00 0.00 0.00 0.00 0.00 0.00 0.00
car 0.00 0 0.00 681 575 773 754 0.00 0.00 0.00 0.00 0.00 0.00 0.00
car 0.00 0 0.00 893 484 977 636 0.00 0.00 0.00 0.00 0.00 0.00 0.00
car 0.00 0 0.00 820 491 877 629 0.00 0.00 0.00 0.00 0.00 0.00 0.00
car 0.00 0 0.00 731 431 797 583 0.00 0.00 0.00 0.00 0.00 0.00 0.00
car 0.00 0 0.00 531 430 678 527 0.00 0.00 0.00 0.00 0.00 0.00 0.00
car 0.00 0 0.00 1090 551 1278 636 0.00 0.00 0.00 0.00 0.00 0.00 0.00
car 0.00 0 0.00 1070 592 1278 712 0.00 0.00 0.00 0.00 0.00 0.00 0.00
car 0.00 0 0.00 568 361 713 432 0.00 0.00 0.00 0.00 0.00 0.00 0.00
car 0.00 0 0.00 612 300 742 365 0.00 0.00 0.00 0.00 0.00 0.00 0.00
van 0.00 0 0.00 824 358 898 479 0.00 0.00 0.00 0.00 0.00 0.00 0.00
car 0.00 0 0.00 473 199 559 273 0.00 0.00 0.00 0.00 0.00 0.00 0.00
pedestrian 0.00 0 0.00 485 153 504 192 0.00 0.00 0.00 0.00 0.00 0.00 0.00
pedestrian 0.00 0 0.00 299 384 324 433 0.00 0.00 0.00 0.00 0.00 0.00 0.00
car 0.00 0 0.00 0 430 132 552 0.00 0.00 0.00 0.00 0.00 0.00 0.00
people 0.00 0 0.00 68 468 105 494 0.00 0.00 0.00 0.00 0.00 0.00 0.00
car 0.00 0 0.00 644 233 748 293 0.00 0.00 0.00 0.00 0.00 0.00 0.00
car 0.00 0 0.00 670 166 767 227 0.00 0.00 0.00 0.00 0.00 0.00 0.00
van 0.00 0 0.00 774 59 863 113 0.00 0.00 0.00 0.00 0.00 0.00 0.00
van 0.00 0 0.00 706 130 803 190 0.00 0.00 0.00 0.00 0.00 0.00 0.00
van 0.00 0 0.00 923 131 966 198 0.00 0.00 0.00 0.00 0.00 0.00 0.00
van 0.00 0 0.00 776 201 837 287 0.00 0.00 0.00 0.00 0.00 0.00 0.00
car 0.00 0 0.00 889 242 939 340 0.00 0.00 0.00 0.00 0.00 0.00 0.00
car 0.00 0 0.00 919 194 961 261 0.00 0.00 0.00 0.00 0.00 0.00 0.00
car 0.00 0 0.00 934 92 974 142 0.00 0.00 0.00 0.00 0.00 0.00 0.00
van 0.00 0 0.00 942 55 978 110 0.00 0.00 0.00 0.00 0.00 0.00 0.00
car 0.00 0 0.00 940 26 980 69 0.00 0.00 0.00 0.00 0.00 0.00 0.00
van 0.00 0 0.00 982 50 1028 110 0.00 0.00 0.00 0.00 0.00 0.00 0.00
car 0.00 0 0.00 778 29 872 61 0.00 0.00 0.00 0.00 0.00 0.00 0.00
car 0.00 0 0.00 808 0 876 20 0.00 0.00 0.00 0.00 0.00 0.00 0.00
car 0.00 0 0.00 951 2 980 30 0.00 0.00 0.00 0.00 0.00 0.00 0.00
car 0.00 0 0.00 985 0 1028 37 0.00 0.00 0.00 0.00 0.00 0.00 0.00
pedestrian 0.00 0 0.00 1026 193 1047 235 0.00 0.00 0.00 0.00 0.00 0.00 0.00
car 0.00 0 0.00 1113 399 1204 532 0.00 0.00 0.00 0.00 0.00 0.00 0.00
car 0.00 0 0.00 1053 280 1189 337 0.00 0.00 0.00 0.00 0.00 0.00 0.00
car 0.00 0 0.00 1050 252 1197 301 0.00 0.00 0.00 0.00 0.00 0.00 0.00
car 0.00 0 0.00 1056 220 1178 262 0.00 0.00 0.00 0.00 0.00 0.00 0.00
car 0.00 0 0.00 1088 197 1203 241 0.00 0.00 0.00 0.00 0.00 0.00 0.00
car 0.00 0 0.00 1068 166 1184 210 0.00 0.00 0.00 0.00 0.00 0.00 0.00
car 0.00 0 0.00 1062 132 1157 174 0.00 0.00 0.00 0.00 0.00 0.00 0.00
car 0.00 0 0.00 1043 113 1148 148 0.00 0.00 0.00 0.00 0.00 0.00 0.00
car 0.00 0 0.00 1041 88 1143 131 0.00 0.00 0.00 0.00 0.00 0.00 0.00
car 0.00 0 0.00 1052 63 1144 97 0.00 0.00 0.00 0.00 0.00 0.00 0.00
car 0.00 0 0.00 1051 40 1140 74 0.00 0.00 0.00 0.00 0.00 0.00 0.00
car 0.00 0 0.00 1050 22 1136 49 0.00 0.00 0.00 0.00 0.00 0.00 0.00
car 0.00 0 0.00 1072 12 1144 35 0.00 0.00 0.00 0.00 0.00 0.00 0.00
car 0.00 0 0.00 1053 0 1139 25 0.00 0.00 0.00 0.00 0.00 0.00 0.00
pedestrian 0.00 0 0.00 430 972 482 1023 0.00 0.00 0.00 0.00 0.00 0.00 0.00
bicycle 0.00 0 0.00 1172 731 1246 773 0.00 0.00 0.00 0.00 0.00 0.00 0.00
bicycle 0.00 0 0.00 1192 983 1289 1030 0.00 0.00 0.00 0.00 0.00 0.00 0.00
motor 0.00 0 0.00 1187 917 1271 970 0.00 0.00 0.00 0.00 0.00 0.00 0.00
motor 0.00 0 0.00 1191 869 1279 924 0.00 0.00 0.00 0.00 0.00 0.00 0.00
motor 0.00 0 0.00 1190 841 1284 883 0.00 0.00 0.00 0.00 0.00 0.00 0.00
motor 0.00 0 0.00 1192 815 1289 865 0.00 0.00 0.00 0.00 0.00 0.00 0.00
motor 0.00 0 0.00 1182 780 1259 820 0.00 0.00 0.00 0.00 0.00 0.00 0.00
car 0.00 0 0.00 170 75 252 125 0.00 0.00 0.00 0.00 0.00 0.00 0.00
car 0.00 0 0.00 77 123 167 195 0.00 0.00 0.00 0.00 0.00 0.00 0.00
car 0.00 0 0.00 43 102 139 156 0.00 0.00 0.00 0.00 0.00 0.00 0.00
car 0.00 0 0.00 42 70 128 125 0.00 0.00 0.00 0.00 0.00 0.00 0.00
car 0.00 0 0.00 143 57 214 110 0.00 0.00 0.00 0.00 0.00 0.00 0.00
car 0.00 0 0.00 146 24 224 75 0.00 0.00 0.00 0.00 0.00 0.00 0.00
car 0.00 0 0.00 226 16 297 65 0.00 0.00 0.00 0.00 0.00 0.00 0.00
car 0.00 0 0.00 0 65 73 119 0.00 0.00 0.00 0.00 0.00 0.00 0.00
car 0.00 0 0.00 295 6 366 60 0.00 0.00 0.00 0.00 0.00 0.00 0.00
