bus 0.00 0 0.00 234 440 349 646 0.00 0.00 0.00 0.00 0.00 0.00 0.00
bus 0.00 0 0.00 300 149 419 376 0.00 0.00 0.00 0.00 0.00 0.00 0.00
bus 0.00 0 0.00 1244 176 1359 364 0.00 0.00 0.00 0.00 0.00 0.00 0.00
bus 0.00 0 0.00 969 624 1119 733 0.00 0.00 0.00 0.00 0.00 0.00 0.00
car 0.00 0 0.00 6 248 93 301 0.00 0.00 0.00 0.00 0.00 0.00 0.00
car 0.00 0 0.00 1175 336 1235 415 0.00 0.00 0.00 0.00 0.00 0.00 0.00
pedestrian 0.00 0 0.00 312 202 329 231 0.00 0.00 0.00 0.00 0.00 0.00 0.00
pedestrian 0.00 0 0.00 616 136 630 164 0.00 0.00 0.00 0.00 0.00 0.00 0.00
pedestrian 0.00 0 0.00 114 137 128 156 0.00 0.00 0.00 0.00 0.00 0.00 0.00
pedestrian 0.00 0 0.00 280 145 295 178 0.00 0.00 0.00 0.00 0.00 0.00 0.00
pedestrian 0.00 0 0.00 87 154 104 177 0.00 0.00 0.00 0.00 0.00 0.00 0.00
pedestrian 0.00 0 0.00 69 154 91 178 0.00 0.00 0.00 0.00 0.00 0.00 0.00
pedestrian 0.00 0 0.00 74 164 86 181 0.00 0.00 0.00 0.00 0.00 0.00 0.00
pedestrian 0.00 0 0.00 221 180 232 201 0.00 0.00 0.00 0.00 0.00 0.00 0.00
pedestrian 0.00 0 0.00 110 168 126 193 0.00 0.00 0.00 0.00 0.00 0.00 0.00
motor 0.00 0 0.00 194 741 286 766 0.00 0.00 0.00 0.00 0.00 0.00 0.00
motor 0.00 0 0.00 200 718 281 749 0.00 0.00 0.00 0.00 0.00 0.00 0.00
motor 0.00 0 0.00 213 689 280 723 0.00 0.00 0.00 0.00 0.00 0.00 0.00
bus 0.00 0 0.00 379 1 450 104 0.00 0.00 0.00 0.00 0.00 0.00 0.00
pedestrian 0.00 0 0.00 336 0 350 21 0.00 0.00 0.00 0.00 0.00 0.00 0.00
pedestrian 0.00 0 0.00 737 372 748 391 0.00 0.00 0.00 0.00 0.00 0.00 0.00
pedestrian 0.00 0 0.00 691 428 701 450 0.00 0.00 0.00 0.00 0.00 0.00 0.00
pedestrian 0.00 0 0.00 569 455 585 477 0.00 0.00 0.00 0.00 0.00 0.00 0.00
pedestrian 0.00 0 0.00 683 423 693 442 0.00 0.00 0.00 0.00 0.00 0.00 0.00
pedestrian 0.00 0 0.00 712 425 725 447 0.00 0.00 0.00 0.00 0.00 0.00 0.00
pedestrian 0.00 0 0.00 740 428 749 450 0.00 0.00 0.00 0.00 0.00 0.00 0.00
pedestrian 0.00 0 0.00 801 435 810 452 0.00 0.00 0.00 0.00 0.00 0.00 0.00
pedestrian 0.00 0 0.00 944 381 956 403 0.00 0.00 0.00 0.00 0.00 0.00 0.00
pedestrian 0.00 0 0.00 951 388 964 412 0.00 0.00 0.00 0.00 0.00 0.00 0.00
pedestrian 0.00 0 0.00 976 325 990 348 0.00 0.00 0.00 0.00 0.00 0.00 0.00
pedestrian 0.00 0 0.00 998 292 1014 314 0.00 0.00 0.00 0.00 0.00 0.00 0.00
pedestrian 0.00 0 0.00 1014 316 1027 338 0.00 0.00 0.00 0.00 0.00 0.00 0.00
pedestrian 0.00 0 0.00 1008 310 1018 339 0.00 0.00 0.00 0.00 0.00 0.00 0.00
pedestrian 0.00 0 0.00 1094 167 1108 186 0.00 0.00 0.00 0.00 0.00 0.00 0.00
pedestrian 0.00 0 0.00 800 367 816 385 0.00 0.00 0.00 0.00 0.00 0.00 0.00
pedestrian 0.00 0 0.00 708 399 721 423 0.00 0.00 0.00 0.00 0.00 0.00 0.00
pedestrian 0.00 0 0.00 708 400 718 418 0.00 0.00 0.00 0.00 0.00 0.00 0.00
pedestrian 0.00 0 0.00 733 419 747 436 0.00 0.00 0.00 0.00 0.00 0.00 0.00
pedestrian 0.00 0 0.00 1012 299 1024 321 0.00 0.00 0.00 0.00 0.00 0.00 0.00
pedestrian 0.00 0 0.00 1047 224 1058 245 0.00 0.00 0.00 0.00 0.00 0.00 0.00
pedestrian 0.00 0 0.00 1044 240 1052 249 0.00 0.00 0.00 0.00 0.00 0.00 0.00
motor 0.00 0 0.00 762 345 801 372 0.00 0.00 0.00 0.00 0.00 0.00 0.00
motor 0.00 0 0.00 775 321 814 347 0.00 0.00 0.00 0.00 0.00 0.00 0.00
motor 0.00 0 0.00 840 271 881 294 0.00 0.00 0.00 0.00 0.00 0.00 0.00
motor 0.00 0 0.00 892 288 928 312 0.00 0.00 0.00 0.00 0.00 0.00 0.00
van 0.00 0 0.00 1306 113 1347 185 0.00 0.00 0.00 0.00 0.00 0.00 0.00
car 0.00 0 0.00 1333 54 1368 100 0.00 0.00 0.00 0.00 0.00 0.00 0.00
car 0.00 0 0.00 1341 0 1380 37 0.00 0.00 0.00 0.00 0.00 0.00 0.00
van 0.00 0 0.00 1285 0 1334 46 0.00 0.00 0.00 0.00 0.00 0.00 0.00
pedestrian 0.00 0 0.00 648 681 664 696 0.00 0.00 0.00 0.00 0.00 0.00 0.00
pedestrian 0.00 0 0.00 634 674 647 686 0.00 0.00 0.00 0.00 0.00 0.00 0.00
