car 0.00 0 0.00 16 19 72 45 0.00 0.00 0.00 0.00 0.00 0.00 0.00
car 0.00 0 0.00 215 11 277 32 0.00 0.00 0.00 0.00 0.00 0.00 0.00
car 0.00 0 0.00 160 42 220 64 0.00 0.00 0.00 0.00 0.00 0.00 0.00
car 0.00 0 0.00 276 85 336 111 0.00 0.00 0.00 0.00 0.00 0.00 0.00
car 0.00 0 0.00 315 62 372 87 0.00 0.00 0.00 0.00 0.00 0.00 0.00
car 0.00 0 0.00 454 44 508 68 0.00 0.00 0.00 0.00 0.00 0.00 0.00
car 0.00 0 0.00 506 49 566 73 0.00 0.00 0.00 0.00 0.00 0.00 0.00
van 0.00 0 0.00 726 86 759 125 0.00 0.00 0.00 0.00 0.00 0.00 0.00
van 0.00 0 0.00 818 83 846 121 0.00 0.00 0.00 0.00 0.00 0.00 0.00
van 0.00 0 0.00 847 76 879 113 0.00 0.00 0.00 0.00 0.00 0.00 0.00
car 0.00 0 0.00 889 73 916 111 0.00 0.00 0.00 0.00 0.00 0.00 0.00
car 0.00 0 0.00 990 0 1037 16 0.00 0.00 0.00 0.00 0.00 0.00 0.00
bicycle 0.00 0 0.00 1058 0 1063 11 0.00 0.00 0.00 0.00 0.00 0.00 0.00
pedestrian 0.00 0 0.00 1059 0 1062 6 0.00 0.00 0.00 0.00 0.00 0.00 0.00
pedestrian 0.00 0 0.00 1140 134 1147 149 0.00 0.00 0.00 0.00 0.00 0.00 0.00
car 0.00 0 0.00 1308 73 1367 97 0.00 0.00 0.00 0.00 0.00 0.00 0.00
car 0.00 0 0.00 1429 60 1486 85 0.00 0.00 0.00 0.00 0.00 0.00 0.00
car 0.00 0 0.00 1481 45 1534 73 0.00 0.00 0.00 0.00 0.00 0.00 0.00
van 0.00 0 0.00 1740 139 1781 173 0.00 0.00 0.00 0.00 0.00 0.00 0.00
car 0.00 0 0.00 1784 633 1841 692 0.00 0.00 0.00 0.00 0.00 0.00 0.00
car 0.00 0 0.00 1561 552 1663 595 0.00 0.00 0.00 0.00 0.00 0.00 0.00
car 0.00 0 0.00 1419 518 1466 587 0.00 0.00 0.00 0.00 0.00 0.00 0.00
car 0.00 0 0.00 1213 521 1303 563 0.00 0.00 0.00 0.00 0.00 0.00 0.00
car 0.00 0 0.00 1073 521 1173 564 0.00 0.00 0.00 0.00 0.00 0.00 0.00
car 0.00 0 0.00 1094 670 1198 715 0.00 0.00 0.00 0.00 0.00 0.00 0.00
car 0.00 0 0.00 1086 754 1204 807 0.00 0.00 0.00 0.00 0.00 0.00 0.00
car 0.00 0 0.00 1086 808 1198 863 0.00 0.00 0.00 0.00 0.00 0.00 0.00
car 0.00 0 0.00 726 828 837 882 0.00 0.00 0.00 0.00 0.00 0.00 0.00
car 0.00 0 0.00 744 644 848 691 0.00 0.00 0.00 0.00 0.00 0.00 0.00
car 0.00 0 0.00 751 563 847 610 0.00 0.00 0.00 0.00 0.00 0.00 0.00
truck 0.00 0 0.00 600 397 771 465 0.00 0.00 0.00 0.00 0.00 0.00 0.00
car 0.00 0 0.00 836 399 874 461 0.00 0.00 0.00 0.00 0.00 0.00 0.00
car 0.00 0 0.00 880 398 918 451 0.00 0.00 0.00 0.00 0.00 0.00 0.00
van 0.00 0 0.00 924 381 954 439 0.00 0.00 0.00 0.00 0.00 0.00 0.00
truck 0.00 0 0.00 1021 371 1064 452 0.00 0.00 0.00 0.00 0.00 0.00 0.00
car 0.00 0 0.00 1109 390 1146 453 0.00 0.00 0.00 0.00 0.00 0.00 0.00
truck 0.00 0 0.00 1226 381 1341 435 0.00 0.00 0.00 0.00 0.00 0.00 0.00
car 0.00 0 0.00 344 428 391 493 0.00 0.00 0.00 0.00 0.00 0.00 0.00
car 0.00 0 0.00 240 432 295 500 0.00 0.00 0.00 0.00 0.00 0.00 0.00
car 0.00 0 0.00 0 693 99 744 0.00 0.00 0.00 0.00 0.00 0.00 0.00
