pedestrian 0.00 0 0.00 239 770 331 863 0.00 0.00 0.00 0.00 0.00 0.00 0.00
pedestrian 0.00 0 0.00 1202 924 1311 1011 0.00 0.00 0.00 0.00 0.00 0.00 0.00
bicycle 0.00 0 0.00 1203 897 1359 969 0.00 0.00 0.00 0.00 0.00 0.00 0.00
bicycle 0.00 0 0.00 293 361 386 427 0.00 0.00 0.00 0.00 0.00 0.00 0.00
bicycle 0.00 0 0.00 274 164 316 219 0.00 0.00 0.00 0.00 0.00 0.00 0.00
bicycle 0.00 0 0.00 953 109 1020 155 0.00 0.00 0.00 0.00 0.00 0.00 0.00
bicycle 0.00 0 0.00 1108 121 1170 161 0.00 0.00 0.00 0.00 0.00 0.00 0.00
bicycle 0.00 0 0.00 719 0 767 35 0.00 0.00 0.00 0.00 0.00 0.00 0.00
bicycle 0.00 0 0.00 564 27 619 65 0.00 0.00 0.00 0.00 0.00 0.00 0.00
pedestrian 0.00 0 0.00 631 832 683 905 0.00 0.00 0.00 0.00 0.00 0.00 0.00
pedestrian 0.00 0 0.00 640 794 679 865 0.00 0.00 0.00 0.00 0.00 0.00 0.00
pedestrian 0.00 0 0.00 652 0 672 53 0.00 0.00 0.00 0.00 0.00 0.00 0.00
pedestrian 0.00 0 0.00 843 2 868 62 0.00 0.00 0.00 0.00 0.00 0.00 0.00
pedestrian 0.00 0 0.00 921 3 949 59 0.00 0.00 0.00 0.00 0.00 0.00 0.00
pedestrian 0.00 0 0.00 951 16 976 79 0.00 0.00 0.00 0.00 0.00 0.00 0.00
pedestrian 0.00 0 0.00 981 46 1011 104 0.00 0.00 0.00 0.00 0.00 0.00 0.00
pedestrian 0.00 0 0.00 972 53 994 94 0.00 0.00 0.00 0.00 0.00 0.00 0.00
pedestrian 0.00 0 0.00 1067 56 1096 113 0.00 0.00 0.00 0.00 0.00 0.00 0.00
pedestrian 0.00 0 0.00 1087 0 1115 37 0.00 0.00 0.00 0.00 0.00 0.00 0.00
pedestrian 0.00 0 0.00 1174 93 1209 157 0.00 0.00 0.00 0.00 0.00 0.00 0.00
pedestrian 0.00 0 0.00 1187 82 1218 139 0.00 0.00 0.00 0.00 0.00 0.00 0.00
pedestrian 0.00 0 0.00 1122 72 1161 129 0.00 0.00 0.00 0.00 0.00 0.00 0.00
pedestrian 0.00 0 0.00 1113 66 1155 124 0.00 0.00 0.00 0.00 0.00 0.00 0.00
pedestrian 0.00 0 0.00 1342 0 1377 48 0.00 0.00 0.00 0.00 0.00 0.00 0.00
