pedestrian 0.00 0 0.00 1066 609 1075 632 0.00 0.00 0.00 0.00 0.00 0.00 0.00
pedestrian 0.00 0 0.00 1074 142 1078 158 0.00 0.00 0.00 0.00 0.00 0.00 0.00
bicycle 0.00 0 0.00 1011 97 1014 104 0.00 0.00 0.00 0.00 0.00 0.00 0.00
pedestrian 0.00 0 0.00 907 149 912 164 0.00 0.00 0.00 0.00 0.00 0.00 0.00
pedestrian 0.00 0 0.00 902 150 907 163 0.00 0.00 0.00 0.00 0.00 0.00 0.00
pedestrian 0.00 0 0.00 688 586 698 608 0.00 0.00 0.00 0.00 0.00 0.00 0.00
pedestrian 0.00 0 0.00 719 794 729 817 0.00 0.00 0.00 0.00 0.00 0.00 0.00
bicycle 0.00 0 0.00 750 686 765 705 0.00 0.00 0.00 0.00 0.00 0.00 0.00
bicycle 0.00 0 0.00 765 841 790 856 0.00 0.00 0.00 0.00 0.00 0.00 0.00
pedestrian 0.00 0 0.00 689 814 697 834 0.00 0.00 0.00 0.00 0.00 0.00 0.00
pedestrian 0.00 0 0.00 845 300 851 317 0.00 0.00 0.00 0.00 0.00 0.00 0.00
pedestrian 0.00 0 0.00 839 297 846 315 0.00 0.00 0.00 0.00 0.00 0.00 0.00
bicycle 0.00 0 0.00 724 924 745 941 0.00 0.00 0.00 0.00 0.00 0.00 0.00
bicycle 0.00 0 0.00 726 1012 739 1043 0.00 0.00 0.00 0.00 0.00 0.00 0.00
bicycle 0.00 0 0.00 825 1106 838 1145 0.00 0.00 0.00 0.00 0.00 0.00 0.00
pedestrian 0.00 0 0.00 655 997 666 1022 0.00 0.00 0.00 0.00 0.00 0.00 0.00
bicycle 0.00 0 0.00 695 1206 720 1238 0.00 0.00 0.00 0.00 0.00 0.00 0.00
bicycle 0.00 0 0.00 718 1325 764 1350 0.00 0.00 0.00 0.00 0.00 0.00 0.00
bicycle 0.00 0 0.00 651 1418 683 1450 0.00 0.00 0.00 0.00 0.00 0.00 0.00
pedestrian 0.00 0 0.00 668 1435 694 1461 0.00 0.00 0.00 0.00 0.00 0.00 0.00
pedestrian 0.00 0 0.00 763 1409 777 1437 0.00 0.00 0.00 0.00 0.00 0.00 0.00
