van 0.00 0 0.00 862 657 913 772 0.00 0.00 0.00 0.00 0.00 0.00 0.00
car 0.00 0 0.00 774 699 820 787 0.00 0.00 0.00 0.00 0.00 0.00 0.00
bus 0.00 0 0.00 1211 258 1288 405 0.00 0.00 0.00 0.00 0.00 0.00 0.00
car 0.00 0 0.00 805 303 847 374 0.00 0.00 0.00 0.00 0.00 0.00 0.00
car 0.00 0 0.00 699 262 732 322 0.00 0.00 0.00 0.00 0.00 0.00 0.00
truck 0.00 0 0.00 535 299 590 388 0.00 0.00 0.00 0.00 0.00 0.00 0.00
bus 0.00 0 0.00 511 108 559 181 0.00 0.00 0.00 0.00 0.00 0.00 0.00
bus 0.00 0 0.00 744 155 776 215 0.00 0.00 0.00 0.00 0.00 0.00 0.00
car 0.00 0 0.00 694 79 722 125 0.00 0.00 0.00 0.00 0.00 0.00 0.00
car 0.00 0 0.00 592 32 619 75 0.00 0.00 0.00 0.00 0.00 0.00 0.00
truck 0.00 0 0.00 539 0 573 53 0.00 0.00 0.00 0.00 0.00 0.00 0.00
