car 0.00 0 0.00 322 558 369 580 0.00 0.00 0.00 0.00 0.00 0.00 0.00
car 0.00 0 0.00 217 517 248 540 0.00 0.00 0.00 0.00 0.00 0.00 0.00
car 0.00 0 0.00 269 503 311 526 0.00 0.00 0.00 0.00 0.00 0.00 0.00
car 0.00 0 0.00 313 480 342 505 0.00 0.00 0.00 0.00 0.00 0.00 0.00
car 0.00 0 0.00 70 565 126 591 0.00 0.00 0.00 0.00 0.00 0.00 0.00
van 0.00 0 0.00 15 539 56 560 0.00 0.00 0.00 0.00 0.00 0.00 0.00
car 0.00 0 0.00 151 658 200 700 0.00 0.00 0.00 0.00 0.00 0.00 0.00
car 0.00 0 0.00 618 464 638 493 0.00 0.00 0.00 0.00 0.00 0.00 0.00
bicycle 0.00 0 0.00 574 950 591 990 0.00 0.00 0.00 0.00 0.00 0.00 0.00
truck 0.00 0 0.00 679 209 688 225 0.00 0.00 0.00 0.00 0.00 0.00 0.00
car 0.00 0 0.00 671 176 677 185 0.00 0.00 0.00 0.00 0.00 0.00 0.00
bus 0.00 0 0.00 687 173 695 187 0.00 0.00 0.00 0.00 0.00 0.00 0.00
car 0.00 0 0.00 699 207 704 215 0.00 0.00 0.00 0.00 0.00 0.00 0.00
car 0.00 0 0.00 720 226 738 238 0.00 0.00 0.00 0.00 0.00 0.00 0.00
car 0.00 0 0.00 702 223 715 239 0.00 0.00 0.00 0.00 0.00 0.00 0.00
car 0.00 0 0.00 548 230 559 240 0.00 0.00 0.00 0.00 0.00 0.00 0.00
car 0.00 0 0.00 560 230 570 241 0.00 0.00 0.00 0.00 0.00 0.00 0.00
car 0.00 0 0.00 569 232 580 241 0.00 0.00 0.00 0.00 0.00 0.00 0.00
car 0.00 0 0.00 1105 338 1117 351 0.00 0.00 0.00 0.00 0.00 0.00 0.00
car 0.00 0 0.00 1081 314 1100 329 0.00 0.00 0.00 0.00 0.00 0.00 0.00
car 0.00 0 0.00 1070 306 1086 317 0.00 0.00 0.00 0.00 0.00 0.00 0.00
car 0.00 0 0.00 866 219 876 229 0.00 0.00 0.00 0.00 0.00 0.00 0.00
car 0.00 0 0.00 875 216 885 227 0.00 0.00 0.00 0.00 0.00 0.00 0.00
car 0.00 0 0.00 885 220 895 228 0.00 0.00 0.00 0.00 0.00 0.00 0.00
car 0.00 0 0.00 896 218 905 227 0.00 0.00 0.00 0.00 0.00 0.00 0.00
car 0.00 0 0.00 862 209 878 217 0.00 0.00 0.00 0.00 0.00 0.00 0.00
car 0.00 0 0.00 832 209 844 217 0.00 0.00 0.00 0.00 0.00 0.00 0.00
