car 0.00 0 0.00 798 40 837 62 0.00 0.00 0.00 0.00 0.00 0.00 0.00
car 0.00 0 0.00 930 61 956 87 0.00 0.00 0.00 0.00 0.00 0.00 0.00
pedestrian 0.00 0 0.00 920 61 923 80 0.00 0.00 0.00 0.00 0.00 0.00 0.00
car 0.00 0 0.00 745 182 771 219 0.00 0.00 0.00 0.00 0.00 0.00 0.00
car 0.00 0 0.00 928 249 955 284 0.00 0.00 0.00 0.00 0.00 0.00 0.00
car 0.00 0 0.00 816 75 868 98 0.00 0.00 0.00 0.00 0.00 0.00 0.00
car 0.00 0 0.00 853 252 884 293 0.00 0.00 0.00 0.00 0.00 0.00 0.00
car 0.00 0 0.00 781 248 812 289 0.00 0.00 0.00 0.00 0.00 0.00 0.00
car 0.00 0 0.00 746 243 775 283 0.00 0.00 0.00 0.00 0.00 0.00 0.00
truck 0.00 0 0.00 841 339 961 385 0.00 0.00 0.00 0.00 0.00 0.00 0.00
car 0.00 0 0.00 923 416 957 470 0.00 0.00 0.00 0.00 0.00 0.00 0.00
car 0.00 0 0.00 793 417 829 473 0.00 0.00 0.00 0.00 0.00 0.00 0.00
car 0.00 0 0.00 941 619 1043 672 0.00 0.00 0.00 0.00 0.00 0.00 0.00
car 0.00 0 0.00 789 550 830 616 0.00 0.00 0.00 0.00 0.00 0.00 0.00
car 0.00 0 0.00 630 541 668 602 0.00 0.00 0.00 0.00 0.00 0.00 0.00
car 0.00 0 0.00 869 848 975 911 0.00 0.00 0.00 0.00 0.00 0.00 0.00
car 0.00 0 0.00 834 944 963 1010 0.00 0.00 0.00 0.00 0.00 0.00 0.00
car 0.00 0 0.00 812 1030 890 1077 0.00 0.00 0.00 0.00 0.00 0.00 0.00
car 0.00 0 0.00 1167 834 1289 888 0.00 0.00 0.00 0.00 0.00 0.00 0.00
car 0.00 0 0.00 1146 898 1289 954 0.00 0.00 0.00 0.00 0.00 0.00 0.00
car 0.00 0 0.00 1151 782 1268 835 0.00 0.00 0.00 0.00 0.00 0.00 0.00
car 0.00 0 0.00 1172 686 1279 738 0.00 0.00 0.00 0.00 0.00 0.00 0.00
car 0.00 0 0.00 1178 651 1273 698 0.00 0.00 0.00 0.00 0.00 0.00 0.00
car 0.00 0 0.00 1179 617 1276 659 0.00 0.00 0.00 0.00 0.00 0.00 0.00
tricycle 0.00 0 0.00 1238 456 1295 482 0.00 0.00 0.00 0.00 0.00 0.00 0.00
bicycle 0.00 0 0.00 1273 473 1307 490 0.00 0.00 0.00 0.00 0.00 0.00 0.00
motor 0.00 0 0.00 1315 464 1331 487 0.00 0.00 0.00 0.00 0.00 0.00 0.00
motor 0.00 0 0.00 1343 459 1357 481 0.00 0.00 0.00 0.00 0.00 0.00 0.00
car 0.00 0 0.00 1046 153 1080 200 0.00 0.00 0.00 0.00 0.00 0.00 0.00
