van 0.00 0 0.00 574 760 633 852 0.00 0.00 0.00 0.00 0.00 0.00 0.00
car 0.00 0 0.00 614 754 673 825 0.00 0.00 0.00 0.00 0.00 0.00 0.00
car 0.00 0 0.00 751 711 807 771 0.00 0.00 0.00 0.00 0.00 0.00 0.00
car 0.00 0 0.00 795 700 849 763 0.00 0.00 0.00 0.00 0.00 0.00 0.00
car 0.00 0 0.00 849 689 913 750 0.00 0.00 0.00 0.00 0.00 0.00 0.00
car 0.00 0 0.00 885 681 945 736 0.00 0.00 0.00 0.00 0.00 0.00 0.00
van 0.00 0 0.00 805 574 861 630 0.00 0.00 0.00 0.00 0.00 0.00 0.00
car 0.00 0 0.00 765 584 815 628 0.00 0.00 0.00 0.00 0.00 0.00 0.00
car 0.00 0 0.00 723 597 778 644 0.00 0.00 0.00 0.00 0.00 0.00 0.00
truck 0.00 0 0.00 654 609 703 671 0.00 0.00 0.00 0.00 0.00 0.00 0.00
car 0.00 0 0.00 611 624 663 680 0.00 0.00 0.00 0.00 0.00 0.00 0.00
motor 0.00 0 0.00 934 566 961 587 0.00 0.00 0.00 0.00 0.00 0.00 0.00
motor 0.00 0 0.00 781 559 794 582 0.00 0.00 0.00 0.00 0.00 0.00 0.00
motor 0.00 0 0.00 763 561 780 583 0.00 0.00 0.00 0.00 0.00 0.00 0.00
motor 0.00 0 0.00 749 568 767 587 0.00 0.00 0.00 0.00 0.00 0.00 0.00
motor 0.00 0 0.00 735 567 753 593 0.00 0.00 0.00 0.00 0.00 0.00 0.00
motor 0.00 0 0.00 721 569 738 597 0.00 0.00 0.00 0.00 0.00 0.00 0.00
motor 0.00 0 0.00 705 577 721 603 0.00 0.00 0.00 0.00 0.00 0.00 0.00
motor 0.00 0 0.00 672 578 693 603 0.00 0.00 0.00 0.00 0.00 0.00 0.00
motor 0.00 0 0.00 507 628 519 655 0.00 0.00 0.00 0.00 0.00 0.00 0.00
motor 0.00 0 0.00 523 619 546 644 0.00 0.00 0.00 0.00 0.00 0.00 0.00
motor 0.00 0 0.00 541 614 555 643 0.00 0.00 0.00 0.00 0.00 0.00 0.00
motor 0.00 0 0.00 550 611 565 645 0.00 0.00 0.00 0.00 0.00 0.00 0.00
motor 0.00 0 0.00 562 614 582 639 0.00 0.00 0.00 0.00 0.00 0.00 0.00
motor 0.00 0 0.00 577 607 592 635 0.00 0.00 0.00 0.00 0.00 0.00 0.00
motor 0.00 0 0.00 588 604 603 638 0.00 0.00 0.00 0.00 0.00 0.00 0.00
motor 0.00 0 0.00 599 601 614 624 0.00 0.00 0.00 0.00 0.00 0.00 0.00
truck 0.00 0 0.00 388 535 463 574 0.00 0.00 0.00 0.00 0.00 0.00 0.00
car 0.00 0 0.00 305 557 372 590 0.00 0.00 0.00 0.00 0.00 0.00 0.00
van 0.00 0 0.00 32 289 60 310 0.00 0.00 0.00 0.00 0.00 0.00 0.00
car 0.00 0 0.00 857 481 910 508 0.00 0.00 0.00 0.00 0.00 0.00 0.00
car 0.00 0 0.00 1163 646 1245 692 0.00 0.00 0.00 0.00 0.00 0.00 0.00
motor 0.00 0 0.00 1312 687 1331 705 0.00 0.00 0.00 0.00 0.00 0.00 0.00
