pedestrian 0.00 0 0.00 1135 980 1160 1038 0.00 0.00 0.00 0.00 0.00 0.00 0.00
pedestrian 0.00 0 0.00 1144 974 1163 1027 0.00 0.00 0.00 0.00 0.00 0.00 0.00
motor 0.00 0 0.00 1108 852 1124 886 0.00 0.00 0.00 0.00 0.00 0.00 0.00
motor 0.00 0 0.00 1085 853 1117 884 0.00 0.00 0.00 0.00 0.00 0.00 0.00
motor 0.00 0 0.00 1015 830 1050 858 0.00 0.00 0.00 0.00 0.00 0.00 0.00
motor 0.00 0 0.00 1015 878 1033 908 0.00 0.00 0.00 0.00 0.00 0.00 0.00
motor 0.00 0 0.00 993 874 1003 908 0.00 0.00 0.00 0.00 0.00 0.00 0.00
motor 0.00 0 0.00 1188 853 1205 880 0.00 0.00 0.00 0.00 0.00 0.00 0.00
car 0.00 0 0.00 1067 933 1140 1004 0.00 0.00 0.00 0.00 0.00 0.00 0.00
motor 0.00 0 0.00 1378 733 1400 753 0.00 0.00 0.00 0.00 0.00 0.00 0.00
pedestrian 0.00 0 0.00 634 887 647 930 0.00 0.00 0.00 0.00 0.00 0.00 0.00
pedestrian 0.00 0 0.00 310 866 323 904 0.00 0.00 0.00 0.00 0.00 0.00 0.00
pedestrian 0.00 0 0.00 298 865 311 905 0.00 0.00 0.00 0.00 0.00 0.00 0.00
bicycle 0.00 0 0.00 206 839 234 870 0.00 0.00 0.00 0.00 0.00 0.00 0.00
pedestrian 0.00 0 0.00 167 717 175 741 0.00 0.00 0.00 0.00 0.00 0.00 0.00
pedestrian 0.00 0 0.00 204 647 210 664 0.00 0.00 0.00 0.00 0.00 0.00 0.00
pedestrian 0.00 0 0.00 212 648 217 663 0.00 0.00 0.00 0.00 0.00 0.00 0.00
pedestrian 0.00 0 0.00 220 640 225 655 0.00 0.00 0.00 0.00 0.00 0.00 0.00
pedestrian 0.00 0 0.00 226 645 229 654 0.00 0.00 0.00 0.00 0.00 0.00 0.00
pedestrian 0.00 0 0.00 230 640 234 654 0.00 0.00 0.00 0.00 0.00 0.00 0.00
pedestrian 0.00 0 0.00 118 629 124 643 0.00 0.00 0.00 0.00 0.00 0.00 0.00
pedestrian 0.00 0 0.00 105 625 112 641 0.00 0.00 0.00 0.00 0.00 0.00 0.00
pedestrian 0.00 0 0.00 73 569 76 577 0.00 0.00 0.00 0.00 0.00 0.00 0.00
pedestrian 0.00 0 0.00 70 571 73 576 0.00 0.00 0.00 0.00 0.00 0.00 0.00
pedestrian 0.00 0 0.00 61 566 64 573 0.00 0.00 0.00 0.00 0.00 0.00 0.00
pedestrian 0.00 0 0.00 59 567 61 573 0.00 0.00 0.00 0.00 0.00 0.00 0.00
car 0.00 0 0.00 361 769 437 801 0.00 0.00 0.00 0.00 0.00 0.00 0.00
car 0.00 0 0.00 423 706 476 728 0.00 0.00 0.00 0.00 0.00 0.00 0.00
car 0.00 0 0.00 409 703 463 726 0.00 0.00 0.00 0.00 0.00 0.00 0.00
car 0.00 0 0.00 394 700 447 722 0.00 0.00 0.00 0.00 0.00 0.00 0.00
car 0.00 0 0.00 386 693 439 715 0.00 0.00 0.00 0.00 0.00 0.00 0.00
car 0.00 0 0.00 354 676 404 698 0.00 0.00 0.00 0.00 0.00 0.00 0.00
van 0.00 0 0.00 365 682 420 706 0.00 0.00 0.00 0.00 0.00 0.00 0.00
car 0.00 0 0.00 332 674 372 694 0.00 0.00 0.00 0.00 0.00 0.00 0.00
car 0.00 0 0.00 325 669 364 687 0.00 0.00 0.00 0.00 0.00 0.00 0.00
car 0.00 0 0.00 315 665 361 684 0.00 0.00 0.00 0.00 0.00 0.00 0.00
car 0.00 0 0.00 303 660 349 678 0.00 0.00 0.00 0.00 0.00 0.00 0.00
car 0.00 0 0.00 295 654 341 673 0.00 0.00 0.00 0.00 0.00 0.00 0.00
car 0.00 0 0.00 285 650 332 668 0.00 0.00 0.00 0.00 0.00 0.00 0.00
car 0.00 0 0.00 278 647 325 665 0.00 0.00 0.00 0.00 0.00 0.00 0.00
car 0.00 0 0.00 272 643 319 662 0.00 0.00 0.00 0.00 0.00 0.00 0.00
pedestrian 0.00 0 0.00 269 749 279 772 0.00 0.00 0.00 0.00 0.00 0.00 0.00
car 0.00 0 0.00 275 742 351 769 0.00 0.00 0.00 0.00 0.00 0.00 0.00
car 0.00 0 0.00 263 736 327 764 0.00 0.00 0.00 0.00 0.00 0.00 0.00
car 0.00 0 0.00 256 726 325 753 0.00 0.00 0.00 0.00 0.00 0.00 0.00
car 0.00 0 0.00 238 718 307 745 0.00 0.00 0.00 0.00 0.00 0.00 0.00
car 0.00 0 0.00 236 708 294 732 0.00 0.00 0.00 0.00 0.00 0.00 0.00
car 0.00 0 0.00 239 704 297 728 0.00 0.00 0.00 0.00 0.00 0.00 0.00
car 0.00 0 0.00 237 698 295 722 0.00 0.00 0.00 0.00 0.00 0.00 0.00
car 0.00 0 0.00 123 687 176 707 0.00 0.00 0.00 0.00 0.00 0.00 0.00
car 0.00 0 0.00 114 684 168 701 0.00 0.00 0.00 0.00 0.00 0.00 0.00
car 0.00 0 0.00 115 677 169 694 0.00 0.00 0.00 0.00 0.00 0.00 0.00
car 0.00 0 0.00 112 673 167 690 0.00 0.00 0.00 0.00 0.00 0.00 0.00
car 0.00 0 0.00 152 662 207 679 0.00 0.00 0.00 0.00 0.00 0.00 0.00
car 0.00 0 0.00 150 657 205 674 0.00 0.00 0.00 0.00 0.00 0.00 0.00
car 0.00 0 0.00 144 656 198 673 0.00 0.00 0.00 0.00 0.00 0.00 0.00
car 0.00 0 0.00 141 650 195 667 0.00 0.00 0.00 0.00 0.00 0.00 0.00
car 0.00 0 0.00 137 646 192 663 0.00 0.00 0.00 0.00 0.00 0.00 0.00
car 0.00 0 0.00 132 643 186 660 0.00 0.00 0.00 0.00 0.00 0.00 0.00
car 0.00 0 0.00 127 639 181 656 0.00 0.00 0.00 0.00 0.00 0.00 0.00
car 0.00 0 0.00 122 637 177 654 0.00 0.00 0.00 0.00 0.00 0.00 0.00
car 0.00 0 0.00 119 633 169 650 0.00 0.00 0.00 0.00 0.00 0.00 0.00
car 0.00 0 0.00 232 631 271 647 0.00 0.00 0.00 0.00 0.00 0.00 0.00
car 0.00 0 0.00 224 624 254 638 0.00 0.00 0.00 0.00 0.00 0.00 0.00
car 0.00 0 0.00 70 646 114 661 0.00 0.00 0.00 0.00 0.00 0.00 0.00
car 0.00 0 0.00 72 640 110 655 0.00 0.00 0.00 0.00 0.00 0.00 0.00
car 0.00 0 0.00 41 613 74 623 0.00 0.00 0.00 0.00 0.00 0.00 0.00
car 0.00 0 0.00 77 608 112 620 0.00 0.00 0.00 0.00 0.00 0.00 0.00
car 0.00 0 0.00 38 608 70 621 0.00 0.00 0.00 0.00 0.00 0.00 0.00
car 0.00 0 0.00 38 603 70 616 0.00 0.00 0.00 0.00 0.00 0.00 0.00
car 0.00 0 0.00 32 599 64 612 0.00 0.00 0.00 0.00 0.00 0.00 0.00
car 0.00 0 0.00 28 597 60 610 0.00 0.00 0.00 0.00 0.00 0.00 0.00
car 0.00 0 0.00 25 595 57 608 0.00 0.00 0.00 0.00 0.00 0.00 0.00
car 0.00 0 0.00 23 592 55 605 0.00 0.00 0.00 0.00 0.00 0.00 0.00
car 0.00 0 0.00 77 602 108 613 0.00 0.00 0.00 0.00 0.00 0.00 0.00
car 0.00 0 0.00 71 602 102 613 0.00 0.00 0.00 0.00 0.00 0.00 0.00
car 0.00 0 0.00 68 599 99 611 0.00 0.00 0.00 0.00 0.00 0.00 0.00
car 0.00 0 0.00 65 597 97 609 0.00 0.00 0.00 0.00 0.00 0.00 0.00
car 0.00 0 0.00 63 594 89 605 0.00 0.00 0.00 0.00 0.00 0.00 0.00
car 0.00 0 0.00 61 592 87 603 0.00 0.00 0.00 0.00 0.00 0.00 0.00
car 0.00 0 0.00 168 606 198 616 0.00 0.00 0.00 0.00 0.00 0.00 0.00
car 0.00 0 0.00 162 603 192 614 0.00 0.00 0.00 0.00 0.00 0.00 0.00
car 0.00 0 0.00 158 601 188 612 0.00 0.00 0.00 0.00 0.00 0.00 0.00
car 0.00 0 0.00 155 600 185 610 0.00 0.00 0.00 0.00 0.00 0.00 0.00
car 0.00 0 0.00 152 598 182 608 0.00 0.00 0.00 0.00 0.00 0.00 0.00
car 0.00 0 0.00 143 593 173 604 0.00 0.00 0.00 0.00 0.00 0.00 0.00
car 0.00 0 0.00 146 595 176 605 0.00 0.00 0.00 0.00 0.00 0.00 0.00
car 0.00 0 0.00 134 590 164 600 0.00 0.00 0.00 0.00 0.00 0.00 0.00
car 0.00 0 0.00 137 591 167 601 0.00 0.00 0.00 0.00 0.00 0.00 0.00
car 0.00 0 0.00 127 586 148 596 0.00 0.00 0.00 0.00 0.00 0.00 0.00
car 0.00 0 0.00 122 583 143 593 0.00 0.00 0.00 0.00 0.00 0.00 0.00
car 0.00 0 0.00 117 581 138 591 0.00 0.00 0.00 0.00 0.00 0.00 0.00
car 0.00 0 0.00 113 580 134 590 0.00 0.00 0.00 0.00 0.00 0.00 0.00
car 0.00 0 0.00 110 578 131 588 0.00 0.00 0.00 0.00 0.00 0.00 0.00
car 0.00 0 0.00 107 576 128 586 0.00 0.00 0.00 0.00 0.00 0.00 0.00
car 0.00 0 0.00 102 575 123 585 0.00 0.00 0.00 0.00 0.00 0.00 0.00
pedestrian 0.00 0 0.00 98 573 101 582 0.00 0.00 0.00 0.00 0.00 0.00 0.00
pedestrian 0.00 0 0.00 92 573 95 580 0.00 0.00 0.00 0.00 0.00 0.00 0.00
pedestrian 0.00 0 0.00 80 574 83 581 0.00 0.00 0.00 0.00 0.00 0.00 0.00
car 0.00 0 0.00 13 629 32 640 0.00 0.00 0.00 0.00 0.00 0.00 0.00
car 0.00 0 0.00 13 636 32 648 0.00 0.00 0.00 0.00 0.00 0.00 0.00
car 0.00 0 0.00 35 666 59 684 0.00 0.00 0.00 0.00 0.00 0.00 0.00
car 0.00 0 0.00 0 677 9 698 0.00 0.00 0.00 0.00 0.00 0.00 0.00
car 0.00 0 0.00 42 866 99 918 0.00 0.00 0.00 0.00 0.00 0.00 0.00
