bicycle 0.00 0 0.00 312 499 348 561 0.00 0.00 0.00 0.00 0.00 0.00 0.00
bicycle 0.00 0 0.00 514 571 554 640 0.00 0.00 0.00 0.00 0.00 0.00 0.00
pedestrian 0.00 0 0.00 824 469 852 523 0.00 0.00 0.00 0.00 0.00 0.00 0.00
pedestrian 0.00 0 0.00 945 277 982 337 0.00 0.00 0.00 0.00 0.00 0.00 0.00
bicycle 0.00 0 0.00 801 247 843 279 0.00 0.00 0.00 0.00 0.00 0.00 0.00
pedestrian 0.00 0 0.00 1070 148 1091 212 0.00 0.00 0.00 0.00 0.00 0.00 0.00
pedestrian 0.00 0 0.00 1053 87 1078 141 0.00 0.00 0.00 0.00 0.00 0.00 0.00
pedestrian 0.00 0 0.00 1030 91 1054 142 0.00 0.00 0.00 0.00 0.00 0.00 0.00
pedestrian 0.00 0 0.00 978 59 1001 117 0.00 0.00 0.00 0.00 0.00 0.00 0.00
pedestrian 0.00 0 0.00 986 24 1001 84 0.00 0.00 0.00 0.00 0.00 0.00 0.00
pedestrian 0.00 0 0.00 977 24 999 70 0.00 0.00 0.00 0.00 0.00 0.00 0.00
bicycle 0.00 0 0.00 1010 582 1081 625 0.00 0.00 0.00 0.00 0.00 0.00 0.00
