truck 0.00 0 0.00 289 1341 741 1500 0.00 0.00 0.00 0.00 0.00 0.00 0.00
car 0.00 0 0.00 543 1016 616 1050 0.00 0.00 0.00 0.00 0.00 0.00 0.00
van 0.00 0 0.00 692 966 738 1003 0.00 0.00 0.00 0.00 0.00 0.00 0.00
truck 0.00 0 0.00 851 920 918 963 0.00 0.00 0.00 0.00 0.00 0.00 0.00
tricycle 0.00 0 0.00 1341 962 1359 990 0.00 0.00 0.00 0.00 0.00 0.00 0.00
car 0.00 0 0.00 1222 1307 1454 1426 0.00 0.00 0.00 0.00 0.00 0.00 0.00
van 0.00 0 0.00 1186 1249 1359 1346 0.00 0.00 0.00 0.00 0.00 0.00 0.00
van 0.00 0 0.00 1227 1192 1398 1287 0.00 0.00 0.00 0.00 0.00 0.00 0.00
car 0.00 0 0.00 1220 1125 1366 1174 0.00 0.00 0.00 0.00 0.00 0.00 0.00
car 0.00 0 0.00 1202 1187 1350 1245 0.00 0.00 0.00 0.00 0.00 0.00 0.00
car 0.00 0 0.00 1202 1167 1347 1210 0.00 0.00 0.00 0.00 0.00 0.00 0.00
car 0.00 0 0.00 1199 1142 1341 1187 0.00 0.00 0.00 0.00 0.00 0.00 0.00
car 0.00 0 0.00 1239 1074 1353 1120 0.00 0.00 0.00 0.00 0.00 0.00 0.00
car 0.00 0 0.00 1218 1062 1326 1101 0.00 0.00 0.00 0.00 0.00 0.00 0.00
car 0.00 0 0.00 1224 1030 1321 1063 0.00 0.00 0.00 0.00 0.00 0.00 0.00
car 0.00 0 0.00 1230 1024 1329 1051 0.00 0.00 0.00 0.00 0.00 0.00 0.00
van 0.00 0 0.00 1224 1007 1323 1041 0.00 0.00 0.00 0.00 0.00 0.00 0.00
van 0.00 0 0.00 1222 978 1310 1010 0.00 0.00 0.00 0.00 0.00 0.00 0.00
car 0.00 0 0.00 1228 972 1288 989 0.00 0.00 0.00 0.00 0.00 0.00 0.00
car 0.00 0 0.00 1233 968 1302 979 0.00 0.00 0.00 0.00 0.00 0.00 0.00
car 0.00 0 0.00 1233 960 1290 976 0.00 0.00 0.00 0.00 0.00 0.00 0.00
car 0.00 0 0.00 1241 954 1285 965 0.00 0.00 0.00 0.00 0.00 0.00 0.00
car 0.00 0 0.00 1234 873 1283 945 0.00 0.00 0.00 0.00 0.00 0.00 0.00
car 0.00 0 0.00 1284 924 1312 937 0.00 0.00 0.00 0.00 0.00 0.00 0.00
car 0.00 0 0.00 1295 889 1320 897 0.00 0.00 0.00 0.00 0.00 0.00 0.00
car 0.00 0 0.00 1288 881 1300 890 0.00 0.00 0.00 0.00 0.00 0.00 0.00
car 0.00 0 0.00 1401 969 1437 994 0.00 0.00 0.00 0.00 0.00 0.00 0.00
car 0.00 0 0.00 1335 935 1384 953 0.00 0.00 0.00 0.00 0.00 0.00 0.00
car 0.00 0 0.00 1423 1014 1486 1043 0.00 0.00 0.00 0.00 0.00 0.00 0.00
car 0.00 0 0.00 1422 1002 1481 1023 0.00 0.00 0.00 0.00 0.00 0.00 0.00
tricycle 0.00 0 0.00 1564 1104 1636 1149 0.00 0.00 0.00 0.00 0.00 0.00 0.00
motor 0.00 0 0.00 1600 1122 1647 1153 0.00 0.00 0.00 0.00 0.00 0.00 0.00
motor 0.00 0 0.00 1626 1129 1658 1161 0.00 0.00 0.00 0.00 0.00 0.00 0.00
