car 0.00 0 0.00 585 955 641 1048 0.00 0.00 0.00 0.00 0.00 0.00 0.00
car 0.00 0 0.00 573 800 633 924 0.00 0.00 0.00 0.00 0.00 0.00 0.00
car 0.00 0 0.00 570 680 630 799 0.00 0.00 0.00 0.00 0.00 0.00 0.00
car 0.00 0 0.00 580 558 623 658 0.00 0.00 0.00 0.00 0.00 0.00 0.00
car 0.00 0 0.00 581 434 622 519 0.00 0.00 0.00 0.00 0.00 0.00 0.00
car 0.00 0 0.00 575 351 616 428 0.00 0.00 0.00 0.00 0.00 0.00 0.00
car 0.00 0 0.00 578 273 610 337 0.00 0.00 0.00 0.00 0.00 0.00 0.00
car 0.00 0 0.00 580 237 610 274 0.00 0.00 0.00 0.00 0.00 0.00 0.00
car 0.00 0 0.00 581 204 608 232 0.00 0.00 0.00 0.00 0.00 0.00 0.00
car 0.00 0 0.00 640 217 672 283 0.00 0.00 0.00 0.00 0.00 0.00 0.00
car 0.00 0 0.00 755 340 796 408 0.00 0.00 0.00 0.00 0.00 0.00 0.00
car 0.00 0 0.00 673 6 704 45 0.00 0.00 0.00 0.00 0.00 0.00 0.00
motor 0.00 0 0.00 772 231 784 257 0.00 0.00 0.00 0.00 0.00 0.00 0.00
people 0.00 0 0.00 773 229 784 249 0.00 0.00 0.00 0.00 0.00 0.00 0.00
car 0.00 0 0.00 1059 25 1084 67 0.00 0.00 0.00 0.00 0.00 0.00 0.00
car 0.00 0 0.00 836 0 903 14 0.00 0.00 0.00 0.00 0.00 0.00 0.00
car 0.00 0 0.00 844 9 904 30 0.00 0.00 0.00 0.00 0.00 0.00 0.00
car 0.00 0 0.00 843 32 900 54 0.00 0.00 0.00 0.00 0.00 0.00 0.00
car 0.00 0 0.00 863 47 917 73 0.00 0.00 0.00 0.00 0.00 0.00 0.00
car 0.00 0 0.00 860 73 927 98 0.00 0.00 0.00 0.00 0.00 0.00 0.00
car 0.00 0 0.00 868 98 929 124 0.00 0.00 0.00 0.00 0.00 0.00 0.00
car 0.00 0 0.00 881 123 945 145 0.00 0.00 0.00 0.00 0.00 0.00 0.00
car 0.00 0 0.00 882 141 948 164 0.00 0.00 0.00 0.00 0.00 0.00 0.00
car 0.00 0 0.00 886 158 963 193 0.00 0.00 0.00 0.00 0.00 0.00 0.00
car 0.00 0 0.00 902 186 980 226 0.00 0.00 0.00 0.00 0.00 0.00 0.00
car 0.00 0 0.00 904 222 977 255 0.00 0.00 0.00 0.00 0.00 0.00 0.00
car 0.00 0 0.00 917 254 990 285 0.00 0.00 0.00 0.00 0.00 0.00 0.00
car 0.00 0 0.00 930 277 1002 315 0.00 0.00 0.00 0.00 0.00 0.00 0.00
car 0.00 0 0.00 938 316 1017 355 0.00 0.00 0.00 0.00 0.00 0.00 0.00
car 0.00 0 0.00 945 344 1032 386 0.00 0.00 0.00 0.00 0.00 0.00 0.00
car 0.00 0 0.00 948 379 1039 424 0.00 0.00 0.00 0.00 0.00 0.00 0.00
car 0.00 0 0.00 950 421 1045 466 0.00 0.00 0.00 0.00 0.00 0.00 0.00
van 0.00 0 0.00 975 460 1060 505 0.00 0.00 0.00 0.00 0.00 0.00 0.00
car 0.00 0 0.00 974 508 1068 559 0.00 0.00 0.00 0.00 0.00 0.00 0.00
car 0.00 0 0.00 980 562 1079 607 0.00 0.00 0.00 0.00 0.00 0.00 0.00
car 0.00 0 0.00 995 605 1097 655 0.00 0.00 0.00 0.00 0.00 0.00 0.00
car 0.00 0 0.00 864 722 915 820 0.00 0.00 0.00 0.00 0.00 0.00 0.00
pedestrian 0.00 0 0.00 857 782 869 808 0.00 0.00 0.00 0.00 0.00 0.00 0.00
pedestrian 0.00 0 0.00 849 778 855 799 0.00 0.00 0.00 0.00 0.00 0.00 0.00
pedestrian 0.00 0 0.00 932 739 940 768 0.00 0.00 0.00 0.00 0.00 0.00 0.00
pedestrian 0.00 0 0.00 915 758 924 783 0.00 0.00 0.00 0.00 0.00 0.00 0.00
car 0.00 0 0.00 890 916 958 1050 0.00 0.00 0.00 0.00 0.00 0.00 0.00
pedestrian 0.00 0 0.00 941 35 950 53 0.00 0.00 0.00 0.00 0.00 0.00 0.00
pedestrian 0.00 0 0.00 931 32 939 51 0.00 0.00 0.00 0.00 0.00 0.00 0.00
car 0.00 0 0.00 1088 10 1114 33 0.00 0.00 0.00 0.00 0.00 0.00 0.00
pedestrian 0.00 0 0.00 1093 164 1103 191 0.00 0.00 0.00 0.00 0.00 0.00 0.00
pedestrian 0.00 0 0.00 1101 164 1109 187 0.00 0.00 0.00 0.00 0.00 0.00 0.00
pedestrian 0.00 0 0.00 1097 189 1110 216 0.00 0.00 0.00 0.00 0.00 0.00 0.00
pedestrian 0.00 0 0.00 1231 290 1239 310 0.00 0.00 0.00 0.00 0.00 0.00 0.00
van 0.00 0 0.00 1160 346 1207 419 0.00 0.00 0.00 0.00 0.00 0.00 0.00
car 0.00 0 0.00 1142 405 1228 462 0.00 0.00 0.00 0.00 0.00 0.00 0.00
pedestrian 0.00 0 0.00 1209 498 1218 525 0.00 0.00 0.00 0.00 0.00 0.00 0.00
pedestrian 0.00 0 0.00 1155 518 1170 549 0.00 0.00 0.00 0.00 0.00 0.00 0.00
pedestrian 0.00 0 0.00 1117 498 1130 530 0.00 0.00 0.00 0.00 0.00 0.00 0.00
pedestrian 0.00 0 0.00 1099 502 1109 535 0.00 0.00 0.00 0.00 0.00 0.00 0.00
car 0.00 0 0.00 1006 663 1116 725 0.00 0.00 0.00 0.00 0.00 0.00 0.00
car 0.00 0 0.00 1023 725 1138 785 0.00 0.00 0.00 0.00 0.00 0.00 0.00
car 0.00 0 0.00 1044 778 1163 842 0.00 0.00 0.00 0.00 0.00 0.00 0.00
car 0.00 0 0.00 1065 834 1177 898 0.00 0.00 0.00 0.00 0.00 0.00 0.00
car 0.00 0 0.00 1061 902 1199 976 0.00 0.00 0.00 0.00 0.00 0.00 0.00
car 0.00 0 0.00 1099 978 1236 1049 0.00 0.00 0.00 0.00 0.00 0.00 0.00
car 0.00 0 0.00 1287 676 1363 794 0.00 0.00 0.00 0.00 0.00 0.00 0.00
pedestrian 0.00 0 0.00 1311 633 1320 668 0.00 0.00 0.00 0.00 0.00 0.00 0.00
car 0.00 0 0.00 1339 819 1400 937 0.00 0.00 0.00 0.00 0.00 0.00 0.00
