car 0.00 0 0.00 232 370 397 448 0.00 0.00 0.00 0.00 0.00 0.00 0.00
bicycle 0.00 0 0.00 409 352 461 389 0.00 0.00 0.00 0.00 0.00 0.00 0.00
car 0.00 0 0.00 50 183 195 248 0.00 0.00 0.00 0.00 0.00 0.00 0.00
car 0.00 0 0.00 311 76 441 135 0.00 0.00 0.00 0.00 0.00 0.00 0.00
car 0.00 0 0.00 389 131 516 192 0.00 0.00 0.00 0.00 0.00 0.00 0.00
truck 0.00 0 0.00 485 147 681 255 0.00 0.00 0.00 0.00 0.00 0.00 0.00
car 0.00 0 0.00 0 122 60 181 0.00 0.00 0.00 0.00 0.00 0.00 0.00
car 0.00 0 0.00 596 12 705 71 0.00 0.00 0.00 0.00 0.00 0.00 0.00
car 0.00 0 0.00 884 147 1011 218 0.00 0.00 0.00 0.00 0.00 0.00 0.00
car 0.00 0 0.00 927 26 1052 84 0.00 0.00 0.00 0.00 0.00 0.00 0.00
car 0.00 0 0.00 869 0 985 32 0.00 0.00 0.00 0.00 0.00 0.00 0.00
car 0.00 0 0.00 663 257 793 324 0.00 0.00 0.00 0.00 0.00 0.00 0.00
motor 0.00 0 0.00 576 501 609 566 0.00 0.00 0.00 0.00 0.00 0.00 0.00
pedestrian 0.00 0 0.00 684 637 704 677 0.00 0.00 0.00 0.00 0.00 0.00 0.00
motor 0.00 0 0.00 707 527 774 559 0.00 0.00 0.00 0.00 0.00 0.00 0.00
motor 0.00 0 0.00 719 638 794 674 0.00 0.00 0.00 0.00 0.00 0.00 0.00
people 0.00 0 0.00 728 636 765 666 0.00 0.00 0.00 0.00 0.00 0.00 0.00
motor 0.00 0 0.00 1312 540 1379 573 0.00 0.00 0.00 0.00 0.00 0.00 0.00
people 0.00 0 0.00 1356 426 1392 465 0.00 0.00 0.00 0.00 0.00 0.00 0.00
bicycle 0.00 0 0.00 1337 438 1396 464 0.00 0.00 0.00 0.00 0.00 0.00 0.00
pedestrian 0.00 0 0.00 1370 562 1396 600 0.00 0.00 0.00 0.00 0.00 0.00 0.00
motor 0.00 0 0.00 1315 568 1384 601 0.00 0.00 0.00 0.00 0.00 0.00 0.00
motor 0.00 0 0.00 1309 595 1387 632 0.00 0.00 0.00 0.00 0.00 0.00 0.00
people 0.00 0 0.00 1353 596 1396 626 0.00 0.00 0.00 0.00 0.00 0.00 0.00
pedestrian 0.00 0 0.00 774 591 797 628 0.00 0.00 0.00 0.00 0.00 0.00 0.00
motor 0.00 0 0.00 711 612 781 640 0.00 0.00 0.00 0.00 0.00 0.00 0.00
motor 0.00 0 0.00 712 557 766 582 0.00 0.00 0.00 0.00 0.00 0.00 0.00
motor 0.00 0 0.00 716 581 770 608 0.00 0.00 0.00 0.00 0.00 0.00 0.00
pedestrian 0.00 0 0.00 746 577 778 615 0.00 0.00 0.00 0.00 0.00 0.00 0.00
people 0.00 0 0.00 686 467 708 507 0.00 0.00 0.00 0.00 0.00 0.00 0.00
people 0.00 0 0.00 714 491 744 524 0.00 0.00 0.00 0.00 0.00 0.00 0.00
motor 0.00 0 0.00 702 491 751 530 0.00 0.00 0.00 0.00 0.00 0.00 0.00
motor 0.00 0 0.00 678 481 702 526 0.00 0.00 0.00 0.00 0.00 0.00 0.00
car 0.00 0 0.00 1333 147 1400 206 0.00 0.00 0.00 0.00 0.00 0.00 0.00
car 0.00 0 0.00 428 0 543 25 0.00 0.00 0.00 0.00 0.00 0.00 0.00
motor 0.00 0 0.00 1344 737 1400 770 0.00 0.00 0.00 0.00 0.00 0.00 0.00
motor 0.00 0 0.00 1329 683 1400 718 0.00 0.00 0.00 0.00 0.00 0.00 0.00
motor 0.00 0 0.00 1316 638 1400 680 0.00 0.00 0.00 0.00 0.00 0.00 0.00
