car 0.00 0 0.00 1190 616 1244 666 0.00 0.00 0.00 0.00 0.00 0.00 0.00
truck 0.00 0 0.00 1369 428 1426 487 0.00 0.00 0.00 0.00 0.00 0.00 0.00
pedestrian 0.00 0 0.00 1508 249 1519 270 0.00 0.00 0.00 0.00 0.00 0.00 0.00
car 0.00 0 0.00 1514 157 1554 177 0.00 0.00 0.00 0.00 0.00 0.00 0.00
truck 0.00 0 0.00 1571 91 1639 156 0.00 0.00 0.00 0.00 0.00 0.00 0.00
car 0.00 0 0.00 1564 75 1593 95 0.00 0.00 0.00 0.00 0.00 0.00 0.00
car 0.00 0 0.00 1628 32 1663 51 0.00 0.00 0.00 0.00 0.00 0.00 0.00
car 0.00 0 0.00 1548 40 1577 61 0.00 0.00 0.00 0.00 0.00 0.00 0.00
car 0.00 0 0.00 1723 39 1755 57 0.00 0.00 0.00 0.00 0.00 0.00 0.00
car 0.00 0 0.00 1686 7 1720 25 0.00 0.00 0.00 0.00 0.00 0.00 0.00
car 0.00 0 0.00 1785 6 1821 25 0.00 0.00 0.00 0.00 0.00 0.00 0.00
car 0.00 0 0.00 1804 4 1832 23 0.00 0.00 0.00 0.00 0.00 0.00 0.00
car 0.00 0 0.00 929 464 992 503 0.00 0.00 0.00 0.00 0.00 0.00 0.00
car 0.00 0 0.00 915 515 988 553 0.00 0.00 0.00 0.00 0.00 0.00 0.00
van 0.00 0 0.00 1025 301 1081 331 0.00 0.00 0.00 0.00 0.00 0.00 0.00
car 0.00 0 0.00 994 225 1049 251 0.00 0.00 0.00 0.00 0.00 0.00 0.00
car 0.00 0 0.00 966 207 993 233 0.00 0.00 0.00 0.00 0.00 0.00 0.00
car 0.00 0 0.00 974 154 1019 178 0.00 0.00 0.00 0.00 0.00 0.00 0.00
car 0.00 0 0.00 1007 97 1028 118 0.00 0.00 0.00 0.00 0.00 0.00 0.00
car 0.00 0 0.00 882 93 913 111 0.00 0.00 0.00 0.00 0.00 0.00 0.00
car 0.00 0 0.00 941 66 973 84 0.00 0.00 0.00 0.00 0.00 0.00 0.00
car 0.00 0 0.00 935 57 969 75 0.00 0.00 0.00 0.00 0.00 0.00 0.00
car 0.00 0 0.00 932 44 965 62 0.00 0.00 0.00 0.00 0.00 0.00 0.00
car 0.00 0 0.00 931 35 962 51 0.00 0.00 0.00 0.00 0.00 0.00 0.00
car 0.00 0 0.00 927 26 958 45 0.00 0.00 0.00 0.00 0.00 0.00 0.00
car 0.00 0 0.00 913 0 947 13 0.00 0.00 0.00 0.00 0.00 0.00 0.00
pedestrian 0.00 0 0.00 605 337 613 358 0.00 0.00 0.00 0.00 0.00 0.00 0.00
car 0.00 0 0.00 606 358 665 389 0.00 0.00 0.00 0.00 0.00 0.00 0.00
car 0.00 0 0.00 616 307 670 334 0.00 0.00 0.00 0.00 0.00 0.00 0.00
car 0.00 0 0.00 616 290 667 314 0.00 0.00 0.00 0.00 0.00 0.00 0.00
car 0.00 0 0.00 623 258 666 287 0.00 0.00 0.00 0.00 0.00 0.00 0.00
car 0.00 0 0.00 387 180 431 205 0.00 0.00 0.00 0.00 0.00 0.00 0.00
car 0.00 0 0.00 418 133 465 152 0.00 0.00 0.00 0.00 0.00 0.00 0.00
truck 0.00 0 0.00 473 197 543 232 0.00 0.00 0.00 0.00 0.00 0.00 0.00
truck 0.00 0 0.00 497 172 553 201 0.00 0.00 0.00 0.00 0.00 0.00 0.00
car 0.00 0 0.00 509 170 553 187 0.00 0.00 0.00 0.00 0.00 0.00 0.00
truck 0.00 0 0.00 510 152 565 175 0.00 0.00 0.00 0.00 0.00 0.00 0.00
car 0.00 0 0.00 514 147 560 163 0.00 0.00 0.00 0.00 0.00 0.00 0.00
car 0.00 0 0.00 517 139 560 153 0.00 0.00 0.00 0.00 0.00 0.00 0.00
car 0.00 0 0.00 521 130 566 147 0.00 0.00 0.00 0.00 0.00 0.00 0.00
van 0.00 0 0.00 38 951 150 1016 0.00 0.00 0.00 0.00 0.00 0.00 0.00
