van 0.00 0 0.00 709 658 827 833 0.00 0.00 0.00 0.00 0.00 0.00 0.00
people 0.00 0 0.00 769 741 783 783 0.00 0.00 0.00 0.00 0.00 0.00 0.00
van 0.00 0 0.00 691 551 772 652 0.00 0.00 0.00 0.00 0.00 0.00 0.00
car 0.00 0 0.00 885 353 934 397 0.00 0.00 0.00 0.00 0.00 0.00 0.00
car 0.00 0 0.00 1009 243 1040 280 0.00 0.00 0.00 0.00 0.00 0.00 0.00
car 0.00 0 0.00 1025 178 1047 200 0.00 0.00 0.00 0.00 0.00 0.00 0.00
truck 0.00 0 0.00 1103 86 1128 121 0.00 0.00 0.00 0.00 0.00 0.00 0.00
motor 0.00 0 0.00 942 230 950 244 0.00 0.00 0.00 0.00 0.00 0.00 0.00
van 0.00 0 0.00 1170 35 1179 51 0.00 0.00 0.00 0.00 0.00 0.00 0.00
people 0.00 0 0.00 942 222 950 239 0.00 0.00 0.00 0.00 0.00 0.00 0.00
tricycle 0.00 0 0.00 1011 150 1019 164 0.00 0.00 0.00 0.00 0.00 0.00 0.00
