car 0.00 0 0.00 1851 319 1893 357 0.00 0.00 0.00 0.00 0.00 0.00 0.00
car 0.00 0 0.00 1783 352 1826 395 0.00 0.00 0.00 0.00 0.00 0.00 0.00
car 0.00 0 0.00 1749 356 1800 405 0.00 0.00 0.00 0.00 0.00 0.00 0.00
pedestrian 0.00 0 0.00 1776 378 1794 420 0.00 0.00 0.00 0.00 0.00 0.00 0.00
pedestrian 0.00 0 0.00 1826 409 1846 460 0.00 0.00 0.00 0.00 0.00 0.00 0.00
people 0.00 0 0.00 1807 384 1825 415 0.00 0.00 0.00 0.00 0.00 0.00 0.00
people 0.00 0 0.00 1744 409 1763 439 0.00 0.00 0.00 0.00 0.00 0.00 0.00
people 0.00 0 0.00 1751 401 1770 434 0.00 0.00 0.00 0.00 0.00 0.00 0.00
tricycle 0.00 0 0.00 1794 396 1824 436 0.00 0.00 0.00 0.00 0.00 0.00 0.00
motor 0.00 0 0.00 1740 414 1766 446 0.00 0.00 0.00 0.00 0.00 0.00 0.00
people 0.00 0 0.00 1765 439 1792 476 0.00 0.00 0.00 0.00 0.00 0.00 0.00
pedestrian 0.00 0 0.00 1861 399 1884 443 0.00 0.00 0.00 0.00 0.00 0.00 0.00
truck 0.00 0 0.00 1860 389 1928 489 0.00 0.00 0.00 0.00 0.00 0.00 0.00
van 0.00 0 0.00 1590 367 1716 428 0.00 0.00 0.00 0.00 0.00 0.00 0.00
van 0.00 0 0.00 1622 401 1681 466 0.00 0.00 0.00 0.00 0.00 0.00 0.00
van 0.00 0 0.00 1461 470 1549 549 0.00 0.00 0.00 0.00 0.00 0.00 0.00
truck 0.00 0 0.00 1621 645 1920 778 0.00 0.00 0.00 0.00 0.00 0.00 0.00
truck 0.00 0 0.00 908 650 1154 787 0.00 0.00 0.00 0.00 0.00 0.00 0.00
pedestrian 0.00 0 0.00 1024 740 1069 837 0.00 0.00 0.00 0.00 0.00 0.00 0.00
pedestrian 0.00 0 0.00 1053 756 1074 813 0.00 0.00 0.00 0.00 0.00 0.00 0.00
pedestrian 0.00 0 0.00 1172 642 1201 740 0.00 0.00 0.00 0.00 0.00 0.00 0.00
people 0.00 0 0.00 720 1011 793 1132 0.00 0.00 0.00 0.00 0.00 0.00 0.00
people 0.00 0 0.00 340 905 407 1008 0.00 0.00 0.00 0.00 0.00 0.00 0.00
people 0.00 0 0.00 220 874 282 965 0.00 0.00 0.00 0.00 0.00 0.00 0.00
motor 0.00 0 0.00 703 1066 824 1155 0.00 0.00 0.00 0.00 0.00 0.00 0.00
car 0.00 0 0.00 703 1142 1187 1500 0.00 0.00 0.00 0.00 0.00 0.00 0.00
people 0.00 0 0.00 1038 916 1076 1025 0.00 0.00 0.00 0.00 0.00 0.00 0.00
pedestrian 0.00 0 0.00 1138 887 1183 1011 0.00 0.00 0.00 0.00 0.00 0.00 0.00
pedestrian 0.00 0 0.00 1109 937 1169 1064 0.00 0.00 0.00 0.00 0.00 0.00 0.00
pedestrian 0.00 0 0.00 1275 846 1315 979 0.00 0.00 0.00 0.00 0.00 0.00 0.00
pedestrian 0.00 0 0.00 1316 859 1354 986 0.00 0.00 0.00 0.00 0.00 0.00 0.00
bicycle 0.00 0 0.00 1005 969 1117 1070 0.00 0.00 0.00 0.00 0.00 0.00 0.00
people 0.00 0 0.00 1499 905 1561 990 0.00 0.00 0.00 0.00 0.00 0.00 0.00
people 0.00 0 0.00 1537 582 1577 648 0.00 0.00 0.00 0.00 0.00 0.00 0.00
people 0.00 0 0.00 1592 623 1630 693 0.00 0.00 0.00 0.00 0.00 0.00 0.00
people 0.00 0 0.00 1567 651 1605 723 0.00 0.00 0.00 0.00 0.00 0.00 0.00
car 0.00 0 0.00 1698 880 1938 1089 0.00 0.00 0.00 0.00 0.00 0.00 0.00
pedestrian 0.00 0 0.00 1584 1062 1633 1193 0.00 0.00 0.00 0.00 0.00 0.00 0.00
pedestrian 0.00 0 0.00 1619 1066 1678 1235 0.00 0.00 0.00 0.00 0.00 0.00 0.00
motor 0.00 0 0.00 1741 1150 1921 1261 0.00 0.00 0.00 0.00 0.00 0.00 0.00
van 0.00 0 0.00 1860 515 2000 614 0.00 0.00 0.00 0.00 0.00 0.00 0.00
