pedestrian 0.00 0 0.00 604 158 612 178 0.00 0.00 0.00 0.00 0.00 0.00 0.00
pedestrian 0.00 0 0.00 822 119 829 135 0.00 0.00 0.00 0.00 0.00 0.00 0.00
truck 0.00 0 0.00 250 253 313 291 0.00 0.00 0.00 0.00 0.00 0.00 0.00
car 0.00 0 0.00 384 259 412 295 0.00 0.00 0.00 0.00 0.00 0.00 0.00
car 0.00 0 0.00 268 339 327 374 0.00 0.00 0.00 0.00 0.00 0.00 0.00
bus 0.00 0 0.00 67 315 214 365 0.00 0.00 0.00 0.00 0.00 0.00 0.00
motor 0.00 0 0.00 240 362 251 382 0.00 0.00 0.00 0.00 0.00 0.00 0.00
motor 0.00 0 0.00 215 402 223 422 0.00 0.00 0.00 0.00 0.00 0.00 0.00
motor 0.00 0 0.00 234 444 245 470 0.00 0.00 0.00 0.00 0.00 0.00 0.00
motor 0.00 0 0.00 244 441 256 467 0.00 0.00 0.00 0.00 0.00 0.00 0.00
bus 0.00 0 0.00 124 475 248 546 0.00 0.00 0.00 0.00 0.00 0.00 0.00
bus 0.00 0 0.00 98 519 241 611 0.00 0.00 0.00 0.00 0.00 0.00 0.00
bus 0.00 0 0.00 110 579 257 653 0.00 0.00 0.00 0.00 0.00 0.00 0.00
bus 0.00 0 0.00 103 619 256 704 0.00 0.00 0.00 0.00 0.00 0.00 0.00
bus 0.00 0 0.00 126 646 281 738 0.00 0.00 0.00 0.00 0.00 0.00 0.00
bus 0.00 0 0.00 286 601 345 696 0.00 0.00 0.00 0.00 0.00 0.00 0.00
car 0.00 0 0.00 434 571 492 606 0.00 0.00 0.00 0.00 0.00 0.00 0.00
bus 0.00 0 0.00 376 465 496 543 0.00 0.00 0.00 0.00 0.00 0.00 0.00
car 0.00 0 0.00 317 510 377 550 0.00 0.00 0.00 0.00 0.00 0.00 0.00
bus 0.00 0 0.00 290 450 410 519 0.00 0.00 0.00 0.00 0.00 0.00 0.00
bus 0.00 0 0.00 293 418 414 489 0.00 0.00 0.00 0.00 0.00 0.00 0.00
bus 0.00 0 0.00 287 396 401 465 0.00 0.00 0.00 0.00 0.00 0.00 0.00
bus 0.00 0 0.00 415 389 527 458 0.00 0.00 0.00 0.00 0.00 0.00 0.00
bus 0.00 0 0.00 402 366 509 433 0.00 0.00 0.00 0.00 0.00 0.00 0.00
bus 0.00 0 0.00 640 173 668 226 0.00 0.00 0.00 0.00 0.00 0.00 0.00
bus 0.00 0 0.00 672 170 705 224 0.00 0.00 0.00 0.00 0.00 0.00 0.00
bus 0.00 0 0.00 696 164 733 218 0.00 0.00 0.00 0.00 0.00 0.00 0.00
bus 0.00 0 0.00 728 164 763 217 0.00 0.00 0.00 0.00 0.00 0.00 0.00
bus 0.00 0 0.00 759 160 794 212 0.00 0.00 0.00 0.00 0.00 0.00 0.00
bus 0.00 0 0.00 792 160 827 213 0.00 0.00 0.00 0.00 0.00 0.00 0.00
bus 0.00 0 0.00 822 159 859 209 0.00 0.00 0.00 0.00 0.00 0.00 0.00
bus 0.00 0 0.00 848 155 890 209 0.00 0.00 0.00 0.00 0.00 0.00 0.00
bus 0.00 0 0.00 877 153 921 204 0.00 0.00 0.00 0.00 0.00 0.00 0.00
car 0.00 0 0.00 840 326 895 357 0.00 0.00 0.00 0.00 0.00 0.00 0.00
pedestrian 0.00 0 0.00 740 433 748 451 0.00 0.00 0.00 0.00 0.00 0.00 0.00
bus 0.00 0 0.00 704 343 846 435 0.00 0.00 0.00 0.00 0.00 0.00 0.00
bus 0.00 0 0.00 854 359 1015 446 0.00 0.00 0.00 0.00 0.00 0.00 0.00
bus 0.00 0 0.00 863 401 985 469 0.00 0.00 0.00 0.00 0.00 0.00 0.00
bus 0.00 0 0.00 787 409 958 495 0.00 0.00 0.00 0.00 0.00 0.00 0.00
bus 0.00 0 0.00 788 446 955 538 0.00 0.00 0.00 0.00 0.00 0.00 0.00
bus 0.00 0 0.00 694 451 822 530 0.00 0.00 0.00 0.00 0.00 0.00 0.00
bus 0.00 0 0.00 758 538 903 633 0.00 0.00 0.00 0.00 0.00 0.00 0.00
bus 0.00 0 0.00 764 602 866 663 0.00 0.00 0.00 0.00 0.00 0.00 0.00
bus 0.00 0 0.00 686 615 885 714 0.00 0.00 0.00 0.00 0.00 0.00 0.00
bus 0.00 0 0.00 655 657 868 770 0.00 0.00 0.00 0.00 0.00 0.00 0.00
motor 0.00 0 0.00 869 748 886 778 0.00 0.00 0.00 0.00 0.00 0.00 0.00
bus 0.00 0 0.00 630 711 850 829 0.00 0.00 0.00 0.00 0.00 0.00 0.00
bus 0.00 0 0.00 655 868 826 971 0.00 0.00 0.00 0.00 0.00 0.00 0.00
bus 0.00 0 0.00 572 895 811 1048 0.00 0.00 0.00 0.00 0.00 0.00 0.00
van 0.00 0 0.00 644 1014 725 1050 0.00 0.00 0.00 0.00 0.00 0.00 0.00
bus 0.00 0 0.00 1266 975 1400 1048 0.00 0.00 0.00 0.00 0.00 0.00 0.00
bus 0.00 0 0.00 1195 747 1378 823 0.00 0.00 0.00 0.00 0.00 0.00 0.00
bus 0.00 0 0.00 1190 680 1382 760 0.00 0.00 0.00 0.00 0.00 0.00 0.00
pedestrian 0.00 0 0.00 973 490 985 511 0.00 0.00 0.00 0.00 0.00 0.00 0.00
van 0.00 0 0.00 980 496 1013 539 0.00 0.00 0.00 0.00 0.00 0.00 0.00
bus 0.00 0 0.00 1037 233 1139 337 0.00 0.00 0.00 0.00 0.00 0.00 0.00
bus 0.00 0 0.00 1099 213 1186 318 0.00 0.00 0.00 0.00 0.00 0.00 0.00
car 0.00 0 0.00 1084 329 1113 363 0.00 0.00 0.00 0.00 0.00 0.00 0.00
car 0.00 0 0.00 1117 333 1156 373 0.00 0.00 0.00 0.00 0.00 0.00 0.00
car 0.00 0 0.00 1143 333 1180 371 0.00 0.00 0.00 0.00 0.00 0.00 0.00
car 0.00 0 0.00 1176 326 1216 368 0.00 0.00 0.00 0.00 0.00 0.00 0.00
car 0.00 0 0.00 1176 275 1213 309 0.00 0.00 0.00 0.00 0.00 0.00 0.00
car 0.00 0 0.00 1243 290 1295 314 0.00 0.00 0.00 0.00 0.00 0.00 0.00
motor 0.00 0 0.00 1334 317 1354 331 0.00 0.00 0.00 0.00 0.00 0.00 0.00
motor 0.00 0 0.00 1327 314 1348 324 0.00 0.00 0.00 0.00 0.00 0.00 0.00
motor 0.00 0 0.00 1323 308 1345 320 0.00 0.00 0.00 0.00 0.00 0.00 0.00
motor 0.00 0 0.00 1308 293 1328 308 0.00 0.00 0.00 0.00 0.00 0.00 0.00
motor 0.00 0 0.00 1302 288 1323 303 0.00 0.00 0.00 0.00 0.00 0.00 0.00
motor 0.00 0 0.00 1294 288 1316 298 0.00 0.00 0.00 0.00 0.00 0.00 0.00
motor 0.00 0 0.00 1289 278 1311 290 0.00 0.00 0.00 0.00 0.00 0.00 0.00
motor 0.00 0 0.00 1284 273 1303 285 0.00 0.00 0.00 0.00 0.00 0.00 0.00
motor 0.00 0 0.00 1279 268 1303 282 0.00 0.00 0.00 0.00 0.00 0.00 0.00
car 0.00 0 0.00 1264 316 1318 343 0.00 0.00 0.00 0.00 0.00 0.00 0.00
car 0.00 0 0.00 1289 334 1344 361 0.00 0.00 0.00 0.00 0.00 0.00 0.00
car 0.00 0 0.00 1334 346 1387 374 0.00 0.00 0.00 0.00 0.00 0.00 0.00
car 0.00 0 0.00 1279 361 1334 387 0.00 0.00 0.00 0.00 0.00 0.00 0.00
car 0.00 0 0.00 1294 383 1347 409 0.00 0.00 0.00 0.00 0.00 0.00 0.00
car 0.00 0 0.00 1349 369 1400 398 0.00 0.00 0.00 0.00 0.00 0.00 0.00
car 0.00 0 0.00 1360 404 1400 432 0.00 0.00 0.00 0.00 0.00 0.00 0.00
pedestrian 0.00 0 0.00 1304 423 1316 442 0.00 0.00 0.00 0.00 0.00 0.00 0.00
