motor 0.00 0 0.00 353 30 361 39 0.00 0.00 0.00 0.00 0.00 0.00 0.00
bus 0.00 0 0.00 88 212 168 257 0.00 0.00 0.00 0.00 0.00 0.00 0.00
car 0.00 0 0.00 154 454 193 475 0.00 0.00 0.00 0.00 0.00 0.00 0.00
car 0.00 0 0.00 161 507 178 540 0.00 0.00 0.00 0.00 0.00 0.00 0.00
car 0.00 0 0.00 140 512 158 545 0.00 0.00 0.00 0.00 0.00 0.00 0.00
van 0.00 0 0.00 119 518 136 552 0.00 0.00 0.00 0.00 0.00 0.00 0.00
car 0.00 0 0.00 80 527 97 554 0.00 0.00 0.00 0.00 0.00 0.00 0.00
car 0.00 0 0.00 59 534 79 570 0.00 0.00 0.00 0.00 0.00 0.00 0.00
car 0.00 0 0.00 16 550 36 583 0.00 0.00 0.00 0.00 0.00 0.00 0.00
van 0.00 0 0.00 0 556 15 591 0.00 0.00 0.00 0.00 0.00 0.00 0.00
motor 0.00 0 0.00 215 511 234 521 0.00 0.00 0.00 0.00 0.00 0.00 0.00
motor 0.00 0 0.00 232 510 240 525 0.00 0.00 0.00 0.00 0.00 0.00 0.00
truck 0.00 0 0.00 172 470 221 497 0.00 0.00 0.00 0.00 0.00 0.00 0.00
car 0.00 0 0.00 258 448 290 470 0.00 0.00 0.00 0.00 0.00 0.00 0.00
car 0.00 0 0.00 353 422 388 442 0.00 0.00 0.00 0.00 0.00 0.00 0.00
van 0.00 0 0.00 249 497 284 533 0.00 0.00 0.00 0.00 0.00 0.00 0.00
car 0.00 0 0.00 280 495 313 525 0.00 0.00 0.00 0.00 0.00 0.00 0.00
van 0.00 0 0.00 307 493 338 522 0.00 0.00 0.00 0.00 0.00 0.00 0.00
van 0.00 0 0.00 331 482 367 517 0.00 0.00 0.00 0.00 0.00 0.00 0.00
van 0.00 0 0.00 362 477 396 510 0.00 0.00 0.00 0.00 0.00 0.00 0.00
van 0.00 0 0.00 391 474 422 507 0.00 0.00 0.00 0.00 0.00 0.00 0.00
car 0.00 0 0.00 316 122 346 141 0.00 0.00 0.00 0.00 0.00 0.00 0.00
car 0.00 0 0.00 361 102 389 121 0.00 0.00 0.00 0.00 0.00 0.00 0.00
car 0.00 0 0.00 398 81 423 98 0.00 0.00 0.00 0.00 0.00 0.00 0.00
car 0.00 0 0.00 431 61 458 81 0.00 0.00 0.00 0.00 0.00 0.00 0.00
pedestrian 0.00 0 0.00 318 90 325 103 0.00 0.00 0.00 0.00 0.00 0.00 0.00
van 0.00 0 0.00 469 37 499 57 0.00 0.00 0.00 0.00 0.00 0.00 0.00
car 0.00 0 0.00 505 18 529 34 0.00 0.00 0.00 0.00 0.00 0.00 0.00
car 0.00 0 0.00 533 0 558 12 0.00 0.00 0.00 0.00 0.00 0.00 0.00
van 0.00 0 0.00 189 351 223 373 0.00 0.00 0.00 0.00 0.00 0.00 0.00
van 0.00 0 0.00 392 327 428 349 0.00 0.00 0.00 0.00 0.00 0.00 0.00
van 0.00 0 0.00 389 242 421 266 0.00 0.00 0.00 0.00 0.00 0.00 0.00
car 0.00 0 0.00 481 193 510 214 0.00 0.00 0.00 0.00 0.00 0.00 0.00
car 0.00 0 0.00 322 384 358 408 0.00 0.00 0.00 0.00 0.00 0.00 0.00
car 0.00 0 0.00 484 331 520 355 0.00 0.00 0.00 0.00 0.00 0.00 0.00
car 0.00 0 0.00 547 295 579 317 0.00 0.00 0.00 0.00 0.00 0.00 0.00
bus 0.00 0 0.00 514 245 595 296 0.00 0.00 0.00 0.00 0.00 0.00 0.00
truck 0.00 0 0.00 564 353 618 386 0.00 0.00 0.00 0.00 0.00 0.00 0.00
van 0.00 0 0.00 636 413 656 444 0.00 0.00 0.00 0.00 0.00 0.00 0.00
van 0.00 0 0.00 496 473 534 492 0.00 0.00 0.00 0.00 0.00 0.00 0.00
van 0.00 0 0.00 497 492 531 509 0.00 0.00 0.00 0.00 0.00 0.00 0.00
car 0.00 0 0.00 491 515 528 534 0.00 0.00 0.00 0.00 0.00 0.00 0.00
car 0.00 0 0.00 544 538 580 557 0.00 0.00 0.00 0.00 0.00 0.00 0.00
truck 0.00 0 0.00 244 550 316 584 0.00 0.00 0.00 0.00 0.00 0.00 0.00
truck 0.00 0 0.00 335 532 434 569 0.00 0.00 0.00 0.00 0.00 0.00 0.00
truck 0.00 0 0.00 674 462 716 484 0.00 0.00 0.00 0.00 0.00 0.00 0.00
car 0.00 0 0.00 681 438 713 454 0.00 0.00 0.00 0.00 0.00 0.00 0.00
bus 0.00 0 0.00 968 758 1081 787 0.00 0.00 0.00 0.00 0.00 0.00 0.00
bus 0.00 0 0.00 1017 727 1094 759 0.00 0.00 0.00 0.00 0.00 0.00 0.00
van 0.00 0 0.00 744 725 780 745 0.00 0.00 0.00 0.00 0.00 0.00 0.00
van 0.00 0 0.00 795 716 834 738 0.00 0.00 0.00 0.00 0.00 0.00 0.00
car 0.00 0 0.00 842 709 883 732 0.00 0.00 0.00 0.00 0.00 0.00 0.00
car 0.00 0 0.00 1270 632 1303 672 0.00 0.00 0.00 0.00 0.00 0.00 0.00
bus 0.00 0 0.00 1232 661 1284 780 0.00 0.00 0.00 0.00 0.00 0.00 0.00
car 0.00 0 0.00 1288 547 1331 584 0.00 0.00 0.00 0.00 0.00 0.00 0.00
car 0.00 0 0.00 1163 330 1189 368 0.00 0.00 0.00 0.00 0.00 0.00 0.00
car 0.00 0 0.00 1021 123 1043 149 0.00 0.00 0.00 0.00 0.00 0.00 0.00
van 0.00 0 0.00 1093 179 1117 214 0.00 0.00 0.00 0.00 0.00 0.00 0.00
van 0.00 0 0.00 1372 119 1400 135 0.00 0.00 0.00 0.00 0.00 0.00 0.00
bus 0.00 0 0.00 1275 85 1330 108 0.00 0.00 0.00 0.00 0.00 0.00 0.00
van 0.00 0 0.00 1288 24 1319 41 0.00 0.00 0.00 0.00 0.00 0.00 0.00
car 0.00 0 0.00 1224 37 1257 51 0.00 0.00 0.00 0.00 0.00 0.00 0.00
van 0.00 0 0.00 1128 69 1161 84 0.00 0.00 0.00 0.00 0.00 0.00 0.00
bus 0.00 0 0.00 1004 0 1050 52 0.00 0.00 0.00 0.00 0.00 0.00 0.00
car 0.00 0 0.00 968 1 987 24 0.00 0.00 0.00 0.00 0.00 0.00 0.00
bus 0.00 0 0.00 944 113 1004 143 0.00 0.00 0.00 0.00 0.00 0.00 0.00
van 0.00 0 0.00 898 133 930 151 0.00 0.00 0.00 0.00 0.00 0.00 0.00
van 0.00 0 0.00 819 194 851 212 0.00 0.00 0.00 0.00 0.00 0.00 0.00
car 0.00 0 0.00 802 152 834 169 0.00 0.00 0.00 0.00 0.00 0.00 0.00
car 0.00 0 0.00 746 218 777 238 0.00 0.00 0.00 0.00 0.00 0.00 0.00
van 0.00 0 0.00 613 117 643 139 0.00 0.00 0.00 0.00 0.00 0.00 0.00
