car 0.00 0 0.00 489 106 508 144 0.00 0.00 0.00 0.00 0.00 0.00 0.00
car 0.00 0 0.00 495 153 516 194 0.00 0.00 0.00 0.00 0.00 0.00 0.00
car 0.00 0 0.00 503 212 523 252 0.00 0.00 0.00 0.00 0.00 0.00 0.00
van 0.00 0 0.00 421 350 457 364 0.00 0.00 0.00 0.00 0.00 0.00 0.00
car 0.00 0 0.00 544 540 563 577 0.00 0.00 0.00 0.00 0.00 0.00 0.00
truck 0.00 0 0.00 549 590 569 628 0.00 0.00 0.00 0.00 0.00 0.00 0.00
van 0.00 0 0.00 555 630 570 660 0.00 0.00 0.00 0.00 0.00 0.00 0.00
car 0.00 0 0.00 558 672 574 712 0.00 0.00 0.00 0.00 0.00 0.00 0.00
car 0.00 0 0.00 568 765 588 805 0.00 0.00 0.00 0.00 0.00 0.00 0.00
car 0.00 0 0.00 859 872 879 913 0.00 0.00 0.00 0.00 0.00 0.00 0.00
van 0.00 0 0.00 875 849 895 887 0.00 0.00 0.00 0.00 0.00 0.00 0.00
car 0.00 0 0.00 860 771 886 813 0.00 0.00 0.00 0.00 0.00 0.00 0.00
car 0.00 0 0.00 915 702 951 718 0.00 0.00 0.00 0.00 0.00 0.00 0.00
car 0.00 0 0.00 950 704 985 723 0.00 0.00 0.00 0.00 0.00 0.00 0.00
car 0.00 0 0.00 1009 708 1048 729 0.00 0.00 0.00 0.00 0.00 0.00 0.00
car 0.00 0 0.00 1059 713 1096 734 0.00 0.00 0.00 0.00 0.00 0.00 0.00
car 0.00 0 0.00 1153 768 1189 787 0.00 0.00 0.00 0.00 0.00 0.00 0.00
car 0.00 0 0.00 1146 727 1187 746 0.00 0.00 0.00 0.00 0.00 0.00 0.00
car 0.00 0 0.00 1250 741 1285 758 0.00 0.00 0.00 0.00 0.00 0.00 0.00
car 0.00 0 0.00 1229 781 1266 799 0.00 0.00 0.00 0.00 0.00 0.00 0.00
car 0.00 0 0.00 1272 784 1313 804 0.00 0.00 0.00 0.00 0.00 0.00 0.00
car 0.00 0 0.00 1289 743 1322 763 0.00 0.00 0.00 0.00 0.00 0.00 0.00
car 0.00 0 0.00 978 677 1017 694 0.00 0.00 0.00 0.00 0.00 0.00 0.00
van 0.00 0 0.00 987 602 1008 645 0.00 0.00 0.00 0.00 0.00 0.00 0.00
car 0.00 0 0.00 1049 611 1066 648 0.00 0.00 0.00 0.00 0.00 0.00 0.00
car 0.00 0 0.00 804 477 826 517 0.00 0.00 0.00 0.00 0.00 0.00 0.00
car 0.00 0 0.00 868 539 887 578 0.00 0.00 0.00 0.00 0.00 0.00 0.00
car 0.00 0 0.00 890 536 908 575 0.00 0.00 0.00 0.00 0.00 0.00 0.00
car 0.00 0 0.00 953 421 993 440 0.00 0.00 0.00 0.00 0.00 0.00 0.00
car 0.00 0 0.00 996 425 1032 445 0.00 0.00 0.00 0.00 0.00 0.00 0.00
car 0.00 0 0.00 1071 435 1112 454 0.00 0.00 0.00 0.00 0.00 0.00 0.00
van 0.00 0 0.00 1115 441 1153 460 0.00 0.00 0.00 0.00 0.00 0.00 0.00
car 0.00 0 0.00 1200 451 1236 470 0.00 0.00 0.00 0.00 0.00 0.00 0.00
car 0.00 0 0.00 1256 448 1279 485 0.00 0.00 0.00 0.00 0.00 0.00 0.00
car 0.00 0 0.00 1315 467 1354 486 0.00 0.00 0.00 0.00 0.00 0.00 0.00
car 0.00 0 0.00 841 350 872 368 0.00 0.00 0.00 0.00 0.00 0.00 0.00
car 0.00 0 0.00 842 333 879 350 0.00 0.00 0.00 0.00 0.00 0.00 0.00
car 0.00 0 0.00 840 308 878 328 0.00 0.00 0.00 0.00 0.00 0.00 0.00
van 0.00 0 0.00 846 282 883 305 0.00 0.00 0.00 0.00 0.00 0.00 0.00
van 0.00 0 0.00 829 260 871 280 0.00 0.00 0.00 0.00 0.00 0.00 0.00
van 0.00 0 0.00 834 241 872 258 0.00 0.00 0.00 0.00 0.00 0.00 0.00
van 0.00 0 0.00 844 211 871 228 0.00 0.00 0.00 0.00 0.00 0.00 0.00
car 0.00 0 0.00 937 80 976 101 0.00 0.00 0.00 0.00 0.00 0.00 0.00
truck 0.00 0 0.00 774 126 800 164 0.00 0.00 0.00 0.00 0.00 0.00 0.00
motor 0.00 0 0.00 747 82 757 103 0.00 0.00 0.00 0.00 0.00 0.00 0.00
motor 0.00 0 0.00 790 351 798 371 0.00 0.00 0.00 0.00 0.00 0.00 0.00
motor 0.00 0 0.00 815 359 824 374 0.00 0.00 0.00 0.00 0.00 0.00 0.00
motor 0.00 0 0.00 835 481 842 496 0.00 0.00 0.00 0.00 0.00 0.00 0.00
motor 0.00 0 0.00 822 420 830 433 0.00 0.00 0.00 0.00 0.00 0.00 0.00
motor 0.00 0 0.00 838 725 847 742 0.00 0.00 0.00 0.00 0.00 0.00 0.00
motor 0.00 0 0.00 858 617 866 630 0.00 0.00 0.00 0.00 0.00 0.00 0.00
motor 0.00 0 0.00 882 896 890 913 0.00 0.00 0.00 0.00 0.00 0.00 0.00
motor 0.00 0 0.00 896 874 904 890 0.00 0.00 0.00 0.00 0.00 0.00 0.00
motor 0.00 0 0.00 584 892 605 905 0.00 0.00 0.00 0.00 0.00 0.00 0.00
motor 0.00 0 0.00 501 956 512 976 0.00 0.00 0.00 0.00 0.00 0.00 0.00
motor 0.00 0 0.00 526 956 539 975 0.00 0.00 0.00 0.00 0.00 0.00 0.00
motor 0.00 0 0.00 458 1010 479 1022 0.00 0.00 0.00 0.00 0.00 0.00 0.00
motor 0.00 0 0.00 460 155 471 171 0.00 0.00 0.00 0.00 0.00 0.00 0.00
motor 0.00 0 0.00 444 335 460 346 0.00 0.00 0.00 0.00 0.00 0.00 0.00
