car 0.00 0 0.00 325 870 378 950 0.00 0.00 0.00 0.00 0.00 0.00 0.00
car 0.00 0 0.00 406 375 429 397 0.00 0.00 0.00 0.00 0.00 0.00 0.00
car 0.00 0 0.00 562 429 606 453 0.00 0.00 0.00 0.00 0.00 0.00 0.00
truck 0.00 0 0.00 463 740 570 794 0.00 0.00 0.00 0.00 0.00 0.00 0.00
truck 0.00 0 0.00 436 792 551 856 0.00 0.00 0.00 0.00 0.00 0.00 0.00
pedestrian 0.00 0 0.00 538 944 544 966 0.00 0.00 0.00 0.00 0.00 0.00 0.00
car 0.00 0 0.00 707 645 735 704 0.00 0.00 0.00 0.00 0.00 0.00 0.00
car 0.00 0 0.00 723 560 748 608 0.00 0.00 0.00 0.00 0.00 0.00 0.00
motor 0.00 0 0.00 630 546 640 572 0.00 0.00 0.00 0.00 0.00 0.00 0.00
car 0.00 0 0.00 714 428 736 456 0.00 0.00 0.00 0.00 0.00 0.00 0.00
motor 0.00 0 0.00 651 388 657 403 0.00 0.00 0.00 0.00 0.00 0.00 0.00
people 0.00 0 0.00 652 387 656 396 0.00 0.00 0.00 0.00 0.00 0.00 0.00
car 0.00 0 0.00 584 381 619 406 0.00 0.00 0.00 0.00 0.00 0.00 0.00
car 0.00 0 0.00 716 258 727 269 0.00 0.00 0.00 0.00 0.00 0.00 0.00
car 0.00 0 0.00 599 269 614 283 0.00 0.00 0.00 0.00 0.00 0.00 0.00
van 0.00 0 0.00 596 260 624 277 0.00 0.00 0.00 0.00 0.00 0.00 0.00
pedestrian 0.00 0 0.00 779 254 784 264 0.00 0.00 0.00 0.00 0.00 0.00 0.00
car 0.00 0 0.00 631 114 650 121 0.00 0.00 0.00 0.00 0.00 0.00 0.00
car 0.00 0 0.00 628 136 650 146 0.00 0.00 0.00 0.00 0.00 0.00 0.00
car 0.00 0 0.00 702 143 715 155 0.00 0.00 0.00 0.00 0.00 0.00 0.00
car 0.00 0 0.00 667 154 680 166 0.00 0.00 0.00 0.00 0.00 0.00 0.00
car 0.00 0 0.00 701 113 711 125 0.00 0.00 0.00 0.00 0.00 0.00 0.00
car 0.00 0 0.00 686 86 698 96 0.00 0.00 0.00 0.00 0.00 0.00 0.00
car 0.00 0 0.00 691 23 699 34 0.00 0.00 0.00 0.00 0.00 0.00 0.00
pedestrian 0.00 0 0.00 805 313 809 323 0.00 0.00 0.00 0.00 0.00 0.00 0.00
pedestrian 0.00 0 0.00 798 313 803 323 0.00 0.00 0.00 0.00 0.00 0.00 0.00
pedestrian 0.00 0 0.00 789 342 793 352 0.00 0.00 0.00 0.00 0.00 0.00 0.00
pedestrian 0.00 0 0.00 790 280 794 291 0.00 0.00 0.00 0.00 0.00 0.00 0.00
pedestrian 0.00 0 0.00 788 566 793 579 0.00 0.00 0.00 0.00 0.00 0.00 0.00
car 0.00 0 0.00 793 612 816 661 0.00 0.00 0.00 0.00 0.00 0.00 0.00
pedestrian 0.00 0 0.00 858 837 863 865 0.00 0.00 0.00 0.00 0.00 0.00 0.00
van 0.00 0 0.00 940 820 987 905 0.00 0.00 0.00 0.00 0.00 0.00 0.00
van 0.00 0 0.00 916 710 952 777 0.00 0.00 0.00 0.00 0.00 0.00 0.00
