pedestrian 0.00 0 0.00 549 894 563 910 0.00 0.00 0.00 0.00 0.00 0.00 0.00
pedestrian 0.00 0 0.00 575 889 590 905 0.00 0.00 0.00 0.00 0.00 0.00 0.00
car 0.00 0 0.00 685 871 743 963 0.00 0.00 0.00 0.00 0.00 0.00 0.00
car 0.00 0 0.00 640 765 683 862 0.00 0.00 0.00 0.00 0.00 0.00 0.00
pedestrian 0.00 0 0.00 543 679 560 695 0.00 0.00 0.00 0.00 0.00 0.00 0.00
motor 0.00 0 0.00 583 566 598 602 0.00 0.00 0.00 0.00 0.00 0.00 0.00
people 0.00 0 0.00 584 574 598 593 0.00 0.00 0.00 0.00 0.00 0.00 0.00
motor 0.00 0 0.00 470 658 498 680 0.00 0.00 0.00 0.00 0.00 0.00 0.00
pedestrian 0.00 0 0.00 474 665 488 678 0.00 0.00 0.00 0.00 0.00 0.00 0.00
pedestrian 0.00 0 0.00 442 620 457 631 0.00 0.00 0.00 0.00 0.00 0.00 0.00
pedestrian 0.00 0 0.00 455 601 475 614 0.00 0.00 0.00 0.00 0.00 0.00 0.00
pedestrian 0.00 0 0.00 493 450 508 461 0.00 0.00 0.00 0.00 0.00 0.00 0.00
pedestrian 0.00 0 0.00 483 404 499 413 0.00 0.00 0.00 0.00 0.00 0.00 0.00
motor 0.00 0 0.00 441 412 461 424 0.00 0.00 0.00 0.00 0.00 0.00 0.00
tricycle 0.00 0 0.00 521 312 546 364 0.00 0.00 0.00 0.00 0.00 0.00 0.00
pedestrian 0.00 0 0.00 560 328 573 341 0.00 0.00 0.00 0.00 0.00 0.00 0.00
pedestrian 0.00 0 0.00 677 361 691 372 0.00 0.00 0.00 0.00 0.00 0.00 0.00
pedestrian 0.00 0 0.00 686 440 698 450 0.00 0.00 0.00 0.00 0.00 0.00 0.00
pedestrian 0.00 0 0.00 665 452 679 467 0.00 0.00 0.00 0.00 0.00 0.00 0.00
motor 0.00 0 0.00 504 238 543 254 0.00 0.00 0.00 0.00 0.00 0.00 0.00
pedestrian 0.00 0 0.00 491 189 505 205 0.00 0.00 0.00 0.00 0.00 0.00 0.00
pedestrian 0.00 0 0.00 550 192 565 211 0.00 0.00 0.00 0.00 0.00 0.00 0.00
pedestrian 0.00 0 0.00 568 149 585 171 0.00 0.00 0.00 0.00 0.00 0.00 0.00
car 0.00 0 0.00 650 145 693 241 0.00 0.00 0.00 0.00 0.00 0.00 0.00
pedestrian 0.00 0 0.00 479 107 489 123 0.00 0.00 0.00 0.00 0.00 0.00 0.00
pedestrian 0.00 0 0.00 474 4 485 29 0.00 0.00 0.00 0.00 0.00 0.00 0.00
pedestrian 0.00 0 0.00 489 17 503 37 0.00 0.00 0.00 0.00 0.00 0.00 0.00
motor 0.00 0 0.00 527 4 561 18 0.00 0.00 0.00 0.00 0.00 0.00 0.00
motor 0.00 0 0.00 515 37 549 54 0.00 0.00 0.00 0.00 0.00 0.00 0.00
motor 0.00 0 0.00 517 120 549 138 0.00 0.00 0.00 0.00 0.00 0.00 0.00
motor 0.00 0 0.00 623 25 637 66 0.00 0.00 0.00 0.00 0.00 0.00 0.00
pedestrian 0.00 0 0.00 699 93 711 119 0.00 0.00 0.00 0.00 0.00 0.00 0.00
bicycle 0.00 0 0.00 732 174 763 187 0.00 0.00 0.00 0.00 0.00 0.00 0.00
bicycle 0.00 0 0.00 736 160 767 178 0.00 0.00 0.00 0.00 0.00 0.00 0.00
car 0.00 0 0.00 699 191 779 229 0.00 0.00 0.00 0.00 0.00 0.00 0.00
motor 0.00 0 0.00 506 472 538 485 0.00 0.00 0.00 0.00 0.00 0.00 0.00
people 0.00 0 0.00 704 486 718 501 0.00 0.00 0.00 0.00 0.00 0.00 0.00
people 0.00 0 0.00 724 480 738 492 0.00 0.00 0.00 0.00 0.00 0.00 0.00
people 0.00 0 0.00 720 532 738 545 0.00 0.00 0.00 0.00 0.00 0.00 0.00
people 0.00 0 0.00 730 569 743 580 0.00 0.00 0.00 0.00 0.00 0.00 0.00
