car 0.00 0 0.00 787 772 841 860 0.00 0.00 0.00 0.00 0.00 0.00 0.00
car 0.00 0 0.00 682 667 724 764 0.00 0.00 0.00 0.00 0.00 0.00 0.00
car 0.00 0 0.00 751 527 782 569 0.00 0.00 0.00 0.00 0.00 0.00 0.00
pedestrian 0.00 0 0.00 253 854 275 907 0.00 0.00 0.00 0.00 0.00 0.00 0.00
car 0.00 0 0.00 371 710 440 803 0.00 0.00 0.00 0.00 0.00 0.00 0.00
car 0.00 0 0.00 413 647 472 722 0.00 0.00 0.00 0.00 0.00 0.00 0.00
car 0.00 0 0.00 728 143 736 151 0.00 0.00 0.00 0.00 0.00 0.00 0.00
car 0.00 0 0.00 738 144 745 150 0.00 0.00 0.00 0.00 0.00 0.00 0.00
car 0.00 0 0.00 740 155 746 162 0.00 0.00 0.00 0.00 0.00 0.00 0.00
car 0.00 0 0.00 728 158 736 164 0.00 0.00 0.00 0.00 0.00 0.00 0.00
car 0.00 0 0.00 733 196 742 202 0.00 0.00 0.00 0.00 0.00 0.00 0.00
car 0.00 0 0.00 733 206 742 213 0.00 0.00 0.00 0.00 0.00 0.00 0.00
car 0.00 0 0.00 742 214 752 223 0.00 0.00 0.00 0.00 0.00 0.00 0.00
car 0.00 0 0.00 734 222 744 229 0.00 0.00 0.00 0.00 0.00 0.00 0.00
car 0.00 0 0.00 754 224 765 235 0.00 0.00 0.00 0.00 0.00 0.00 0.00
car 0.00 0 0.00 756 238 769 245 0.00 0.00 0.00 0.00 0.00 0.00 0.00
car 0.00 0 0.00 740 257 751 267 0.00 0.00 0.00 0.00 0.00 0.00 0.00
car 0.00 0 0.00 691 252 707 264 0.00 0.00 0.00 0.00 0.00 0.00 0.00
car 0.00 0 0.00 709 257 724 273 0.00 0.00 0.00 0.00 0.00 0.00 0.00
car 0.00 0 0.00 740 291 757 306 0.00 0.00 0.00 0.00 0.00 0.00 0.00
car 0.00 0 0.00 707 290 723 304 0.00 0.00 0.00 0.00 0.00 0.00 0.00
car 0.00 0 0.00 736 127 743 134 0.00 0.00 0.00 0.00 0.00 0.00 0.00
motor 0.00 0 0.00 767 260 772 271 0.00 0.00 0.00 0.00 0.00 0.00 0.00
people 0.00 0 0.00 769 260 771 266 0.00 0.00 0.00 0.00 0.00 0.00 0.00
pedestrian 0.00 0 0.00 605 360 612 376 0.00 0.00 0.00 0.00 0.00 0.00 0.00
pedestrian 0.00 0 0.00 601 378 607 393 0.00 0.00 0.00 0.00 0.00 0.00 0.00
pedestrian 0.00 0 0.00 618 310 623 321 0.00 0.00 0.00 0.00 0.00 0.00 0.00
pedestrian 0.00 0 0.00 635 308 638 320 0.00 0.00 0.00 0.00 0.00 0.00 0.00
car 0.00 0 0.00 643 118 654 126 0.00 0.00 0.00 0.00 0.00 0.00 0.00
van 0.00 0 0.00 746 440 771 474 0.00 0.00 0.00 0.00 0.00 0.00 0.00
car 0.00 0 0.00 700 484 728 533 0.00 0.00 0.00 0.00 0.00 0.00 0.00
car 0.00 0 0.00 450 585 500 646 0.00 0.00 0.00 0.00 0.00 0.00 0.00
car 0.00 0 0.00 485 542 523 591 0.00 0.00 0.00 0.00 0.00 0.00 0.00
van 0.00 0 0.00 493 495 539 550 0.00 0.00 0.00 0.00 0.00 0.00 0.00
motor 0.00 0 0.00 1012 682 1024 714 0.00 0.00 0.00 0.00 0.00 0.00 0.00
motor 0.00 0 0.00 997 684 1010 715 0.00 0.00 0.00 0.00 0.00 0.00 0.00
motor 0.00 0 0.00 1003 639 1013 664 0.00 0.00 0.00 0.00 0.00 0.00 0.00
motor 0.00 0 0.00 911 511 919 530 0.00 0.00 0.00 0.00 0.00 0.00 0.00
motor 0.00 0 0.00 906 467 912 485 0.00 0.00 0.00 0.00 0.00 0.00 0.00
motor 0.00 0 0.00 891 469 898 485 0.00 0.00 0.00 0.00 0.00 0.00 0.00
motor 0.00 0 0.00 897 408 904 423 0.00 0.00 0.00 0.00 0.00 0.00 0.00
motor 0.00 0 0.00 886 409 893 423 0.00 0.00 0.00 0.00 0.00 0.00 0.00
motor 0.00 0 0.00 782 205 786 212 0.00 0.00 0.00 0.00 0.00 0.00 0.00
motor 0.00 0 0.00 769 172 772 179 0.00 0.00 0.00 0.00 0.00 0.00 0.00
motor 0.00 0 0.00 786 216 789 224 0.00 0.00 0.00 0.00 0.00 0.00 0.00
car 0.00 0 0.00 952 523 988 567 0.00 0.00 0.00 0.00 0.00 0.00 0.00
motor 0.00 0 0.00 1008 252 1017 265 0.00 0.00 0.00 0.00 0.00 0.00 0.00
van 0.00 0 0.00 910 209 941 227 0.00 0.00 0.00 0.00 0.00 0.00 0.00
bus 0.00 0 0.00 1008 201 1031 219 0.00 0.00 0.00 0.00 0.00 0.00 0.00
people 0.00 0 0.00 1015 678 1022 693 0.00 0.00 0.00 0.00 0.00 0.00 0.00
people 0.00 0 0.00 1001 679 1008 699 0.00 0.00 0.00 0.00 0.00 0.00 0.00
people 0.00 0 0.00 1006 632 1011 648 0.00 0.00 0.00 0.00 0.00 0.00 0.00
people 0.00 0 0.00 976 677 988 697 0.00 0.00 0.00 0.00 0.00 0.00 0.00
people 0.00 0 0.00 911 505 917 518 0.00 0.00 0.00 0.00 0.00 0.00 0.00
people 0.00 0 0.00 892 461 897 473 0.00 0.00 0.00 0.00 0.00 0.00 0.00
people 0.00 0 0.00 906 462 911 474 0.00 0.00 0.00 0.00 0.00 0.00 0.00
people 0.00 0 0.00 897 408 901 415 0.00 0.00 0.00 0.00 0.00 0.00 0.00
people 0.00 0 0.00 889 405 893 416 0.00 0.00 0.00 0.00 0.00 0.00 0.00
people 0.00 0 0.00 770 172 773 177 0.00 0.00 0.00 0.00 0.00 0.00 0.00
people 0.00 0 0.00 784 204 787 210 0.00 0.00 0.00 0.00 0.00 0.00 0.00
people 0.00 0 0.00 775 186 778 190 0.00 0.00 0.00 0.00 0.00 0.00 0.00
people 0.00 0 0.00 786 217 790 221 0.00 0.00 0.00 0.00 0.00 0.00 0.00
motor 0.00 0 0.00 774 186 778 196 0.00 0.00 0.00 0.00 0.00 0.00 0.00
people 0.00 0 0.00 1009 254 1016 260 0.00 0.00 0.00 0.00 0.00 0.00 0.00
car 0.00 0 0.00 801 492 835 528 0.00 0.00 0.00 0.00 0.00 0.00 0.00
motor 0.00 0 0.00 845 534 854 566 0.00 0.00 0.00 0.00 0.00 0.00 0.00
people 0.00 0 0.00 848 528 855 546 0.00 0.00 0.00 0.00 0.00 0.00 0.00
