car 0.00 0 0.00 916 1000 992 1077 0.00 0.00 0.00 0.00 0.00 0.00 0.00
truck 0.00 0 0.00 780 889 873 1077 0.00 0.00 0.00 0.00 0.00 0.00 0.00
awning-tricycle 0.00 0 0.00 839 675 887 781 0.00 0.00 0.00 0.00 0.00 0.00 0.00
truck 0.00 0 0.00 946 616 1025 806 0.00 0.00 0.00 0.00 0.00 0.00 0.00
car 0.00 0 0.00 966 441 1024 556 0.00 0.00 0.00 0.00 0.00 0.00 0.00
people 0.00 0 0.00 990 496 1002 513 0.00 0.00 0.00 0.00 0.00 0.00 0.00
pedestrian 0.00 0 0.00 878 255 894 295 0.00 0.00 0.00 0.00 0.00 0.00 0.00
pedestrian 0.00 0 0.00 894 159 906 196 0.00 0.00 0.00 0.00 0.00 0.00 0.00
motor 0.00 0 0.00 926 121 938 158 0.00 0.00 0.00 0.00 0.00 0.00 0.00
tricycle 0.00 0 0.00 1113 91 1137 134 0.00 0.00 0.00 0.00 0.00 0.00 0.00
car 0.00 0 0.00 1213 602 1375 666 0.00 0.00 0.00 0.00 0.00 0.00 0.00
motor 0.00 0 0.00 1282 515 1334 541 0.00 0.00 0.00 0.00 0.00 0.00 0.00
motor 0.00 0 0.00 1212 441 1340 504 0.00 0.00 0.00 0.00 0.00 0.00 0.00
pedestrian 0.00 0 0.00 1716 403 1768 460 0.00 0.00 0.00 0.00 0.00 0.00 0.00
tricycle 0.00 0 0.00 1430 1018 1556 1077 0.00 0.00 0.00 0.00 0.00 0.00 0.00
pedestrian 0.00 0 0.00 894 10 906 40 0.00 0.00 0.00 0.00 0.00 0.00 0.00
bicycle 0.00 0 0.00 898 17 905 52 0.00 0.00 0.00 0.00 0.00 0.00 0.00
pedestrian 0.00 0 0.00 957 4 969 37 0.00 0.00 0.00 0.00 0.00 0.00 0.00
bicycle 0.00 0 0.00 960 16 971 47 0.00 0.00 0.00 0.00 0.00 0.00 0.00
motor 0.00 0 0.00 957 110 971 146 0.00 0.00 0.00 0.00 0.00 0.00 0.00
motor 0.00 0 0.00 1349 722 1406 751 0.00 0.00 0.00 0.00 0.00 0.00 0.00
people 0.00 0 0.00 923 113 938 142 0.00 0.00 0.00 0.00 0.00 0.00 0.00
people 0.00 0 0.00 957 102 969 131 0.00 0.00 0.00 0.00 0.00 0.00 0.00
people 0.00 0 0.00 909 540 931 563 0.00 0.00 0.00 0.00 0.00 0.00 0.00
tricycle 0.00 0 0.00 907 522 932 587 0.00 0.00 0.00 0.00 0.00 0.00 0.00
people 0.00 0 0.00 1111 1009 1137 1040 0.00 0.00 0.00 0.00 0.00 0.00 0.00
motor 0.00 0 0.00 1115 990 1132 1059 0.00 0.00 0.00 0.00 0.00 0.00 0.00
van 0.00 0 0.00 736 0 806 36 0.00 0.00 0.00 0.00 0.00 0.00 0.00
