pedestrian 0.00 0 0.00 575 839 592 861 0.00 0.00 0.00 0.00 0.00 0.00 0.00
pedestrian 0.00 0 0.00 923 349 937 379 0.00 0.00 0.00 0.00 0.00 0.00 0.00
pedestrian 0.00 0 0.00 1350 607 1382 636 0.00 0.00 0.00 0.00 0.00 0.00 0.00
pedestrian 0.00 0 0.00 1059 328 1074 356 0.00 0.00 0.00 0.00 0.00 0.00 0.00
pedestrian 0.00 0 0.00 1073 322 1094 356 0.00 0.00 0.00 0.00 0.00 0.00 0.00
pedestrian 0.00 0 0.00 1018 70 1034 99 0.00 0.00 0.00 0.00 0.00 0.00 0.00
pedestrian 0.00 0 0.00 626 9 642 32 0.00 0.00 0.00 0.00 0.00 0.00 0.00
pedestrian 0.00 0 0.00 663 118 676 141 0.00 0.00 0.00 0.00 0.00 0.00 0.00
car 0.00 0 0.00 13 54 86 87 0.00 0.00 0.00 0.00 0.00 0.00 0.00
car 0.00 0 0.00 138 379 190 461 0.00 0.00 0.00 0.00 0.00 0.00 0.00
car 0.00 0 0.00 265 412 360 452 0.00 0.00 0.00 0.00 0.00 0.00 0.00
car 0.00 0 0.00 769 797 836 938 0.00 0.00 0.00 0.00 0.00 0.00 0.00
car 0.00 0 0.00 1296 618 1359 707 0.00 0.00 0.00 0.00 0.00 0.00 0.00
car 0.00 0 0.00 832 522 880 611 0.00 0.00 0.00 0.00 0.00 0.00 0.00
car 0.00 0 0.00 885 859 957 1024 0.00 0.00 0.00 0.00 0.00 0.00 0.00
car 0.00 0 0.00 776 307 822 371 0.00 0.00 0.00 0.00 0.00 0.00 0.00
car 0.00 0 0.00 792 166 827 214 0.00 0.00 0.00 0.00 0.00 0.00 0.00
car 0.00 0 0.00 834 143 874 187 0.00 0.00 0.00 0.00 0.00 0.00 0.00
car 0.00 0 0.00 894 129 933 179 0.00 0.00 0.00 0.00 0.00 0.00 0.00
car 0.00 0 0.00 909 217 955 268 0.00 0.00 0.00 0.00 0.00 0.00 0.00
car 0.00 0 0.00 876 19 903 51 0.00 0.00 0.00 0.00 0.00 0.00 0.00
car 0.00 0 0.00 844 67 876 111 0.00 0.00 0.00 0.00 0.00 0.00 0.00
car 0.00 0 0.00 729 8 753 44 0.00 0.00 0.00 0.00 0.00 0.00 0.00
car 0.00 0 0.00 792 31 833 67 0.00 0.00 0.00 0.00 0.00 0.00 0.00
car 0.00 0 0.00 779 0 815 22 0.00 0.00 0.00 0.00 0.00 0.00 0.00
car 0.00 0 0.00 1246 398 1307 466 0.00 0.00 0.00 0.00 0.00 0.00 0.00
truck 0.00 0 0.00 1096 123 1205 283 0.00 0.00 0.00 0.00 0.00 0.00 0.00
pedestrian 0.00 0 0.00 588 439 602 462 0.00 0.00 0.00 0.00 0.00 0.00 0.00
car 0.00 0 0.00 218 218 262 273 0.00 0.00 0.00 0.00 0.00 0.00 0.00
car 0.00 0 0.00 225 159 298 217 0.00 0.00 0.00 0.00 0.00 0.00 0.00
car 0.00 0 0.00 300 54 370 80 0.00 0.00 0.00 0.00 0.00 0.00 0.00
car 0.00 0 0.00 270 94 338 124 0.00 0.00 0.00 0.00 0.00 0.00 0.00
car 0.00 0 0.00 356 159 423 192 0.00 0.00 0.00 0.00 0.00 0.00 0.00
car 0.00 0 0.00 278 367 366 411 0.00 0.00 0.00 0.00 0.00 0.00 0.00
car 0.00 0 0.00 43 571 98 658 0.00 0.00 0.00 0.00 0.00 0.00 0.00
car 0.00 0 0.00 93 471 157 551 0.00 0.00 0.00 0.00 0.00 0.00 0.00
car 0.00 0 0.00 0 703 52 797 0.00 0.00 0.00 0.00 0.00 0.00 0.00
car 0.00 0 0.00 27 228 120 273 0.00 0.00 0.00 0.00 0.00 0.00 0.00
van 0.00 0 0.00 118 181 167 236 0.00 0.00 0.00 0.00 0.00 0.00 0.00
car 0.00 0 0.00 77 21 150 46 0.00 0.00 0.00 0.00 0.00 0.00 0.00
car 0.00 0 0.00 22 30 95 63 0.00 0.00 0.00 0.00 0.00 0.00 0.00
car 0.00 0 0.00 135 37 208 66 0.00 0.00 0.00 0.00 0.00 0.00 0.00
car 0.00 0 0.00 176 14 243 43 0.00 0.00 0.00 0.00 0.00 0.00 0.00
car 0.00 0 0.00 235 28 292 61 0.00 0.00 0.00 0.00 0.00 0.00 0.00
car 0.00 0 0.00 258 13 324 36 0.00 0.00 0.00 0.00 0.00 0.00 0.00
car 0.00 0 0.00 0 21 37 43 0.00 0.00 0.00 0.00 0.00 0.00 0.00
car 0.00 0 0.00 112 56 183 78 0.00 0.00 0.00 0.00 0.00 0.00 0.00
van 0.00 0 0.00 217 47 285 82 0.00 0.00 0.00 0.00 0.00 0.00 0.00
van 0.00 0 0.00 315 31 378 62 0.00 0.00 0.00 0.00 0.00 0.00 0.00
van 0.00 0 0.00 343 3 409 42 0.00 0.00 0.00 0.00 0.00 0.00 0.00
van 0.00 0 0.00 300 338 377 370 0.00 0.00 0.00 0.00 0.00 0.00 0.00
car 0.00 0 0.00 324 250 403 282 0.00 0.00 0.00 0.00 0.00 0.00 0.00
car 0.00 0 0.00 307 308 387 346 0.00 0.00 0.00 0.00 0.00 0.00 0.00
car 0.00 0 0.00 313 278 394 310 0.00 0.00 0.00 0.00 0.00 0.00 0.00
car 0.00 0 0.00 332 227 409 261 0.00 0.00 0.00 0.00 0.00 0.00 0.00
car 0.00 0 0.00 335 201 419 233 0.00 0.00 0.00 0.00 0.00 0.00 0.00
car 0.00 0 0.00 693 847 754 990 0.00 0.00 0.00 0.00 0.00 0.00 0.00
car 0.00 0 0.00 689 169 728 222 0.00 0.00 0.00 0.00 0.00 0.00 0.00
people 0.00 0 0.00 168 144 181 160 0.00 0.00 0.00 0.00 0.00 0.00 0.00
people 0.00 0 0.00 504 10 513 28 0.00 0.00 0.00 0.00 0.00 0.00 0.00
people 0.00 0 0.00 687 20 693 34 0.00 0.00 0.00 0.00 0.00 0.00 0.00
people 0.00 0 0.00 584 62 594 81 0.00 0.00 0.00 0.00 0.00 0.00 0.00
people 0.00 0 0.00 736 185 746 205 0.00 0.00 0.00 0.00 0.00 0.00 0.00
people 0.00 0 0.00 1011 296 1020 318 0.00 0.00 0.00 0.00 0.00 0.00 0.00
people 0.00 0 0.00 994 100 1007 117 0.00 0.00 0.00 0.00 0.00 0.00 0.00
people 0.00 0 0.00 1053 406 1068 423 0.00 0.00 0.00 0.00 0.00 0.00 0.00
people 0.00 0 0.00 764 664 786 682 0.00 0.00 0.00 0.00 0.00 0.00 0.00
car 0.00 0 0.00 674 669 736 796 0.00 0.00 0.00 0.00 0.00 0.00 0.00
bicycle 0.00 0 0.00 766 670 786 706 0.00 0.00 0.00 0.00 0.00 0.00 0.00
pedestrian 0.00 0 0.00 1370 600 1390 629 0.00 0.00 0.00 0.00 0.00 0.00 0.00
motor 0.00 0 0.00 1053 411 1080 439 0.00 0.00 0.00 0.00 0.00 0.00 0.00
motor 0.00 0 0.00 1007 301 1023 324 0.00 0.00 0.00 0.00 0.00 0.00 0.00
motor 0.00 0 0.00 735 192 748 216 0.00 0.00 0.00 0.00 0.00 0.00 0.00
bicycle 0.00 0 0.00 994 109 1007 123 0.00 0.00 0.00 0.00 0.00 0.00 0.00
motor 0.00 0 0.00 685 23 696 40 0.00 0.00 0.00 0.00 0.00 0.00 0.00
motor 0.00 0 0.00 577 71 608 89 0.00 0.00 0.00 0.00 0.00 0.00 0.00
bicycle 0.00 0 0.00 501 18 518 35 0.00 0.00 0.00 0.00 0.00 0.00 0.00
motor 0.00 0 0.00 167 149 194 169 0.00 0.00 0.00 0.00 0.00 0.00 0.00
pedestrian 0.00 0 0.00 490 54 500 78 0.00 0.00 0.00 0.00 0.00 0.00 0.00
pedestrian 0.00 0 0.00 496 63 503 73 0.00 0.00 0.00 0.00 0.00 0.00 0.00
pedestrian 0.00 0 0.00 400 144 411 162 0.00 0.00 0.00 0.00 0.00 0.00 0.00
pedestrian 0.00 0 0.00 404 138 418 162 0.00 0.00 0.00 0.00 0.00 0.00 0.00
pedestrian 0.00 0 0.00 542 139 554 169 0.00 0.00 0.00 0.00 0.00 0.00 0.00
pedestrian 0.00 0 0.00 598 154 609 172 0.00 0.00 0.00 0.00 0.00 0.00 0.00
pedestrian 0.00 0 0.00 610 81 623 106 0.00 0.00 0.00 0.00 0.00 0.00 0.00
pedestrian 0.00 0 0.00 571 151 579 179 0.00 0.00 0.00 0.00 0.00 0.00 0.00
pedestrian 0.00 0 0.00 603 557 619 590 0.00 0.00 0.00 0.00 0.00 0.00 0.00
pedestrian 0.00 0 0.00 594 546 611 569 0.00 0.00 0.00 0.00 0.00 0.00 0.00
