truck 0.00 0 0.00 1134 634 1258 725 0.00 0.00 0.00 0.00 0.00 0.00 0.00
truck 0.00 0 0.00 1286 642 1400 736 0.00 0.00 0.00 0.00 0.00 0.00 0.00
car 0.00 0 0.00 657 384 708 412 0.00 0.00 0.00 0.00 0.00 0.00 0.00
car 0.00 0 0.00 423 321 458 350 0.00 0.00 0.00 0.00 0.00 0.00 0.00
car 0.00 0 0.00 398 292 438 318 0.00 0.00 0.00 0.00 0.00 0.00 0.00
car 0.00 0 0.00 885 393 938 432 0.00 0.00 0.00 0.00 0.00 0.00 0.00
car 0.00 0 0.00 543 262 582 291 0.00 0.00 0.00 0.00 0.00 0.00 0.00
car 0.00 0 0.00 192 251 231 275 0.00 0.00 0.00 0.00 0.00 0.00 0.00
car 0.00 0 0.00 8 204 45 230 0.00 0.00 0.00 0.00 0.00 0.00 0.00
pedestrian 0.00 0 0.00 383 502 391 523 0.00 0.00 0.00 0.00 0.00 0.00 0.00
pedestrian 0.00 0 0.00 275 674 289 695 0.00 0.00 0.00 0.00 0.00 0.00 0.00
pedestrian 0.00 0 0.00 309 656 318 676 0.00 0.00 0.00 0.00 0.00 0.00 0.00
pedestrian 0.00 0 0.00 299 656 309 674 0.00 0.00 0.00 0.00 0.00 0.00 0.00
