car 0.00 0 0.00 947 654 1146 843 0.00 0.00 0.00 0.00 0.00 0.00 0.00
car 0.00 0 0.00 3 682 233 909 0.00 0.00 0.00 0.00 0.00 0.00 0.00
car 0.00 0 0.00 198 594 392 733 0.00 0.00 0.00 0.00 0.00 0.00 0.00
car 0.00 0 0.00 364 506 501 612 0.00 0.00 0.00 0.00 0.00 0.00 0.00
car 0.00 0 0.00 463 473 567 542 0.00 0.00 0.00 0.00 0.00 0.00 0.00
car 0.00 0 0.00 552 430 624 494 0.00 0.00 0.00 0.00 0.00 0.00 0.00
car 0.00 0 0.00 947 555 1092 671 0.00 0.00 0.00 0.00 0.00 0.00 0.00
van 0.00 0 0.00 873 469 1058 581 0.00 0.00 0.00 0.00 0.00 0.00 0.00
car 0.00 0 0.00 924 401 988 482 0.00 0.00 0.00 0.00 0.00 0.00 0.00
car 0.00 0 0.00 1000 383 1130 437 0.00 0.00 0.00 0.00 0.00 0.00 0.00
car 0.00 0 0.00 857 382 969 431 0.00 0.00 0.00 0.00 0.00 0.00 0.00
car 0.00 0 0.00 959 367 1056 414 0.00 0.00 0.00 0.00 0.00 0.00 0.00
car 0.00 0 0.00 604 404 677 460 0.00 0.00 0.00 0.00 0.00 0.00 0.00
car 0.00 0 0.00 565 396 657 440 0.00 0.00 0.00 0.00 0.00 0.00 0.00
car 0.00 0 0.00 498 380 591 428 0.00 0.00 0.00 0.00 0.00 0.00 0.00
car 0.00 0 0.00 585 376 694 418 0.00 0.00 0.00 0.00 0.00 0.00 0.00
car 0.00 0 0.00 495 367 585 406 0.00 0.00 0.00 0.00 0.00 0.00 0.00
car 0.00 0 0.00 666 374 732 405 0.00 0.00 0.00 0.00 0.00 0.00 0.00
car 0.00 0 0.00 708 363 780 402 0.00 0.00 0.00 0.00 0.00 0.00 0.00
car 0.00 0 0.00 734 357 799 392 0.00 0.00 0.00 0.00 0.00 0.00 0.00
car 0.00 0 0.00 754 346 812 374 0.00 0.00 0.00 0.00 0.00 0.00 0.00
car 0.00 0 0.00 774 336 824 366 0.00 0.00 0.00 0.00 0.00 0.00 0.00
car 0.00 0 0.00 787 335 844 361 0.00 0.00 0.00 0.00 0.00 0.00 0.00
car 0.00 0 0.00 797 330 851 353 0.00 0.00 0.00 0.00 0.00 0.00 0.00
car 0.00 0 0.00 820 326 864 344 0.00 0.00 0.00 0.00 0.00 0.00 0.00
car 0.00 0 0.00 820 319 868 341 0.00 0.00 0.00 0.00 0.00 0.00 0.00
car 0.00 0 0.00 835 316 876 338 0.00 0.00 0.00 0.00 0.00 0.00 0.00
car 0.00 0 0.00 847 316 885 339 0.00 0.00 0.00 0.00 0.00 0.00 0.00
van 0.00 0 0.00 842 306 898 334 0.00 0.00 0.00 0.00 0.00 0.00 0.00
car 0.00 0 0.00 855 306 906 329 0.00 0.00 0.00 0.00 0.00 0.00 0.00
car 0.00 0 0.00 878 305 914 323 0.00 0.00 0.00 0.00 0.00 0.00 0.00
car 0.00 0 0.00 887 302 921 320 0.00 0.00 0.00 0.00 0.00 0.00 0.00
car 0.00 0 0.00 883 299 917 314 0.00 0.00 0.00 0.00 0.00 0.00 0.00
car 0.00 0 0.00 898 297 936 313 0.00 0.00 0.00 0.00 0.00 0.00 0.00
car 0.00 0 0.00 911 292 939 309 0.00 0.00 0.00 0.00 0.00 0.00 0.00
car 0.00 0 0.00 914 290 947 306 0.00 0.00 0.00 0.00 0.00 0.00 0.00
car 0.00 0 0.00 920 287 953 303 0.00 0.00 0.00 0.00 0.00 0.00 0.00
car 0.00 0 0.00 932 282 961 298 0.00 0.00 0.00 0.00 0.00 0.00 0.00
pedestrian 0.00 0 0.00 988 283 994 298 0.00 0.00 0.00 0.00 0.00 0.00 0.00
car 0.00 0 0.00 1018 313 1047 337 0.00 0.00 0.00 0.00 0.00 0.00 0.00
car 0.00 0 0.00 939 359 981 390 0.00 0.00 0.00 0.00 0.00 0.00 0.00
car 0.00 0 0.00 922 352 973 388 0.00 0.00 0.00 0.00 0.00 0.00 0.00
car 0.00 0 0.00 946 340 990 370 0.00 0.00 0.00 0.00 0.00 0.00 0.00
car 0.00 0 0.00 938 337 982 361 0.00 0.00 0.00 0.00 0.00 0.00 0.00
car 0.00 0 0.00 950 329 986 356 0.00 0.00 0.00 0.00 0.00 0.00 0.00
car 0.00 0 0.00 962 321 998 346 0.00 0.00 0.00 0.00 0.00 0.00 0.00
car 0.00 0 0.00 977 322 1013 343 0.00 0.00 0.00 0.00 0.00 0.00 0.00
car 0.00 0 0.00 1044 896 1368 1050 0.00 0.00 0.00 0.00 0.00 0.00 0.00
