car 0.00 0 0.00 816 868 913 961 0.00 0.00 0.00 0.00 0.00 0.00 0.00
car 0.00 0 0.00 916 804 1007 897 0.00 0.00 0.00 0.00 0.00 0.00 0.00
car 0.00 0 0.00 632 985 723 1077 0.00 0.00 0.00 0.00 0.00 0.00 0.00
car 0.00 0 0.00 1453 421 1531 473 0.00 0.00 0.00 0.00 0.00 0.00 0.00
car 0.00 0 0.00 1519 348 1597 397 0.00 0.00 0.00 0.00 0.00 0.00 0.00
car 0.00 0 0.00 1550 315 1623 362 0.00 0.00 0.00 0.00 0.00 0.00 0.00
car 0.00 0 0.00 1748 263 1792 310 0.00 0.00 0.00 0.00 0.00 0.00 0.00
car 0.00 0 0.00 1708 267 1751 307 0.00 0.00 0.00 0.00 0.00 0.00 0.00
truck 0.00 0 0.00 1493 182 1632 257 0.00 0.00 0.00 0.00 0.00 0.00 0.00
van 0.00 0 0.00 1726 29 1754 66 0.00 0.00 0.00 0.00 0.00 0.00 0.00
car 0.00 0 0.00 1810 52 1839 85 0.00 0.00 0.00 0.00 0.00 0.00 0.00
car 0.00 0 0.00 1842 54 1875 89 0.00 0.00 0.00 0.00 0.00 0.00 0.00
car 0.00 0 0.00 1882 62 1914 98 0.00 0.00 0.00 0.00 0.00 0.00 0.00
car 0.00 0 0.00 1004 146 1050 180 0.00 0.00 0.00 0.00 0.00 0.00 0.00
car 0.00 0 0.00 974 128 1017 159 0.00 0.00 0.00 0.00 0.00 0.00 0.00
car 0.00 0 0.00 205 594 270 667 0.00 0.00 0.00 0.00 0.00 0.00 0.00
car 0.00 0 0.00 145 609 209 685 0.00 0.00 0.00 0.00 0.00 0.00 0.00
car 0.00 0 0.00 32 650 96 732 0.00 0.00 0.00 0.00 0.00 0.00 0.00
car 0.00 0 0.00 0 433 44 488 0.00 0.00 0.00 0.00 0.00 0.00 0.00
awning-tricycle 0.00 0 0.00 279 679 348 760 0.00 0.00 0.00 0.00 0.00 0.00 0.00
