tricycle 0.00 0 0.00 83 20 106 47 0.00 0.00 0.00 0.00 0.00 0.00 0.00
people 0.00 0 0.00 93 23 100 38 0.00 0.00 0.00 0.00 0.00 0.00 0.00
motor 0.00 0 0.00 109 0 131 10 0.00 0.00 0.00 0.00 0.00 0.00 0.00
car 0.00 0 0.00 0 621 54 665 0.00 0.00 0.00 0.00 0.00 0.00 0.00
motor 0.00 0 0.00 6 669 40 707 0.00 0.00 0.00 0.00 0.00 0.00 0.00
awning-tricycle 0.00 0 0.00 40 679 104 712 0.00 0.00 0.00 0.00 0.00 0.00 0.00
awning-tricycle 0.00 0 0.00 209 572 277 614 0.00 0.00 0.00 0.00 0.00 0.00 0.00
people 0.00 0 0.00 245 584 259 601 0.00 0.00 0.00 0.00 0.00 0.00 0.00
pedestrian 0.00 0 0.00 378 853 395 878 0.00 0.00 0.00 0.00 0.00 0.00 0.00
people 0.00 0 0.00 360 837 382 858 0.00 0.00 0.00 0.00 0.00 0.00 0.00
bicycle 0.00 0 0.00 369 854 398 886 0.00 0.00 0.00 0.00 0.00 0.00 0.00
motor 0.00 0 0.00 360 833 383 878 0.00 0.00 0.00 0.00 0.00 0.00 0.00
people 0.00 0 0.00 683 771 700 793 0.00 0.00 0.00 0.00 0.00 0.00 0.00
motor 0.00 0 0.00 682 760 699 815 0.00 0.00 0.00 0.00 0.00 0.00 0.00
truck 0.00 0 0.00 818 612 867 723 0.00 0.00 0.00 0.00 0.00 0.00 0.00
car 0.00 0 0.00 743 547 778 621 0.00 0.00 0.00 0.00 0.00 0.00 0.00
car 0.00 0 0.00 803 390 836 453 0.00 0.00 0.00 0.00 0.00 0.00 0.00
people 0.00 0 0.00 524 435 538 449 0.00 0.00 0.00 0.00 0.00 0.00 0.00
people 0.00 0 0.00 555 425 569 442 0.00 0.00 0.00 0.00 0.00 0.00 0.00
people 0.00 0 0.00 603 397 616 414 0.00 0.00 0.00 0.00 0.00 0.00 0.00
motor 0.00 0 0.00 524 435 539 459 0.00 0.00 0.00 0.00 0.00 0.00 0.00
motor 0.00 0 0.00 554 425 571 453 0.00 0.00 0.00 0.00 0.00 0.00 0.00
motor 0.00 0 0.00 604 397 620 427 0.00 0.00 0.00 0.00 0.00 0.00 0.00
car 0.00 0 0.00 626 228 665 278 0.00 0.00 0.00 0.00 0.00 0.00 0.00
car 0.00 0 0.00 764 209 790 254 0.00 0.00 0.00 0.00 0.00 0.00 0.00
car 0.00 0 0.00 824 120 848 167 0.00 0.00 0.00 0.00 0.00 0.00 0.00
car 0.00 0 0.00 616 55 641 91 0.00 0.00 0.00 0.00 0.00 0.00 0.00
truck 0.00 0 0.00 711 34 744 73 0.00 0.00 0.00 0.00 0.00 0.00 0.00
people 0.00 0 0.00 727 116 737 133 0.00 0.00 0.00 0.00 0.00 0.00 0.00
motor 0.00 0 0.00 728 120 737 140 0.00 0.00 0.00 0.00 0.00 0.00 0.00
people 0.00 0 0.00 739 0 746 7 0.00 0.00 0.00 0.00 0.00 0.00 0.00
motor 0.00 0 0.00 737 0 748 16 0.00 0.00 0.00 0.00 0.00 0.00 0.00
truck 0.00 0 0.00 930 0 958 28 0.00 0.00 0.00 0.00 0.00 0.00 0.00
people 0.00 0 0.00 993 83 1002 98 0.00 0.00 0.00 0.00 0.00 0.00 0.00
motor 0.00 0 0.00 991 84 1001 106 0.00 0.00 0.00 0.00 0.00 0.00 0.00
motor 0.00 0 0.00 1324 322 1355 345 0.00 0.00 0.00 0.00 0.00 0.00 0.00
car 0.00 0 0.00 1277 292 1314 339 0.00 0.00 0.00 0.00 0.00 0.00 0.00
car 0.00 0 0.00 1292 349 1345 403 0.00 0.00 0.00 0.00 0.00 0.00 0.00
car 0.00 0 0.00 1352 474 1400 541 0.00 0.00 0.00 0.00 0.00 0.00 0.00
motor 0.00 0 0.00 121 979 174 1002 0.00 0.00 0.00 0.00 0.00 0.00 0.00
