car 0.00 0 0.00 684 679 728 777 0.00 0.00 0.00 0.00 0.00 0.00 0.00
van 0.00 0 0.00 696 486 733 572 0.00 0.00 0.00 0.00 0.00 0.00 0.00
truck 0.00 0 0.00 754 475 797 590 0.00 0.00 0.00 0.00 0.00 0.00 0.00
motor 0.00 0 0.00 717 437 730 478 0.00 0.00 0.00 0.00 0.00 0.00 0.00
motor 0.00 0 0.00 684 465 697 508 0.00 0.00 0.00 0.00 0.00 0.00 0.00
car 0.00 0 0.00 749 375 782 447 0.00 0.00 0.00 0.00 0.00 0.00 0.00
car 0.00 0 0.00 706 349 738 410 0.00 0.00 0.00 0.00 0.00 0.00 0.00
car 0.00 0 0.00 749 284 776 333 0.00 0.00 0.00 0.00 0.00 0.00 0.00
car 0.00 0 0.00 699 264 731 325 0.00 0.00 0.00 0.00 0.00 0.00 0.00
car 0.00 0 0.00 754 209 782 264 0.00 0.00 0.00 0.00 0.00 0.00 0.00
car 0.00 0 0.00 718 124 742 168 0.00 0.00 0.00 0.00 0.00 0.00 0.00
car 0.00 0 0.00 713 33 737 82 0.00 0.00 0.00 0.00 0.00 0.00 0.00
truck 0.00 0 0.00 749 13 781 89 0.00 0.00 0.00 0.00 0.00 0.00 0.00
car 0.00 0 0.00 623 15 650 55 0.00 0.00 0.00 0.00 0.00 0.00 0.00
car 0.00 0 0.00 579 11 602 47 0.00 0.00 0.00 0.00 0.00 0.00 0.00
car 0.00 0 0.00 874 202 914 276 0.00 0.00 0.00 0.00 0.00 0.00 0.00
car 0.00 0 0.00 615 354 646 412 0.00 0.00 0.00 0.00 0.00 0.00 0.00
car 0.00 0 0.00 920 431 968 514 0.00 0.00 0.00 0.00 0.00 0.00 0.00
