pedestrian 0.00 0 0.00 1751 381 1791 442 0.00 0.00 0.00 0.00 0.00 0.00 0.00
pedestrian 0.00 0 0.00 1241 714 1271 789 0.00 0.00 0.00 0.00 0.00 0.00 0.00
pedestrian 0.00 0 0.00 1254 675 1280 750 0.00 0.00 0.00 0.00 0.00 0.00 0.00
pedestrian 0.00 0 0.00 734 196 753 242 0.00 0.00 0.00 0.00 0.00 0.00 0.00
pedestrian 0.00 0 0.00 705 250 721 293 0.00 0.00 0.00 0.00 0.00 0.00 0.00
pedestrian 0.00 0 0.00 681 236 699 279 0.00 0.00 0.00 0.00 0.00 0.00 0.00
pedestrian 0.00 0 0.00 1424 126 1439 161 0.00 0.00 0.00 0.00 0.00 0.00 0.00
bicycle 0.00 0 0.00 862 27 871 48 0.00 0.00 0.00 0.00 0.00 0.00 0.00
bicycle 0.00 0 0.00 829 10 838 28 0.00 0.00 0.00 0.00 0.00 0.00 0.00
pedestrian 0.00 0 0.00 824 4 831 28 0.00 0.00 0.00 0.00 0.00 0.00 0.00
