truck 0.00 0 0.00 197 182 261 206 0.00 0.00 0.00 0.00 0.00 0.00 0.00
truck 0.00 0 0.00 199 204 334 235 0.00 0.00 0.00 0.00 0.00 0.00 0.00
truck 0.00 0 0.00 201 229 336 263 0.00 0.00 0.00 0.00 0.00 0.00 0.00
car 0.00 0 0.00 393 305 413 345 0.00 0.00 0.00 0.00 0.00 0.00 0.00
car 0.00 0 0.00 419 318 440 359 0.00 0.00 0.00 0.00 0.00 0.00 0.00
car 0.00 0 0.00 376 115 397 154 0.00 0.00 0.00 0.00 0.00 0.00 0.00
van 0.00 0 0.00 411 116 430 150 0.00 0.00 0.00 0.00 0.00 0.00 0.00
car 0.00 0 0.00 14 404 55 439 0.00 0.00 0.00 0.00 0.00 0.00 0.00
pedestrian 0.00 0 0.00 306 675 321 686 0.00 0.00 0.00 0.00 0.00 0.00 0.00
truck 0.00 0 0.00 271 720 318 767 0.00 0.00 0.00 0.00 0.00 0.00 0.00
car 0.00 0 0.00 257 749 293 772 0.00 0.00 0.00 0.00 0.00 0.00 0.00
van 0.00 0 0.00 298 768 333 788 0.00 0.00 0.00 0.00 0.00 0.00 0.00
van 0.00 0 0.00 397 811 428 836 0.00 0.00 0.00 0.00 0.00 0.00 0.00
car 0.00 0 0.00 780 964 799 1001 0.00 0.00 0.00 0.00 0.00 0.00 0.00
car 0.00 0 0.00 722 842 758 874 0.00 0.00 0.00 0.00 0.00 0.00 0.00
car 0.00 0 0.00 795 504 812 545 0.00 0.00 0.00 0.00 0.00 0.00 0.00
car 0.00 0 0.00 795 601 811 640 0.00 0.00 0.00 0.00 0.00 0.00 0.00
tricycle 0.00 0 0.00 749 196 761 221 0.00 0.00 0.00 0.00 0.00 0.00 0.00
tricycle 0.00 0 0.00 765 74 780 106 0.00 0.00 0.00 0.00 0.00 0.00 0.00
motor 0.00 0 0.00 771 193 781 212 0.00 0.00 0.00 0.00 0.00 0.00 0.00
motor 0.00 0 0.00 770 130 779 149 0.00 0.00 0.00 0.00 0.00 0.00 0.00
motor 0.00 0 0.00 785 118 793 135 0.00 0.00 0.00 0.00 0.00 0.00 0.00
motor 0.00 0 0.00 764 36 774 53 0.00 0.00 0.00 0.00 0.00 0.00 0.00
truck 0.00 0 0.00 781 267 809 357 0.00 0.00 0.00 0.00 0.00 0.00 0.00
truck 0.00 0 0.00 770 493 787 533 0.00 0.00 0.00 0.00 0.00 0.00 0.00
truck 0.00 0 0.00 791 767 819 838 0.00 0.00 0.00 0.00 0.00 0.00 0.00
truck 0.00 0 0.00 810 937 832 986 0.00 0.00 0.00 0.00 0.00 0.00 0.00
truck 0.00 0 0.00 945 40 963 82 0.00 0.00 0.00 0.00 0.00 0.00 0.00
van 0.00 0 0.00 947 0 963 24 0.00 0.00 0.00 0.00 0.00 0.00 0.00
car 0.00 0 0.00 954 186 970 225 0.00 0.00 0.00 0.00 0.00 0.00 0.00
car 0.00 0 0.00 952 294 972 332 0.00 0.00 0.00 0.00 0.00 0.00 0.00
car 0.00 0 0.00 959 370 979 410 0.00 0.00 0.00 0.00 0.00 0.00 0.00
motor 0.00 0 0.00 1007 272 1017 289 0.00 0.00 0.00 0.00 0.00 0.00 0.00
truck 0.00 0 0.00 1085 418 1114 470 0.00 0.00 0.00 0.00 0.00 0.00 0.00
car 0.00 0 0.00 1127 570 1146 609 0.00 0.00 0.00 0.00 0.00 0.00 0.00
van 0.00 0 0.00 1106 945 1126 992 0.00 0.00 0.00 0.00 0.00 0.00 0.00
bus 0.00 0 0.00 968 745 1001 840 0.00 0.00 0.00 0.00 0.00 0.00 0.00
motor 0.00 0 0.00 1006 780 1016 799 0.00 0.00 0.00 0.00 0.00 0.00 0.00
people 0.00 0 0.00 773 197 779 208 0.00 0.00 0.00 0.00 0.00 0.00 0.00
people 0.00 0 0.00 786 118 793 130 0.00 0.00 0.00 0.00 0.00 0.00 0.00
people 0.00 0 0.00 772 133 777 142 0.00 0.00 0.00 0.00 0.00 0.00 0.00
people 0.00 0 0.00 766 37 771 44 0.00 0.00 0.00 0.00 0.00 0.00 0.00
