pedestrian 0.00 0 0.00 1987 116 1994 128 0.00 0.00 0.00 0.00 0.00 0.00 0.00
bicycle 0.00 0 0.00 699 422 720 434 0.00 0.00 0.00 0.00 0.00 0.00 0.00
bicycle 0.00 0 0.00 735 426 748 444 0.00 0.00 0.00 0.00 0.00 0.00 0.00
bicycle 0.00 0 0.00 749 428 763 443 0.00 0.00 0.00 0.00 0.00 0.00 0.00
bicycle 0.00 0 0.00 770 426 779 444 0.00 0.00 0.00 0.00 0.00 0.00 0.00
bicycle 0.00 0 0.00 787 422 808 437 0.00 0.00 0.00 0.00 0.00 0.00 0.00
bicycle 0.00 0 0.00 802 426 810 444 0.00 0.00 0.00 0.00 0.00 0.00 0.00
bicycle 0.00 0 0.00 810 426 818 442 0.00 0.00 0.00 0.00 0.00 0.00 0.00
pedestrian 0.00 0 0.00 1577 1107 1595 1137 0.00 0.00 0.00 0.00 0.00 0.00 0.00
pedestrian 0.00 0 0.00 924 964 937 998 0.00 0.00 0.00 0.00 0.00 0.00 0.00
pedestrian 0.00 0 0.00 698 123 703 139 0.00 0.00 0.00 0.00 0.00 0.00 0.00
pedestrian 0.00 0 0.00 721 111 726 126 0.00 0.00 0.00 0.00 0.00 0.00 0.00
pedestrian 0.00 0 0.00 727 119 732 135 0.00 0.00 0.00 0.00 0.00 0.00 0.00
pedestrian 0.00 0 0.00 731 112 737 132 0.00 0.00 0.00 0.00 0.00 0.00 0.00
