truck 0.00 0 0.00 81 508 245 744 0.00 0.00 0.00 0.00 0.00 0.00 0.00
motor 0.00 0 0.00 387 731 482 849 0.00 0.00 0.00 0.00 0.00 0.00 0.00
pedestrian 0.00 0 0.00 404 736 440 804 0.00 0.00 0.00 0.00 0.00 0.00 0.00
pedestrian 0.00 0 0.00 542 518 564 566 0.00 0.00 0.00 0.00 0.00 0.00 0.00
car 0.00 0 0.00 207 418 301 510 0.00 0.00 0.00 0.00 0.00 0.00 0.00
car 0.00 0 0.00 134 337 266 409 0.00 0.00 0.00 0.00 0.00 0.00 0.00
car 0.00 0 0.00 308 320 398 380 0.00 0.00 0.00 0.00 0.00 0.00 0.00
car 0.00 0 0.00 594 494 751 571 0.00 0.00 0.00 0.00 0.00 0.00 0.00
bicycle 0.00 0 0.00 774 486 814 546 0.00 0.00 0.00 0.00 0.00 0.00 0.00
bicycle 0.00 0 0.00 626 435 661 490 0.00 0.00 0.00 0.00 0.00 0.00 0.00
pedestrian 0.00 0 0.00 626 435 645 480 0.00 0.00 0.00 0.00 0.00 0.00 0.00
pedestrian 0.00 0 0.00 676 429 695 480 0.00 0.00 0.00 0.00 0.00 0.00 0.00
pedestrian 0.00 0 0.00 722 415 735 462 0.00 0.00 0.00 0.00 0.00 0.00 0.00
pedestrian 0.00 0 0.00 738 407 756 460 0.00 0.00 0.00 0.00 0.00 0.00 0.00
pedestrian 0.00 0 0.00 756 409 772 453 0.00 0.00 0.00 0.00 0.00 0.00 0.00
pedestrian 0.00 0 0.00 92 340 113 384 0.00 0.00 0.00 0.00 0.00 0.00 0.00
pedestrian 0.00 0 0.00 55 296 79 336 0.00 0.00 0.00 0.00 0.00 0.00 0.00
pedestrian 0.00 0 0.00 68 309 92 338 0.00 0.00 0.00 0.00 0.00 0.00 0.00
pedestrian 0.00 0 0.00 102 277 121 316 0.00 0.00 0.00 0.00 0.00 0.00 0.00
pedestrian 0.00 0 0.00 114 277 128 305 0.00 0.00 0.00 0.00 0.00 0.00 0.00
van 0.00 0 0.00 281 214 356 273 0.00 0.00 0.00 0.00 0.00 0.00 0.00
van 0.00 0 0.00 350 201 402 247 0.00 0.00 0.00 0.00 0.00 0.00 0.00
car 0.00 0 0.00 394 195 440 227 0.00 0.00 0.00 0.00 0.00 0.00 0.00
car 0.00 0 0.00 465 159 503 187 0.00 0.00 0.00 0.00 0.00 0.00 0.00
car 0.00 0 0.00 497 146 528 174 0.00 0.00 0.00 0.00 0.00 0.00 0.00
van 0.00 0 0.00 521 132 547 162 0.00 0.00 0.00 0.00 0.00 0.00 0.00
van 0.00 0 0.00 542 114 578 152 0.00 0.00 0.00 0.00 0.00 0.00 0.00
motor 0.00 0 0.00 576 361 596 408 0.00 0.00 0.00 0.00 0.00 0.00 0.00
pedestrian 0.00 0 0.00 580 366 594 391 0.00 0.00 0.00 0.00 0.00 0.00 0.00
motor 0.00 0 0.00 614 333 629 374 0.00 0.00 0.00 0.00 0.00 0.00 0.00
motor 0.00 0 0.00 624 281 642 312 0.00 0.00 0.00 0.00 0.00 0.00 0.00
car 0.00 0 0.00 621 241 656 275 0.00 0.00 0.00 0.00 0.00 0.00 0.00
truck 0.00 0 0.00 432 226 509 299 0.00 0.00 0.00 0.00 0.00 0.00 0.00
car 0.00 0 0.00 565 175 601 206 0.00 0.00 0.00 0.00 0.00 0.00 0.00
car 0.00 0 0.00 675 289 706 318 0.00 0.00 0.00 0.00 0.00 0.00 0.00
car 0.00 0 0.00 656 150 684 171 0.00 0.00 0.00 0.00 0.00 0.00 0.00
car 0.00 0 0.00 1057 760 1321 885 0.00 0.00 0.00 0.00 0.00 0.00 0.00
van 0.00 0 0.00 1085 652 1295 770 0.00 0.00 0.00 0.00 0.00 0.00 0.00
bicycle 0.00 0 0.00 1181 536 1250 592 0.00 0.00 0.00 0.00 0.00 0.00 0.00
pedestrian 0.00 0 0.00 1247 492 1285 536 0.00 0.00 0.00 0.00 0.00 0.00 0.00
pedestrian 0.00 0 0.00 963 484 986 535 0.00 0.00 0.00 0.00 0.00 0.00 0.00
car 0.00 0 0.00 609 113 628 130 0.00 0.00 0.00 0.00 0.00 0.00 0.00
car 0.00 0 0.00 628 102 650 122 0.00 0.00 0.00 0.00 0.00 0.00 0.00
pedestrian 0.00 0 0.00 724 356 741 401 0.00 0.00 0.00 0.00 0.00 0.00 0.00
pedestrian 0.00 0 0.00 750 366 764 391 0.00 0.00 0.00 0.00 0.00 0.00 0.00
people 0.00 0 0.00 626 281 640 311 0.00 0.00 0.00 0.00 0.00 0.00 0.00
people 0.00 0 0.00 614 334 629 370 0.00 0.00 0.00 0.00 0.00 0.00 0.00
people 0.00 0 0.00 616 342 625 369 0.00 0.00 0.00 0.00 0.00 0.00 0.00
people 0.00 0 0.00 777 488 797 542 0.00 0.00 0.00 0.00 0.00 0.00 0.00
