truck 0.00 0 0.00 544 616 654 748 0.00 0.00 0.00 0.00 0.00 0.00 0.00
truck 0.00 0 0.00 576 759 608 800 0.00 0.00 0.00 0.00 0.00 0.00 0.00
truck 0.00 0 0.00 289 334 328 368 0.00 0.00 0.00 0.00 0.00 0.00 0.00
truck 0.00 0 0.00 183 291 197 308 0.00 0.00 0.00 0.00 0.00 0.00 0.00
car 0.00 0 0.00 315 415 330 431 0.00 0.00 0.00 0.00 0.00 0.00 0.00
car 0.00 0 0.00 320 403 334 416 0.00 0.00 0.00 0.00 0.00 0.00 0.00
truck 0.00 0 0.00 84 189 96 199 0.00 0.00 0.00 0.00 0.00 0.00 0.00
truck 0.00 0 0.00 97 193 105 204 0.00 0.00 0.00 0.00 0.00 0.00 0.00
car 0.00 0 0.00 96 221 105 230 0.00 0.00 0.00 0.00 0.00 0.00 0.00
car 0.00 0 0.00 107 230 113 235 0.00 0.00 0.00 0.00 0.00 0.00 0.00
car 0.00 0 0.00 121 245 128 251 0.00 0.00 0.00 0.00 0.00 0.00 0.00
car 0.00 0 0.00 134 252 142 259 0.00 0.00 0.00 0.00 0.00 0.00 0.00
car 0.00 0 0.00 154 267 161 275 0.00 0.00 0.00 0.00 0.00 0.00 0.00
car 0.00 0 0.00 191 288 200 298 0.00 0.00 0.00 0.00 0.00 0.00 0.00
car 0.00 0 0.00 212 309 222 316 0.00 0.00 0.00 0.00 0.00 0.00 0.00
truck 0.00 0 0.00 119 213 126 221 0.00 0.00 0.00 0.00 0.00 0.00 0.00
truck 0.00 0 0.00 132 220 149 234 0.00 0.00 0.00 0.00 0.00 0.00 0.00
car 0.00 0 0.00 930 589 965 614 0.00 0.00 0.00 0.00 0.00 0.00 0.00
car 0.00 0 0.00 949 579 985 606 0.00 0.00 0.00 0.00 0.00 0.00 0.00
car 0.00 0 0.00 883 542 912 563 0.00 0.00 0.00 0.00 0.00 0.00 0.00
car 0.00 0 0.00 958 523 988 542 0.00 0.00 0.00 0.00 0.00 0.00 0.00
