car 0.00 0 0.00 204 242 249 285 0.00 0.00 0.00 0.00 0.00 0.00 0.00
car 0.00 0 0.00 179 203 227 248 0.00 0.00 0.00 0.00 0.00 0.00 0.00
motor 0.00 0 0.00 312 349 342 379 0.00 0.00 0.00 0.00 0.00 0.00 0.00
pedestrian 0.00 0 0.00 389 434 408 456 0.00 0.00 0.00 0.00 0.00 0.00 0.00
pedestrian 0.00 0 0.00 516 425 530 449 0.00 0.00 0.00 0.00 0.00 0.00 0.00
motor 0.00 0 0.00 492 300 515 328 0.00 0.00 0.00 0.00 0.00 0.00 0.00
car 0.00 0 0.00 426 328 485 383 0.00 0.00 0.00 0.00 0.00 0.00 0.00
car 0.00 0 0.00 390 349 450 403 0.00 0.00 0.00 0.00 0.00 0.00 0.00
motor 0.00 0 0.00 197 449 228 472 0.00 0.00 0.00 0.00 0.00 0.00 0.00
motor 0.00 0 0.00 33 604 61 626 0.00 0.00 0.00 0.00 0.00 0.00 0.00
motor 0.00 0 0.00 22 620 54 649 0.00 0.00 0.00 0.00 0.00 0.00 0.00
pedestrian 0.00 0 0.00 183 566 200 582 0.00 0.00 0.00 0.00 0.00 0.00 0.00
van 0.00 0 0.00 167 458 268 518 0.00 0.00 0.00 0.00 0.00 0.00 0.00
car 0.00 0 0.00 185 490 279 552 0.00 0.00 0.00 0.00 0.00 0.00 0.00
car 0.00 0 0.00 259 497 349 563 0.00 0.00 0.00 0.00 0.00 0.00 0.00
car 0.00 0 0.00 228 546 327 623 0.00 0.00 0.00 0.00 0.00 0.00 0.00
car 0.00 0 0.00 243 579 339 656 0.00 0.00 0.00 0.00 0.00 0.00 0.00
car 0.00 0 0.00 272 607 365 691 0.00 0.00 0.00 0.00 0.00 0.00 0.00
car 0.00 0 0.00 440 518 519 582 0.00 0.00 0.00 0.00 0.00 0.00 0.00
car 0.00 0 0.00 463 546 550 614 0.00 0.00 0.00 0.00 0.00 0.00 0.00
car 0.00 0 0.00 288 655 390 741 0.00 0.00 0.00 0.00 0.00 0.00 0.00
van 0.00 0 0.00 308 694 417 781 0.00 0.00 0.00 0.00 0.00 0.00 0.00
motor 0.00 0 0.00 4 712 50 748 0.00 0.00 0.00 0.00 0.00 0.00 0.00
motor 0.00 0 0.00 185 732 227 766 0.00 0.00 0.00 0.00 0.00 0.00 0.00
people 0.00 0 0.00 9 722 33 742 0.00 0.00 0.00 0.00 0.00 0.00 0.00
people 0.00 0 0.00 7 727 20 739 0.00 0.00 0.00 0.00 0.00 0.00 0.00
car 0.00 0 0.00 125 792 194 896 0.00 0.00 0.00 0.00 0.00 0.00 0.00
van 0.00 0 0.00 366 786 466 873 0.00 0.00 0.00 0.00 0.00 0.00 0.00
van 0.00 0 0.00 326 905 409 1015 0.00 0.00 0.00 0.00 0.00 0.00 0.00
motor 0.00 0 0.00 584 240 605 267 0.00 0.00 0.00 0.00 0.00 0.00 0.00
car 0.00 0 0.00 532 263 593 313 0.00 0.00 0.00 0.00 0.00 0.00 0.00
van 0.00 0 0.00 505 280 564 338 0.00 0.00 0.00 0.00 0.00 0.00 0.00
car 0.00 0 0.00 590 263 650 310 0.00 0.00 0.00 0.00 0.00 0.00 0.00
pedestrian 0.00 0 0.00 764 190 772 211 0.00 0.00 0.00 0.00 0.00 0.00 0.00
car 0.00 0 0.00 625 416 696 472 0.00 0.00 0.00 0.00 0.00 0.00 0.00
car 0.00 0 0.00 662 395 728 451 0.00 0.00 0.00 0.00 0.00 0.00 0.00
pedestrian 0.00 0 0.00 931 74 939 95 0.00 0.00 0.00 0.00 0.00 0.00 0.00
car 0.00 0 0.00 1249 111 1308 140 0.00 0.00 0.00 0.00 0.00 0.00 0.00
car 0.00 0 0.00 1143 0 1193 20 0.00 0.00 0.00 0.00 0.00 0.00 0.00
car 0.00 0 0.00 1110 160 1168 203 0.00 0.00 0.00 0.00 0.00 0.00 0.00
car 0.00 0 0.00 1024 231 1076 282 0.00 0.00 0.00 0.00 0.00 0.00 0.00
car 0.00 0 0.00 948 85 993 115 0.00 0.00 0.00 0.00 0.00 0.00 0.00
car 0.00 0 0.00 963 187 1031 230 0.00 0.00 0.00 0.00 0.00 0.00 0.00
car 0.00 0 0.00 946 205 1010 242 0.00 0.00 0.00 0.00 0.00 0.00 0.00
car 0.00 0 0.00 924 217 989 260 0.00 0.00 0.00 0.00 0.00 0.00 0.00
car 0.00 0 0.00 985 251 1053 295 0.00 0.00 0.00 0.00 0.00 0.00 0.00
motor 0.00 0 0.00 1053 220 1078 251 0.00 0.00 0.00 0.00 0.00 0.00 0.00
motor 0.00 0 0.00 1049 192 1064 219 0.00 0.00 0.00 0.00 0.00 0.00 0.00
motor 0.00 0 0.00 1133 270 1149 299 0.00 0.00 0.00 0.00 0.00 0.00 0.00
car 0.00 0 0.00 956 263 1030 315 0.00 0.00 0.00 0.00 0.00 0.00 0.00
car 0.00 0 0.00 905 233 969 273 0.00 0.00 0.00 0.00 0.00 0.00 0.00
car 0.00 0 0.00 880 248 941 291 0.00 0.00 0.00 0.00 0.00 0.00 0.00
car 0.00 0 0.00 920 298 988 351 0.00 0.00 0.00 0.00 0.00 0.00 0.00
car 0.00 0 0.00 944 283 1008 332 0.00 0.00 0.00 0.00 0.00 0.00 0.00
car 0.00 0 0.00 888 313 959 368 0.00 0.00 0.00 0.00 0.00 0.00 0.00
car 0.00 0 0.00 865 333 933 388 0.00 0.00 0.00 0.00 0.00 0.00 0.00
car 0.00 0 0.00 856 266 919 307 0.00 0.00 0.00 0.00 0.00 0.00 0.00
car 0.00 0 0.00 806 298 868 345 0.00 0.00 0.00 0.00 0.00 0.00 0.00
car 0.00 0 0.00 829 278 898 327 0.00 0.00 0.00 0.00 0.00 0.00 0.00
car 0.00 0 0.00 839 352 907 406 0.00 0.00 0.00 0.00 0.00 0.00 0.00
car 0.00 0 0.00 784 318 841 364 0.00 0.00 0.00 0.00 0.00 0.00 0.00
car 0.00 0 0.00 746 332 818 386 0.00 0.00 0.00 0.00 0.00 0.00 0.00
car 0.00 0 0.00 719 352 788 405 0.00 0.00 0.00 0.00 0.00 0.00 0.00
car 0.00 0 0.00 688 374 751 425 0.00 0.00 0.00 0.00 0.00 0.00 0.00
car 0.00 0 0.00 814 370 885 432 0.00 0.00 0.00 0.00 0.00 0.00 0.00
car 0.00 0 0.00 780 388 853 450 0.00 0.00 0.00 0.00 0.00 0.00 0.00
car 0.00 0 0.00 757 418 828 477 0.00 0.00 0.00 0.00 0.00 0.00 0.00
car 0.00 0 0.00 692 455 765 523 0.00 0.00 0.00 0.00 0.00 0.00 0.00
car 0.00 0 0.00 654 484 732 553 0.00 0.00 0.00 0.00 0.00 0.00 0.00
car 0.00 0 0.00 719 436 793 499 0.00 0.00 0.00 0.00 0.00 0.00 0.00
car 0.00 0 0.00 1046 373 1122 428 0.00 0.00 0.00 0.00 0.00 0.00 0.00
car 0.00 0 0.00 1020 399 1105 452 0.00 0.00 0.00 0.00 0.00 0.00 0.00
car 0.00 0 0.00 993 420 1076 480 0.00 0.00 0.00 0.00 0.00 0.00 0.00
van 0.00 0 0.00 960 441 1046 505 0.00 0.00 0.00 0.00 0.00 0.00 0.00
van 0.00 0 0.00 1048 464 1115 533 0.00 0.00 0.00 0.00 0.00 0.00 0.00
car 0.00 0 0.00 1096 500 1156 578 0.00 0.00 0.00 0.00 0.00 0.00 0.00
car 0.00 0 0.00 786 565 866 647 0.00 0.00 0.00 0.00 0.00 0.00 0.00
car 0.00 0 0.00 819 603 905 683 0.00 0.00 0.00 0.00 0.00 0.00 0.00
car 0.00 0 0.00 895 540 969 609 0.00 0.00 0.00 0.00 0.00 0.00 0.00
car 0.00 0 0.00 849 515 920 580 0.00 0.00 0.00 0.00 0.00 0.00 0.00
car 0.00 0 0.00 489 574 579 647 0.00 0.00 0.00 0.00 0.00 0.00 0.00
van 0.00 0 0.00 522 609 600 680 0.00 0.00 0.00 0.00 0.00 0.00 0.00
car 0.00 0 0.00 557 638 641 716 0.00 0.00 0.00 0.00 0.00 0.00 0.00
motor 0.00 0 0.00 693 919 726 959 0.00 0.00 0.00 0.00 0.00 0.00 0.00
car 0.00 0 0.00 660 764 750 856 0.00 0.00 0.00 0.00 0.00 0.00 0.00
car 0.00 0 0.00 695 801 789 910 0.00 0.00 0.00 0.00 0.00 0.00 0.00
van 0.00 0 0.00 1015 922 1105 1043 0.00 0.00 0.00 0.00 0.00 0.00 0.00
motor 0.00 0 0.00 1289 618 1330 668 0.00 0.00 0.00 0.00 0.00 0.00 0.00
people 0.00 0 0.00 1301 639 1320 658 0.00 0.00 0.00 0.00 0.00 0.00 0.00
motor 0.00 0 0.00 1038 78 1063 93 0.00 0.00 0.00 0.00 0.00 0.00 0.00
motor 0.00 0 0.00 1035 61 1055 73 0.00 0.00 0.00 0.00 0.00 0.00 0.00
motor 0.00 0 0.00 928 0 950 14 0.00 0.00 0.00 0.00 0.00 0.00 0.00
motor 0.00 0 0.00 954 5 974 18 0.00 0.00 0.00 0.00 0.00 0.00 0.00
motor 0.00 0 0.00 955 2 977 11 0.00 0.00 0.00 0.00 0.00 0.00 0.00
motor 0.00 0 0.00 931 5 951 19 0.00 0.00 0.00 0.00 0.00 0.00 0.00
motor 0.00 0 0.00 982 8 1003 23 0.00 0.00 0.00 0.00 0.00 0.00 0.00
motor 0.00 0 0.00 980 0 1004 15 0.00 0.00 0.00 0.00 0.00 0.00 0.00
motor 0.00 0 0.00 1030 21 1051 31 0.00 0.00 0.00 0.00 0.00 0.00 0.00
motor 0.00 0 0.00 1030 11 1054 23 0.00 0.00 0.00 0.00 0.00 0.00 0.00
motor 0.00 0 0.00 1031 41 1049 56 0.00 0.00 0.00 0.00 0.00 0.00 0.00
motor 0.00 0 0.00 1031 52 1056 67 0.00 0.00 0.00 0.00 0.00 0.00 0.00
motor 0.00 0 0.00 1030 28 1051 44 0.00 0.00 0.00 0.00 0.00 0.00 0.00
awning-tricycle 0.00 0 0.00 1058 36 1071 71 0.00 0.00 0.00 0.00 0.00 0.00 0.00
people 0.00 0 0.00 1062 54 1068 63 0.00 0.00 0.00 0.00 0.00 0.00 0.00
people 0.00 0 0.00 1048 74 1057 89 0.00 0.00 0.00 0.00 0.00 0.00 0.00
