car 0.00 0 0.00 144 755 238 787 0.00 0.00 0.00 0.00 0.00 0.00 0.00
car 0.00 0 0.00 115 710 218 787 0.00 0.00 0.00 0.00 0.00 0.00 0.00
car 0.00 0 0.00 95 674 192 752 0.00 0.00 0.00 0.00 0.00 0.00 0.00
car 0.00 0 0.00 67 630 180 711 0.00 0.00 0.00 0.00 0.00 0.00 0.00
car 0.00 0 0.00 410 545 478 623 0.00 0.00 0.00 0.00 0.00 0.00 0.00
car 0.00 0 0.00 31 573 91 653 0.00 0.00 0.00 0.00 0.00 0.00 0.00
car 0.00 0 0.00 72 542 141 632 0.00 0.00 0.00 0.00 0.00 0.00 0.00
car 0.00 0 0.00 123 523 189 613 0.00 0.00 0.00 0.00 0.00 0.00 0.00
car 0.00 0 0.00 167 499 234 586 0.00 0.00 0.00 0.00 0.00 0.00 0.00
car 0.00 0 0.00 254 470 319 547 0.00 0.00 0.00 0.00 0.00 0.00 0.00
car 0.00 0 0.00 267 405 318 460 0.00 0.00 0.00 0.00 0.00 0.00 0.00
car 0.00 0 0.00 304 385 359 445 0.00 0.00 0.00 0.00 0.00 0.00 0.00
car 0.00 0 0.00 97 467 150 533 0.00 0.00 0.00 0.00 0.00 0.00 0.00
car 0.00 0 0.00 144 449 197 509 0.00 0.00 0.00 0.00 0.00 0.00 0.00
car 0.00 0 0.00 26 377 114 432 0.00 0.00 0.00 0.00 0.00 0.00 0.00
car 0.00 0 0.00 2 311 79 363 0.00 0.00 0.00 0.00 0.00 0.00 0.00
car 0.00 0 0.00 441 347 521 404 0.00 0.00 0.00 0.00 0.00 0.00 0.00
car 0.00 0 0.00 476 395 554 453 0.00 0.00 0.00 0.00 0.00 0.00 0.00
car 0.00 0 0.00 501 415 579 478 0.00 0.00 0.00 0.00 0.00 0.00 0.00
car 0.00 0 0.00 538 461 619 533 0.00 0.00 0.00 0.00 0.00 0.00 0.00
car 0.00 0 0.00 579 512 674 595 0.00 0.00 0.00 0.00 0.00 0.00 0.00
car 0.00 0 0.00 597 552 694 634 0.00 0.00 0.00 0.00 0.00 0.00 0.00
car 0.00 0 0.00 554 740 620 787 0.00 0.00 0.00 0.00 0.00 0.00 0.00
car 0.00 0 0.00 657 617 751 698 0.00 0.00 0.00 0.00 0.00 0.00 0.00
van 0.00 0 0.00 219 411 280 483 0.00 0.00 0.00 0.00 0.00 0.00 0.00
van 0.00 0 0.00 357 565 438 654 0.00 0.00 0.00 0.00 0.00 0.00 0.00
van 0.00 0 0.00 514 430 604 503 0.00 0.00 0.00 0.00 0.00 0.00 0.00
van 0.00 0 0.00 424 314 507 383 0.00 0.00 0.00 0.00 0.00 0.00 0.00
van 0.00 0 0.00 110 335 199 392 0.00 0.00 0.00 0.00 0.00 0.00 0.00
van 0.00 0 0.00 103 311 195 361 0.00 0.00 0.00 0.00 0.00 0.00 0.00
van 0.00 0 0.00 83 297 166 349 0.00 0.00 0.00 0.00 0.00 0.00 0.00
van 0.00 0 0.00 72 273 161 327 0.00 0.00 0.00 0.00 0.00 0.00 0.00
car 0.00 0 0.00 78 266 147 303 0.00 0.00 0.00 0.00 0.00 0.00 0.00
van 0.00 0 0.00 64 242 133 281 0.00 0.00 0.00 0.00 0.00 0.00 0.00
car 0.00 0 0.00 29 179 98 217 0.00 0.00 0.00 0.00 0.00 0.00 0.00
van 0.00 0 0.00 10 155 90 207 0.00 0.00 0.00 0.00 0.00 0.00 0.00
car 0.00 0 0.00 157 115 217 155 0.00 0.00 0.00 0.00 0.00 0.00 0.00
car 0.00 0 0.00 264 273 344 336 0.00 0.00 0.00 0.00 0.00 0.00 0.00
car 0.00 0 0.00 342 251 411 301 0.00 0.00 0.00 0.00 0.00 0.00 0.00
car 0.00 0 0.00 211 186 271 230 0.00 0.00 0.00 0.00 0.00 0.00 0.00
car 0.00 0 0.00 343 67 402 108 0.00 0.00 0.00 0.00 0.00 0.00 0.00
car 0.00 0 0.00 439 89 497 123 0.00 0.00 0.00 0.00 0.00 0.00 0.00
car 0.00 0 0.00 482 203 538 242 0.00 0.00 0.00 0.00 0.00 0.00 0.00
car 0.00 0 0.00 245 262 327 313 0.00 0.00 0.00 0.00 0.00 0.00 0.00
car 0.00 0 0.00 242 240 312 288 0.00 0.00 0.00 0.00 0.00 0.00 0.00
car 0.00 0 0.00 229 221 298 268 0.00 0.00 0.00 0.00 0.00 0.00 0.00
car 0.00 0 0.00 192 173 265 218 0.00 0.00 0.00 0.00 0.00 0.00 0.00
car 0.00 0 0.00 181 158 247 202 0.00 0.00 0.00 0.00 0.00 0.00 0.00
car 0.00 0 0.00 179 144 237 180 0.00 0.00 0.00 0.00 0.00 0.00 0.00
car 0.00 0 0.00 326 235 398 276 0.00 0.00 0.00 0.00 0.00 0.00 0.00
van 0.00 0 0.00 311 208 385 256 0.00 0.00 0.00 0.00 0.00 0.00 0.00
car 0.00 0 0.00 297 198 366 239 0.00 0.00 0.00 0.00 0.00 0.00 0.00
car 0.00 0 0.00 286 184 356 220 0.00 0.00 0.00 0.00 0.00 0.00 0.00
car 0.00 0 0.00 278 170 343 204 0.00 0.00 0.00 0.00 0.00 0.00 0.00
car 0.00 0 0.00 265 149 332 193 0.00 0.00 0.00 0.00 0.00 0.00 0.00
car 0.00 0 0.00 249 137 322 173 0.00 0.00 0.00 0.00 0.00 0.00 0.00
car 0.00 0 0.00 241 125 297 157 0.00 0.00 0.00 0.00 0.00 0.00 0.00
car 0.00 0 0.00 452 180 516 225 0.00 0.00 0.00 0.00 0.00 0.00 0.00
car 0.00 0 0.00 435 162 501 210 0.00 0.00 0.00 0.00 0.00 0.00 0.00
car 0.00 0 0.00 416 139 482 195 0.00 0.00 0.00 0.00 0.00 0.00 0.00
car 0.00 0 0.00 413 127 473 173 0.00 0.00 0.00 0.00 0.00 0.00 0.00
car 0.00 0 0.00 394 122 451 161 0.00 0.00 0.00 0.00 0.00 0.00 0.00
car 0.00 0 0.00 384 106 432 143 0.00 0.00 0.00 0.00 0.00 0.00 0.00
car 0.00 0 0.00 363 92 420 129 0.00 0.00 0.00 0.00 0.00 0.00 0.00
pedestrian 0.00 0 0.00 372 123 380 143 0.00 0.00 0.00 0.00 0.00 0.00 0.00
pedestrian 0.00 0 0.00 376 122 386 140 0.00 0.00 0.00 0.00 0.00 0.00 0.00
car 0.00 0 0.00 428 74 486 107 0.00 0.00 0.00 0.00 0.00 0.00 0.00
car 0.00 0 0.00 472 117 519 152 0.00 0.00 0.00 0.00 0.00 0.00 0.00
car 0.00 0 0.00 548 48 594 85 0.00 0.00 0.00 0.00 0.00 0.00 0.00
car 0.00 0 0.00 569 75 625 109 0.00 0.00 0.00 0.00 0.00 0.00 0.00
car 0.00 0 0.00 620 106 679 148 0.00 0.00 0.00 0.00 0.00 0.00 0.00
truck 0.00 0 0.00 520 282 625 355 0.00 0.00 0.00 0.00 0.00 0.00 0.00
truck 0.00 0 0.00 706 188 800 272 0.00 0.00 0.00 0.00 0.00 0.00 0.00
truck 0.00 0 0.00 665 436 801 547 0.00 0.00 0.00 0.00 0.00 0.00 0.00
truck 0.00 0 0.00 608 382 735 480 0.00 0.00 0.00 0.00 0.00 0.00 0.00
truck 0.00 0 0.00 926 357 1026 451 0.00 0.00 0.00 0.00 0.00 0.00 0.00
truck 0.00 0 0.00 586 356 693 449 0.00 0.00 0.00 0.00 0.00 0.00 0.00
truck 0.00 0 0.00 900 325 998 415 0.00 0.00 0.00 0.00 0.00 0.00 0.00
truck 0.00 0 0.00 869 300 966 386 0.00 0.00 0.00 0.00 0.00 0.00 0.00
truck 0.00 0 0.00 836 274 930 360 0.00 0.00 0.00 0.00 0.00 0.00 0.00
truck 0.00 0 0.00 784 251 897 346 0.00 0.00 0.00 0.00 0.00 0.00 0.00
truck 0.00 0 0.00 759 227 864 321 0.00 0.00 0.00 0.00 0.00 0.00 0.00
pedestrian 0.00 0 0.00 1266 374 1279 401 0.00 0.00 0.00 0.00 0.00 0.00 0.00
bus 0.00 0 0.00 752 25 867 130 0.00 0.00 0.00 0.00 0.00 0.00 0.00
pedestrian 0.00 0 0.00 1020 182 1031 210 0.00 0.00 0.00 0.00 0.00 0.00 0.00
pedestrian 0.00 0 0.00 1032 183 1041 206 0.00 0.00 0.00 0.00 0.00 0.00 0.00
van 0.00 0 0.00 334 49 392 87 0.00 0.00 0.00 0.00 0.00 0.00 0.00
car 0.00 0 0.00 315 45 379 80 0.00 0.00 0.00 0.00 0.00 0.00 0.00
bus 0.00 0 0.00 1107 658 1222 787 0.00 0.00 0.00 0.00 0.00 0.00 0.00
van 0.00 0 0.00 1220 5 1254 47 0.00 0.00 0.00 0.00 0.00 0.00 0.00
van 0.00 0 0.00 504 157 590 197 0.00 0.00 0.00 0.00 0.00 0.00 0.00
car 0.00 0 0.00 172 32 231 68 0.00 0.00 0.00 0.00 0.00 0.00 0.00
car 0.00 0 0.00 117 36 168 67 0.00 0.00 0.00 0.00 0.00 0.00 0.00
