car 0.00 0 0.00 630 623 666 709 0.00 0.00 0.00 0.00 0.00 0.00 0.00
car 0.00 0 0.00 615 277 648 352 0.00 0.00 0.00 0.00 0.00 0.00 0.00
car 0.00 0 0.00 560 51 594 123 0.00 0.00 0.00 0.00 0.00 0.00 0.00
car 0.00 0 0.00 389 83 462 114 0.00 0.00 0.00 0.00 0.00 0.00 0.00
car 0.00 0 0.00 379 233 445 270 0.00 0.00 0.00 0.00 0.00 0.00 0.00
car 0.00 0 0.00 378 327 436 362 0.00 0.00 0.00 0.00 0.00 0.00 0.00
car 0.00 0 0.00 368 370 441 403 0.00 0.00 0.00 0.00 0.00 0.00 0.00
car 0.00 0 0.00 367 414 442 449 0.00 0.00 0.00 0.00 0.00 0.00 0.00
car 0.00 0 0.00 354 507 441 545 0.00 0.00 0.00 0.00 0.00 0.00 0.00
car 0.00 0 0.00 728 619 807 652 0.00 0.00 0.00 0.00 0.00 0.00 0.00
car 0.00 0 0.00 725 566 805 599 0.00 0.00 0.00 0.00 0.00 0.00 0.00
car 0.00 0 0.00 720 463 791 506 0.00 0.00 0.00 0.00 0.00 0.00 0.00
car 0.00 0 0.00 715 409 785 448 0.00 0.00 0.00 0.00 0.00 0.00 0.00
car 0.00 0 0.00 710 368 785 403 0.00 0.00 0.00 0.00 0.00 0.00 0.00
car 0.00 0 0.00 715 314 789 349 0.00 0.00 0.00 0.00 0.00 0.00 0.00
car 0.00 0 0.00 849 308 903 377 0.00 0.00 0.00 0.00 0.00 0.00 0.00
car 0.00 0 0.00 987 272 1053 339 0.00 0.00 0.00 0.00 0.00 0.00 0.00
van 0.00 0 0.00 890 284 949 354 0.00 0.00 0.00 0.00 0.00 0.00 0.00
van 0.00 0 0.00 770 137 841 175 0.00 0.00 0.00 0.00 0.00 0.00 0.00
car 0.00 0 0.00 923 77 991 114 0.00 0.00 0.00 0.00 0.00 0.00 0.00
van 0.00 0 0.00 1312 79 1370 121 0.00 0.00 0.00 0.00 0.00 0.00 0.00
van 0.00 0 0.00 1181 99 1267 137 0.00 0.00 0.00 0.00 0.00 0.00 0.00
tricycle 0.00 0 0.00 1139 222 1171 284 0.00 0.00 0.00 0.00 0.00 0.00 0.00
car 0.00 0 0.00 342 761 423 787 0.00 0.00 0.00 0.00 0.00 0.00 0.00
van 0.00 0 0.00 393 7 462 37 0.00 0.00 0.00 0.00 0.00 0.00 0.00
van 0.00 0 0.00 391 41 457 77 0.00 0.00 0.00 0.00 0.00 0.00 0.00
people 0.00 0 0.00 462 336 472 349 0.00 0.00 0.00 0.00 0.00 0.00 0.00
motor 0.00 0 0.00 462 334 472 361 0.00 0.00 0.00 0.00 0.00 0.00 0.00
truck 0.00 0 0.00 830 89 901 129 0.00 0.00 0.00 0.00 0.00 0.00 0.00
