car 0.00 0 0.00 383 550 417 600 0.00 0.00 0.00 0.00 0.00 0.00 0.00
bus 0.00 0 0.00 293 430 335 557 0.00 0.00 0.00 0.00 0.00 0.00 0.00
car 0.00 0 0.00 372 337 401 372 0.00 0.00 0.00 0.00 0.00 0.00 0.00
motor 0.00 0 0.00 465 228 478 243 0.00 0.00 0.00 0.00 0.00 0.00 0.00
car 0.00 0 0.00 601 142 634 163 0.00 0.00 0.00 0.00 0.00 0.00 0.00
car 0.00 0 0.00 635 123 667 146 0.00 0.00 0.00 0.00 0.00 0.00 0.00
pedestrian 0.00 0 0.00 449 101 456 116 0.00 0.00 0.00 0.00 0.00 0.00 0.00
pedestrian 0.00 0 0.00 458 95 464 108 0.00 0.00 0.00 0.00 0.00 0.00 0.00
pedestrian 0.00 0 0.00 474 106 480 120 0.00 0.00 0.00 0.00 0.00 0.00 0.00
pedestrian 0.00 0 0.00 477 90 483 105 0.00 0.00 0.00 0.00 0.00 0.00 0.00
bus 0.00 0 0.00 639 2 676 28 0.00 0.00 0.00 0.00 0.00 0.00 0.00
car 0.00 0 0.00 1193 50 1209 70 0.00 0.00 0.00 0.00 0.00 0.00 0.00
car 0.00 0 0.00 1172 57 1188 79 0.00 0.00 0.00 0.00 0.00 0.00 0.00
car 0.00 0 0.00 1193 81 1210 104 0.00 0.00 0.00 0.00 0.00 0.00 0.00
pedestrian 0.00 0 0.00 1323 164 1333 178 0.00 0.00 0.00 0.00 0.00 0.00 0.00
car 0.00 0 0.00 1020 395 1045 435 0.00 0.00 0.00 0.00 0.00 0.00 0.00
car 0.00 0 0.00 945 661 979 708 0.00 0.00 0.00 0.00 0.00 0.00 0.00
