pedestrian 0.00 0 0.00 659 95 671 120 0.00 0.00 0.00 0.00 0.00 0.00 0.00
people 0.00 0 0.00 693 206 702 222 0.00 0.00 0.00 0.00 0.00 0.00 0.00
pedestrian 0.00 0 0.00 764 250 773 270 0.00 0.00 0.00 0.00 0.00 0.00 0.00
pedestrian 0.00 0 0.00 701 302 717 321 0.00 0.00 0.00 0.00 0.00 0.00 0.00
pedestrian 0.00 0 0.00 680 278 688 297 0.00 0.00 0.00 0.00 0.00 0.00 0.00
people 0.00 0 0.00 671 203 685 220 0.00 0.00 0.00 0.00 0.00 0.00 0.00
people 0.00 0 0.00 690 250 699 260 0.00 0.00 0.00 0.00 0.00 0.00 0.00
people 0.00 0 0.00 679 244 694 262 0.00 0.00 0.00 0.00 0.00 0.00 0.00
pedestrian 0.00 0 0.00 631 399 643 420 0.00 0.00 0.00 0.00 0.00 0.00 0.00
people 0.00 0 0.00 573 497 589 510 0.00 0.00 0.00 0.00 0.00 0.00 0.00
pedestrian 0.00 0 0.00 558 488 573 508 0.00 0.00 0.00 0.00 0.00 0.00 0.00
pedestrian 0.00 0 0.00 859 578 874 593 0.00 0.00 0.00 0.00 0.00 0.00 0.00
pedestrian 0.00 0 0.00 1289 598 1305 614 0.00 0.00 0.00 0.00 0.00 0.00 0.00
pedestrian 0.00 0 0.00 1328 613 1349 628 0.00 0.00 0.00 0.00 0.00 0.00 0.00
pedestrian 0.00 0 0.00 1314 599 1339 612 0.00 0.00 0.00 0.00 0.00 0.00 0.00
people 0.00 0 0.00 648 771 660 790 0.00 0.00 0.00 0.00 0.00 0.00 0.00
people 0.00 0 0.00 610 735 620 753 0.00 0.00 0.00 0.00 0.00 0.00 0.00
pedestrian 0.00 0 0.00 589 667 604 680 0.00 0.00 0.00 0.00 0.00 0.00 0.00
car 0.00 0 0.00 813 968 866 1050 0.00 0.00 0.00 0.00 0.00 0.00 0.00
motor 0.00 0 0.00 615 1035 656 1050 0.00 0.00 0.00 0.00 0.00 0.00 0.00
motor 0.00 0 0.00 616 1008 656 1021 0.00 0.00 0.00 0.00 0.00 0.00 0.00
motor 0.00 0 0.00 615 977 660 995 0.00 0.00 0.00 0.00 0.00 0.00 0.00
motor 0.00 0 0.00 608 867 651 883 0.00 0.00 0.00 0.00 0.00 0.00 0.00
bicycle 0.00 0 0.00 615 848 648 861 0.00 0.00 0.00 0.00 0.00 0.00 0.00
motor 0.00 0 0.00 595 821 644 835 0.00 0.00 0.00 0.00 0.00 0.00 0.00
motor 0.00 0 0.00 647 757 663 800 0.00 0.00 0.00 0.00 0.00 0.00 0.00
motor 0.00 0 0.00 596 737 635 754 0.00 0.00 0.00 0.00 0.00 0.00 0.00
motor 0.00 0 0.00 928 708 951 744 0.00 0.00 0.00 0.00 0.00 0.00 0.00
motor 0.00 0 0.00 1130 542 1143 578 0.00 0.00 0.00 0.00 0.00 0.00 0.00
motor 0.00 0 0.00 1147 540 1161 577 0.00 0.00 0.00 0.00 0.00 0.00 0.00
motor 0.00 0 0.00 1164 540 1178 580 0.00 0.00 0.00 0.00 0.00 0.00 0.00
motor 0.00 0 0.00 1174 536 1195 571 0.00 0.00 0.00 0.00 0.00 0.00 0.00
motor 0.00 0 0.00 835 503 849 533 0.00 0.00 0.00 0.00 0.00 0.00 0.00
motor 0.00 0 0.00 818 499 836 533 0.00 0.00 0.00 0.00 0.00 0.00 0.00
motor 0.00 0 0.00 585 474 616 489 0.00 0.00 0.00 0.00 0.00 0.00 0.00
motor 0.00 0 0.00 578 442 613 463 0.00 0.00 0.00 0.00 0.00 0.00 0.00
motor 0.00 0 0.00 585 390 615 403 0.00 0.00 0.00 0.00 0.00 0.00 0.00
motor 0.00 0 0.00 583 377 613 387 0.00 0.00 0.00 0.00 0.00 0.00 0.00
motor 0.00 0 0.00 575 369 611 383 0.00 0.00 0.00 0.00 0.00 0.00 0.00
motor 0.00 0 0.00 578 350 613 366 0.00 0.00 0.00 0.00 0.00 0.00 0.00
motor 0.00 0 0.00 575 338 610 353 0.00 0.00 0.00 0.00 0.00 0.00 0.00
motor 0.00 0 0.00 573 323 606 339 0.00 0.00 0.00 0.00 0.00 0.00 0.00
motor 0.00 0 0.00 573 295 609 312 0.00 0.00 0.00 0.00 0.00 0.00 0.00
motor 0.00 0 0.00 572 280 603 297 0.00 0.00 0.00 0.00 0.00 0.00 0.00
motor 0.00 0 0.00 569 272 605 283 0.00 0.00 0.00 0.00 0.00 0.00 0.00
motor 0.00 0 0.00 570 262 599 272 0.00 0.00 0.00 0.00 0.00 0.00 0.00
motor 0.00 0 0.00 571 251 605 267 0.00 0.00 0.00 0.00 0.00 0.00 0.00
motor 0.00 0 0.00 570 233 600 252 0.00 0.00 0.00 0.00 0.00 0.00 0.00
motor 0.00 0 0.00 566 223 598 236 0.00 0.00 0.00 0.00 0.00 0.00 0.00
motor 0.00 0 0.00 568 209 596 223 0.00 0.00 0.00 0.00 0.00 0.00 0.00
motor 0.00 0 0.00 570 197 598 210 0.00 0.00 0.00 0.00 0.00 0.00 0.00
motor 0.00 0 0.00 568 190 597 200 0.00 0.00 0.00 0.00 0.00 0.00 0.00
motor 0.00 0 0.00 568 176 594 193 0.00 0.00 0.00 0.00 0.00 0.00 0.00
motor 0.00 0 0.00 565 168 593 181 0.00 0.00 0.00 0.00 0.00 0.00 0.00
motor 0.00 0 0.00 562 152 596 168 0.00 0.00 0.00 0.00 0.00 0.00 0.00
motor 0.00 0 0.00 558 126 591 149 0.00 0.00 0.00 0.00 0.00 0.00 0.00
motor 0.00 0 0.00 679 241 700 269 0.00 0.00 0.00 0.00 0.00 0.00 0.00
motor 0.00 0 0.00 691 201 701 233 0.00 0.00 0.00 0.00 0.00 0.00 0.00
motor 0.00 0 0.00 669 200 685 230 0.00 0.00 0.00 0.00 0.00 0.00 0.00
motor 0.00 0 0.00 683 163 700 193 0.00 0.00 0.00 0.00 0.00 0.00 0.00
motor 0.00 0 0.00 710 199 745 216 0.00 0.00 0.00 0.00 0.00 0.00 0.00
motor 0.00 0 0.00 707 189 742 204 0.00 0.00 0.00 0.00 0.00 0.00 0.00
motor 0.00 0 0.00 710 175 740 192 0.00 0.00 0.00 0.00 0.00 0.00 0.00
motor 0.00 0 0.00 707 163 735 183 0.00 0.00 0.00 0.00 0.00 0.00 0.00
motor 0.00 0 0.00 704 155 730 167 0.00 0.00 0.00 0.00 0.00 0.00 0.00
motor 0.00 0 0.00 708 138 731 154 0.00 0.00 0.00 0.00 0.00 0.00 0.00
car 0.00 0 0.00 507 0 566 42 0.00 0.00 0.00 0.00 0.00 0.00 0.00
car 0.00 0 0.00 683 1 719 62 0.00 0.00 0.00 0.00 0.00 0.00 0.00
car 0.00 0 0.00 697 76 728 123 0.00 0.00 0.00 0.00 0.00 0.00 0.00
car 0.00 0 0.00 712 222 753 295 0.00 0.00 0.00 0.00 0.00 0.00 0.00
car 0.00 0 0.00 725 304 765 383 0.00 0.00 0.00 0.00 0.00 0.00 0.00
car 0.00 0 0.00 742 400 787 480 0.00 0.00 0.00 0.00 0.00 0.00 0.00
pedestrian 0.00 0 0.00 803 447 815 461 0.00 0.00 0.00 0.00 0.00 0.00 0.00
car 0.00 0 0.00 877 550 980 600 0.00 0.00 0.00 0.00 0.00 0.00 0.00
car 0.00 0 0.00 972 688 1067 734 0.00 0.00 0.00 0.00 0.00 0.00 0.00
car 0.00 0 0.00 1085 689 1176 728 0.00 0.00 0.00 0.00 0.00 0.00 0.00
motor 0.00 0 0.00 1360 537 1373 561 0.00 0.00 0.00 0.00 0.00 0.00 0.00
motor 0.00 0 0.00 1278 532 1297 566 0.00 0.00 0.00 0.00 0.00 0.00 0.00
motor 0.00 0 0.00 1322 535 1346 572 0.00 0.00 0.00 0.00 0.00 0.00 0.00
awning-tricycle 0.00 0 0.00 1325 570 1389 600 0.00 0.00 0.00 0.00 0.00 0.00 0.00
