car 0.00 0 0.00 195 725 299 785 0.00 0.00 0.00 0.00 0.00 0.00 0.00
car 0.00 0 0.00 350 507 444 555 0.00 0.00 0.00 0.00 0.00 0.00 0.00
pedestrian 0.00 0 0.00 556 377 572 393 0.00 0.00 0.00 0.00 0.00 0.00 0.00
pedestrian 0.00 0 0.00 535 354 548 366 0.00 0.00 0.00 0.00 0.00 0.00 0.00
pedestrian 0.00 0 0.00 534 336 548 353 0.00 0.00 0.00 0.00 0.00 0.00 0.00
car 0.00 0 0.00 727 446 822 493 0.00 0.00 0.00 0.00 0.00 0.00 0.00
motor 0.00 0 0.00 721 391 759 408 0.00 0.00 0.00 0.00 0.00 0.00 0.00
pedestrian 0.00 0 0.00 643 147 658 165 0.00 0.00 0.00 0.00 0.00 0.00 0.00
pedestrian 0.00 0 0.00 1035 675 1048 691 0.00 0.00 0.00 0.00 0.00 0.00 0.00
car 0.00 0 0.00 1147 376 1239 419 0.00 0.00 0.00 0.00 0.00 0.00 0.00
car 0.00 0 0.00 883 369 980 417 0.00 0.00 0.00 0.00 0.00 0.00 0.00
