van 0.00 0 0.00 945 676 1044 787 0.00 0.00 0.00 0.00 0.00 0.00 0.00
pedestrian 0.00 0 0.00 912 662 930 691 0.00 0.00 0.00 0.00 0.00 0.00 0.00
car 0.00 0 0.00 891 553 976 674 0.00 0.00 0.00 0.00 0.00 0.00 0.00
car 0.00 0 0.00 841 447 919 557 0.00 0.00 0.00 0.00 0.00 0.00 0.00
motor 0.00 0 0.00 951 533 989 580 0.00 0.00 0.00 0.00 0.00 0.00 0.00
motor 0.00 0 0.00 918 475 958 532 0.00 0.00 0.00 0.00 0.00 0.00 0.00
motor 0.00 0 0.00 891 430 929 481 0.00 0.00 0.00 0.00 0.00 0.00 0.00
motor 0.00 0 0.00 996 471 1035 522 0.00 0.00 0.00 0.00 0.00 0.00 0.00
motor 0.00 0 0.00 967 430 1000 476 0.00 0.00 0.00 0.00 0.00 0.00 0.00
car 0.00 0 0.00 825 247 890 322 0.00 0.00 0.00 0.00 0.00 0.00 0.00
car 0.00 0 0.00 884 205 971 253 0.00 0.00 0.00 0.00 0.00 0.00 0.00
truck 0.00 0 0.00 1016 130 1209 219 0.00 0.00 0.00 0.00 0.00 0.00 0.00
van 0.00 0 0.00 1249 103 1329 149 0.00 0.00 0.00 0.00 0.00 0.00 0.00
car 0.00 0 0.00 1326 86 1395 130 0.00 0.00 0.00 0.00 0.00 0.00 0.00
van 0.00 0 0.00 394 315 507 385 0.00 0.00 0.00 0.00 0.00 0.00 0.00
pedestrian 0.00 0 0.00 532 465 547 492 0.00 0.00 0.00 0.00 0.00 0.00 0.00
pedestrian 0.00 0 0.00 509 475 527 497 0.00 0.00 0.00 0.00 0.00 0.00 0.00
truck 0.00 0 0.00 134 355 334 453 0.00 0.00 0.00 0.00 0.00 0.00 0.00
truck 0.00 0 0.00 326 170 486 278 0.00 0.00 0.00 0.00 0.00 0.00 0.00
car 0.00 0 0.00 481 129 526 194 0.00 0.00 0.00 0.00 0.00 0.00 0.00
van 0.00 0 0.00 492 10 540 86 0.00 0.00 0.00 0.00 0.00 0.00 0.00
car 0.00 0 0.00 356 0 401 38 0.00 0.00 0.00 0.00 0.00 0.00 0.00
