car 0.00 0 0.00 485 323 526 343 0.00 0.00 0.00 0.00 0.00 0.00 0.00
car 0.00 0 0.00 523 332 547 353 0.00 0.00 0.00 0.00 0.00 0.00 0.00
car 0.00 0 0.00 501 351 529 372 0.00 0.00 0.00 0.00 0.00 0.00 0.00
car 0.00 0 0.00 482 373 507 393 0.00 0.00 0.00 0.00 0.00 0.00 0.00
truck 0.00 0 0.00 520 364 586 397 0.00 0.00 0.00 0.00 0.00 0.00 0.00
car 0.00 0 0.00 561 353 591 371 0.00 0.00 0.00 0.00 0.00 0.00 0.00
pedestrian 0.00 0 0.00 579 450 591 472 0.00 0.00 0.00 0.00 0.00 0.00 0.00
car 0.00 0 0.00 584 538 616 575 0.00 0.00 0.00 0.00 0.00 0.00 0.00
van 0.00 0 0.00 593 501 620 538 0.00 0.00 0.00 0.00 0.00 0.00 0.00
car 0.00 0 0.00 595 479 622 510 0.00 0.00 0.00 0.00 0.00 0.00 0.00
motor 0.00 0 0.00 528 616 557 634 0.00 0.00 0.00 0.00 0.00 0.00 0.00
car 0.00 0 0.00 564 635 603 685 0.00 0.00 0.00 0.00 0.00 0.00 0.00
car 0.00 0 0.00 557 744 599 804 0.00 0.00 0.00 0.00 0.00 0.00 0.00
car 0.00 0 0.00 542 843 585 911 0.00 0.00 0.00 0.00 0.00 0.00 0.00
awning-tricycle 0.00 0 0.00 646 719 675 774 0.00 0.00 0.00 0.00 0.00 0.00 0.00
people 0.00 0 0.00 599 1053 615 1075 0.00 0.00 0.00 0.00 0.00 0.00 0.00
motor 0.00 0 0.00 599 1056 618 1100 0.00 0.00 0.00 0.00 0.00 0.00 0.00
car 0.00 0 0.00 1 1247 184 1348 0.00 0.00 0.00 0.00 0.00 0.00 0.00
car 0.00 0 0.00 293 1160 432 1268 0.00 0.00 0.00 0.00 0.00 0.00 0.00
car 0.00 0 0.00 707 1051 827 1115 0.00 0.00 0.00 0.00 0.00 0.00 0.00
car 0.00 0 0.00 799 849 851 923 0.00 0.00 0.00 0.00 0.00 0.00 0.00
car 0.00 0 0.00 848 835 898 918 0.00 0.00 0.00 0.00 0.00 0.00 0.00
car 0.00 0 0.00 898 832 950 912 0.00 0.00 0.00 0.00 0.00 0.00 0.00
van 0.00 0 0.00 1154 1324 1307 1435 0.00 0.00 0.00 0.00 0.00 0.00 0.00
car 0.00 0 0.00 1124 1187 1270 1264 0.00 0.00 0.00 0.00 0.00 0.00 0.00
car 0.00 0 0.00 919 1233 1065 1310 0.00 0.00 0.00 0.00 0.00 0.00 0.00
car 0.00 0 0.00 1272 1148 1418 1225 0.00 0.00 0.00 0.00 0.00 0.00 0.00
car 0.00 0 0.00 1405 1117 1551 1194 0.00 0.00 0.00 0.00 0.00 0.00 0.00
car 0.00 0 0.00 1803 1393 1938 1487 0.00 0.00 0.00 0.00 0.00 0.00 0.00
pedestrian 0.00 0 0.00 1799 1242 1831 1282 0.00 0.00 0.00 0.00 0.00 0.00 0.00
van 0.00 0 0.00 1745 1172 1855 1262 0.00 0.00 0.00 0.00 0.00 0.00 0.00
pedestrian 0.00 0 0.00 1506 1332 1527 1377 0.00 0.00 0.00 0.00 0.00 0.00 0.00
people 0.00 0 0.00 1395 1383 1422 1416 0.00 0.00 0.00 0.00 0.00 0.00 0.00
people 0.00 0 0.00 1390 1349 1414 1383 0.00 0.00 0.00 0.00 0.00 0.00 0.00
people 0.00 0 0.00 1428 1389 1444 1410 0.00 0.00 0.00 0.00 0.00 0.00 0.00
people 0.00 0 0.00 1439 1321 1469 1363 0.00 0.00 0.00 0.00 0.00 0.00 0.00
people 0.00 0 0.00 1424 1349 1450 1381 0.00 0.00 0.00 0.00 0.00 0.00 0.00
pedestrian 0.00 0 0.00 1439 964 1460 1006 0.00 0.00 0.00 0.00 0.00 0.00 0.00
car 0.00 0 0.00 1272 991 1383 1049 0.00 0.00 0.00 0.00 0.00 0.00 0.00
car 0.00 0 0.00 1954 953 2000 1017 0.00 0.00 0.00 0.00 0.00 0.00 0.00
people 0.00 0 0.00 1879 934 1896 961 0.00 0.00 0.00 0.00 0.00 0.00 0.00
bicycle 0.00 0 0.00 1867 946 1899 973 0.00 0.00 0.00 0.00 0.00 0.00 0.00
car 0.00 0 0.00 1479 734 1561 795 0.00 0.00 0.00 0.00 0.00 0.00 0.00
car 0.00 0 0.00 1436 698 1523 740 0.00 0.00 0.00 0.00 0.00 0.00 0.00
car 0.00 0 0.00 1407 669 1493 700 0.00 0.00 0.00 0.00 0.00 0.00 0.00
car 0.00 0 0.00 1326 692 1414 729 0.00 0.00 0.00 0.00 0.00 0.00 0.00
car 0.00 0 0.00 1312 666 1390 699 0.00 0.00 0.00 0.00 0.00 0.00 0.00
car 0.00 0 0.00 1292 640 1373 676 0.00 0.00 0.00 0.00 0.00 0.00 0.00
car 0.00 0 0.00 1271 621 1346 650 0.00 0.00 0.00 0.00 0.00 0.00 0.00
car 0.00 0 0.00 1343 599 1411 630 0.00 0.00 0.00 0.00 0.00 0.00 0.00
van 0.00 0 0.00 1249 592 1328 635 0.00 0.00 0.00 0.00 0.00 0.00 0.00
truck 0.00 0 0.00 1290 558 1390 610 0.00 0.00 0.00 0.00 0.00 0.00 0.00
van 0.00 0 0.00 1298 538 1367 585 0.00 0.00 0.00 0.00 0.00 0.00 0.00
car 0.00 0 0.00 1273 534 1333 569 0.00 0.00 0.00 0.00 0.00 0.00 0.00
car 0.00 0 0.00 1220 555 1281 587 0.00 0.00 0.00 0.00 0.00 0.00 0.00
car 0.00 0 0.00 1262 515 1316 549 0.00 0.00 0.00 0.00 0.00 0.00 0.00
car 0.00 0 0.00 1240 498 1282 526 0.00 0.00 0.00 0.00 0.00 0.00 0.00
truck 0.00 0 0.00 1253 440 1311 506 0.00 0.00 0.00 0.00 0.00 0.00 0.00
van 0.00 0 0.00 1276 410 1322 437 0.00 0.00 0.00 0.00 0.00 0.00 0.00
car 0.00 0 0.00 1202 414 1249 441 0.00 0.00 0.00 0.00 0.00 0.00 0.00
pedestrian 0.00 0 0.00 1329 403 1338 424 0.00 0.00 0.00 0.00 0.00 0.00 0.00
car 0.00 0 0.00 1310 311 1334 332 0.00 0.00 0.00 0.00 0.00 0.00 0.00
car 0.00 0 0.00 1331 307 1356 327 0.00 0.00 0.00 0.00 0.00 0.00 0.00
car 0.00 0 0.00 1086 282 1116 300 0.00 0.00 0.00 0.00 0.00 0.00 0.00
car 0.00 0 0.00 767 292 809 309 0.00 0.00 0.00 0.00 0.00 0.00 0.00
car 0.00 0 0.00 751 313 796 332 0.00 0.00 0.00 0.00 0.00 0.00 0.00
van 0.00 0 0.00 679 432 744 461 0.00 0.00 0.00 0.00 0.00 0.00 0.00
truck 0.00 0 0.00 662 486 750 535 0.00 0.00 0.00 0.00 0.00 0.00 0.00
van 0.00 0 0.00 686 544 750 574 0.00 0.00 0.00 0.00 0.00 0.00 0.00
car 0.00 0 0.00 1905 626 1972 682 0.00 0.00 0.00 0.00 0.00 0.00 0.00
