car 0.00 0 0.00 991 568 1078 602 0.00 0.00 0.00 0.00 0.00 0.00 0.00
car 0.00 0 0.00 992 612 1077 652 0.00 0.00 0.00 0.00 0.00 0.00 0.00
car 0.00 0 0.00 756 618 822 650 0.00 0.00 0.00 0.00 0.00 0.00 0.00
car 0.00 0 0.00 646 609 725 644 0.00 0.00 0.00 0.00 0.00 0.00 0.00
car 0.00 0 0.00 473 609 552 644 0.00 0.00 0.00 0.00 0.00 0.00 0.00
car 0.00 0 0.00 378 610 456 645 0.00 0.00 0.00 0.00 0.00 0.00 0.00
car 0.00 0 0.00 276 609 355 644 0.00 0.00 0.00 0.00 0.00 0.00 0.00
car 0.00 0 0.00 168 603 255 639 0.00 0.00 0.00 0.00 0.00 0.00 0.00
car 0.00 0 0.00 51 606 137 642 0.00 0.00 0.00 0.00 0.00 0.00 0.00
car 0.00 0 0.00 0 584 49 669 0.00 0.00 0.00 0.00 0.00 0.00 0.00
people 0.00 0 0.00 849 152 860 167 0.00 0.00 0.00 0.00 0.00 0.00 0.00
motor 0.00 0 0.00 841 154 866 168 0.00 0.00 0.00 0.00 0.00 0.00 0.00
