car 0.00 0 0.00 647 963 676 1045 0.00 0.00 0.00 0.00 0.00 0.00 0.00
pedestrian 0.00 0 0.00 709 961 720 975 0.00 0.00 0.00 0.00 0.00 0.00 0.00
pedestrian 0.00 0 0.00 701 915 709 929 0.00 0.00 0.00 0.00 0.00 0.00 0.00
motor 0.00 0 0.00 645 867 658 902 0.00 0.00 0.00 0.00 0.00 0.00 0.00
bicycle 0.00 0 0.00 650 809 663 839 0.00 0.00 0.00 0.00 0.00 0.00 0.00
people 0.00 0 0.00 651 812 661 833 0.00 0.00 0.00 0.00 0.00 0.00 0.00
pedestrian 0.00 0 0.00 651 779 662 797 0.00 0.00 0.00 0.00 0.00 0.00 0.00
pedestrian 0.00 0 0.00 679 776 690 794 0.00 0.00 0.00 0.00 0.00 0.00 0.00
pedestrian 0.00 0 0.00 690 767 701 785 0.00 0.00 0.00 0.00 0.00 0.00 0.00
motor 0.00 0 0.00 626 667 638 693 0.00 0.00 0.00 0.00 0.00 0.00 0.00
pedestrian 0.00 0 0.00 680 588 691 601 0.00 0.00 0.00 0.00 0.00 0.00 0.00
motor 0.00 0 0.00 650 555 663 589 0.00 0.00 0.00 0.00 0.00 0.00 0.00
bicycle 0.00 0 0.00 615 492 626 519 0.00 0.00 0.00 0.00 0.00 0.00 0.00
car 0.00 0 0.00 682 457 722 535 0.00 0.00 0.00 0.00 0.00 0.00 0.00
pedestrian 0.00 0 0.00 627 436 640 449 0.00 0.00 0.00 0.00 0.00 0.00 0.00
motor 0.00 0 0.00 609 397 619 425 0.00 0.00 0.00 0.00 0.00 0.00 0.00
pedestrian 0.00 0 0.00 625 387 636 398 0.00 0.00 0.00 0.00 0.00 0.00 0.00
pedestrian 0.00 0 0.00 635 387 645 398 0.00 0.00 0.00 0.00 0.00 0.00 0.00
pedestrian 0.00 0 0.00 621 332 632 345 0.00 0.00 0.00 0.00 0.00 0.00 0.00
pedestrian 0.00 0 0.00 608 335 619 349 0.00 0.00 0.00 0.00 0.00 0.00 0.00
car 0.00 0 0.00 675 259 719 343 0.00 0.00 0.00 0.00 0.00 0.00 0.00
bicycle 0.00 0 0.00 646 271 657 305 0.00 0.00 0.00 0.00 0.00 0.00 0.00
people 0.00 0 0.00 646 275 657 294 0.00 0.00 0.00 0.00 0.00 0.00 0.00
pedestrian 0.00 0 0.00 665 252 678 266 0.00 0.00 0.00 0.00 0.00 0.00 0.00
people 0.00 0 0.00 666 252 674 261 0.00 0.00 0.00 0.00 0.00 0.00 0.00
motor 0.00 0 0.00 607 173 620 206 0.00 0.00 0.00 0.00 0.00 0.00 0.00
people 0.00 0 0.00 606 178 620 196 0.00 0.00 0.00 0.00 0.00 0.00 0.00
van 0.00 0 0.00 527 182 596 214 0.00 0.00 0.00 0.00 0.00 0.00 0.00
motor 0.00 0 0.00 532 162 554 180 0.00 0.00 0.00 0.00 0.00 0.00 0.00
pedestrian 0.00 0 0.00 519 140 528 155 0.00 0.00 0.00 0.00 0.00 0.00 0.00
pedestrian 0.00 0 0.00 538 154 550 170 0.00 0.00 0.00 0.00 0.00 0.00 0.00
pedestrian 0.00 0 0.00 667 76 676 92 0.00 0.00 0.00 0.00 0.00 0.00 0.00
