car 0.00 0 0.00 132 174 166 193 0.00 0.00 0.00 0.00 0.00 0.00 0.00
truck 0.00 0 0.00 249 293 302 338 0.00 0.00 0.00 0.00 0.00 0.00 0.00
car 0.00 0 0.00 320 278 355 312 0.00 0.00 0.00 0.00 0.00 0.00 0.00
car 0.00 0 0.00 63 192 114 215 0.00 0.00 0.00 0.00 0.00 0.00 0.00
car 0.00 0 0.00 49 182 110 210 0.00 0.00 0.00 0.00 0.00 0.00 0.00
awning-tricycle 0.00 0 0.00 681 446 721 500 0.00 0.00 0.00 0.00 0.00 0.00 0.00
car 0.00 0 0.00 652 417 727 470 0.00 0.00 0.00 0.00 0.00 0.00 0.00
car 0.00 0 0.00 728 469 804 533 0.00 0.00 0.00 0.00 0.00 0.00 0.00
car 0.00 0 0.00 842 468 939 530 0.00 0.00 0.00 0.00 0.00 0.00 0.00
pedestrian 0.00 0 0.00 894 76 899 90 0.00 0.00 0.00 0.00 0.00 0.00 0.00
car 0.00 0 0.00 1033 631 1149 728 0.00 0.00 0.00 0.00 0.00 0.00 0.00
car 0.00 0 0.00 1141 706 1323 827 0.00 0.00 0.00 0.00 0.00 0.00 0.00
