motor 0.00 0 0.00 1831 1201 1892 1255 0.00 0.00 0.00 0.00 0.00 0.00 0.00
motor 0.00 0 0.00 1854 1192 1896 1252 0.00 0.00 0.00 0.00 0.00 0.00 0.00
pedestrian 0.00 0 0.00 1471 1372 1516 1458 0.00 0.00 0.00 0.00 0.00 0.00 0.00
van 0.00 0 0.00 1251 1270 1350 1389 0.00 0.00 0.00 0.00 0.00 0.00 0.00
car 0.00 0 0.00 1178 1198 1287 1284 0.00 0.00 0.00 0.00 0.00 0.00 0.00
van 0.00 0 0.00 1034 1264 1130 1389 0.00 0.00 0.00 0.00 0.00 0.00 0.00
car 0.00 0 0.00 1095 1145 1167 1208 0.00 0.00 0.00 0.00 0.00 0.00 0.00
car 0.00 0 0.00 1090 1081 1163 1142 0.00 0.00 0.00 0.00 0.00 0.00 0.00
car 0.00 0 0.00 1114 1041 1216 1088 0.00 0.00 0.00 0.00 0.00 0.00 0.00
car 0.00 0 0.00 1068 1024 1167 1073 0.00 0.00 0.00 0.00 0.00 0.00 0.00
car 0.00 0 0.00 1019 1001 1065 1037 0.00 0.00 0.00 0.00 0.00 0.00 0.00
car 0.00 0 0.00 665 1416 776 1500 0.00 0.00 0.00 0.00 0.00 0.00 0.00
car 0.00 0 0.00 697 1274 796 1410 0.00 0.00 0.00 0.00 0.00 0.00 0.00
car 0.00 0 0.00 716 1190 791 1287 0.00 0.00 0.00 0.00 0.00 0.00 0.00
van 0.00 0 0.00 760 1059 807 1133 0.00 0.00 0.00 0.00 0.00 0.00 0.00
car 0.00 0 0.00 683 1021 784 1059 0.00 0.00 0.00 0.00 0.00 0.00 0.00
car 0.00 0 0.00 696 1008 776 1044 0.00 0.00 0.00 0.00 0.00 0.00 0.00
van 0.00 0 0.00 920 1207 1006 1339 0.00 0.00 0.00 0.00 0.00 0.00 0.00
car 0.00 0 0.00 904 1143 970 1219 0.00 0.00 0.00 0.00 0.00 0.00 0.00
car 0.00 0 0.00 888 1090 954 1154 0.00 0.00 0.00 0.00 0.00 0.00 0.00
pedestrian 0.00 0 0.00 1003 1029 1014 1069 0.00 0.00 0.00 0.00 0.00 0.00 0.00
pedestrian 0.00 0 0.00 1002 1029 1013 1049 0.00 0.00 0.00 0.00 0.00 0.00 0.00
pedestrian 0.00 0 0.00 1004 1022 1017 1060 0.00 0.00 0.00 0.00 0.00 0.00 0.00
car 0.00 0 0.00 872 999 912 1050 0.00 0.00 0.00 0.00 0.00 0.00 0.00
car 0.00 0 0.00 863 984 902 1022 0.00 0.00 0.00 0.00 0.00 0.00 0.00
car 0.00 0 0.00 777 971 811 1006 0.00 0.00 0.00 0.00 0.00 0.00 0.00
car 0.00 0 0.00 786 954 820 986 0.00 0.00 0.00 0.00 0.00 0.00 0.00
car 0.00 0 0.00 799 934 829 960 0.00 0.00 0.00 0.00 0.00 0.00 0.00
car 0.00 0 0.00 817 922 845 944 0.00 0.00 0.00 0.00 0.00 0.00 0.00
car 0.00 0 0.00 823 910 848 933 0.00 0.00 0.00 0.00 0.00 0.00 0.00
car 0.00 0 0.00 832 902 855 923 0.00 0.00 0.00 0.00 0.00 0.00 0.00
car 0.00 0 0.00 843 893 864 912 0.00 0.00 0.00 0.00 0.00 0.00 0.00
car 0.00 0 0.00 850 878 870 898 0.00 0.00 0.00 0.00 0.00 0.00 0.00
car 0.00 0 0.00 860 875 876 893 0.00 0.00 0.00 0.00 0.00 0.00 0.00
pedestrian 0.00 0 0.00 835 884 842 900 0.00 0.00 0.00 0.00 0.00 0.00 0.00
car 0.00 0 0.00 784 892 829 907 0.00 0.00 0.00 0.00 0.00 0.00 0.00
car 0.00 0 0.00 888 955 920 982 0.00 0.00 0.00 0.00 0.00 0.00 0.00
car 0.00 0 0.00 874 939 903 965 0.00 0.00 0.00 0.00 0.00 0.00 0.00
car 0.00 0 0.00 911 942 940 966 0.00 0.00 0.00 0.00 0.00 0.00 0.00
car 0.00 0 0.00 916 918 940 940 0.00 0.00 0.00 0.00 0.00 0.00 0.00
car 0.00 0 0.00 932 878 952 891 0.00 0.00 0.00 0.00 0.00 0.00 0.00
car 0.00 0 0.00 932 874 951 886 0.00 0.00 0.00 0.00 0.00 0.00 0.00
car 0.00 0 0.00 984 937 1009 961 0.00 0.00 0.00 0.00 0.00 0.00 0.00
car 0.00 0 0.00 981 922 1012 946 0.00 0.00 0.00 0.00 0.00 0.00 0.00
car 0.00 0 0.00 987 909 1006 925 0.00 0.00 0.00 0.00 0.00 0.00 0.00
car 0.00 0 0.00 980 898 1002 921 0.00 0.00 0.00 0.00 0.00 0.00 0.00
car 0.00 0 0.00 977 893 998 910 0.00 0.00 0.00 0.00 0.00 0.00 0.00
car 0.00 0 0.00 977 877 997 895 0.00 0.00 0.00 0.00 0.00 0.00 0.00
car 0.00 0 0.00 979 873 997 886 0.00 0.00 0.00 0.00 0.00 0.00 0.00
