bus 0.00 0 0.00 1 453 162 605 0.00 0.00 0.00 0.00 0.00 0.00 0.00
bus 0.00 0 0.00 259 361 451 475 0.00 0.00 0.00 0.00 0.00 0.00 0.00
bus 0.00 0 0.00 522 280 670 371 0.00 0.00 0.00 0.00 0.00 0.00 0.00
bus 0.00 0 0.00 704 211 879 326 0.00 0.00 0.00 0.00 0.00 0.00 0.00
bus 0.00 0 0.00 829 157 968 243 0.00 0.00 0.00 0.00 0.00 0.00 0.00
bus 0.00 0 0.00 1047 102 1142 171 0.00 0.00 0.00 0.00 0.00 0.00 0.00
car 0.00 0 0.00 728 322 805 370 0.00 0.00 0.00 0.00 0.00 0.00 0.00
pedestrian 0.00 0 0.00 905 398 920 427 0.00 0.00 0.00 0.00 0.00 0.00 0.00
pedestrian 0.00 0 0.00 436 491 449 530 0.00 0.00 0.00 0.00 0.00 0.00 0.00
people 0.00 0 0.00 432 489 442 520 0.00 0.00 0.00 0.00 0.00 0.00 0.00
van 0.00 0 0.00 1026 188 1077 227 0.00 0.00 0.00 0.00 0.00 0.00 0.00
car 0.00 0 0.00 1009 159 1053 186 0.00 0.00 0.00 0.00 0.00 0.00 0.00
car 0.00 0 0.00 961 172 1006 201 0.00 0.00 0.00 0.00 0.00 0.00 0.00
pedestrian 0.00 0 0.00 676 200 685 228 0.00 0.00 0.00 0.00 0.00 0.00 0.00
pedestrian 0.00 0 0.00 678 264 690 294 0.00 0.00 0.00 0.00 0.00 0.00 0.00
pedestrian 0.00 0 0.00 615 267 627 293 0.00 0.00 0.00 0.00 0.00 0.00 0.00
pedestrian 0.00 0 0.00 599 280 608 306 0.00 0.00 0.00 0.00 0.00 0.00 0.00
pedestrian 0.00 0 0.00 594 272 605 298 0.00 0.00 0.00 0.00 0.00 0.00 0.00
pedestrian 0.00 0 0.00 412 329 421 358 0.00 0.00 0.00 0.00 0.00 0.00 0.00
pedestrian 0.00 0 0.00 421 328 433 358 0.00 0.00 0.00 0.00 0.00 0.00 0.00
pedestrian 0.00 0 0.00 136 29 144 46 0.00 0.00 0.00 0.00 0.00 0.00 0.00
pedestrian 0.00 0 0.00 177 76 185 93 0.00 0.00 0.00 0.00 0.00 0.00 0.00
pedestrian 0.00 0 0.00 222 140 229 155 0.00 0.00 0.00 0.00 0.00 0.00 0.00
van 0.00 0 0.00 163 185 192 222 0.00 0.00 0.00 0.00 0.00 0.00 0.00
car 0.00 0 0.00 156 218 188 257 0.00 0.00 0.00 0.00 0.00 0.00 0.00
car 0.00 0 0.00 133 99 172 126 0.00 0.00 0.00 0.00 0.00 0.00 0.00
van 0.00 0 0.00 162 113 190 149 0.00 0.00 0.00 0.00 0.00 0.00 0.00
van 0.00 0 0.00 171 140 197 181 0.00 0.00 0.00 0.00 0.00 0.00 0.00
truck 0.00 0 0.00 72 31 106 65 0.00 0.00 0.00 0.00 0.00 0.00 0.00
truck 0.00 0 0.00 47 10 85 39 0.00 0.00 0.00 0.00 0.00 0.00 0.00
car 0.00 0 0.00 92 57 143 79 0.00 0.00 0.00 0.00 0.00 0.00 0.00
