car 0.00 0 0.00 759 750 890 918 0.00 0.00 0.00 0.00 0.00 0.00 0.00
car 0.00 0 0.00 827 640 949 770 0.00 0.00 0.00 0.00 0.00 0.00 0.00
car 0.00 0 0.00 890 487 982 531 0.00 0.00 0.00 0.00 0.00 0.00 0.00
car 0.00 0 0.00 960 445 1025 474 0.00 0.00 0.00 0.00 0.00 0.00 0.00
car 0.00 0 0.00 672 357 698 375 0.00 0.00 0.00 0.00 0.00 0.00 0.00
car 0.00 0 0.00 860 392 897 417 0.00 0.00 0.00 0.00 0.00 0.00 0.00
car 0.00 0 0.00 595 280 608 291 0.00 0.00 0.00 0.00 0.00 0.00 0.00
car 0.00 0 0.00 587 259 601 270 0.00 0.00 0.00 0.00 0.00 0.00 0.00
car 0.00 0 0.00 484 351 529 371 0.00 0.00 0.00 0.00 0.00 0.00 0.00
car 0.00 0 0.00 485 342 518 358 0.00 0.00 0.00 0.00 0.00 0.00 0.00
