car 0.00 0 0.00 21 178 41 187 0.00 0.00 0.00 0.00 0.00 0.00 0.00
van 0.00 0 0.00 117 320 133 339 0.00 0.00 0.00 0.00 0.00 0.00 0.00
van 0.00 0 0.00 80 292 99 313 0.00 0.00 0.00 0.00 0.00 0.00 0.00
car 0.00 0 0.00 59 321 85 338 0.00 0.00 0.00 0.00 0.00 0.00 0.00
car 0.00 0 0.00 53 308 76 323 0.00 0.00 0.00 0.00 0.00 0.00 0.00
car 0.00 0 0.00 42 287 67 305 0.00 0.00 0.00 0.00 0.00 0.00 0.00
van 0.00 0 0.00 48 303 73 315 0.00 0.00 0.00 0.00 0.00 0.00 0.00
pedestrian 0.00 0 0.00 100 292 106 303 0.00 0.00 0.00 0.00 0.00 0.00 0.00
pedestrian 0.00 0 0.00 103 294 111 301 0.00 0.00 0.00 0.00 0.00 0.00 0.00
pedestrian 0.00 0 0.00 52 230 57 236 0.00 0.00 0.00 0.00 0.00 0.00 0.00
van 0.00 0 0.00 33 274 60 288 0.00 0.00 0.00 0.00 0.00 0.00 0.00
car 0.00 0 0.00 30 262 54 273 0.00 0.00 0.00 0.00 0.00 0.00 0.00
car 0.00 0 0.00 26 257 47 269 0.00 0.00 0.00 0.00 0.00 0.00 0.00
van 0.00 0 0.00 23 249 48 262 0.00 0.00 0.00 0.00 0.00 0.00 0.00
van 0.00 0 0.00 20 238 40 256 0.00 0.00 0.00 0.00 0.00 0.00 0.00
van 0.00 0 0.00 13 236 39 250 0.00 0.00 0.00 0.00 0.00 0.00 0.00
van 0.00 0 0.00 11 228 36 242 0.00 0.00 0.00 0.00 0.00 0.00 0.00
van 0.00 0 0.00 6 224 34 236 0.00 0.00 0.00 0.00 0.00 0.00 0.00
car 0.00 0 0.00 7 219 26 231 0.00 0.00 0.00 0.00 0.00 0.00 0.00
car 0.00 0 0.00 4 211 26 226 0.00 0.00 0.00 0.00 0.00 0.00 0.00
pedestrian 0.00 0 0.00 1 198 7 205 0.00 0.00 0.00 0.00 0.00 0.00 0.00
truck 0.00 0 0.00 483 378 519 404 0.00 0.00 0.00 0.00 0.00 0.00 0.00
truck 0.00 0 0.00 549 358 598 392 0.00 0.00 0.00 0.00 0.00 0.00 0.00
truck 0.00 0 0.00 324 486 363 514 0.00 0.00 0.00 0.00 0.00 0.00 0.00
van 0.00 0 0.00 153 576 180 597 0.00 0.00 0.00 0.00 0.00 0.00 0.00
van 0.00 0 0.00 190 582 223 603 0.00 0.00 0.00 0.00 0.00 0.00 0.00
car 0.00 0 0.00 6 668 37 689 0.00 0.00 0.00 0.00 0.00 0.00 0.00
car 0.00 0 0.00 131 650 160 671 0.00 0.00 0.00 0.00 0.00 0.00 0.00
car 0.00 0 0.00 384 480 410 498 0.00 0.00 0.00 0.00 0.00 0.00 0.00
car 0.00 0 0.00 284 562 311 585 0.00 0.00 0.00 0.00 0.00 0.00 0.00
van 0.00 0 0.00 338 618 363 637 0.00 0.00 0.00 0.00 0.00 0.00 0.00
car 0.00 0 0.00 324 651 351 672 0.00 0.00 0.00 0.00 0.00 0.00 0.00
car 0.00 0 0.00 332 664 355 682 0.00 0.00 0.00 0.00 0.00 0.00 0.00
car 0.00 0 0.00 407 643 430 661 0.00 0.00 0.00 0.00 0.00 0.00 0.00
car 0.00 0 0.00 388 612 412 632 0.00 0.00 0.00 0.00 0.00 0.00 0.00
car 0.00 0 0.00 380 604 404 624 0.00 0.00 0.00 0.00 0.00 0.00 0.00
car 0.00 0 0.00 492 451 513 469 0.00 0.00 0.00 0.00 0.00 0.00 0.00
car 0.00 0 0.00 517 412 536 425 0.00 0.00 0.00 0.00 0.00 0.00 0.00
bus 0.00 0 0.00 443 481 482 511 0.00 0.00 0.00 0.00 0.00 0.00 0.00
car 0.00 0 0.00 545 532 567 555 0.00 0.00 0.00 0.00 0.00 0.00 0.00
truck 0.00 0 0.00 513 570 558 599 0.00 0.00 0.00 0.00 0.00 0.00 0.00
car 0.00 0 0.00 363 726 388 745 0.00 0.00 0.00 0.00 0.00 0.00 0.00
truck 0.00 0 0.00 602 615 635 708 0.00 0.00 0.00 0.00 0.00 0.00 0.00
truck 0.00 0 0.00 635 610 668 701 0.00 0.00 0.00 0.00 0.00 0.00 0.00
truck 0.00 0 0.00 662 596 697 688 0.00 0.00 0.00 0.00 0.00 0.00 0.00
truck 0.00 0 0.00 691 586 727 676 0.00 0.00 0.00 0.00 0.00 0.00 0.00
truck 0.00 0 0.00 716 574 752 664 0.00 0.00 0.00 0.00 0.00 0.00 0.00
truck 0.00 0 0.00 743 558 782 649 0.00 0.00 0.00 0.00 0.00 0.00 0.00
truck 0.00 0 0.00 820 521 863 609 0.00 0.00 0.00 0.00 0.00 0.00 0.00
truck 0.00 0 0.00 794 538 836 622 0.00 0.00 0.00 0.00 0.00 0.00 0.00
truck 0.00 0 0.00 770 545 810 634 0.00 0.00 0.00 0.00 0.00 0.00 0.00
truck 0.00 0 0.00 861 533 900 576 0.00 0.00 0.00 0.00 0.00 0.00 0.00
truck 0.00 0 0.00 629 468 659 499 0.00 0.00 0.00 0.00 0.00 0.00 0.00
car 0.00 0 0.00 694 489 711 510 0.00 0.00 0.00 0.00 0.00 0.00 0.00
truck 0.00 0 0.00 694 409 751 473 0.00 0.00 0.00 0.00 0.00 0.00 0.00
truck 0.00 0 0.00 645 432 693 486 0.00 0.00 0.00 0.00 0.00 0.00 0.00
truck 0.00 0 0.00 632 445 679 497 0.00 0.00 0.00 0.00 0.00 0.00 0.00
truck 0.00 0 0.00 713 408 743 447 0.00 0.00 0.00 0.00 0.00 0.00 0.00
truck 0.00 0 0.00 790 409 805 440 0.00 0.00 0.00 0.00 0.00 0.00 0.00
truck 0.00 0 0.00 774 401 788 432 0.00 0.00 0.00 0.00 0.00 0.00 0.00
van 0.00 0 0.00 816 422 828 446 0.00 0.00 0.00 0.00 0.00 0.00 0.00
van 0.00 0 0.00 803 420 814 441 0.00 0.00 0.00 0.00 0.00 0.00 0.00
car 0.00 0 0.00 630 392 646 409 0.00 0.00 0.00 0.00 0.00 0.00 0.00
van 0.00 0 0.00 633 346 654 363 0.00 0.00 0.00 0.00 0.00 0.00 0.00
truck 0.00 0 0.00 644 307 690 341 0.00 0.00 0.00 0.00 0.00 0.00 0.00
car 0.00 0 0.00 743 277 758 290 0.00 0.00 0.00 0.00 0.00 0.00 0.00
car 0.00 0 0.00 800 242 820 257 0.00 0.00 0.00 0.00 0.00 0.00 0.00
car 0.00 0 0.00 790 232 807 245 0.00 0.00 0.00 0.00 0.00 0.00 0.00
car 0.00 0 0.00 636 311 657 326 0.00 0.00 0.00 0.00 0.00 0.00 0.00
car 0.00 0 0.00 1182 473 1205 489 0.00 0.00 0.00 0.00 0.00 0.00 0.00
