truck 0.00 0 0.00 1007 76 1125 244 0.00 0.00 0.00 0.00 0.00 0.00 0.00
car 0.00 0 0.00 1281 633 1352 670 0.00 0.00 0.00 0.00 0.00 0.00 0.00
truck 0.00 0 0.00 0 570 154 623 0.00 0.00 0.00 0.00 0.00 0.00 0.00
car 0.00 0 0.00 82 467 170 504 0.00 0.00 0.00 0.00 0.00 0.00 0.00
motor 0.00 0 0.00 639 654 674 670 0.00 0.00 0.00 0.00 0.00 0.00 0.00
motor 0.00 0 0.00 846 758 877 784 0.00 0.00 0.00 0.00 0.00 0.00 0.00
motor 0.00 0 0.00 1320 530 1364 548 0.00 0.00 0.00 0.00 0.00 0.00 0.00
motor 0.00 0 0.00 1143 691 1174 709 0.00 0.00 0.00 0.00 0.00 0.00 0.00
pedestrian 0.00 0 0.00 384 391 405 404 0.00 0.00 0.00 0.00 0.00 0.00 0.00
pedestrian 0.00 0 0.00 545 218 561 237 0.00 0.00 0.00 0.00 0.00 0.00 0.00
bicycle 0.00 0 0.00 613 0 630 31 0.00 0.00 0.00 0.00 0.00 0.00 0.00
people 0.00 0 0.00 617 0 628 18 0.00 0.00 0.00 0.00 0.00 0.00 0.00
people 0.00 0 0.00 654 657 668 668 0.00 0.00 0.00 0.00 0.00 0.00 0.00
people 0.00 0 0.00 857 765 875 780 0.00 0.00 0.00 0.00 0.00 0.00 0.00
people 0.00 0 0.00 1150 693 1167 708 0.00 0.00 0.00 0.00 0.00 0.00 0.00
people 0.00 0 0.00 1336 535 1361 546 0.00 0.00 0.00 0.00 0.00 0.00 0.00
pedestrian 0.00 0 0.00 694 709 714 729 0.00 0.00 0.00 0.00 0.00 0.00 0.00
