bicycle 0.00 0 0.00 629 828 652 877 0.00 0.00 0.00 0.00 0.00 0.00 0.00
bicycle 0.00 0 0.00 526 688 569 717 0.00 0.00 0.00 0.00 0.00 0.00 0.00
bicycle 0.00 0 0.00 476 653 515 689 0.00 0.00 0.00 0.00 0.00 0.00 0.00
awning-tricycle 0.00 0 0.00 392 715 443 776 0.00 0.00 0.00 0.00 0.00 0.00 0.00
car 0.00 0 0.00 255 816 342 895 0.00 0.00 0.00 0.00 0.00 0.00 0.00
truck 0.00 0 0.00 133 496 249 640 0.00 0.00 0.00 0.00 0.00 0.00 0.00
car 0.00 0 0.00 193 465 240 499 0.00 0.00 0.00 0.00 0.00 0.00 0.00
car 0.00 0 0.00 0 429 22 461 0.00 0.00 0.00 0.00 0.00 0.00 0.00
truck 0.00 0 0.00 91 392 172 486 0.00 0.00 0.00 0.00 0.00 0.00 0.00
truck 0.00 0 0.00 71 326 128 398 0.00 0.00 0.00 0.00 0.00 0.00 0.00
car 0.00 0 0.00 185 343 249 365 0.00 0.00 0.00 0.00 0.00 0.00 0.00
pedestrian 0.00 0 0.00 187 331 198 353 0.00 0.00 0.00 0.00 0.00 0.00 0.00
pedestrian 0.00 0 0.00 88 260 96 275 0.00 0.00 0.00 0.00 0.00 0.00 0.00
truck 0.00 0 0.00 69 272 97 294 0.00 0.00 0.00 0.00 0.00 0.00 0.00
truck 0.00 0 0.00 26 263 49 285 0.00 0.00 0.00 0.00 0.00 0.00 0.00
van 0.00 0 0.00 21 247 40 266 0.00 0.00 0.00 0.00 0.00 0.00 0.00
car 0.00 0 0.00 49 249 67 261 0.00 0.00 0.00 0.00 0.00 0.00 0.00
car 0.00 0 0.00 56 244 74 257 0.00 0.00 0.00 0.00 0.00 0.00 0.00
car 0.00 0 0.00 47 233 63 245 0.00 0.00 0.00 0.00 0.00 0.00 0.00
car 0.00 0 0.00 28 244 44 255 0.00 0.00 0.00 0.00 0.00 0.00 0.00
van 0.00 0 0.00 18 235 34 247 0.00 0.00 0.00 0.00 0.00 0.00 0.00
car 0.00 0 0.00 20 230 36 239 0.00 0.00 0.00 0.00 0.00 0.00 0.00
car 0.00 0 0.00 12 223 27 234 0.00 0.00 0.00 0.00 0.00 0.00 0.00
van 0.00 0 0.00 42 222 57 237 0.00 0.00 0.00 0.00 0.00 0.00 0.00
car 0.00 0 0.00 37 220 51 230 0.00 0.00 0.00 0.00 0.00 0.00 0.00
truck 0.00 0 0.00 36 207 53 227 0.00 0.00 0.00 0.00 0.00 0.00 0.00
van 0.00 0 0.00 9 214 24 226 0.00 0.00 0.00 0.00 0.00 0.00 0.00
van 0.00 0 0.00 9 208 21 217 0.00 0.00 0.00 0.00 0.00 0.00 0.00
car 0.00 0 0.00 29 204 40 214 0.00 0.00 0.00 0.00 0.00 0.00 0.00
truck 0.00 0 0.00 28 193 42 210 0.00 0.00 0.00 0.00 0.00 0.00 0.00
truck 0.00 0 0.00 2 189 23 212 0.00 0.00 0.00 0.00 0.00 0.00 0.00
car 0.00 0 0.00 19 190 31 197 0.00 0.00 0.00 0.00 0.00 0.00 0.00
car 0.00 0 0.00 13 186 23 193 0.00 0.00 0.00 0.00 0.00 0.00 0.00
car 0.00 0 0.00 8 180 14 187 0.00 0.00 0.00 0.00 0.00 0.00 0.00
car 0.00 0 0.00 13 178 20 184 0.00 0.00 0.00 0.00 0.00 0.00 0.00
car 0.00 0 0.00 1 175 10 182 0.00 0.00 0.00 0.00 0.00 0.00 0.00
truck 0.00 0 0.00 346 312 423 341 0.00 0.00 0.00 0.00 0.00 0.00 0.00
van 0.00 0 0.00 496 373 550 399 0.00 0.00 0.00 0.00 0.00 0.00 0.00
van 0.00 0 0.00 487 363 537 393 0.00 0.00 0.00 0.00 0.00 0.00 0.00
car 0.00 0 0.00 462 356 519 378 0.00 0.00 0.00 0.00 0.00 0.00 0.00
car 0.00 0 0.00 421 336 483 356 0.00 0.00 0.00 0.00 0.00 0.00 0.00
car 0.00 0 0.00 427 341 479 361 0.00 0.00 0.00 0.00 0.00 0.00 0.00
van 0.00 0 0.00 591 348 626 372 0.00 0.00 0.00 0.00 0.00 0.00 0.00
truck 0.00 0 0.00 583 327 627 355 0.00 0.00 0.00 0.00 0.00 0.00 0.00
car 0.00 0 0.00 666 343 719 364 0.00 0.00 0.00 0.00 0.00 0.00 0.00
van 0.00 0 0.00 687 353 725 382 0.00 0.00 0.00 0.00 0.00 0.00 0.00
van 0.00 0 0.00 703 379 735 407 0.00 0.00 0.00 0.00 0.00 0.00 0.00
car 0.00 0 0.00 711 411 764 440 0.00 0.00 0.00 0.00 0.00 0.00 0.00
car 0.00 0 0.00 579 423 649 444 0.00 0.00 0.00 0.00 0.00 0.00 0.00
van 0.00 0 0.00 582 431 622 450 0.00 0.00 0.00 0.00 0.00 0.00 0.00
car 0.00 0 0.00 595 437 655 459 0.00 0.00 0.00 0.00 0.00 0.00 0.00
motor 0.00 0 0.00 764 415 781 436 0.00 0.00 0.00 0.00 0.00 0.00 0.00
van 0.00 0 0.00 709 487 792 528 0.00 0.00 0.00 0.00 0.00 0.00 0.00
car 0.00 0 0.00 735 514 816 547 0.00 0.00 0.00 0.00 0.00 0.00 0.00
car 0.00 0 0.00 781 522 867 560 0.00 0.00 0.00 0.00 0.00 0.00 0.00
van 0.00 0 0.00 805 537 891 582 0.00 0.00 0.00 0.00 0.00 0.00 0.00
van 0.00 0 0.00 863 572 948 622 0.00 0.00 0.00 0.00 0.00 0.00 0.00
motor 0.00 0 0.00 922 588 960 629 0.00 0.00 0.00 0.00 0.00 0.00 0.00
car 0.00 0 0.00 950 624 1052 678 0.00 0.00 0.00 0.00 0.00 0.00 0.00
awning-tricycle 0.00 0 0.00 1071 670 1146 734 0.00 0.00 0.00 0.00 0.00 0.00 0.00
van 0.00 0 0.00 1102 703 1228 774 0.00 0.00 0.00 0.00 0.00 0.00 0.00
car 0.00 0 0.00 1150 738 1280 803 0.00 0.00 0.00 0.00 0.00 0.00 0.00
van 0.00 0 0.00 1500 922 1652 1013 0.00 0.00 0.00 0.00 0.00 0.00 0.00
car 0.00 0 0.00 1703 1032 1889 1146 0.00 0.00 0.00 0.00 0.00 0.00 0.00
van 0.00 0 0.00 1881 1118 2000 1238 0.00 0.00 0.00 0.00 0.00 0.00 0.00
van 0.00 0 0.00 1380 625 1501 684 0.00 0.00 0.00 0.00 0.00 0.00 0.00
bicycle 0.00 0 0.00 1446 595 1464 627 0.00 0.00 0.00 0.00 0.00 0.00 0.00
motor 0.00 0 0.00 1552 677 1592 714 0.00 0.00 0.00 0.00 0.00 0.00 0.00
motor 0.00 0 0.00 1353 539 1383 570 0.00 0.00 0.00 0.00 0.00 0.00 0.00
car 0.00 0 0.00 1007 535 1075 573 0.00 0.00 0.00 0.00 0.00 0.00 0.00
people 0.00 0 0.00 844 460 856 474 0.00 0.00 0.00 0.00 0.00 0.00 0.00
car 0.00 0 0.00 653 276 695 291 0.00 0.00 0.00 0.00 0.00 0.00 0.00
van 0.00 0 0.00 455 283 497 303 0.00 0.00 0.00 0.00 0.00 0.00 0.00
tricycle 0.00 0 0.00 488 280 503 294 0.00 0.00 0.00 0.00 0.00 0.00 0.00
pedestrian 0.00 0 0.00 517 305 523 318 0.00 0.00 0.00 0.00 0.00 0.00 0.00
car 0.00 0 0.00 569 271 587 287 0.00 0.00 0.00 0.00 0.00 0.00 0.00
van 0.00 0 0.00 533 264 551 280 0.00 0.00 0.00 0.00 0.00 0.00 0.00
truck 0.00 0 0.00 534 250 558 273 0.00 0.00 0.00 0.00 0.00 0.00 0.00
bus 0.00 0 0.00 453 122 495 138 0.00 0.00 0.00 0.00 0.00 0.00 0.00
bus 0.00 0 0.00 554 124 593 137 0.00 0.00 0.00 0.00 0.00 0.00 0.00
truck 0.00 0 0.00 601 131 632 141 0.00 0.00 0.00 0.00 0.00 0.00 0.00
bus 0.00 0 0.00 313 120 359 137 0.00 0.00 0.00 0.00 0.00 0.00 0.00
