motor 0.00 0 0.00 349 912 388 1004 0.00 0.00 0.00 0.00 0.00 0.00 0.00
motor 0.00 0 0.00 387 519 431 617 0.00 0.00 0.00 0.00 0.00 0.00 0.00
car 0.00 0 0.00 0 444 77 508 0.00 0.00 0.00 0.00 0.00 0.00 0.00
car 0.00 0 0.00 18 86 88 204 0.00 0.00 0.00 0.00 0.00 0.00 0.00
car 0.00 0 0.00 937 0 999 87 0.00 0.00 0.00 0.00 0.00 0.00 0.00
motor 0.00 0 0.00 1009 46 1052 80 0.00 0.00 0.00 0.00 0.00 0.00 0.00
motor 0.00 0 0.00 1036 32 1072 58 0.00 0.00 0.00 0.00 0.00 0.00 0.00
motor 0.00 0 0.00 1036 10 1084 37 0.00 0.00 0.00 0.00 0.00 0.00 0.00
motor 0.00 0 0.00 927 280 951 328 0.00 0.00 0.00 0.00 0.00 0.00 0.00
car 0.00 0 0.00 819 303 937 405 0.00 0.00 0.00 0.00 0.00 0.00 0.00
motor 0.00 0 0.00 1009 287 1060 315 0.00 0.00 0.00 0.00 0.00 0.00 0.00
motor 0.00 0 0.00 1007 269 1055 301 0.00 0.00 0.00 0.00 0.00 0.00 0.00
motor 0.00 0 0.00 1058 278 1109 310 0.00 0.00 0.00 0.00 0.00 0.00 0.00
motor 0.00 0 0.00 1059 305 1112 332 0.00 0.00 0.00 0.00 0.00 0.00 0.00
motor 0.00 0 0.00 1065 328 1121 352 0.00 0.00 0.00 0.00 0.00 0.00 0.00
motor 0.00 0 0.00 1018 340 1074 369 0.00 0.00 0.00 0.00 0.00 0.00 0.00
motor 0.00 0 0.00 1028 365 1088 394 0.00 0.00 0.00 0.00 0.00 0.00 0.00
motor 0.00 0 0.00 1056 387 1112 415 0.00 0.00 0.00 0.00 0.00 0.00 0.00
motor 0.00 0 0.00 1039 410 1086 444 0.00 0.00 0.00 0.00 0.00 0.00 0.00
motor 0.00 0 0.00 1056 428 1110 451 0.00 0.00 0.00 0.00 0.00 0.00 0.00
motor 0.00 0 0.00 1051 446 1105 472 0.00 0.00 0.00 0.00 0.00 0.00 0.00
motor 0.00 0 0.00 1098 438 1146 474 0.00 0.00 0.00 0.00 0.00 0.00 0.00
bicycle 0.00 0 0.00 1087 417 1135 445 0.00 0.00 0.00 0.00 0.00 0.00 0.00
motor 0.00 0 0.00 1139 413 1161 465 0.00 0.00 0.00 0.00 0.00 0.00 0.00
motor 0.00 0 0.00 1156 408 1191 456 0.00 0.00 0.00 0.00 0.00 0.00 0.00
pedestrian 0.00 0 0.00 1116 316 1139 354 0.00 0.00 0.00 0.00 0.00 0.00 0.00
car 0.00 0 0.00 839 396 959 504 0.00 0.00 0.00 0.00 0.00 0.00 0.00
van 0.00 0 0.00 857 465 976 590 0.00 0.00 0.00 0.00 0.00 0.00 0.00
bicycle 0.00 0 0.00 870 603 911 643 0.00 0.00 0.00 0.00 0.00 0.00 0.00
motor 0.00 0 0.00 879 642 933 669 0.00 0.00 0.00 0.00 0.00 0.00 0.00
motor 0.00 0 0.00 900 654 969 680 0.00 0.00 0.00 0.00 0.00 0.00 0.00
motor 0.00 0 0.00 933 623 998 648 0.00 0.00 0.00 0.00 0.00 0.00 0.00
people 0.00 0 0.00 1076 523 1094 546 0.00 0.00 0.00 0.00 0.00 0.00 0.00
people 0.00 0 0.00 1063 536 1080 557 0.00 0.00 0.00 0.00 0.00 0.00 0.00
people 0.00 0 0.00 1074 556 1092 576 0.00 0.00 0.00 0.00 0.00 0.00 0.00
people 0.00 0 0.00 1093 563 1113 582 0.00 0.00 0.00 0.00 0.00 0.00 0.00
people 0.00 0 0.00 1114 556 1138 577 0.00 0.00 0.00 0.00 0.00 0.00 0.00
people 0.00 0 0.00 1095 519 1115 541 0.00 0.00 0.00 0.00 0.00 0.00 0.00
people 0.00 0 0.00 1117 530 1143 554 0.00 0.00 0.00 0.00 0.00 0.00 0.00
people 0.00 0 0.00 1174 528 1197 550 0.00 0.00 0.00 0.00 0.00 0.00 0.00
people 0.00 0 0.00 1182 557 1212 581 0.00 0.00 0.00 0.00 0.00 0.00 0.00
pedestrian 0.00 0 0.00 1020 608 1043 630 0.00 0.00 0.00 0.00 0.00 0.00 0.00
pedestrian 0.00 0 0.00 1010 625 1036 658 0.00 0.00 0.00 0.00 0.00 0.00 0.00
pedestrian 0.00 0 0.00 1034 666 1061 693 0.00 0.00 0.00 0.00 0.00 0.00 0.00
people 0.00 0 0.00 1185 598 1201 629 0.00 0.00 0.00 0.00 0.00 0.00 0.00
people 0.00 0 0.00 1141 629 1173 649 0.00 0.00 0.00 0.00 0.00 0.00 0.00
pedestrian 0.00 0 0.00 1148 649 1178 673 0.00 0.00 0.00 0.00 0.00 0.00 0.00
people 0.00 0 0.00 959 783 989 803 0.00 0.00 0.00 0.00 0.00 0.00 0.00
motor 0.00 0 0.00 1213 624 1265 648 0.00 0.00 0.00 0.00 0.00 0.00 0.00
people 0.00 0 0.00 1235 759 1258 778 0.00 0.00 0.00 0.00 0.00 0.00 0.00
people 0.00 0 0.00 1244 778 1268 798 0.00 0.00 0.00 0.00 0.00 0.00 0.00
people 0.00 0 0.00 1280 748 1309 769 0.00 0.00 0.00 0.00 0.00 0.00 0.00
people 0.00 0 0.00 1287 772 1316 793 0.00 0.00 0.00 0.00 0.00 0.00 0.00
people 0.00 0 0.00 1325 857 1353 880 0.00 0.00 0.00 0.00 0.00 0.00 0.00
people 0.00 0 0.00 1336 886 1366 909 0.00 0.00 0.00 0.00 0.00 0.00 0.00
people 0.00 0 0.00 1289 876 1310 898 0.00 0.00 0.00 0.00 0.00 0.00 0.00
people 0.00 0 0.00 1297 901 1317 921 0.00 0.00 0.00 0.00 0.00 0.00 0.00
people 0.00 0 0.00 1229 910 1249 936 0.00 0.00 0.00 0.00 0.00 0.00 0.00
people 0.00 0 0.00 1188 912 1212 932 0.00 0.00 0.00 0.00 0.00 0.00 0.00
pedestrian 0.00 0 0.00 1168 932 1204 954 0.00 0.00 0.00 0.00 0.00 0.00 0.00
people 0.00 0 0.00 1235 974 1266 994 0.00 0.00 0.00 0.00 0.00 0.00 0.00
people 0.00 0 0.00 1269 985 1297 1015 0.00 0.00 0.00 0.00 0.00 0.00 0.00
pedestrian 0.00 0 0.00 1282 1015 1311 1046 0.00 0.00 0.00 0.00 0.00 0.00 0.00
people 0.00 0 0.00 1220 988 1249 1021 0.00 0.00 0.00 0.00 0.00 0.00 0.00
