van 0.00 0 0.00 26 29 86 60 0.00 0.00 0.00 0.00 0.00 0.00 0.00
car 0.00 0 0.00 74 146 138 179 0.00 0.00 0.00 0.00 0.00 0.00 0.00
car 0.00 0 0.00 84 157 148 187 0.00 0.00 0.00 0.00 0.00 0.00 0.00
car 0.00 0 0.00 76 133 124 159 0.00 0.00 0.00 0.00 0.00 0.00 0.00
motor 0.00 0 0.00 37 147 49 166 0.00 0.00 0.00 0.00 0.00 0.00 0.00
people 0.00 0 0.00 35 146 46 157 0.00 0.00 0.00 0.00 0.00 0.00 0.00
car 0.00 0 0.00 50 73 112 104 0.00 0.00 0.00 0.00 0.00 0.00 0.00
van 0.00 0 0.00 240 52 286 92 0.00 0.00 0.00 0.00 0.00 0.00 0.00
car 0.00 0 0.00 585 24 620 58 0.00 0.00 0.00 0.00 0.00 0.00 0.00
car 0.00 0 0.00 658 37 696 72 0.00 0.00 0.00 0.00 0.00 0.00 0.00
car 0.00 0 0.00 377 267 444 301 0.00 0.00 0.00 0.00 0.00 0.00 0.00
car 0.00 0 0.00 398 285 460 321 0.00 0.00 0.00 0.00 0.00 0.00 0.00
car 0.00 0 0.00 424 324 489 361 0.00 0.00 0.00 0.00 0.00 0.00 0.00
car 0.00 0 0.00 433 344 505 386 0.00 0.00 0.00 0.00 0.00 0.00 0.00
car 0.00 0 0.00 456 364 521 406 0.00 0.00 0.00 0.00 0.00 0.00 0.00
car 0.00 0 0.00 479 410 547 459 0.00 0.00 0.00 0.00 0.00 0.00 0.00
pedestrian 0.00 0 0.00 465 416 474 437 0.00 0.00 0.00 0.00 0.00 0.00 0.00
pedestrian 0.00 0 0.00 362 434 373 450 0.00 0.00 0.00 0.00 0.00 0.00 0.00
car 0.00 0 0.00 357 507 406 579 0.00 0.00 0.00 0.00 0.00 0.00 0.00
car 0.00 0 0.00 136 331 217 375 0.00 0.00 0.00 0.00 0.00 0.00 0.00
car 0.00 0 0.00 134 309 206 349 0.00 0.00 0.00 0.00 0.00 0.00 0.00
car 0.00 0 0.00 257 538 321 574 0.00 0.00 0.00 0.00 0.00 0.00 0.00
car 0.00 0 0.00 220 643 278 730 0.00 0.00 0.00 0.00 0.00 0.00 0.00
van 0.00 0 0.00 157 558 246 651 0.00 0.00 0.00 0.00 0.00 0.00 0.00
motor 0.00 0 0.00 279 676 300 710 0.00 0.00 0.00 0.00 0.00 0.00 0.00
van 0.00 0 0.00 0 651 49 746 0.00 0.00 0.00 0.00 0.00 0.00 0.00
bus 0.00 0 0.00 0 880 137 1048 0.00 0.00 0.00 0.00 0.00 0.00 0.00
pedestrian 0.00 0 0.00 615 917 630 937 0.00 0.00 0.00 0.00 0.00 0.00 0.00
people 0.00 0 0.00 632 854 649 875 0.00 0.00 0.00 0.00 0.00 0.00 0.00
people 0.00 0 0.00 592 726 607 746 0.00 0.00 0.00 0.00 0.00 0.00 0.00
motor 0.00 0 0.00 580 732 613 751 0.00 0.00 0.00 0.00 0.00 0.00 0.00
motor 0.00 0 0.00 612 906 645 919 0.00 0.00 0.00 0.00 0.00 0.00 0.00
motor 0.00 0 0.00 613 859 662 882 0.00 0.00 0.00 0.00 0.00 0.00 0.00
van 0.00 0 0.00 1032 27 1086 68 0.00 0.00 0.00 0.00 0.00 0.00 0.00
motor 0.00 0 0.00 1044 118 1066 134 0.00 0.00 0.00 0.00 0.00 0.00 0.00
people 0.00 0 0.00 1056 113 1066 129 0.00 0.00 0.00 0.00 0.00 0.00 0.00
pedestrian 0.00 0 0.00 1031 642 1045 659 0.00 0.00 0.00 0.00 0.00 0.00 0.00
pedestrian 0.00 0 0.00 1036 648 1051 667 0.00 0.00 0.00 0.00 0.00 0.00 0.00
pedestrian 0.00 0 0.00 958 566 967 578 0.00 0.00 0.00 0.00 0.00 0.00 0.00
pedestrian 0.00 0 0.00 943 546 950 563 0.00 0.00 0.00 0.00 0.00 0.00 0.00
pedestrian 0.00 0 0.00 952 563 961 577 0.00 0.00 0.00 0.00 0.00 0.00 0.00
car 0.00 0 0.00 983 694 1084 773 0.00 0.00 0.00 0.00 0.00 0.00 0.00
van 0.00 0 0.00 1192 175 1290 237 0.00 0.00 0.00 0.00 0.00 0.00 0.00
