car 0.00 0 0.00 645 566 671 609 0.00 0.00 0.00 0.00 0.00 0.00 0.00
car 0.00 0 0.00 566 617 596 664 0.00 0.00 0.00 0.00 0.00 0.00 0.00
car 0.00 0 0.00 657 429 680 460 0.00 0.00 0.00 0.00 0.00 0.00 0.00
car 0.00 0 0.00 684 423 705 456 0.00 0.00 0.00 0.00 0.00 0.00 0.00
car 0.00 0 0.00 646 384 667 411 0.00 0.00 0.00 0.00 0.00 0.00 0.00
car 0.00 0 0.00 636 500 658 536 0.00 0.00 0.00 0.00 0.00 0.00 0.00
car 0.00 0 0.00 618 464 639 497 0.00 0.00 0.00 0.00 0.00 0.00 0.00
car 0.00 0 0.00 600 621 630 668 0.00 0.00 0.00 0.00 0.00 0.00 0.00
car 0.00 0 0.00 543 680 575 733 0.00 0.00 0.00 0.00 0.00 0.00 0.00
car 0.00 0 0.00 692 387 711 413 0.00 0.00 0.00 0.00 0.00 0.00 0.00
car 0.00 0 0.00 711 176 726 194 0.00 0.00 0.00 0.00 0.00 0.00 0.00
car 0.00 0 0.00 705 201 719 220 0.00 0.00 0.00 0.00 0.00 0.00 0.00
car 0.00 0 0.00 732 186 750 206 0.00 0.00 0.00 0.00 0.00 0.00 0.00
car 0.00 0 0.00 706 338 723 362 0.00 0.00 0.00 0.00 0.00 0.00 0.00
car 0.00 0 0.00 632 615 657 657 0.00 0.00 0.00 0.00 0.00 0.00 0.00
car 0.00 0 0.00 620 664 648 707 0.00 0.00 0.00 0.00 0.00 0.00 0.00
car 0.00 0 0.00 731 206 747 225 0.00 0.00 0.00 0.00 0.00 0.00 0.00
car 0.00 0 0.00 671 310 689 334 0.00 0.00 0.00 0.00 0.00 0.00 0.00
van 0.00 0 0.00 659 351 677 375 0.00 0.00 0.00 0.00 0.00 0.00 0.00
van 0.00 0 0.00 606 501 628 533 0.00 0.00 0.00 0.00 0.00 0.00 0.00
van 0.00 0 0.00 581 569 611 612 0.00 0.00 0.00 0.00 0.00 0.00 0.00
van 0.00 0 0.00 635 410 657 440 0.00 0.00 0.00 0.00 0.00 0.00 0.00
van 0.00 0 0.00 675 359 695 392 0.00 0.00 0.00 0.00 0.00 0.00 0.00
van 0.00 0 0.00 668 478 688 511 0.00 0.00 0.00 0.00 0.00 0.00 0.00
van 0.00 0 0.00 658 515 683 551 0.00 0.00 0.00 0.00 0.00 0.00 0.00
van 0.00 0 0.00 602 725 631 776 0.00 0.00 0.00 0.00 0.00 0.00 0.00
car 0.00 0 0.00 566 747 595 787 0.00 0.00 0.00 0.00 0.00 0.00 0.00
car 0.00 0 0.00 525 758 558 787 0.00 0.00 0.00 0.00 0.00 0.00 0.00
van 0.00 0 0.00 735 165 749 182 0.00 0.00 0.00 0.00 0.00 0.00 0.00
car 0.00 0 0.00 699 360 716 388 0.00 0.00 0.00 0.00 0.00 0.00 0.00
car 0.00 0 0.00 689 256 703 278 0.00 0.00 0.00 0.00 0.00 0.00 0.00
car 0.00 0 0.00 28 301 57 328 0.00 0.00 0.00 0.00 0.00 0.00 0.00
bus 0.00 0 0.00 107 220 152 260 0.00 0.00 0.00 0.00 0.00 0.00 0.00
bus 0.00 0 0.00 196 155 233 189 0.00 0.00 0.00 0.00 0.00 0.00 0.00
bus 0.00 0 0.00 0 320 27 366 0.00 0.00 0.00 0.00 0.00 0.00 0.00
bus 0.00 0 0.00 234 124 282 177 0.00 0.00 0.00 0.00 0.00 0.00 0.00
bus 0.00 0 0.00 283 120 313 153 0.00 0.00 0.00 0.00 0.00 0.00 0.00
van 0.00 0 0.00 319 58 348 72 0.00 0.00 0.00 0.00 0.00 0.00 0.00
car 0.00 0 0.00 746 90 757 103 0.00 0.00 0.00 0.00 0.00 0.00 0.00
van 0.00 0 0.00 745 59 760 77 0.00 0.00 0.00 0.00 0.00 0.00 0.00
van 0.00 0 0.00 774 119 789 140 0.00 0.00 0.00 0.00 0.00 0.00 0.00
car 0.00 0 0.00 789 101 802 114 0.00 0.00 0.00 0.00 0.00 0.00 0.00
pedestrian 0.00 0 0.00 785 98 790 108 0.00 0.00 0.00 0.00 0.00 0.00 0.00
pedestrian 0.00 0 0.00 870 606 880 627 0.00 0.00 0.00 0.00 0.00 0.00 0.00
pedestrian 0.00 0 0.00 932 536 937 545 0.00 0.00 0.00 0.00 0.00 0.00 0.00
pedestrian 0.00 0 0.00 986 521 992 531 0.00 0.00 0.00 0.00 0.00 0.00 0.00
pedestrian 0.00 0 0.00 969 472 974 484 0.00 0.00 0.00 0.00 0.00 0.00 0.00
pedestrian 0.00 0 0.00 904 538 911 546 0.00 0.00 0.00 0.00 0.00 0.00 0.00
pedestrian 0.00 0 0.00 904 533 908 542 0.00 0.00 0.00 0.00 0.00 0.00 0.00
pedestrian 0.00 0 0.00 916 534 921 544 0.00 0.00 0.00 0.00 0.00 0.00 0.00
pedestrian 0.00 0 0.00 922 530 926 541 0.00 0.00 0.00 0.00 0.00 0.00 0.00
pedestrian 0.00 0 0.00 926 530 930 541 0.00 0.00 0.00 0.00 0.00 0.00 0.00
pedestrian 0.00 0 0.00 911 524 916 535 0.00 0.00 0.00 0.00 0.00 0.00 0.00
pedestrian 0.00 0 0.00 917 525 923 537 0.00 0.00 0.00 0.00 0.00 0.00 0.00
pedestrian 0.00 0 0.00 923 522 928 534 0.00 0.00 0.00 0.00 0.00 0.00 0.00
pedestrian 0.00 0 0.00 917 518 923 530 0.00 0.00 0.00 0.00 0.00 0.00 0.00
pedestrian 0.00 0 0.00 1102 644 1111 657 0.00 0.00 0.00 0.00 0.00 0.00 0.00
pedestrian 0.00 0 0.00 1213 755 1219 772 0.00 0.00 0.00 0.00 0.00 0.00 0.00
pedestrian 0.00 0 0.00 1198 723 1204 740 0.00 0.00 0.00 0.00 0.00 0.00 0.00
pedestrian 0.00 0 0.00 1213 720 1221 738 0.00 0.00 0.00 0.00 0.00 0.00 0.00
pedestrian 0.00 0 0.00 1192 705 1198 722 0.00 0.00 0.00 0.00 0.00 0.00 0.00
pedestrian 0.00 0 0.00 1200 700 1206 717 0.00 0.00 0.00 0.00 0.00 0.00 0.00
pedestrian 0.00 0 0.00 1200 693 1208 707 0.00 0.00 0.00 0.00 0.00 0.00 0.00
pedestrian 0.00 0 0.00 1209 699 1215 713 0.00 0.00 0.00 0.00 0.00 0.00 0.00
pedestrian 0.00 0 0.00 1227 710 1233 729 0.00 0.00 0.00 0.00 0.00 0.00 0.00
pedestrian 0.00 0 0.00 1244 754 1251 775 0.00 0.00 0.00 0.00 0.00 0.00 0.00
pedestrian 0.00 0 0.00 1238 725 1246 745 0.00 0.00 0.00 0.00 0.00 0.00 0.00
pedestrian 0.00 0 0.00 1211 662 1225 675 0.00 0.00 0.00 0.00 0.00 0.00 0.00
pedestrian 0.00 0 0.00 1179 607 1188 627 0.00 0.00 0.00 0.00 0.00 0.00 0.00
pedestrian 0.00 0 0.00 1219 683 1229 700 0.00 0.00 0.00 0.00 0.00 0.00 0.00
pedestrian 0.00 0 0.00 1247 741 1257 759 0.00 0.00 0.00 0.00 0.00 0.00 0.00
pedestrian 0.00 0 0.00 1227 699 1237 713 0.00 0.00 0.00 0.00 0.00 0.00 0.00
