car 0.00 0 0.00 144 371 198 396 0.00 0.00 0.00 0.00 0.00 0.00 0.00
car 0.00 0 0.00 156 401 220 426 0.00 0.00 0.00 0.00 0.00 0.00 0.00
car 0.00 0 0.00 159 396 214 420 0.00 0.00 0.00 0.00 0.00 0.00 0.00
car 0.00 0 0.00 178 407 239 431 0.00 0.00 0.00 0.00 0.00 0.00 0.00
van 0.00 0 0.00 196 413 239 435 0.00 0.00 0.00 0.00 0.00 0.00 0.00
car 0.00 0 0.00 215 416 269 441 0.00 0.00 0.00 0.00 0.00 0.00 0.00
car 0.00 0 0.00 251 421 302 444 0.00 0.00 0.00 0.00 0.00 0.00 0.00
car 0.00 0 0.00 279 425 317 448 0.00 0.00 0.00 0.00 0.00 0.00 0.00
car 0.00 0 0.00 301 424 359 449 0.00 0.00 0.00 0.00 0.00 0.00 0.00
car 0.00 0 0.00 356 424 407 442 0.00 0.00 0.00 0.00 0.00 0.00 0.00
car 0.00 0 0.00 137 368 181 390 0.00 0.00 0.00 0.00 0.00 0.00 0.00
car 0.00 0 0.00 142 357 194 378 0.00 0.00 0.00 0.00 0.00 0.00 0.00
car 0.00 0 0.00 161 352 199 370 0.00 0.00 0.00 0.00 0.00 0.00 0.00
van 0.00 0 0.00 7 380 54 403 0.00 0.00 0.00 0.00 0.00 0.00 0.00
car 0.00 0 0.00 33 377 77 396 0.00 0.00 0.00 0.00 0.00 0.00 0.00
car 0.00 0 0.00 27 361 82 380 0.00 0.00 0.00 0.00 0.00 0.00 0.00
car 0.00 0 0.00 51 353 91 371 0.00 0.00 0.00 0.00 0.00 0.00 0.00
car 0.00 0 0.00 65 340 118 358 0.00 0.00 0.00 0.00 0.00 0.00 0.00
car 0.00 0 0.00 110 309 157 327 0.00 0.00 0.00 0.00 0.00 0.00 0.00
car 0.00 0 0.00 133 291 172 311 0.00 0.00 0.00 0.00 0.00 0.00 0.00
car 0.00 0 0.00 31 453 71 495 0.00 0.00 0.00 0.00 0.00 0.00 0.00
car 0.00 0 0.00 876 432 903 462 0.00 0.00 0.00 0.00 0.00 0.00 0.00
car 0.00 0 0.00 907 429 935 457 0.00 0.00 0.00 0.00 0.00 0.00 0.00
car 0.00 0 0.00 935 430 963 453 0.00 0.00 0.00 0.00 0.00 0.00 0.00
car 0.00 0 0.00 966 423 996 450 0.00 0.00 0.00 0.00 0.00 0.00 0.00
car 0.00 0 0.00 1087 414 1123 441 0.00 0.00 0.00 0.00 0.00 0.00 0.00
car 0.00 0 0.00 1114 413 1149 439 0.00 0.00 0.00 0.00 0.00 0.00 0.00
car 0.00 0 0.00 1218 401 1254 427 0.00 0.00 0.00 0.00 0.00 0.00 0.00
car 0.00 0 0.00 674 222 696 231 0.00 0.00 0.00 0.00 0.00 0.00 0.00
car 0.00 0 0.00 674 216 693 228 0.00 0.00 0.00 0.00 0.00 0.00 0.00
car 0.00 0 0.00 676 228 699 239 0.00 0.00 0.00 0.00 0.00 0.00 0.00
car 0.00 0 0.00 676 199 689 212 0.00 0.00 0.00 0.00 0.00 0.00 0.00
car 0.00 0 0.00 670 193 682 206 0.00 0.00 0.00 0.00 0.00 0.00 0.00
car 0.00 0 0.00 661 188 674 198 0.00 0.00 0.00 0.00 0.00 0.00 0.00
car 0.00 0 0.00 1325 395 1364 417 0.00 0.00 0.00 0.00 0.00 0.00 0.00
van 0.00 0 0.00 1377 387 1410 413 0.00 0.00 0.00 0.00 0.00 0.00 0.00
tricycle 0.00 0 0.00 1324 367 1355 387 0.00 0.00 0.00 0.00 0.00 0.00 0.00
car 0.00 0 0.00 1434 380 1468 403 0.00 0.00 0.00 0.00 0.00 0.00 0.00
car 0.00 0 0.00 1463 377 1501 402 0.00 0.00 0.00 0.00 0.00 0.00 0.00
car 0.00 0 0.00 1504 376 1546 401 0.00 0.00 0.00 0.00 0.00 0.00 0.00
car 0.00 0 0.00 1529 371 1564 391 0.00 0.00 0.00 0.00 0.00 0.00 0.00
car 0.00 0 0.00 1555 369 1591 390 0.00 0.00 0.00 0.00 0.00 0.00 0.00
