car 0.00 0 0.00 1318 979 1419 1099 0.00 0.00 0.00 0.00 0.00 0.00 0.00
car 0.00 0 0.00 814 863 948 929 0.00 0.00 0.00 0.00 0.00 0.00 0.00
car 0.00 0 0.00 667 881 785 946 0.00 0.00 0.00 0.00 0.00 0.00 0.00
car 0.00 0 0.00 482 773 579 825 0.00 0.00 0.00 0.00 0.00 0.00 0.00
car 0.00 0 0.00 362 773 480 827 0.00 0.00 0.00 0.00 0.00 0.00 0.00
car 0.00 0 0.00 1110 833 1234 900 0.00 0.00 0.00 0.00 0.00 0.00 0.00
car 0.00 0 0.00 1205 783 1320 837 0.00 0.00 0.00 0.00 0.00 0.00 0.00
car 0.00 0 0.00 1416 806 1547 866 0.00 0.00 0.00 0.00 0.00 0.00 0.00
car 0.00 0 0.00 1465 952 1580 1077 0.00 0.00 0.00 0.00 0.00 0.00 0.00
car 0.00 0 0.00 1619 937 1745 1068 0.00 0.00 0.00 0.00 0.00 0.00 0.00
car 0.00 0 0.00 718 690 769 764 0.00 0.00 0.00 0.00 0.00 0.00 0.00
car 0.00 0 0.00 785 687 836 771 0.00 0.00 0.00 0.00 0.00 0.00 0.00
car 0.00 0 0.00 1283 685 1404 751 0.00 0.00 0.00 0.00 0.00 0.00 0.00
car 0.00 0 0.00 1421 680 1539 736 0.00 0.00 0.00 0.00 0.00 0.00 0.00
car 0.00 0 0.00 1562 674 1681 722 0.00 0.00 0.00 0.00 0.00 0.00 0.00
car 0.00 0 0.00 1806 652 1912 700 0.00 0.00 0.00 0.00 0.00 0.00 0.00
car 0.00 0 0.00 1832 560 1891 609 0.00 0.00 0.00 0.00 0.00 0.00 0.00
car 0.00 0 0.00 581 996 724 1067 0.00 0.00 0.00 0.00 0.00 0.00 0.00
car 0.00 0 0.00 1006 962 1153 1036 0.00 0.00 0.00 0.00 0.00 0.00 0.00
car 0.00 0 0.00 345 1026 504 1100 0.00 0.00 0.00 0.00 0.00 0.00 0.00
car 0.00 0 0.00 513 895 653 964 0.00 0.00 0.00 0.00 0.00 0.00 0.00
car 0.00 0 0.00 747 825 875 887 0.00 0.00 0.00 0.00 0.00 0.00 0.00
car 0.00 0 0.00 901 805 1030 866 0.00 0.00 0.00 0.00 0.00 0.00 0.00
car 0.00 0 0.00 1690 888 1836 959 0.00 0.00 0.00 0.00 0.00 0.00 0.00
car 0.00 0 0.00 1578 838 1713 901 0.00 0.00 0.00 0.00 0.00 0.00 0.00
car 0.00 0 0.00 1650 786 1765 844 0.00 0.00 0.00 0.00 0.00 0.00 0.00
car 0.00 0 0.00 1899 761 2000 817 0.00 0.00 0.00 0.00 0.00 0.00 0.00
car 0.00 0 0.00 1915 649 2000 701 0.00 0.00 0.00 0.00 0.00 0.00 0.00
van 0.00 0 0.00 155 785 281 845 0.00 0.00 0.00 0.00 0.00 0.00 0.00
van 0.00 0 0.00 86 876 207 933 0.00 0.00 0.00 0.00 0.00 0.00 0.00
van 0.00 0 0.00 1086 221 1128 250 0.00 0.00 0.00 0.00 0.00 0.00 0.00
van 0.00 0 0.00 1215 189 1254 214 0.00 0.00 0.00 0.00 0.00 0.00 0.00
car 0.00 0 0.00 169 1037 315 1107 0.00 0.00 0.00 0.00 0.00 0.00 0.00
car 0.00 0 0.00 1682 663 1796 713 0.00 0.00 0.00 0.00 0.00 0.00 0.00
car 0.00 0 0.00 907 234 959 258 0.00 0.00 0.00 0.00 0.00 0.00 0.00
car 0.00 0 0.00 906 221 957 243 0.00 0.00 0.00 0.00 0.00 0.00 0.00
car 0.00 0 0.00 1035 197 1080 217 0.00 0.00 0.00 0.00 0.00 0.00 0.00
car 0.00 0 0.00 1195 224 1250 245 0.00 0.00 0.00 0.00 0.00 0.00 0.00
car 0.00 0 0.00 1276 190 1329 211 0.00 0.00 0.00 0.00 0.00 0.00 0.00
tricycle 0.00 0 0.00 785 1236 836 1318 0.00 0.00 0.00 0.00 0.00 0.00 0.00
people 0.00 0 0.00 808 1239 831 1262 0.00 0.00 0.00 0.00 0.00 0.00 0.00
pedestrian 0.00 0 0.00 732 1049 763 1085 0.00 0.00 0.00 0.00 0.00 0.00 0.00
people 0.00 0 0.00 180 850 205 880 0.00 0.00 0.00 0.00 0.00 0.00 0.00
people 0.00 0 0.00 196 848 213 881 0.00 0.00 0.00 0.00 0.00 0.00 0.00
motor 0.00 0 0.00 171 858 226 885 0.00 0.00 0.00 0.00 0.00 0.00 0.00
car 0.00 0 0.00 45 798 151 850 0.00 0.00 0.00 0.00 0.00 0.00 0.00
motor 0.00 0 0.00 287 579 324 597 0.00 0.00 0.00 0.00 0.00 0.00 0.00
motor 0.00 0 0.00 282 566 318 591 0.00 0.00 0.00 0.00 0.00 0.00 0.00
bicycle 0.00 0 0.00 429 473 460 494 0.00 0.00 0.00 0.00 0.00 0.00 0.00
car 0.00 0 0.00 1977 199 2000 222 0.00 0.00 0.00 0.00 0.00 0.00 0.00
car 0.00 0 0.00 1345 766 1475 822 0.00 0.00 0.00 0.00 0.00 0.00 0.00
