truck 0.00 0 0.00 1341 14 1374 62 0.00 0.00 0.00 0.00 0.00 0.00 0.00
car 0.00 0 0.00 1323 12 1343 42 0.00 0.00 0.00 0.00 0.00 0.00 0.00
truck 0.00 0 0.00 1101 65 1165 117 0.00 0.00 0.00 0.00 0.00 0.00 0.00
truck 0.00 0 0.00 1070 79 1134 123 0.00 0.00 0.00 0.00 0.00 0.00 0.00
van 0.00 0 0.00 1139 150 1162 179 0.00 0.00 0.00 0.00 0.00 0.00 0.00
car 0.00 0 0.00 1087 142 1116 162 0.00 0.00 0.00 0.00 0.00 0.00 0.00
car 0.00 0 0.00 1067 149 1092 170 0.00 0.00 0.00 0.00 0.00 0.00 0.00
pedestrian 0.00 0 0.00 1054 188 1063 200 0.00 0.00 0.00 0.00 0.00 0.00 0.00
car 0.00 0 0.00 1086 192 1108 216 0.00 0.00 0.00 0.00 0.00 0.00 0.00
pedestrian 0.00 0 0.00 1019 289 1030 300 0.00 0.00 0.00 0.00 0.00 0.00 0.00
truck 0.00 0 0.00 1004 287 1028 317 0.00 0.00 0.00 0.00 0.00 0.00 0.00
van 0.00 0 0.00 871 443 898 473 0.00 0.00 0.00 0.00 0.00 0.00 0.00
car 0.00 0 0.00 840 457 863 483 0.00 0.00 0.00 0.00 0.00 0.00 0.00
car 0.00 0 0.00 802 504 830 531 0.00 0.00 0.00 0.00 0.00 0.00 0.00
car 0.00 0 0.00 806 520 839 554 0.00 0.00 0.00 0.00 0.00 0.00 0.00
truck 0.00 0 0.00 645 498 714 574 0.00 0.00 0.00 0.00 0.00 0.00 0.00
truck 0.00 0 0.00 705 431 760 503 0.00 0.00 0.00 0.00 0.00 0.00 0.00
truck 0.00 0 0.00 1198 211 1251 279 0.00 0.00 0.00 0.00 0.00 0.00 0.00
car 0.00 0 0.00 1243 241 1272 277 0.00 0.00 0.00 0.00 0.00 0.00 0.00
car 0.00 0 0.00 1209 295 1242 338 0.00 0.00 0.00 0.00 0.00 0.00 0.00
truck 0.00 0 0.00 1107 281 1202 425 0.00 0.00 0.00 0.00 0.00 0.00 0.00
truck 0.00 0 0.00 1087 434 1136 491 0.00 0.00 0.00 0.00 0.00 0.00 0.00
truck 0.00 0 0.00 1097 387 1190 511 0.00 0.00 0.00 0.00 0.00 0.00 0.00
car 0.00 0 0.00 1027 481 1066 527 0.00 0.00 0.00 0.00 0.00 0.00 0.00
truck 0.00 0 0.00 1057 493 1105 547 0.00 0.00 0.00 0.00 0.00 0.00 0.00
car 0.00 0 0.00 1035 556 1076 610 0.00 0.00 0.00 0.00 0.00 0.00 0.00
car 0.00 0 0.00 1033 623 1079 683 0.00 0.00 0.00 0.00 0.00 0.00 0.00
car 0.00 0 0.00 995 616 1037 672 0.00 0.00 0.00 0.00 0.00 0.00 0.00
car 0.00 0 0.00 950 703 992 759 0.00 0.00 0.00 0.00 0.00 0.00 0.00
car 0.00 0 0.00 1014 750 1070 832 0.00 0.00 0.00 0.00 0.00 0.00 0.00
truck 0.00 0 0.00 944 680 1042 831 0.00 0.00 0.00 0.00 0.00 0.00 0.00
car 0.00 0 0.00 912 779 957 848 0.00 0.00 0.00 0.00 0.00 0.00 0.00
car 0.00 0 0.00 392 906 416 927 0.00 0.00 0.00 0.00 0.00 0.00 0.00
car 0.00 0 0.00 293 902 312 916 0.00 0.00 0.00 0.00 0.00 0.00 0.00
awning-tricycle 0.00 0 0.00 264 887 278 897 0.00 0.00 0.00 0.00 0.00 0.00 0.00
people 0.00 0 0.00 264 887 270 891 0.00 0.00 0.00 0.00 0.00 0.00 0.00
truck 0.00 0 0.00 265 990 289 1010 0.00 0.00 0.00 0.00 0.00 0.00 0.00
truck 0.00 0 0.00 249 950 279 972 0.00 0.00 0.00 0.00 0.00 0.00 0.00
car 0.00 0 0.00 278 1032 301 1050 0.00 0.00 0.00 0.00 0.00 0.00 0.00
car 0.00 0 0.00 216 994 234 1011 0.00 0.00 0.00 0.00 0.00 0.00 0.00
car 0.00 0 0.00 208 964 224 979 0.00 0.00 0.00 0.00 0.00 0.00 0.00
car 0.00 0 0.00 199 905 211 917 0.00 0.00 0.00 0.00 0.00 0.00 0.00
van 0.00 0 0.00 187 894 199 905 0.00 0.00 0.00 0.00 0.00 0.00 0.00
car 0.00 0 0.00 176 910 187 920 0.00 0.00 0.00 0.00 0.00 0.00 0.00
car 0.00 0 0.00 169 906 179 916 0.00 0.00 0.00 0.00 0.00 0.00 0.00
car 0.00 0 0.00 163 944 175 955 0.00 0.00 0.00 0.00 0.00 0.00 0.00
car 0.00 0 0.00 154 959 166 970 0.00 0.00 0.00 0.00 0.00 0.00 0.00
car 0.00 0 0.00 141 929 152 939 0.00 0.00 0.00 0.00 0.00 0.00 0.00
car 0.00 0 0.00 162 896 171 905 0.00 0.00 0.00 0.00 0.00 0.00 0.00
car 0.00 0 0.00 149 891 158 900 0.00 0.00 0.00 0.00 0.00 0.00 0.00
car 0.00 0 0.00 129 897 138 906 0.00 0.00 0.00 0.00 0.00 0.00 0.00
truck 0.00 0 0.00 114 905 126 917 0.00 0.00 0.00 0.00 0.00 0.00 0.00
car 0.00 0 0.00 121 921 130 932 0.00 0.00 0.00 0.00 0.00 0.00 0.00
car 0.00 0 0.00 115 934 123 944 0.00 0.00 0.00 0.00 0.00 0.00 0.00
car 0.00 0 0.00 105 925 113 933 0.00 0.00 0.00 0.00 0.00 0.00 0.00
car 0.00 0 0.00 105 904 112 913 0.00 0.00 0.00 0.00 0.00 0.00 0.00
car 0.00 0 0.00 117 874 123 881 0.00 0.00 0.00 0.00 0.00 0.00 0.00
car 0.00 0 0.00 103 890 109 897 0.00 0.00 0.00 0.00 0.00 0.00 0.00
car 0.00 0 0.00 96 888 102 895 0.00 0.00 0.00 0.00 0.00 0.00 0.00
car 0.00 0 0.00 92 899 99 907 0.00 0.00 0.00 0.00 0.00 0.00 0.00
car 0.00 0 0.00 92 910 99 918 0.00 0.00 0.00 0.00 0.00 0.00 0.00
car 0.00 0 0.00 88 908 95 914 0.00 0.00 0.00 0.00 0.00 0.00 0.00
car 0.00 0 0.00 75 912 82 918 0.00 0.00 0.00 0.00 0.00 0.00 0.00
car 0.00 0 0.00 83 903 90 909 0.00 0.00 0.00 0.00 0.00 0.00 0.00
car 0.00 0 0.00 81 895 88 900 0.00 0.00 0.00 0.00 0.00 0.00 0.00
car 0.00 0 0.00 74 901 80 905 0.00 0.00 0.00 0.00 0.00 0.00 0.00
car 0.00 0 0.00 64 908 69 911 0.00 0.00 0.00 0.00 0.00 0.00 0.00
car 0.00 0 0.00 84 889 91 894 0.00 0.00 0.00 0.00 0.00 0.00 0.00
car 0.00 0 0.00 74 893 80 899 0.00 0.00 0.00 0.00 0.00 0.00 0.00
car 0.00 0 0.00 82 885 90 890 0.00 0.00 0.00 0.00 0.00 0.00 0.00
car 0.00 0 0.00 90 878 96 883 0.00 0.00 0.00 0.00 0.00 0.00 0.00
car 0.00 0 0.00 96 872 100 878 0.00 0.00 0.00 0.00 0.00 0.00 0.00
car 0.00 0 0.00 53 898 60 904 0.00 0.00 0.00 0.00 0.00 0.00 0.00
car 0.00 0 0.00 70 892 75 896 0.00 0.00 0.00 0.00 0.00 0.00 0.00
car 0.00 0 0.00 63 892 69 898 0.00 0.00 0.00 0.00 0.00 0.00 0.00
car 0.00 0 0.00 64 887 70 893 0.00 0.00 0.00 0.00 0.00 0.00 0.00
car 0.00 0 0.00 76 885 81 891 0.00 0.00 0.00 0.00 0.00 0.00 0.00
car 0.00 0 0.00 79 879 84 884 0.00 0.00 0.00 0.00 0.00 0.00 0.00
car 0.00 0 0.00 85 870 90 876 0.00 0.00 0.00 0.00 0.00 0.00 0.00
car 0.00 0 0.00 66 870 71 875 0.00 0.00 0.00 0.00 0.00 0.00 0.00
car 0.00 0 0.00 59 879 64 883 0.00 0.00 0.00 0.00 0.00 0.00 0.00
car 0.00 0 0.00 54 879 58 883 0.00 0.00 0.00 0.00 0.00 0.00 0.00
car 0.00 0 0.00 59 868 65 872 0.00 0.00 0.00 0.00 0.00 0.00 0.00
car 0.00 0 0.00 53 884 57 889 0.00 0.00 0.00 0.00 0.00 0.00 0.00
car 0.00 0 0.00 46 890 51 894 0.00 0.00 0.00 0.00 0.00 0.00 0.00
car 0.00 0 0.00 44 888 48 892 0.00 0.00 0.00 0.00 0.00 0.00 0.00
car 0.00 0 0.00 43 884 47 889 0.00 0.00 0.00 0.00 0.00 0.00 0.00
car 0.00 0 0.00 120 1021 132 1037 0.00 0.00 0.00 0.00 0.00 0.00 0.00
car 0.00 0 0.00 78 998 89 1009 0.00 0.00 0.00 0.00 0.00 0.00 0.00
car 0.00 0 0.00 85 978 97 989 0.00 0.00 0.00 0.00 0.00 0.00 0.00
car 0.00 0 0.00 49 1013 59 1022 0.00 0.00 0.00 0.00 0.00 0.00 0.00
car 0.00 0 0.00 59 995 68 1005 0.00 0.00 0.00 0.00 0.00 0.00 0.00
car 0.00 0 0.00 34 1035 42 1045 0.00 0.00 0.00 0.00 0.00 0.00 0.00
truck 0.00 0 0.00 12 1024 32 1045 0.00 0.00 0.00 0.00 0.00 0.00 0.00
car 0.00 0 0.00 17 1018 27 1027 0.00 0.00 0.00 0.00 0.00 0.00 0.00
car 0.00 0 0.00 23 994 33 1003 0.00 0.00 0.00 0.00 0.00 0.00 0.00
car 0.00 0 0.00 54 986 65 994 0.00 0.00 0.00 0.00 0.00 0.00 0.00
car 0.00 0 0.00 61 969 69 975 0.00 0.00 0.00 0.00 0.00 0.00 0.00
car 0.00 0 0.00 42 965 48 971 0.00 0.00 0.00 0.00 0.00 0.00 0.00
car 0.00 0 0.00 35 962 42 970 0.00 0.00 0.00 0.00 0.00 0.00 0.00
car 0.00 0 0.00 54 956 63 963 0.00 0.00 0.00 0.00 0.00 0.00 0.00
car 0.00 0 0.00 49 954 58 962 0.00 0.00 0.00 0.00 0.00 0.00 0.00
car 0.00 0 0.00 58 945 66 954 0.00 0.00 0.00 0.00 0.00 0.00 0.00
car 0.00 0 0.00 48 950 54 956 0.00 0.00 0.00 0.00 0.00 0.00 0.00
car 0.00 0 0.00 53 939 60 945 0.00 0.00 0.00 0.00 0.00 0.00 0.00
car 0.00 0 0.00 44 942 51 949 0.00 0.00 0.00 0.00 0.00 0.00 0.00
car 0.00 0 0.00 42 938 47 945 0.00 0.00 0.00 0.00 0.00 0.00 0.00
car 0.00 0 0.00 34 949 41 957 0.00 0.00 0.00 0.00 0.00 0.00 0.00
car 0.00 0 0.00 31 944 38 949 0.00 0.00 0.00 0.00 0.00 0.00 0.00
