car 0.00 0 0.00 682 646 712 689 0.00 0.00 0.00 0.00 0.00 0.00 0.00
car 0.00 0 0.00 255 595 308 627 0.00 0.00 0.00 0.00 0.00 0.00 0.00
car 0.00 0 0.00 495 560 542 584 0.00 0.00 0.00 0.00 0.00 0.00 0.00
car 0.00 0 0.00 173 568 211 593 0.00 0.00 0.00 0.00 0.00 0.00 0.00
car 0.00 0 0.00 125 557 169 584 0.00 0.00 0.00 0.00 0.00 0.00 0.00
car 0.00 0 0.00 19 560 70 587 0.00 0.00 0.00 0.00 0.00 0.00 0.00
car 0.00 0 0.00 720 412 748 442 0.00 0.00 0.00 0.00 0.00 0.00 0.00
car 0.00 0 0.00 673 446 704 475 0.00 0.00 0.00 0.00 0.00 0.00 0.00
car 0.00 0 0.00 662 479 689 510 0.00 0.00 0.00 0.00 0.00 0.00 0.00
car 0.00 0 0.00 726 358 746 381 0.00 0.00 0.00 0.00 0.00 0.00 0.00
car 0.00 0 0.00 779 322 800 345 0.00 0.00 0.00 0.00 0.00 0.00 0.00
car 0.00 0 0.00 815 300 839 329 0.00 0.00 0.00 0.00 0.00 0.00 0.00
car 0.00 0 0.00 753 306 775 334 0.00 0.00 0.00 0.00 0.00 0.00 0.00
car 0.00 0 0.00 802 280 819 306 0.00 0.00 0.00 0.00 0.00 0.00 0.00
bus 0.00 0 0.00 771 262 802 310 0.00 0.00 0.00 0.00 0.00 0.00 0.00
car 0.00 0 0.00 842 256 866 281 0.00 0.00 0.00 0.00 0.00 0.00 0.00
car 0.00 0 0.00 820 251 841 282 0.00 0.00 0.00 0.00 0.00 0.00 0.00
car 0.00 0 0.00 838 230 859 253 0.00 0.00 0.00 0.00 0.00 0.00 0.00
car 0.00 0 0.00 852 208 868 231 0.00 0.00 0.00 0.00 0.00 0.00 0.00
car 0.00 0 0.00 831 201 850 226 0.00 0.00 0.00 0.00 0.00 0.00 0.00
car 0.00 0 0.00 887 205 907 226 0.00 0.00 0.00 0.00 0.00 0.00 0.00
car 0.00 0 0.00 880 193 896 211 0.00 0.00 0.00 0.00 0.00 0.00 0.00
car 0.00 0 0.00 890 169 905 188 0.00 0.00 0.00 0.00 0.00 0.00 0.00
car 0.00 0 0.00 858 187 874 207 0.00 0.00 0.00 0.00 0.00 0.00 0.00
car 0.00 0 0.00 871 154 888 175 0.00 0.00 0.00 0.00 0.00 0.00 0.00
bus 0.00 0 0.00 832 140 870 192 0.00 0.00 0.00 0.00 0.00 0.00 0.00
car 0.00 0 0.00 1031 53 1041 71 0.00 0.00 0.00 0.00 0.00 0.00 0.00
car 0.00 0 0.00 1015 46 1028 68 0.00 0.00 0.00 0.00 0.00 0.00 0.00
car 0.00 0 0.00 994 53 1004 71 0.00 0.00 0.00 0.00 0.00 0.00 0.00
car 0.00 0 0.00 975 44 989 68 0.00 0.00 0.00 0.00 0.00 0.00 0.00
car 0.00 0 0.00 982 28 997 49 0.00 0.00 0.00 0.00 0.00 0.00 0.00
car 0.00 0 0.00 984 15 1002 32 0.00 0.00 0.00 0.00 0.00 0.00 0.00
car 0.00 0 0.00 1020 18 1037 34 0.00 0.00 0.00 0.00 0.00 0.00 0.00
car 0.00 0 0.00 1032 38 1053 51 0.00 0.00 0.00 0.00 0.00 0.00 0.00
car 0.00 0 0.00 1050 11 1060 38 0.00 0.00 0.00 0.00 0.00 0.00 0.00
car 0.00 0 0.00 1122 136 1159 154 0.00 0.00 0.00 0.00 0.00 0.00 0.00
car 0.00 0 0.00 1200 122 1241 141 0.00 0.00 0.00 0.00 0.00 0.00 0.00
car 0.00 0 0.00 1270 128 1308 149 0.00 0.00 0.00 0.00 0.00 0.00 0.00
car 0.00 0 0.00 1170 156 1211 174 0.00 0.00 0.00 0.00 0.00 0.00 0.00
car 0.00 0 0.00 1126 159 1158 179 0.00 0.00 0.00 0.00 0.00 0.00 0.00
truck 0.00 0 0.00 1112 208 1135 256 0.00 0.00 0.00 0.00 0.00 0.00 0.00
truck 0.00 0 0.00 1093 210 1113 255 0.00 0.00 0.00 0.00 0.00 0.00 0.00
truck 0.00 0 0.00 1068 215 1092 254 0.00 0.00 0.00 0.00 0.00 0.00 0.00
truck 0.00 0 0.00 1137 206 1160 249 0.00 0.00 0.00 0.00 0.00 0.00 0.00
truck 0.00 0 0.00 1162 206 1182 248 0.00 0.00 0.00 0.00 0.00 0.00 0.00
truck 0.00 0 0.00 1183 196 1203 245 0.00 0.00 0.00 0.00 0.00 0.00 0.00
pedestrian 0.00 0 0.00 216 577 227 594 0.00 0.00 0.00 0.00 0.00 0.00 0.00
motor 0.00 0 0.00 804 155 820 174 0.00 0.00 0.00 0.00 0.00 0.00 0.00
