pedestrian 0.00 0 0.00 1123 775 1160 838 0.00 0.00 0.00 0.00 0.00 0.00 0.00
pedestrian 0.00 0 0.00 928 471 952 527 0.00 0.00 0.00 0.00 0.00 0.00 0.00
pedestrian 0.00 0 0.00 495 514 516 564 0.00 0.00 0.00 0.00 0.00 0.00 0.00
pedestrian 0.00 0 0.00 521 544 541 591 0.00 0.00 0.00 0.00 0.00 0.00 0.00
pedestrian 0.00 0 0.00 299 675 334 729 0.00 0.00 0.00 0.00 0.00 0.00 0.00
pedestrian 0.00 0 0.00 1172 475 1195 529 0.00 0.00 0.00 0.00 0.00 0.00 0.00
pedestrian 0.00 0 0.00 1028 457 1050 504 0.00 0.00 0.00 0.00 0.00 0.00 0.00
pedestrian 0.00 0 0.00 527 521 558 569 0.00 0.00 0.00 0.00 0.00 0.00 0.00
pedestrian 0.00 0 0.00 548 234 565 268 0.00 0.00 0.00 0.00 0.00 0.00 0.00
bicycle 0.00 0 0.00 788 292 816 327 0.00 0.00 0.00 0.00 0.00 0.00 0.00
bicycle 0.00 0 0.00 816 281 846 312 0.00 0.00 0.00 0.00 0.00 0.00 0.00
bicycle 0.00 0 0.00 827 275 854 303 0.00 0.00 0.00 0.00 0.00 0.00 0.00
pedestrian 0.00 0 0.00 989 233 1007 266 0.00 0.00 0.00 0.00 0.00 0.00 0.00
