car 0.00 0 0.00 619 551 623 555 0.00 0.00 0.00 0.00 0.00 0.00 0.00
car 0.00 0 0.00 624 550 629 554 0.00 0.00 0.00 0.00 0.00 0.00 0.00
car 0.00 0 0.00 631 556 637 561 0.00 0.00 0.00 0.00 0.00 0.00 0.00
car 0.00 0 0.00 632 535 638 538 0.00 0.00 0.00 0.00 0.00 0.00 0.00
car 0.00 0 0.00 645 537 648 541 0.00 0.00 0.00 0.00 0.00 0.00 0.00
car 0.00 0 0.00 652 536 655 539 0.00 0.00 0.00 0.00 0.00 0.00 0.00
car 0.00 0 0.00 658 535 664 538 0.00 0.00 0.00 0.00 0.00 0.00 0.00
bus 0.00 0 0.00 653 542 661 551 0.00 0.00 0.00 0.00 0.00 0.00 0.00
people 0.00 0 0.00 611 584 614 590 0.00 0.00 0.00 0.00 0.00 0.00 0.00
bicycle 0.00 0 0.00 610 587 615 592 0.00 0.00 0.00 0.00 0.00 0.00 0.00
car 0.00 0 0.00 644 553 650 558 0.00 0.00 0.00 0.00 0.00 0.00 0.00
car 0.00 0 0.00 651 548 655 552 0.00 0.00 0.00 0.00 0.00 0.00 0.00
car 0.00 0 0.00 662 543 666 547 0.00 0.00 0.00 0.00 0.00 0.00 0.00
car 0.00 0 0.00 665 539 668 542 0.00 0.00 0.00 0.00 0.00 0.00 0.00
car 0.00 0 0.00 657 537 660 540 0.00 0.00 0.00 0.00 0.00 0.00 0.00
car 0.00 0 0.00 659 549 664 553 0.00 0.00 0.00 0.00 0.00 0.00 0.00
car 0.00 0 0.00 670 549 675 554 0.00 0.00 0.00 0.00 0.00 0.00 0.00
car 0.00 0 0.00 666 552 671 555 0.00 0.00 0.00 0.00 0.00 0.00 0.00
car 0.00 0 0.00 668 548 672 551 0.00 0.00 0.00 0.00 0.00 0.00 0.00
van 0.00 0 0.00 656 561 662 568 0.00 0.00 0.00 0.00 0.00 0.00 0.00
car 0.00 0 0.00 621 571 629 577 0.00 0.00 0.00 0.00 0.00 0.00 0.00
car 0.00 0 0.00 616 556 624 561 0.00 0.00 0.00 0.00 0.00 0.00 0.00
car 0.00 0 0.00 718 551 729 556 0.00 0.00 0.00 0.00 0.00 0.00 0.00
pedestrian 0.00 0 0.00 691 585 695 593 0.00 0.00 0.00 0.00 0.00 0.00 0.00
car 0.00 0 0.00 681 585 692 594 0.00 0.00 0.00 0.00 0.00 0.00 0.00
car 0.00 0 0.00 677 590 686 599 0.00 0.00 0.00 0.00 0.00 0.00 0.00
truck 0.00 0 0.00 686 594 699 606 0.00 0.00 0.00 0.00 0.00 0.00 0.00
car 0.00 0 0.00 681 611 710 622 0.00 0.00 0.00 0.00 0.00 0.00 0.00
car 0.00 0 0.00 660 586 669 595 0.00 0.00 0.00 0.00 0.00 0.00 0.00
car 0.00 0 0.00 658 597 669 608 0.00 0.00 0.00 0.00 0.00 0.00 0.00
car 0.00 0 0.00 672 616 707 628 0.00 0.00 0.00 0.00 0.00 0.00 0.00
car 0.00 0 0.00 617 594 628 605 0.00 0.00 0.00 0.00 0.00 0.00 0.00
car 0.00 0 0.00 597 600 610 611 0.00 0.00 0.00 0.00 0.00 0.00 0.00
people 0.00 0 0.00 619 633 622 637 0.00 0.00 0.00 0.00 0.00 0.00 0.00
awning-tricycle 0.00 0 0.00 616 628 625 643 0.00 0.00 0.00 0.00 0.00 0.00 0.00
car 0.00 0 0.00 630 653 646 670 0.00 0.00 0.00 0.00 0.00 0.00 0.00
pedestrian 0.00 0 0.00 842 616 847 629 0.00 0.00 0.00 0.00 0.00 0.00 0.00
pedestrian 0.00 0 0.00 863 650 869 667 0.00 0.00 0.00 0.00 0.00 0.00 0.00
pedestrian 0.00 0 0.00 825 641 831 655 0.00 0.00 0.00 0.00 0.00 0.00 0.00
pedestrian 0.00 0 0.00 848 609 854 622 0.00 0.00 0.00 0.00 0.00 0.00 0.00
car 0.00 0 0.00 788 619 824 634 0.00 0.00 0.00 0.00 0.00 0.00 0.00
car 0.00 0 0.00 785 625 804 639 0.00 0.00 0.00 0.00 0.00 0.00 0.00
car 0.00 0 0.00 934 618 972 631 0.00 0.00 0.00 0.00 0.00 0.00 0.00
car 0.00 0 0.00 952 623 965 637 0.00 0.00 0.00 0.00 0.00 0.00 0.00
car 0.00 0 0.00 930 631 965 647 0.00 0.00 0.00 0.00 0.00 0.00 0.00
car 0.00 0 0.00 915 635 952 650 0.00 0.00 0.00 0.00 0.00 0.00 0.00
car 0.00 0 0.00 882 638 923 657 0.00 0.00 0.00 0.00 0.00 0.00 0.00
car 0.00 0 0.00 869 638 904 654 0.00 0.00 0.00 0.00 0.00 0.00 0.00
car 0.00 0 0.00 895 650 936 668 0.00 0.00 0.00 0.00 0.00 0.00 0.00
car 0.00 0 0.00 910 659 954 682 0.00 0.00 0.00 0.00 0.00 0.00 0.00
car 0.00 0 0.00 939 664 990 681 0.00 0.00 0.00 0.00 0.00 0.00 0.00
car 0.00 0 0.00 947 670 1000 689 0.00 0.00 0.00 0.00 0.00 0.00 0.00
pedestrian 0.00 0 0.00 985 675 993 692 0.00 0.00 0.00 0.00 0.00 0.00 0.00
pedestrian 0.00 0 0.00 996 679 1004 696 0.00 0.00 0.00 0.00 0.00 0.00 0.00
pedestrian 0.00 0 0.00 983 706 990 729 0.00 0.00 0.00 0.00 0.00 0.00 0.00
pedestrian 0.00 0 0.00 941 702 952 728 0.00 0.00 0.00 0.00 0.00 0.00 0.00
pedestrian 0.00 0 0.00 975 719 985 744 0.00 0.00 0.00 0.00 0.00 0.00 0.00
car 0.00 0 0.00 950 700 993 726 0.00 0.00 0.00 0.00 0.00 0.00 0.00
pedestrian 0.00 0 0.00 1045 719 1058 746 0.00 0.00 0.00 0.00 0.00 0.00 0.00
pedestrian 0.00 0 0.00 1075 721 1092 750 0.00 0.00 0.00 0.00 0.00 0.00 0.00
pedestrian 0.00 0 0.00 1104 737 1115 762 0.00 0.00 0.00 0.00 0.00 0.00 0.00
pedestrian 0.00 0 0.00 1077 754 1087 785 0.00 0.00 0.00 0.00 0.00 0.00 0.00
car 0.00 0 0.00 989 742 1073 771 0.00 0.00 0.00 0.00 0.00 0.00 0.00
bicycle 0.00 0 0.00 1111 733 1136 749 0.00 0.00 0.00 0.00 0.00 0.00 0.00
bicycle 0.00 0 0.00 1104 728 1130 745 0.00 0.00 0.00 0.00 0.00 0.00 0.00
bicycle 0.00 0 0.00 1094 726 1120 742 0.00 0.00 0.00 0.00 0.00 0.00 0.00
car 0.00 0 0.00 749 633 787 644 0.00 0.00 0.00 0.00 0.00 0.00 0.00
car 0.00 0 0.00 720 632 742 651 0.00 0.00 0.00 0.00 0.00 0.00 0.00
car 0.00 0 0.00 722 675 744 697 0.00 0.00 0.00 0.00 0.00 0.00 0.00
car 0.00 0 0.00 722 709 751 739 0.00 0.00 0.00 0.00 0.00 0.00 0.00
car 0.00 0 0.00 763 636 800 650 0.00 0.00 0.00 0.00 0.00 0.00 0.00
car 0.00 0 0.00 757 644 797 658 0.00 0.00 0.00 0.00 0.00 0.00 0.00
car 0.00 0 0.00 756 648 791 664 0.00 0.00 0.00 0.00 0.00 0.00 0.00
car 0.00 0 0.00 749 653 792 671 0.00 0.00 0.00 0.00 0.00 0.00 0.00
car 0.00 0 0.00 757 658 801 672 0.00 0.00 0.00 0.00 0.00 0.00 0.00
car 0.00 0 0.00 755 664 794 681 0.00 0.00 0.00 0.00 0.00 0.00 0.00
car 0.00 0 0.00 820 651 840 670 0.00 0.00 0.00 0.00 0.00 0.00 0.00
car 0.00 0 0.00 827 672 859 694 0.00 0.00 0.00 0.00 0.00 0.00 0.00
truck 0.00 0 0.00 757 660 831 699 0.00 0.00 0.00 0.00 0.00 0.00 0.00
car 0.00 0 0.00 753 687 812 708 0.00 0.00 0.00 0.00 0.00 0.00 0.00
car 0.00 0 0.00 764 699 813 719 0.00 0.00 0.00 0.00 0.00 0.00 0.00
car 0.00 0 0.00 784 702 847 725 0.00 0.00 0.00 0.00 0.00 0.00 0.00
car 0.00 0 0.00 784 714 843 738 0.00 0.00 0.00 0.00 0.00 0.00 0.00
car 0.00 0 0.00 793 726 867 750 0.00 0.00 0.00 0.00 0.00 0.00 0.00
car 0.00 0 0.00 789 738 872 764 0.00 0.00 0.00 0.00 0.00 0.00 0.00
car 0.00 0 0.00 795 756 877 788 0.00 0.00 0.00 0.00 0.00 0.00 0.00
car 0.00 0 0.00 721 770 817 812 0.00 0.00 0.00 0.00 0.00 0.00 0.00
car 0.00 0 0.00 806 815 856 864 0.00 0.00 0.00 0.00 0.00 0.00 0.00
car 0.00 0 0.00 863 809 929 859 0.00 0.00 0.00 0.00 0.00 0.00 0.00
car 0.00 0 0.00 951 767 1051 808 0.00 0.00 0.00 0.00 0.00 0.00 0.00
car 0.00 0 0.00 919 803 982 851 0.00 0.00 0.00 0.00 0.00 0.00 0.00
car 0.00 0 0.00 922 843 1046 896 0.00 0.00 0.00 0.00 0.00 0.00 0.00
car 0.00 0 0.00 980 799 1050 844 0.00 0.00 0.00 0.00 0.00 0.00 0.00
car 0.00 0 0.00 1053 793 1126 844 0.00 0.00 0.00 0.00 0.00 0.00 0.00
car 0.00 0 0.00 1103 789 1195 845 0.00 0.00 0.00 0.00 0.00 0.00 0.00
pedestrian 0.00 0 0.00 1190 749 1201 778 0.00 0.00 0.00 0.00 0.00 0.00 0.00
pedestrian 0.00 0 0.00 1177 745 1186 775 0.00 0.00 0.00 0.00 0.00 0.00 0.00
car 0.00 0 0.00 1186 739 1238 772 0.00 0.00 0.00 0.00 0.00 0.00 0.00
van 0.00 0 0.00 1260 782 1316 827 0.00 0.00 0.00 0.00 0.00 0.00 0.00
pedestrian 0.00 0 0.00 1288 779 1299 798 0.00 0.00 0.00 0.00 0.00 0.00 0.00
awning-tricycle 0.00 0 0.00 1285 728 1317 750 0.00 0.00 0.00 0.00 0.00 0.00 0.00
car 0.00 0 0.00 1335 733 1372 767 0.00 0.00 0.00 0.00 0.00 0.00 0.00
car 0.00 0 0.00 1348 768 1400 798 0.00 0.00 0.00 0.00 0.00 0.00 0.00
motor 0.00 0 0.00 1363 729 1388 750 0.00 0.00 0.00 0.00 0.00 0.00 0.00
car 0.00 0 0.00 1015 875 1151 926 0.00 0.00 0.00 0.00 0.00 0.00 0.00
pedestrian 0.00 0 0.00 936 930 958 991 0.00 0.00 0.00 0.00 0.00 0.00 0.00
car 0.00 0 0.00 629 692 657 728 0.00 0.00 0.00 0.00 0.00 0.00 0.00
car 0.00 0 0.00 629 794 673 853 0.00 0.00 0.00 0.00 0.00 0.00 0.00
car 0.00 0 0.00 506 820 566 894 0.00 0.00 0.00 0.00 0.00 0.00 0.00
car 0.00 0 0.00 437 953 514 1050 0.00 0.00 0.00 0.00 0.00 0.00 0.00
car 0.00 0 0.00 234 990 334 1050 0.00 0.00 0.00 0.00 0.00 0.00 0.00
truck 0.00 0 0.00 35 603 104 627 0.00 0.00 0.00 0.00 0.00 0.00 0.00
