bus 0.00 0 0.00 792 584 868 787 0.00 0.00 0.00 0.00 0.00 0.00 0.00
car 0.00 0 0.00 752 431 777 458 0.00 0.00 0.00 0.00 0.00 0.00 0.00
van 0.00 0 0.00 753 358 777 387 0.00 0.00 0.00 0.00 0.00 0.00 0.00
van 0.00 0 0.00 739 335 755 352 0.00 0.00 0.00 0.00 0.00 0.00 0.00
bicycle 0.00 0 0.00 795 376 803 391 0.00 0.00 0.00 0.00 0.00 0.00 0.00
people 0.00 0 0.00 797 373 801 383 0.00 0.00 0.00 0.00 0.00 0.00 0.00
car 0.00 0 0.00 748 289 761 300 0.00 0.00 0.00 0.00 0.00 0.00 0.00
car 0.00 0 0.00 730 285 742 294 0.00 0.00 0.00 0.00 0.00 0.00 0.00
car 0.00 0 0.00 763 279 775 290 0.00 0.00 0.00 0.00 0.00 0.00 0.00
car 0.00 0 0.00 725 258 736 265 0.00 0.00 0.00 0.00 0.00 0.00 0.00
car 0.00 0 0.00 718 261 726 269 0.00 0.00 0.00 0.00 0.00 0.00 0.00
car 0.00 0 0.00 733 246 747 253 0.00 0.00 0.00 0.00 0.00 0.00 0.00
truck 0.00 0 0.00 710 249 719 263 0.00 0.00 0.00 0.00 0.00 0.00 0.00
truck 0.00 0 0.00 585 319 611 357 0.00 0.00 0.00 0.00 0.00 0.00 0.00
van 0.00 0 0.00 551 281 573 290 0.00 0.00 0.00 0.00 0.00 0.00 0.00
people 0.00 0 0.00 521 310 525 321 0.00 0.00 0.00 0.00 0.00 0.00 0.00
pedestrian 0.00 0 0.00 584 292 588 302 0.00 0.00 0.00 0.00 0.00 0.00 0.00
tricycle 0.00 0 0.00 594 297 599 306 0.00 0.00 0.00 0.00 0.00 0.00 0.00
people 0.00 0 0.00 595 297 598 303 0.00 0.00 0.00 0.00 0.00 0.00 0.00
car 0.00 0 0.00 1218 448 1265 472 0.00 0.00 0.00 0.00 0.00 0.00 0.00
bus 0.00 0 0.00 1271 507 1355 567 0.00 0.00 0.00 0.00 0.00 0.00 0.00
truck 0.00 0 0.00 1242 472 1321 531 0.00 0.00 0.00 0.00 0.00 0.00 0.00
pedestrian 0.00 0 0.00 1241 482 1249 498 0.00 0.00 0.00 0.00 0.00 0.00 0.00
tricycle 0.00 0 0.00 343 536 363 572 0.00 0.00 0.00 0.00 0.00 0.00 0.00
people 0.00 0 0.00 346 536 360 557 0.00 0.00 0.00 0.00 0.00 0.00 0.00
car 0.00 0 0.00 180 437 239 460 0.00 0.00 0.00 0.00 0.00 0.00 0.00
car 0.00 0 0.00 445 330 464 347 0.00 0.00 0.00 0.00 0.00 0.00 0.00
