car 0.00 0 0.00 623 619 667 691 0.00 0.00 0.00 0.00 0.00 0.00 0.00
car 0.00 0 0.00 587 495 619 547 0.00 0.00 0.00 0.00 0.00 0.00 0.00
car 0.00 0 0.00 648 204 672 230 0.00 0.00 0.00 0.00 0.00 0.00 0.00
car 0.00 0 0.00 614 209 637 240 0.00 0.00 0.00 0.00 0.00 0.00 0.00
car 0.00 0 0.00 696 208 720 243 0.00 0.00 0.00 0.00 0.00 0.00 0.00
car 0.00 0 0.00 725 132 742 158 0.00 0.00 0.00 0.00 0.00 0.00 0.00
car 0.00 0 0.00 654 65 669 83 0.00 0.00 0.00 0.00 0.00 0.00 0.00
car 0.00 0 0.00 571 53 587 68 0.00 0.00 0.00 0.00 0.00 0.00 0.00
car 0.00 0 0.00 659 1 671 15 0.00 0.00 0.00 0.00 0.00 0.00 0.00
van 0.00 0 0.00 550 382 581 426 0.00 0.00 0.00 0.00 0.00 0.00 0.00
van 0.00 0 0.00 505 546 548 608 0.00 0.00 0.00 0.00 0.00 0.00 0.00
car 0.00 0 0.00 482 743 534 787 0.00 0.00 0.00 0.00 0.00 0.00 0.00
bus 0.00 0 0.00 560 175 594 275 0.00 0.00 0.00 0.00 0.00 0.00 0.00
car 0.00 0 0.00 636 27 651 45 0.00 0.00 0.00 0.00 0.00 0.00 0.00
car 0.00 0 0.00 517 96 557 112 0.00 0.00 0.00 0.00 0.00 0.00 0.00
pedestrian 0.00 0 0.00 623 297 633 319 0.00 0.00 0.00 0.00 0.00 0.00 0.00
pedestrian 0.00 0 0.00 686 305 697 324 0.00 0.00 0.00 0.00 0.00 0.00 0.00
pedestrian 0.00 0 0.00 713 305 724 323 0.00 0.00 0.00 0.00 0.00 0.00 0.00
pedestrian 0.00 0 0.00 713 299 724 317 0.00 0.00 0.00 0.00 0.00 0.00 0.00
pedestrian 0.00 0 0.00 875 268 885 287 0.00 0.00 0.00 0.00 0.00 0.00 0.00
