car 0.00 0 0.00 195 85 330 164 0.00 0.00 0.00 0.00 0.00 0.00 0.00
car 0.00 0 0.00 109 203 231 288 0.00 0.00 0.00 0.00 0.00 0.00 0.00
car 0.00 0 0.00 31 235 151 347 0.00 0.00 0.00 0.00 0.00 0.00 0.00
car 0.00 0 0.00 0 331 101 434 0.00 0.00 0.00 0.00 0.00 0.00 0.00
car 0.00 0 0.00 841 179 915 283 0.00 0.00 0.00 0.00 0.00 0.00 0.00
van 0.00 0 0.00 879 83 941 184 0.00 0.00 0.00 0.00 0.00 0.00 0.00
car 0.00 0 0.00 1066 124 1151 220 0.00 0.00 0.00 0.00 0.00 0.00 0.00
car 0.00 0 0.00 1060 290 1116 402 0.00 0.00 0.00 0.00 0.00 0.00 0.00
truck 0.00 0 0.00 893 599 1080 683 0.00 0.00 0.00 0.00 0.00 0.00 0.00
motor 0.00 0 0.00 1086 411 1121 466 0.00 0.00 0.00 0.00 0.00 0.00 0.00
awning-tricycle 0.00 0 0.00 1141 519 1211 578 0.00 0.00 0.00 0.00 0.00 0.00 0.00
motor 0.00 0 0.00 1109 604 1161 657 0.00 0.00 0.00 0.00 0.00 0.00 0.00
motor 0.00 0 0.00 1061 474 1105 524 0.00 0.00 0.00 0.00 0.00 0.00 0.00
motor 0.00 0 0.00 1064 432 1107 483 0.00 0.00 0.00 0.00 0.00 0.00 0.00
motor 0.00 0 0.00 1119 493 1169 526 0.00 0.00 0.00 0.00 0.00 0.00 0.00
motor 0.00 0 0.00 1155 478 1206 506 0.00 0.00 0.00 0.00 0.00 0.00 0.00
motor 0.00 0 0.00 1154 458 1200 483 0.00 0.00 0.00 0.00 0.00 0.00 0.00
motor 0.00 0 0.00 1145 432 1199 459 0.00 0.00 0.00 0.00 0.00 0.00 0.00
tricycle 0.00 0 0.00 1149 395 1222 434 0.00 0.00 0.00 0.00 0.00 0.00 0.00
motor 0.00 0 0.00 1069 737 1135 786 0.00 0.00 0.00 0.00 0.00 0.00 0.00
van 0.00 0 0.00 897 717 1046 815 0.00 0.00 0.00 0.00 0.00 0.00 0.00
tricycle 0.00 0 0.00 572 889 637 948 0.00 0.00 0.00 0.00 0.00 0.00 0.00
motor 0.00 0 0.00 1358 725 1418 754 0.00 0.00 0.00 0.00 0.00 0.00 0.00
bicycle 0.00 0 0.00 1375 644 1432 674 0.00 0.00 0.00 0.00 0.00 0.00 0.00
motor 0.00 0 0.00 1372 616 1426 650 0.00 0.00 0.00 0.00 0.00 0.00 0.00
bicycle 0.00 0 0.00 1374 503 1425 530 0.00 0.00 0.00 0.00 0.00 0.00 0.00
bicycle 0.00 0 0.00 1426 0 1442 31 0.00 0.00 0.00 0.00 0.00 0.00 0.00
