pedestrian 0.00 0 0.00 1905 393 1912 412 0.00 0.00 0.00 0.00 0.00 0.00 0.00
bicycle 0.00 0 0.00 710 676 723 710 0.00 0.00 0.00 0.00 0.00 0.00 0.00
pedestrian 0.00 0 0.00 827 621 843 665 0.00 0.00 0.00 0.00 0.00 0.00 0.00
pedestrian 0.00 0 0.00 735 475 747 505 0.00 0.00 0.00 0.00 0.00 0.00 0.00
pedestrian 0.00 0 0.00 681 466 690 491 0.00 0.00 0.00 0.00 0.00 0.00 0.00
pedestrian 0.00 0 0.00 674 465 684 488 0.00 0.00 0.00 0.00 0.00 0.00 0.00
pedestrian 0.00 0 0.00 428 841 452 909 0.00 0.00 0.00 0.00 0.00 0.00 0.00
bicycle 0.00 0 0.00 166 887 235 931 0.00 0.00 0.00 0.00 0.00 0.00 0.00
bicycle 0.00 0 0.00 1172 896 1200 938 0.00 0.00 0.00 0.00 0.00 0.00 0.00
pedestrian 0.00 0 0.00 1188 935 1205 983 0.00 0.00 0.00 0.00 0.00 0.00 0.00
bicycle 0.00 0 0.00 1063 930 1100 974 0.00 0.00 0.00 0.00 0.00 0.00 0.00
pedestrian 0.00 0 0.00 1140 545 1152 574 0.00 0.00 0.00 0.00 0.00 0.00 0.00
pedestrian 0.00 0 0.00 1145 534 1155 561 0.00 0.00 0.00 0.00 0.00 0.00 0.00
