people 0.00 0 0.00 7 774 50 797 0.00 0.00 0.00 0.00 0.00 0.00 0.00
bicycle 0.00 0 0.00 23 774 44 817 0.00 0.00 0.00 0.00 0.00 0.00 0.00
bicycle 0.00 0 0.00 411 803 434 838 0.00 0.00 0.00 0.00 0.00 0.00 0.00
bicycle 0.00 0 0.00 447 738 463 773 0.00 0.00 0.00 0.00 0.00 0.00 0.00
people 0.00 0 0.00 407 805 436 832 0.00 0.00 0.00 0.00 0.00 0.00 0.00
pedestrian 0.00 0 0.00 466 734 483 762 0.00 0.00 0.00 0.00 0.00 0.00 0.00
pedestrian 0.00 0 0.00 436 716 447 745 0.00 0.00 0.00 0.00 0.00 0.00 0.00
pedestrian 0.00 0 0.00 509 601 524 630 0.00 0.00 0.00 0.00 0.00 0.00 0.00
pedestrian 0.00 0 0.00 669 483 681 511 0.00 0.00 0.00 0.00 0.00 0.00 0.00
people 0.00 0 0.00 667 528 683 552 0.00 0.00 0.00 0.00 0.00 0.00 0.00
bicycle 0.00 0 0.00 666 537 684 563 0.00 0.00 0.00 0.00 0.00 0.00 0.00
bicycle 0.00 0 0.00 716 411 725 436 0.00 0.00 0.00 0.00 0.00 0.00 0.00
pedestrian 0.00 0 0.00 917 161 921 178 0.00 0.00 0.00 0.00 0.00 0.00 0.00
pedestrian 0.00 0 0.00 879 198 884 219 0.00 0.00 0.00 0.00 0.00 0.00 0.00
pedestrian 0.00 0 0.00 732 653 739 671 0.00 0.00 0.00 0.00 0.00 0.00 0.00
pedestrian 0.00 0 0.00 1091 0 1097 11 0.00 0.00 0.00 0.00 0.00 0.00 0.00
bicycle 0.00 0 0.00 1182 572 1215 593 0.00 0.00 0.00 0.00 0.00 0.00 0.00
bicycle 0.00 0 0.00 1180 566 1219 582 0.00 0.00 0.00 0.00 0.00 0.00 0.00
bicycle 0.00 0 0.00 1181 558 1218 572 0.00 0.00 0.00 0.00 0.00 0.00 0.00
bicycle 0.00 0 0.00 1183 537 1225 561 0.00 0.00 0.00 0.00 0.00 0.00 0.00
bicycle 0.00 0 0.00 1190 529 1234 549 0.00 0.00 0.00 0.00 0.00 0.00 0.00
bicycle 0.00 0 0.00 1202 521 1236 539 0.00 0.00 0.00 0.00 0.00 0.00 0.00
bicycle 0.00 0 0.00 1206 515 1238 532 0.00 0.00 0.00 0.00 0.00 0.00 0.00
