car 0.00 0 0.00 46 706 107 769 0.00 0.00 0.00 0.00 0.00 0.00 0.00
car 0.00 0 0.00 506 127 557 153 0.00 0.00 0.00 0.00 0.00 0.00 0.00
car 0.00 0 0.00 759 90 806 113 0.00 0.00 0.00 0.00 0.00 0.00 0.00
van 0.00 0 0.00 687 117 737 144 0.00 0.00 0.00 0.00 0.00 0.00 0.00
car 0.00 0 0.00 683 286 707 327 0.00 0.00 0.00 0.00 0.00 0.00 0.00
car 0.00 0 0.00 706 271 730 304 0.00 0.00 0.00 0.00 0.00 0.00 0.00
car 0.00 0 0.00 757 268 780 307 0.00 0.00 0.00 0.00 0.00 0.00 0.00
car 0.00 0 0.00 782 261 804 303 0.00 0.00 0.00 0.00 0.00 0.00 0.00
car 0.00 0 0.00 818 285 843 321 0.00 0.00 0.00 0.00 0.00 0.00 0.00
car 0.00 0 0.00 850 274 878 316 0.00 0.00 0.00 0.00 0.00 0.00 0.00
van 0.00 0 0.00 980 261 1009 312 0.00 0.00 0.00 0.00 0.00 0.00 0.00
car 0.00 0 0.00 1005 276 1034 310 0.00 0.00 0.00 0.00 0.00 0.00 0.00
car 0.00 0 0.00 1039 277 1065 320 0.00 0.00 0.00 0.00 0.00 0.00 0.00
car 0.00 0 0.00 1078 279 1114 318 0.00 0.00 0.00 0.00 0.00 0.00 0.00
car 0.00 0 0.00 1112 272 1142 316 0.00 0.00 0.00 0.00 0.00 0.00 0.00
car 0.00 0 0.00 1124 258 1158 295 0.00 0.00 0.00 0.00 0.00 0.00 0.00
car 0.00 0 0.00 1153 257 1186 303 0.00 0.00 0.00 0.00 0.00 0.00 0.00
car 0.00 0 0.00 1174 256 1207 299 0.00 0.00 0.00 0.00 0.00 0.00 0.00
car 0.00 0 0.00 1206 256 1236 296 0.00 0.00 0.00 0.00 0.00 0.00 0.00
car 0.00 0 0.00 1230 255 1265 299 0.00 0.00 0.00 0.00 0.00 0.00 0.00
car 0.00 0 0.00 1259 258 1296 297 0.00 0.00 0.00 0.00 0.00 0.00 0.00
car 0.00 0 0.00 1289 256 1327 298 0.00 0.00 0.00 0.00 0.00 0.00 0.00
car 0.00 0 0.00 1318 249 1356 289 0.00 0.00 0.00 0.00 0.00 0.00 0.00
car 0.00 0 0.00 1349 254 1380 286 0.00 0.00 0.00 0.00 0.00 0.00 0.00
car 0.00 0 0.00 1312 143 1368 168 0.00 0.00 0.00 0.00 0.00 0.00 0.00
car 0.00 0 0.00 1021 92 1065 114 0.00 0.00 0.00 0.00 0.00 0.00 0.00
car 0.00 0 0.00 1257 292 1318 318 0.00 0.00 0.00 0.00 0.00 0.00 0.00
car 0.00 0 0.00 1345 286 1392 313 0.00 0.00 0.00 0.00 0.00 0.00 0.00
car 0.00 0 0.00 913 604 969 660 0.00 0.00 0.00 0.00 0.00 0.00 0.00
car 0.00 0 0.00 603 479 659 530 0.00 0.00 0.00 0.00 0.00 0.00 0.00
car 0.00 0 0.00 562 468 616 521 0.00 0.00 0.00 0.00 0.00 0.00 0.00
car 0.00 0 0.00 585 442 636 477 0.00 0.00 0.00 0.00 0.00 0.00 0.00
car 0.00 0 0.00 605 421 659 464 0.00 0.00 0.00 0.00 0.00 0.00 0.00
car 0.00 0 0.00 629 408 678 442 0.00 0.00 0.00 0.00 0.00 0.00 0.00
car 0.00 0 0.00 670 425 720 472 0.00 0.00 0.00 0.00 0.00 0.00 0.00
car 0.00 0 0.00 815 383 854 430 0.00 0.00 0.00 0.00 0.00 0.00 0.00
car 0.00 0 0.00 933 415 982 464 0.00 0.00 0.00 0.00 0.00 0.00 0.00
car 0.00 0 0.00 807 423 854 468 0.00 0.00 0.00 0.00 0.00 0.00 0.00
car 0.00 0 0.00 848 399 894 440 0.00 0.00 0.00 0.00 0.00 0.00 0.00
car 0.00 0 0.00 868 412 923 462 0.00 0.00 0.00 0.00 0.00 0.00 0.00
car 0.00 0 0.00 812 456 869 513 0.00 0.00 0.00 0.00 0.00 0.00 0.00
car 0.00 0 0.00 715 389 765 433 0.00 0.00 0.00 0.00 0.00 0.00 0.00
car 0.00 0 0.00 761 393 800 439 0.00 0.00 0.00 0.00 0.00 0.00 0.00
truck 0.00 0 0.00 705 418 768 486 0.00 0.00 0.00 0.00 0.00 0.00 0.00
truck 0.00 0 0.00 727 439 794 512 0.00 0.00 0.00 0.00 0.00 0.00 0.00
truck 0.00 0 0.00 736 524 800 604 0.00 0.00 0.00 0.00 0.00 0.00 0.00
truck 0.00 0 0.00 777 505 892 640 0.00 0.00 0.00 0.00 0.00 0.00 0.00
car 0.00 0 0.00 589 241 612 274 0.00 0.00 0.00 0.00 0.00 0.00 0.00
car 0.00 0 0.00 552 248 580 278 0.00 0.00 0.00 0.00 0.00 0.00 0.00
car 0.00 0 0.00 523 253 546 284 0.00 0.00 0.00 0.00 0.00 0.00 0.00
