car 0.00 0 0.00 202 442 240 461 0.00 0.00 0.00 0.00 0.00 0.00 0.00
car 0.00 0 0.00 271 414 315 433 0.00 0.00 0.00 0.00 0.00 0.00 0.00
car 0.00 0 0.00 429 439 468 458 0.00 0.00 0.00 0.00 0.00 0.00 0.00
car 0.00 0 0.00 0 405 19 422 0.00 0.00 0.00 0.00 0.00 0.00 0.00
car 0.00 0 0.00 0 427 17 445 0.00 0.00 0.00 0.00 0.00 0.00 0.00
car 0.00 0 0.00 0 448 16 465 0.00 0.00 0.00 0.00 0.00 0.00 0.00
car 0.00 0 0.00 470 501 507 518 0.00 0.00 0.00 0.00 0.00 0.00 0.00
car 0.00 0 0.00 471 417 508 434 0.00 0.00 0.00 0.00 0.00 0.00 0.00
car 0.00 0 0.00 540 503 578 519 0.00 0.00 0.00 0.00 0.00 0.00 0.00
car 0.00 0 0.00 577 411 620 433 0.00 0.00 0.00 0.00 0.00 0.00 0.00
car 0.00 0 0.00 768 129 787 164 0.00 0.00 0.00 0.00 0.00 0.00 0.00
car 0.00 0 0.00 793 137 812 174 0.00 0.00 0.00 0.00 0.00 0.00 0.00
car 0.00 0 0.00 795 412 824 447 0.00 0.00 0.00 0.00 0.00 0.00 0.00
car 0.00 0 0.00 831 418 851 459 0.00 0.00 0.00 0.00 0.00 0.00 0.00
car 0.00 0 0.00 849 401 871 439 0.00 0.00 0.00 0.00 0.00 0.00 0.00
car 0.00 0 0.00 912 366 931 402 0.00 0.00 0.00 0.00 0.00 0.00 0.00
car 0.00 0 0.00 939 361 963 402 0.00 0.00 0.00 0.00 0.00 0.00 0.00
car 0.00 0 0.00 966 353 987 392 0.00 0.00 0.00 0.00 0.00 0.00 0.00
van 0.00 0 0.00 986 346 1009 385 0.00 0.00 0.00 0.00 0.00 0.00 0.00
car 0.00 0 0.00 1034 340 1052 378 0.00 0.00 0.00 0.00 0.00 0.00 0.00
car 0.00 0 0.00 1049 324 1070 362 0.00 0.00 0.00 0.00 0.00 0.00 0.00
van 0.00 0 0.00 1045 256 1074 287 0.00 0.00 0.00 0.00 0.00 0.00 0.00
car 0.00 0 0.00 1029 213 1052 252 0.00 0.00 0.00 0.00 0.00 0.00 0.00
car 0.00 0 0.00 1010 169 1037 205 0.00 0.00 0.00 0.00 0.00 0.00 0.00
truck 0.00 0 0.00 1000 119 1022 160 0.00 0.00 0.00 0.00 0.00 0.00 0.00
van 0.00 0 0.00 1002 0 1026 18 0.00 0.00 0.00 0.00 0.00 0.00 0.00
car 0.00 0 0.00 1134 295 1164 319 0.00 0.00 0.00 0.00 0.00 0.00 0.00
car 0.00 0 0.00 1135 313 1172 337 0.00 0.00 0.00 0.00 0.00 0.00 0.00
car 0.00 0 0.00 1122 339 1152 359 0.00 0.00 0.00 0.00 0.00 0.00 0.00
car 0.00 0 0.00 1148 339 1178 373 0.00 0.00 0.00 0.00 0.00 0.00 0.00
car 0.00 0 0.00 1175 348 1209 375 0.00 0.00 0.00 0.00 0.00 0.00 0.00
truck 0.00 0 0.00 908 472 957 498 0.00 0.00 0.00 0.00 0.00 0.00 0.00
car 0.00 0 0.00 955 454 976 493 0.00 0.00 0.00 0.00 0.00 0.00 0.00
car 0.00 0 0.00 973 447 998 485 0.00 0.00 0.00 0.00 0.00 0.00 0.00
car 0.00 0 0.00 997 451 1013 480 0.00 0.00 0.00 0.00 0.00 0.00 0.00
truck 0.00 0 0.00 1026 448 1077 477 0.00 0.00 0.00 0.00 0.00 0.00 0.00
car 0.00 0 0.00 1022 431 1058 453 0.00 0.00 0.00 0.00 0.00 0.00 0.00
car 0.00 0 0.00 1103 511 1119 548 0.00 0.00 0.00 0.00 0.00 0.00 0.00
car 0.00 0 0.00 1183 412 1217 436 0.00 0.00 0.00 0.00 0.00 0.00 0.00
car 0.00 0 0.00 1191 430 1227 453 0.00 0.00 0.00 0.00 0.00 0.00 0.00
car 0.00 0 0.00 1204 468 1243 491 0.00 0.00 0.00 0.00 0.00 0.00 0.00
car 0.00 0 0.00 1106 557 1124 591 0.00 0.00 0.00 0.00 0.00 0.00 0.00
truck 0.00 0 0.00 1124 654 1149 700 0.00 0.00 0.00 0.00 0.00 0.00 0.00
car 0.00 0 0.00 1134 712 1152 752 0.00 0.00 0.00 0.00 0.00 0.00 0.00
van 0.00 0 0.00 1138 763 1161 801 0.00 0.00 0.00 0.00 0.00 0.00 0.00
car 0.00 0 0.00 1183 735 1222 758 0.00 0.00 0.00 0.00 0.00 0.00 0.00
car 0.00 0 0.00 1252 765 1289 791 0.00 0.00 0.00 0.00 0.00 0.00 0.00
truck 0.00 0 0.00 1154 880 1188 935 0.00 0.00 0.00 0.00 0.00 0.00 0.00
truck 0.00 0 0.00 1219 889 1260 919 0.00 0.00 0.00 0.00 0.00 0.00 0.00
truck 0.00 0 0.00 1229 938 1271 961 0.00 0.00 0.00 0.00 0.00 0.00 0.00
van 0.00 0 0.00 1237 962 1267 983 0.00 0.00 0.00 0.00 0.00 0.00 0.00
van 0.00 0 0.00 1243 982 1282 1008 0.00 0.00 0.00 0.00 0.00 0.00 0.00
car 0.00 0 0.00 1245 1009 1285 1029 0.00 0.00 0.00 0.00 0.00 0.00 0.00
car 0.00 0 0.00 1247 1030 1287 1050 0.00 0.00 0.00 0.00 0.00 0.00 0.00
car 0.00 0 0.00 1134 185 1171 211 0.00 0.00 0.00 0.00 0.00 0.00 0.00
car 0.00 0 0.00 1143 212 1175 237 0.00 0.00 0.00 0.00 0.00 0.00 0.00
car 0.00 0 0.00 1135 160 1165 180 0.00 0.00 0.00 0.00 0.00 0.00 0.00
car 0.00 0 0.00 897 525 917 567 0.00 0.00 0.00 0.00 0.00 0.00 0.00
car 0.00 0 0.00 902 574 918 608 0.00 0.00 0.00 0.00 0.00 0.00 0.00
car 0.00 0 0.00 860 680 881 721 0.00 0.00 0.00 0.00 0.00 0.00 0.00
car 0.00 0 0.00 836 698 854 733 0.00 0.00 0.00 0.00 0.00 0.00 0.00
car 0.00 0 0.00 872 734 891 774 0.00 0.00 0.00 0.00 0.00 0.00 0.00
van 0.00 0 0.00 903 737 926 785 0.00 0.00 0.00 0.00 0.00 0.00 0.00
van 0.00 0 0.00 901 799 919 837 0.00 0.00 0.00 0.00 0.00 0.00 0.00
car 0.00 0 0.00 883 818 901 855 0.00 0.00 0.00 0.00 0.00 0.00 0.00
car 0.00 0 0.00 898 945 917 985 0.00 0.00 0.00 0.00 0.00 0.00 0.00
motor 0.00 0 0.00 854 341 867 359 0.00 0.00 0.00 0.00 0.00 0.00 0.00
motor 0.00 0 0.00 894 364 907 380 0.00 0.00 0.00 0.00 0.00 0.00 0.00
motor 0.00 0 0.00 934 415 952 423 0.00 0.00 0.00 0.00 0.00 0.00 0.00
motor 0.00 0 0.00 869 384 881 402 0.00 0.00 0.00 0.00 0.00 0.00 0.00
motor 0.00 0 0.00 810 287 821 301 0.00 0.00 0.00 0.00 0.00 0.00 0.00
motor 0.00 0 0.00 815 226 822 241 0.00 0.00 0.00 0.00 0.00 0.00 0.00
motor 0.00 0 0.00 712 415 725 429 0.00 0.00 0.00 0.00 0.00 0.00 0.00
motor 0.00 0 0.00 667 413 679 429 0.00 0.00 0.00 0.00 0.00 0.00 0.00
motor 0.00 0 0.00 643 455 658 465 0.00 0.00 0.00 0.00 0.00 0.00 0.00
motor 0.00 0 0.00 474 476 497 490 0.00 0.00 0.00 0.00 0.00 0.00 0.00
motor 0.00 0 0.00 894 885 906 908 0.00 0.00 0.00 0.00 0.00 0.00 0.00
motor 0.00 0 0.00 913 858 922 876 0.00 0.00 0.00 0.00 0.00 0.00 0.00
pedestrian 0.00 0 0.00 1148 837 1161 847 0.00 0.00 0.00 0.00 0.00 0.00 0.00
pedestrian 0.00 0 0.00 1321 732 1334 743 0.00 0.00 0.00 0.00 0.00 0.00 0.00
pedestrian 0.00 0 0.00 1022 156 1031 167 0.00 0.00 0.00 0.00 0.00 0.00 0.00
car 0.00 0 0.00 1168 551 1212 577 0.00 0.00 0.00 0.00 0.00 0.00 0.00
