car 0.00 0 0.00 502 336 545 400 0.00 0.00 0.00 0.00 0.00 0.00 0.00
truck 0.00 0 0.00 409 346 475 480 0.00 0.00 0.00 0.00 0.00 0.00 0.00
car 0.00 0 0.00 794 430 864 479 0.00 0.00 0.00 0.00 0.00 0.00 0.00
car 0.00 0 0.00 740 332 783 376 0.00 0.00 0.00 0.00 0.00 0.00 0.00
car 0.00 0 0.00 617 136 652 175 0.00 0.00 0.00 0.00 0.00 0.00 0.00
car 0.00 0 0.00 464 181 492 217 0.00 0.00 0.00 0.00 0.00 0.00 0.00
van 0.00 0 0.00 472 1 504 28 0.00 0.00 0.00 0.00 0.00 0.00 0.00
car 0.00 0 0.00 384 6 410 25 0.00 0.00 0.00 0.00 0.00 0.00 0.00
truck 0.00 0 0.00 208 296 267 363 0.00 0.00 0.00 0.00 0.00 0.00 0.00
truck 0.00 0 0.00 178 288 237 355 0.00 0.00 0.00 0.00 0.00 0.00 0.00
truck 0.00 0 0.00 149 285 209 350 0.00 0.00 0.00 0.00 0.00 0.00 0.00
truck 0.00 0 0.00 114 282 173 350 0.00 0.00 0.00 0.00 0.00 0.00 0.00
truck 0.00 0 0.00 65 278 145 360 0.00 0.00 0.00 0.00 0.00 0.00 0.00
truck 0.00 0 0.00 32 275 108 351 0.00 0.00 0.00 0.00 0.00 0.00 0.00
truck 0.00 0 0.00 0 274 49 342 0.00 0.00 0.00 0.00 0.00 0.00 0.00
truck 0.00 0 0.00 5 389 129 458 0.00 0.00 0.00 0.00 0.00 0.00 0.00
truck 0.00 0 0.00 0 383 49 455 0.00 0.00 0.00 0.00 0.00 0.00 0.00
car 0.00 0 0.00 1 480 58 545 0.00 0.00 0.00 0.00 0.00 0.00 0.00
car 0.00 0 0.00 734 54 756 72 0.00 0.00 0.00 0.00 0.00 0.00 0.00
van 0.00 0 0.00 583 5 603 26 0.00 0.00 0.00 0.00 0.00 0.00 0.00
van 0.00 0 0.00 677 20 694 43 0.00 0.00 0.00 0.00 0.00 0.00 0.00
car 0.00 0 0.00 777 5 813 16 0.00 0.00 0.00 0.00 0.00 0.00 0.00
car 0.00 0 0.00 728 24 753 32 0.00 0.00 0.00 0.00 0.00 0.00 0.00
car 0.00 0 0.00 730 14 754 25 0.00 0.00 0.00 0.00 0.00 0.00 0.00
car 0.00 0 0.00 734 7 761 22 0.00 0.00 0.00 0.00 0.00 0.00 0.00
car 0.00 0 0.00 748 1 776 11 0.00 0.00 0.00 0.00 0.00 0.00 0.00
car 0.00 0 0.00 118 63 147 80 0.00 0.00 0.00 0.00 0.00 0.00 0.00
car 0.00 0 0.00 144 167 169 189 0.00 0.00 0.00 0.00 0.00 0.00 0.00
car 0.00 0 0.00 87 34 108 50 0.00 0.00 0.00 0.00 0.00 0.00 0.00
car 0.00 0 0.00 125 4 151 17 0.00 0.00 0.00 0.00 0.00 0.00 0.00
car 0.00 0 0.00 236 26 253 39 0.00 0.00 0.00 0.00 0.00 0.00 0.00
car 0.00 0 0.00 226 17 246 29 0.00 0.00 0.00 0.00 0.00 0.00 0.00
pedestrian 0.00 0 0.00 289 61 302 81 0.00 0.00 0.00 0.00 0.00 0.00 0.00
pedestrian 0.00 0 0.00 715 140 728 160 0.00 0.00 0.00 0.00 0.00 0.00 0.00
