car 0.00 0 0.00 472 396 620 527 0.00 0.00 0.00 0.00 0.00 0.00 0.00
car 0.00 0 0.00 247 376 403 468 0.00 0.00 0.00 0.00 0.00 0.00 0.00
car 0.00 0 0.00 534 320 638 384 0.00 0.00 0.00 0.00 0.00 0.00 0.00
car 0.00 0 0.00 716 343 792 407 0.00 0.00 0.00 0.00 0.00 0.00 0.00
car 0.00 0 0.00 725 250 807 309 0.00 0.00 0.00 0.00 0.00 0.00 0.00
car 0.00 0 0.00 893 196 954 241 0.00 0.00 0.00 0.00 0.00 0.00 0.00
car 0.00 0 0.00 799 431 965 528 0.00 0.00 0.00 0.00 0.00 0.00 0.00
car 0.00 0 0.00 650 250 740 302 0.00 0.00 0.00 0.00 0.00 0.00 0.00
car 0.00 0 0.00 23 817 282 1045 0.00 0.00 0.00 0.00 0.00 0.00 0.00
car 0.00 0 0.00 1376 66 1397 88 0.00 0.00 0.00 0.00 0.00 0.00 0.00
car 0.00 0 0.00 0 492 57 572 0.00 0.00 0.00 0.00 0.00 0.00 0.00
