bicycle 0.00 0 0.00 584 882 608 900 0.00 0.00 0.00 0.00 0.00 0.00 0.00
bicycle 0.00 0 0.00 590 876 613 894 0.00 0.00 0.00 0.00 0.00 0.00 0.00
bicycle 0.00 0 0.00 594 873 617 891 0.00 0.00 0.00 0.00 0.00 0.00 0.00
bicycle 0.00 0 0.00 594 869 618 887 0.00 0.00 0.00 0.00 0.00 0.00 0.00
bicycle 0.00 0 0.00 598 865 621 883 0.00 0.00 0.00 0.00 0.00 0.00 0.00
bicycle 0.00 0 0.00 601 861 624 879 0.00 0.00 0.00 0.00 0.00 0.00 0.00
bicycle 0.00 0 0.00 602 857 626 875 0.00 0.00 0.00 0.00 0.00 0.00 0.00
bicycle 0.00 0 0.00 606 854 630 872 0.00 0.00 0.00 0.00 0.00 0.00 0.00
bicycle 0.00 0 0.00 609 850 632 868 0.00 0.00 0.00 0.00 0.00 0.00 0.00
bicycle 0.00 0 0.00 610 846 634 864 0.00 0.00 0.00 0.00 0.00 0.00 0.00
bicycle 0.00 0 0.00 611 842 635 860 0.00 0.00 0.00 0.00 0.00 0.00 0.00
bicycle 0.00 0 0.00 615 839 639 857 0.00 0.00 0.00 0.00 0.00 0.00 0.00
bicycle 0.00 0 0.00 615 834 639 852 0.00 0.00 0.00 0.00 0.00 0.00 0.00
bicycle 0.00 0 0.00 619 827 643 845 0.00 0.00 0.00 0.00 0.00 0.00 0.00
bicycle 0.00 0 0.00 626 822 649 840 0.00 0.00 0.00 0.00 0.00 0.00 0.00
bicycle 0.00 0 0.00 628 815 652 833 0.00 0.00 0.00 0.00 0.00 0.00 0.00
bicycle 0.00 0 0.00 631 812 654 830 0.00 0.00 0.00 0.00 0.00 0.00 0.00
bicycle 0.00 0 0.00 632 807 656 825 0.00 0.00 0.00 0.00 0.00 0.00 0.00
bicycle 0.00 0 0.00 634 802 657 820 0.00 0.00 0.00 0.00 0.00 0.00 0.00
bicycle 0.00 0 0.00 636 796 659 814 0.00 0.00 0.00 0.00 0.00 0.00 0.00
pedestrian 0.00 0 0.00 1382 747 1392 763 0.00 0.00 0.00 0.00 0.00 0.00 0.00
pedestrian 0.00 0 0.00 689 724 694 739 0.00 0.00 0.00 0.00 0.00 0.00 0.00
pedestrian 0.00 0 0.00 747 690 752 702 0.00 0.00 0.00 0.00 0.00 0.00 0.00
pedestrian 0.00 0 0.00 738 685 743 694 0.00 0.00 0.00 0.00 0.00 0.00 0.00
pedestrian 0.00 0 0.00 512 750 517 766 0.00 0.00 0.00 0.00 0.00 0.00 0.00
pedestrian 0.00 0 0.00 519 729 524 744 0.00 0.00 0.00 0.00 0.00 0.00 0.00
pedestrian 0.00 0 0.00 551 709 556 727 0.00 0.00 0.00 0.00 0.00 0.00 0.00
pedestrian 0.00 0 0.00 563 709 568 725 0.00 0.00 0.00 0.00 0.00 0.00 0.00
pedestrian 0.00 0 0.00 576 701 581 715 0.00 0.00 0.00 0.00 0.00 0.00 0.00
pedestrian 0.00 0 0.00 670 642 674 652 0.00 0.00 0.00 0.00 0.00 0.00 0.00
pedestrian 0.00 0 0.00 663 643 666 653 0.00 0.00 0.00 0.00 0.00 0.00 0.00
