car 0.00 0 0.00 531 512 569 581 0.00 0.00 0.00 0.00 0.00 0.00 0.00
car 0.00 0 0.00 586 277 649 309 0.00 0.00 0.00 0.00 0.00 0.00 0.00
car 0.00 0 0.00 675 264 737 295 0.00 0.00 0.00 0.00 0.00 0.00 0.00
car 0.00 0 0.00 552 217 616 250 0.00 0.00 0.00 0.00 0.00 0.00 0.00
car 0.00 0 0.00 858 226 922 261 0.00 0.00 0.00 0.00 0.00 0.00 0.00
car 0.00 0 0.00 958 216 1012 263 0.00 0.00 0.00 0.00 0.00 0.00 0.00
car 0.00 0 0.00 1049 167 1113 194 0.00 0.00 0.00 0.00 0.00 0.00 0.00
car 0.00 0 0.00 1201 178 1255 214 0.00 0.00 0.00 0.00 0.00 0.00 0.00
car 0.00 0 0.00 1093 196 1157 232 0.00 0.00 0.00 0.00 0.00 0.00 0.00
car 0.00 0 0.00 1051 200 1116 243 0.00 0.00 0.00 0.00 0.00 0.00 0.00
van 0.00 0 0.00 1001 201 1072 254 0.00 0.00 0.00 0.00 0.00 0.00 0.00
van 0.00 0 0.00 1242 167 1310 214 0.00 0.00 0.00 0.00 0.00 0.00 0.00
van 0.00 0 0.00 1270 156 1342 202 0.00 0.00 0.00 0.00 0.00 0.00 0.00
car 0.00 0 0.00 1314 147 1382 184 0.00 0.00 0.00 0.00 0.00 0.00 0.00
car 0.00 0 0.00 566 175 595 214 0.00 0.00 0.00 0.00 0.00 0.00 0.00
car 0.00 0 0.00 570 127 595 163 0.00 0.00 0.00 0.00 0.00 0.00 0.00
car 0.00 0 0.00 572 90 597 123 0.00 0.00 0.00 0.00 0.00 0.00 0.00
car 0.00 0 0.00 578 53 599 85 0.00 0.00 0.00 0.00 0.00 0.00 0.00
car 0.00 0 0.00 529 32 554 64 0.00 0.00 0.00 0.00 0.00 0.00 0.00
car 0.00 0 0.00 577 26 603 59 0.00 0.00 0.00 0.00 0.00 0.00 0.00
car 0.00 0 0.00 548 258 606 300 0.00 0.00 0.00 0.00 0.00 0.00 0.00
van 0.00 0 0.00 553 373 579 423 0.00 0.00 0.00 0.00 0.00 0.00 0.00
car 0.00 0 0.00 497 656 546 747 0.00 0.00 0.00 0.00 0.00 0.00 0.00
car 0.00 0 0.00 508 750 553 787 0.00 0.00 0.00 0.00 0.00 0.00 0.00
pedestrian 0.00 0 0.00 908 187 918 214 0.00 0.00 0.00 0.00 0.00 0.00 0.00
pedestrian 0.00 0 0.00 1191 127 1204 152 0.00 0.00 0.00 0.00 0.00 0.00 0.00
