car 0.00 0 0.00 66 93 144 172 0.00 0.00 0.00 0.00 0.00 0.00 0.00
people 0.00 0 0.00 328 687 343 706 0.00 0.00 0.00 0.00 0.00 0.00 0.00
people 0.00 0 0.00 336 678 356 696 0.00 0.00 0.00 0.00 0.00 0.00 0.00
people 0.00 0 0.00 319 661 336 681 0.00 0.00 0.00 0.00 0.00 0.00 0.00
people 0.00 0 0.00 345 663 362 681 0.00 0.00 0.00 0.00 0.00 0.00 0.00
people 0.00 0 0.00 352 648 366 666 0.00 0.00 0.00 0.00 0.00 0.00 0.00
people 0.00 0 0.00 492 587 525 605 0.00 0.00 0.00 0.00 0.00 0.00 0.00
pedestrian 0.00 0 0.00 535 477 548 500 0.00 0.00 0.00 0.00 0.00 0.00 0.00
people 0.00 0 0.00 387 546 406 564 0.00 0.00 0.00 0.00 0.00 0.00 0.00
people 0.00 0 0.00 373 539 391 557 0.00 0.00 0.00 0.00 0.00 0.00 0.00
pedestrian 0.00 0 0.00 586 390 605 423 0.00 0.00 0.00 0.00 0.00 0.00 0.00
pedestrian 0.00 0 0.00 548 356 560 384 0.00 0.00 0.00 0.00 0.00 0.00 0.00
pedestrian 0.00 0 0.00 559 358 569 384 0.00 0.00 0.00 0.00 0.00 0.00 0.00
pedestrian 0.00 0 0.00 424 314 439 339 0.00 0.00 0.00 0.00 0.00 0.00 0.00
pedestrian 0.00 0 0.00 424 310 439 334 0.00 0.00 0.00 0.00 0.00 0.00 0.00
pedestrian 0.00 0 0.00 692 193 704 221 0.00 0.00 0.00 0.00 0.00 0.00 0.00
pedestrian 0.00 0 0.00 720 203 731 230 0.00 0.00 0.00 0.00 0.00 0.00 0.00
people 0.00 0 0.00 703 296 728 312 0.00 0.00 0.00 0.00 0.00 0.00 0.00
people 0.00 0 0.00 704 303 718 322 0.00 0.00 0.00 0.00 0.00 0.00 0.00
people 0.00 0 0.00 548 175 562 193 0.00 0.00 0.00 0.00 0.00 0.00 0.00
pedestrian 0.00 0 0.00 655 192 667 216 0.00 0.00 0.00 0.00 0.00 0.00 0.00
pedestrian 0.00 0 0.00 633 214 646 241 0.00 0.00 0.00 0.00 0.00 0.00 0.00
pedestrian 0.00 0 0.00 510 189 522 212 0.00 0.00 0.00 0.00 0.00 0.00 0.00
people 0.00 0 0.00 666 46 680 67 0.00 0.00 0.00 0.00 0.00 0.00 0.00
people 0.00 0 0.00 648 207 665 226 0.00 0.00 0.00 0.00 0.00 0.00 0.00
people 0.00 0 0.00 489 132 502 146 0.00 0.00 0.00 0.00 0.00 0.00 0.00
people 0.00 0 0.00 487 127 500 143 0.00 0.00 0.00 0.00 0.00 0.00 0.00
pedestrian 0.00 0 0.00 600 335 615 364 0.00 0.00 0.00 0.00 0.00 0.00 0.00
people 0.00 0 0.00 332 647 349 668 0.00 0.00 0.00 0.00 0.00 0.00 0.00
people 0.00 0 0.00 667 46 683 66 0.00 0.00 0.00 0.00 0.00 0.00 0.00
people 0.00 0 0.00 531 26 544 42 0.00 0.00 0.00 0.00 0.00 0.00 0.00
