people 0.00 0 0.00 757 387 767 402 0.00 0.00 0.00 0.00 0.00 0.00 0.00
people 0.00 0 0.00 1050 270 1057 284 0.00 0.00 0.00 0.00 0.00 0.00 0.00
people 0.00 0 0.00 1073 255 1081 269 0.00 0.00 0.00 0.00 0.00 0.00 0.00
people 0.00 0 0.00 1096 282 1107 297 0.00 0.00 0.00 0.00 0.00 0.00 0.00
people 0.00 0 0.00 1131 455 1143 474 0.00 0.00 0.00 0.00 0.00 0.00 0.00
people 0.00 0 0.00 1046 126 1054 136 0.00 0.00 0.00 0.00 0.00 0.00 0.00
people 0.00 0 0.00 857 112 861 122 0.00 0.00 0.00 0.00 0.00 0.00 0.00
motor 0.00 0 0.00 757 397 766 412 0.00 0.00 0.00 0.00 0.00 0.00 0.00
motor 0.00 0 0.00 1132 461 1140 485 0.00 0.00 0.00 0.00 0.00 0.00 0.00
people 0.00 0 0.00 1204 757 1221 779 0.00 0.00 0.00 0.00 0.00 0.00 0.00
people 0.00 0 0.00 1262 911 1280 938 0.00 0.00 0.00 0.00 0.00 0.00 0.00
people 0.00 0 0.00 1259 859 1276 885 0.00 0.00 0.00 0.00 0.00 0.00 0.00
bicycle 0.00 0 0.00 1256 858 1271 904 0.00 0.00 0.00 0.00 0.00 0.00 0.00
bicycle 0.00 0 0.00 1258 911 1280 957 0.00 0.00 0.00 0.00 0.00 0.00 0.00
motor 0.00 0 0.00 1203 762 1217 793 0.00 0.00 0.00 0.00 0.00 0.00 0.00
motor 0.00 0 0.00 1048 279 1057 294 0.00 0.00 0.00 0.00 0.00 0.00 0.00
motor 0.00 0 0.00 1096 290 1106 304 0.00 0.00 0.00 0.00 0.00 0.00 0.00
motor 0.00 0 0.00 1072 261 1081 276 0.00 0.00 0.00 0.00 0.00 0.00 0.00
motor 0.00 0 0.00 1047 128 1053 140 0.00 0.00 0.00 0.00 0.00 0.00 0.00
car 0.00 0 0.00 992 46 1007 60 0.00 0.00 0.00 0.00 0.00 0.00 0.00
car 0.00 0 0.00 902 23 916 36 0.00 0.00 0.00 0.00 0.00 0.00 0.00
car 0.00 0 0.00 924 20 938 34 0.00 0.00 0.00 0.00 0.00 0.00 0.00
van 0.00 0 0.00 974 25 988 40 0.00 0.00 0.00 0.00 0.00 0.00 0.00
car 0.00 0 0.00 968 5 980 14 0.00 0.00 0.00 0.00 0.00 0.00 0.00
car 0.00 0 0.00 986 2 999 12 0.00 0.00 0.00 0.00 0.00 0.00 0.00
people 0.00 0 0.00 863 71 868 77 0.00 0.00 0.00 0.00 0.00 0.00 0.00
people 0.00 0 0.00 869 51 873 59 0.00 0.00 0.00 0.00 0.00 0.00 0.00
motor 0.00 0 0.00 868 55 873 65 0.00 0.00 0.00 0.00 0.00 0.00 0.00
motor 0.00 0 0.00 863 73 868 85 0.00 0.00 0.00 0.00 0.00 0.00 0.00
motor 0.00 0 0.00 855 118 863 127 0.00 0.00 0.00 0.00 0.00 0.00 0.00
bus 0.00 0 0.00 1289 139 1375 167 0.00 0.00 0.00 0.00 0.00 0.00 0.00
truck 0.00 0 0.00 1300 119 1366 138 0.00 0.00 0.00 0.00 0.00 0.00 0.00
car 0.00 0 0.00 1372 228 1406 245 0.00 0.00 0.00 0.00 0.00 0.00 0.00
car 0.00 0 0.00 594 147 639 164 0.00 0.00 0.00 0.00 0.00 0.00 0.00
car 0.00 0 0.00 860 348 890 394 0.00 0.00 0.00 0.00 0.00 0.00 0.00
