van 0.00 0 0.00 1829 1297 2000 1393 0.00 0.00 0.00 0.00 0.00 0.00 0.00
car 0.00 0 0.00 1370 1254 1508 1337 0.00 0.00 0.00 0.00 0.00 0.00 0.00
car 0.00 0 0.00 1049 1262 1202 1329 0.00 0.00 0.00 0.00 0.00 0.00 0.00
car 0.00 0 0.00 872 1262 1028 1316 0.00 0.00 0.00 0.00 0.00 0.00 0.00
car 0.00 0 0.00 658 1263 774 1305 0.00 0.00 0.00 0.00 0.00 0.00 0.00
car 0.00 0 0.00 482 1261 622 1314 0.00 0.00 0.00 0.00 0.00 0.00 0.00
van 0.00 0 0.00 85 1256 261 1319 0.00 0.00 0.00 0.00 0.00 0.00 0.00
car 0.00 0 0.00 0 1252 53 1302 0.00 0.00 0.00 0.00 0.00 0.00 0.00
car 0.00 0 0.00 1061 720 1243 785 0.00 0.00 0.00 0.00 0.00 0.00 0.00
car 0.00 0 0.00 1132 485 1248 537 0.00 0.00 0.00 0.00 0.00 0.00 0.00
car 0.00 0 0.00 934 484 1048 532 0.00 0.00 0.00 0.00 0.00 0.00 0.00
car 0.00 0 0.00 716 534 795 579 0.00 0.00 0.00 0.00 0.00 0.00 0.00
car 0.00 0 0.00 0 509 58 551 0.00 0.00 0.00 0.00 0.00 0.00 0.00
car 0.00 0 0.00 112 493 218 541 0.00 0.00 0.00 0.00 0.00 0.00 0.00
car 0.00 0 0.00 411 483 526 534 0.00 0.00 0.00 0.00 0.00 0.00 0.00
van 0.00 0 0.00 571 465 694 522 0.00 0.00 0.00 0.00 0.00 0.00 0.00
pedestrian 0.00 0 0.00 1147 431 1161 459 0.00 0.00 0.00 0.00 0.00 0.00 0.00
motor 0.00 0 0.00 1091 485 1114 526 0.00 0.00 0.00 0.00 0.00 0.00 0.00
motor 0.00 0 0.00 881 496 916 520 0.00 0.00 0.00 0.00 0.00 0.00 0.00
motor 0.00 0 0.00 894 480 926 500 0.00 0.00 0.00 0.00 0.00 0.00 0.00
motor 0.00 0 0.00 727 478 754 508 0.00 0.00 0.00 0.00 0.00 0.00 0.00
bicycle 0.00 0 0.00 758 478 774 517 0.00 0.00 0.00 0.00 0.00 0.00 0.00
bicycle 0.00 0 0.00 770 481 788 522 0.00 0.00 0.00 0.00 0.00 0.00 0.00
bicycle 0.00 0 0.00 794 483 816 519 0.00 0.00 0.00 0.00 0.00 0.00 0.00
bicycle 0.00 0 0.00 814 479 825 517 0.00 0.00 0.00 0.00 0.00 0.00 0.00
motor 0.00 0 0.00 826 481 845 516 0.00 0.00 0.00 0.00 0.00 0.00 0.00
people 0.00 0 0.00 824 484 842 506 0.00 0.00 0.00 0.00 0.00 0.00 0.00
people 0.00 0 0.00 1596 495 1692 544 0.00 0.00 0.00 0.00 0.00 0.00 0.00
people 0.00 0 0.00 1849 503 1974 562 0.00 0.00 0.00 0.00 0.00 0.00 0.00
pedestrian 0.00 0 0.00 1706 429 1739 461 0.00 0.00 0.00 0.00 0.00 0.00 0.00
motor 0.00 0 0.00 700 1216 763 1239 0.00 0.00 0.00 0.00 0.00 0.00 0.00
people 0.00 0 0.00 713 1219 748 1241 0.00 0.00 0.00 0.00 0.00 0.00 0.00
pedestrian 0.00 0 0.00 1327 1257 1353 1278 0.00 0.00 0.00 0.00 0.00 0.00 0.00
pedestrian 0.00 0 0.00 1332 1228 1361 1248 0.00 0.00 0.00 0.00 0.00 0.00 0.00
