car 0.00 0 0.00 642 309 658 334 0.00 0.00 0.00 0.00 0.00 0.00 0.00
car 0.00 0 0.00 601 464 623 501 0.00 0.00 0.00 0.00 0.00 0.00 0.00
car 0.00 0 0.00 564 433 587 459 0.00 0.00 0.00 0.00 0.00 0.00 0.00
car 0.00 0 0.00 638 481 662 519 0.00 0.00 0.00 0.00 0.00 0.00 0.00
car 0.00 0 0.00 590 544 615 585 0.00 0.00 0.00 0.00 0.00 0.00 0.00
car 0.00 0 0.00 652 198 665 217 0.00 0.00 0.00 0.00 0.00 0.00 0.00
car 0.00 0 0.00 590 161 601 174 0.00 0.00 0.00 0.00 0.00 0.00 0.00
car 0.00 0 0.00 611 147 621 159 0.00 0.00 0.00 0.00 0.00 0.00 0.00
car 0.00 0 0.00 588 130 599 144 0.00 0.00 0.00 0.00 0.00 0.00 0.00
car 0.00 0 0.00 660 169 672 184 0.00 0.00 0.00 0.00 0.00 0.00 0.00
car 0.00 0 0.00 582 197 595 212 0.00 0.00 0.00 0.00 0.00 0.00 0.00
bus 0.00 0 0.00 566 259 584 294 0.00 0.00 0.00 0.00 0.00 0.00 0.00
bus 0.00 0 0.00 526 360 568 452 0.00 0.00 0.00 0.00 0.00 0.00 0.00
bus 0.00 0 0.00 645 374 666 422 0.00 0.00 0.00 0.00 0.00 0.00 0.00
van 0.00 0 0.00 509 488 540 530 0.00 0.00 0.00 0.00 0.00 0.00 0.00
van 0.00 0 0.00 446 669 513 712 0.00 0.00 0.00 0.00 0.00 0.00 0.00
pedestrian 0.00 0 0.00 353 741 362 761 0.00 0.00 0.00 0.00 0.00 0.00 0.00
pedestrian 0.00 0 0.00 343 741 353 762 0.00 0.00 0.00 0.00 0.00 0.00 0.00
pedestrian 0.00 0 0.00 404 607 414 629 0.00 0.00 0.00 0.00 0.00 0.00 0.00
pedestrian 0.00 0 0.00 417 538 424 555 0.00 0.00 0.00 0.00 0.00 0.00 0.00
pedestrian 0.00 0 0.00 449 581 457 599 0.00 0.00 0.00 0.00 0.00 0.00 0.00
pedestrian 0.00 0 0.00 506 366 512 379 0.00 0.00 0.00 0.00 0.00 0.00 0.00
pedestrian 0.00 0 0.00 501 366 506 381 0.00 0.00 0.00 0.00 0.00 0.00 0.00
pedestrian 0.00 0 0.00 518 368 524 383 0.00 0.00 0.00 0.00 0.00 0.00 0.00
pedestrian 0.00 0 0.00 509 361 516 376 0.00 0.00 0.00 0.00 0.00 0.00 0.00
pedestrian 0.00 0 0.00 689 273 695 286 0.00 0.00 0.00 0.00 0.00 0.00 0.00
car 0.00 0 0.00 1161 492 1187 520 0.00 0.00 0.00 0.00 0.00 0.00 0.00
pedestrian 0.00 0 0.00 706 138 711 148 0.00 0.00 0.00 0.00 0.00 0.00 0.00
