pedestrian 0.00 0 0.00 899 605 905 620 0.00 0.00 0.00 0.00 0.00 0.00 0.00
pedestrian 0.00 0 0.00 847 674 854 688 0.00 0.00 0.00 0.00 0.00 0.00 0.00
pedestrian 0.00 0 0.00 789 563 795 575 0.00 0.00 0.00 0.00 0.00 0.00 0.00
van 0.00 0 0.00 694 687 714 711 0.00 0.00 0.00 0.00 0.00 0.00 0.00
van 0.00 0 0.00 665 579 684 604 0.00 0.00 0.00 0.00 0.00 0.00 0.00
truck 0.00 0 0.00 743 554 782 618 0.00 0.00 0.00 0.00 0.00 0.00 0.00
car 0.00 0 0.00 660 545 677 563 0.00 0.00 0.00 0.00 0.00 0.00 0.00
car 0.00 0 0.00 638 546 654 565 0.00 0.00 0.00 0.00 0.00 0.00 0.00
car 0.00 0 0.00 647 506 662 524 0.00 0.00 0.00 0.00 0.00 0.00 0.00
car 0.00 0 0.00 627 497 640 510 0.00 0.00 0.00 0.00 0.00 0.00 0.00
car 0.00 0 0.00 719 484 734 501 0.00 0.00 0.00 0.00 0.00 0.00 0.00
truck 0.00 0 0.00 693 457 713 491 0.00 0.00 0.00 0.00 0.00 0.00 0.00
car 0.00 0 0.00 630 441 644 458 0.00 0.00 0.00 0.00 0.00 0.00 0.00
car 0.00 0 0.00 645 434 661 451 0.00 0.00 0.00 0.00 0.00 0.00 0.00
car 0.00 0 0.00 700 429 713 445 0.00 0.00 0.00 0.00 0.00 0.00 0.00
car 0.00 0 0.00 687 397 699 411 0.00 0.00 0.00 0.00 0.00 0.00 0.00
car 0.00 0 0.00 606 390 618 404 0.00 0.00 0.00 0.00 0.00 0.00 0.00
car 0.00 0 0.00 617 377 628 391 0.00 0.00 0.00 0.00 0.00 0.00 0.00
van 0.00 0 0.00 665 373 677 389 0.00 0.00 0.00 0.00 0.00 0.00 0.00
car 0.00 0 0.00 614 366 624 377 0.00 0.00 0.00 0.00 0.00 0.00 0.00
car 0.00 0 0.00 610 346 619 357 0.00 0.00 0.00 0.00 0.00 0.00 0.00
car 0.00 0 0.00 595 349 605 361 0.00 0.00 0.00 0.00 0.00 0.00 0.00
car 0.00 0 0.00 571 304 582 314 0.00 0.00 0.00 0.00 0.00 0.00 0.00
car 0.00 0 0.00 586 297 595 308 0.00 0.00 0.00 0.00 0.00 0.00 0.00
car 0.00 0 0.00 627 302 638 313 0.00 0.00 0.00 0.00 0.00 0.00 0.00
car 0.00 0 0.00 631 280 640 291 0.00 0.00 0.00 0.00 0.00 0.00 0.00
car 0.00 0 0.00 583 280 591 289 0.00 0.00 0.00 0.00 0.00 0.00 0.00
car 0.00 0 0.00 581 273 591 281 0.00 0.00 0.00 0.00 0.00 0.00 0.00
car 0.00 0 0.00 580 265 588 273 0.00 0.00 0.00 0.00 0.00 0.00 0.00
motor 0.00 0 0.00 592 267 597 274 0.00 0.00 0.00 0.00 0.00 0.00 0.00
van 0.00 0 0.00 612 248 620 259 0.00 0.00 0.00 0.00 0.00 0.00 0.00
bus 0.00 0 0.00 616 231 630 251 0.00 0.00 0.00 0.00 0.00 0.00 0.00
bus 0.00 0 0.00 664 237 710 257 0.00 0.00 0.00 0.00 0.00 0.00 0.00
truck 0.00 0 0.00 713 239 734 251 0.00 0.00 0.00 0.00 0.00 0.00 0.00
car 0.00 0 0.00 667 250 679 257 0.00 0.00 0.00 0.00 0.00 0.00 0.00
truck 0.00 0 0.00 655 238 676 250 0.00 0.00 0.00 0.00 0.00 0.00 0.00
bus 0.00 0 0.00 655 233 677 243 0.00 0.00 0.00 0.00 0.00 0.00 0.00
bus 0.00 0 0.00 684 233 721 246 0.00 0.00 0.00 0.00 0.00 0.00 0.00
car 0.00 0 0.00 589 239 599 248 0.00 0.00 0.00 0.00 0.00 0.00 0.00
car 0.00 0 0.00 598 232 605 241 0.00 0.00 0.00 0.00 0.00 0.00 0.00
car 0.00 0 0.00 606 226 614 236 0.00 0.00 0.00 0.00 0.00 0.00 0.00
car 0.00 0 0.00 614 220 621 229 0.00 0.00 0.00 0.00 0.00 0.00 0.00
car 0.00 0 0.00 604 218 612 226 0.00 0.00 0.00 0.00 0.00 0.00 0.00
car 0.00 0 0.00 621 217 628 225 0.00 0.00 0.00 0.00 0.00 0.00 0.00
car 0.00 0 0.00 611 212 619 221 0.00 0.00 0.00 0.00 0.00 0.00 0.00
car 0.00 0 0.00 601 208 609 215 0.00 0.00 0.00 0.00 0.00 0.00 0.00
car 0.00 0 0.00 610 207 617 216 0.00 0.00 0.00 0.00 0.00 0.00 0.00
car 0.00 0 0.00 607 198 616 209 0.00 0.00 0.00 0.00 0.00 0.00 0.00
car 0.00 0 0.00 598 197 606 205 0.00 0.00 0.00 0.00 0.00 0.00 0.00
car 0.00 0 0.00 596 192 605 201 0.00 0.00 0.00 0.00 0.00 0.00 0.00
truck 0.00 0 0.00 595 186 604 197 0.00 0.00 0.00 0.00 0.00 0.00 0.00
car 0.00 0 0.00 594 177 601 184 0.00 0.00 0.00 0.00 0.00 0.00 0.00
car 0.00 0 0.00 567 219 574 227 0.00 0.00 0.00 0.00 0.00 0.00 0.00
car 0.00 0 0.00 524 252 541 260 0.00 0.00 0.00 0.00 0.00 0.00 0.00
car 0.00 0 0.00 524 245 540 252 0.00 0.00 0.00 0.00 0.00 0.00 0.00
car 0.00 0 0.00 524 241 540 247 0.00 0.00 0.00 0.00 0.00 0.00 0.00
car 0.00 0 0.00 501 247 514 256 0.00 0.00 0.00 0.00 0.00 0.00 0.00
car 0.00 0 0.00 508 245 521 254 0.00 0.00 0.00 0.00 0.00 0.00 0.00
car 0.00 0 0.00 501 242 516 250 0.00 0.00 0.00 0.00 0.00 0.00 0.00
car 0.00 0 0.00 489 239 502 247 0.00 0.00 0.00 0.00 0.00 0.00 0.00
car 0.00 0 0.00 558 175 565 181 0.00 0.00 0.00 0.00 0.00 0.00 0.00
bus 0.00 0 0.00 556 161 563 172 0.00 0.00 0.00 0.00 0.00 0.00 0.00
car 0.00 0 0.00 568 150 574 157 0.00 0.00 0.00 0.00 0.00 0.00 0.00
car 0.00 0 0.00 555 148 561 154 0.00 0.00 0.00 0.00 0.00 0.00 0.00
car 0.00 0 0.00 567 142 572 148 0.00 0.00 0.00 0.00 0.00 0.00 0.00
car 0.00 0 0.00 553 141 559 147 0.00 0.00 0.00 0.00 0.00 0.00 0.00
truck 0.00 0 0.00 551 131 558 142 0.00 0.00 0.00 0.00 0.00 0.00 0.00
