truck 0.00 0 0.00 322 810 482 964 0.00 0.00 0.00 0.00 0.00 0.00 0.00
pedestrian 0.00 0 0.00 531 989 565 1050 0.00 0.00 0.00 0.00 0.00 0.00 0.00
pedestrian 0.00 0 0.00 562 999 594 1050 0.00 0.00 0.00 0.00 0.00 0.00 0.00
pedestrian 0.00 0 0.00 600 989 630 1050 0.00 0.00 0.00 0.00 0.00 0.00 0.00
pedestrian 0.00 0 0.00 646 942 675 1018 0.00 0.00 0.00 0.00 0.00 0.00 0.00
pedestrian 0.00 0 0.00 710 884 732 954 0.00 0.00 0.00 0.00 0.00 0.00 0.00
pedestrian 0.00 0 0.00 725 866 746 933 0.00 0.00 0.00 0.00 0.00 0.00 0.00
pedestrian 0.00 0 0.00 760 867 782 928 0.00 0.00 0.00 0.00 0.00 0.00 0.00
pedestrian 0.00 0 0.00 793 876 822 940 0.00 0.00 0.00 0.00 0.00 0.00 0.00
pedestrian 0.00 0 0.00 886 867 913 929 0.00 0.00 0.00 0.00 0.00 0.00 0.00
pedestrian 0.00 0 0.00 828 834 853 899 0.00 0.00 0.00 0.00 0.00 0.00 0.00
pedestrian 0.00 0 0.00 777 831 800 888 0.00 0.00 0.00 0.00 0.00 0.00 0.00
pedestrian 0.00 0 0.00 730 828 751 883 0.00 0.00 0.00 0.00 0.00 0.00 0.00
car 0.00 0 0.00 1044 956 1196 1050 0.00 0.00 0.00 0.00 0.00 0.00 0.00
truck 0.00 0 0.00 1087 778 1210 868 0.00 0.00 0.00 0.00 0.00 0.00 0.00
car 0.00 0 0.00 1227 828 1326 909 0.00 0.00 0.00 0.00 0.00 0.00 0.00
car 0.00 0 0.00 1342 744 1400 797 0.00 0.00 0.00 0.00 0.00 0.00 0.00
