car 0.00 0 0.00 718 685 764 762 0.00 0.00 0.00 0.00 0.00 0.00 0.00
car 0.00 0 0.00 764 382 791 428 0.00 0.00 0.00 0.00 0.00 0.00 0.00
car 0.00 0 0.00 774 337 801 374 0.00 0.00 0.00 0.00 0.00 0.00 0.00
car 0.00 0 0.00 791 299 816 333 0.00 0.00 0.00 0.00 0.00 0.00 0.00
car 0.00 0 0.00 794 253 821 291 0.00 0.00 0.00 0.00 0.00 0.00 0.00
car 0.00 0 0.00 816 224 836 258 0.00 0.00 0.00 0.00 0.00 0.00 0.00
car 0.00 0 0.00 829 194 852 226 0.00 0.00 0.00 0.00 0.00 0.00 0.00
car 0.00 0 0.00 798 588 831 651 0.00 0.00 0.00 0.00 0.00 0.00 0.00
van 0.00 0 0.00 772 483 810 543 0.00 0.00 0.00 0.00 0.00 0.00 0.00
van 0.00 0 0.00 569 595 623 676 0.00 0.00 0.00 0.00 0.00 0.00 0.00
van 0.00 0 0.00 841 37 859 62 0.00 0.00 0.00 0.00 0.00 0.00 0.00
van 0.00 0 0.00 980 519 1021 590 0.00 0.00 0.00 0.00 0.00 0.00 0.00
van 0.00 0 0.00 887 62 904 85 0.00 0.00 0.00 0.00 0.00 0.00 0.00
van 0.00 0 0.00 854 0 872 23 0.00 0.00 0.00 0.00 0.00 0.00 0.00
pedestrian 0.00 0 0.00 223 563 237 586 0.00 0.00 0.00 0.00 0.00 0.00 0.00
pedestrian 0.00 0 0.00 173 577 186 594 0.00 0.00 0.00 0.00 0.00 0.00 0.00
pedestrian 0.00 0 0.00 184 721 196 743 0.00 0.00 0.00 0.00 0.00 0.00 0.00
pedestrian 0.00 0 0.00 462 481 473 499 0.00 0.00 0.00 0.00 0.00 0.00 0.00
pedestrian 0.00 0 0.00 451 489 463 508 0.00 0.00 0.00 0.00 0.00 0.00 0.00
car 0.00 0 0.00 1077 662 1112 742 0.00 0.00 0.00 0.00 0.00 0.00 0.00
car 0.00 0 0.00 690 102 702 120 0.00 0.00 0.00 0.00 0.00 0.00 0.00
