van 0.00 0 0.00 798 23 844 70 0.00 0.00 0.00 0.00 0.00 0.00 0.00
car 0.00 0 0.00 819 0 850 32 0.00 0.00 0.00 0.00 0.00 0.00 0.00
car 0.00 0 0.00 922 13 957 50 0.00 0.00 0.00 0.00 0.00 0.00 0.00
van 0.00 0 0.00 905 40 950 107 0.00 0.00 0.00 0.00 0.00 0.00 0.00
car 0.00 0 0.00 988 40 1027 82 0.00 0.00 0.00 0.00 0.00 0.00 0.00
van 0.00 0 0.00 957 110 1002 178 0.00 0.00 0.00 0.00 0.00 0.00 0.00
van 0.00 0 0.00 1111 0 1145 31 0.00 0.00 0.00 0.00 0.00 0.00 0.00
car 0.00 0 0.00 1181 13 1216 49 0.00 0.00 0.00 0.00 0.00 0.00 0.00
car 0.00 0 0.00 1122 39 1158 77 0.00 0.00 0.00 0.00 0.00 0.00 0.00
car 0.00 0 0.00 1082 47 1123 88 0.00 0.00 0.00 0.00 0.00 0.00 0.00
van 0.00 0 0.00 1133 53 1181 114 0.00 0.00 0.00 0.00 0.00 0.00 0.00
van 0.00 0 0.00 1157 121 1214 177 0.00 0.00 0.00 0.00 0.00 0.00 0.00
pedestrian 0.00 0 0.00 933 125 948 160 0.00 0.00 0.00 0.00 0.00 0.00 0.00
car 0.00 0 0.00 898 100 944 159 0.00 0.00 0.00 0.00 0.00 0.00 0.00
car 0.00 0 0.00 891 147 940 204 0.00 0.00 0.00 0.00 0.00 0.00 0.00
car 0.00 0 0.00 881 193 934 263 0.00 0.00 0.00 0.00 0.00 0.00 0.00
motor 0.00 0 0.00 774 88 812 114 0.00 0.00 0.00 0.00 0.00 0.00 0.00
pedestrian 0.00 0 0.00 725 65 735 99 0.00 0.00 0.00 0.00 0.00 0.00 0.00
pedestrian 0.00 0 0.00 719 100 728 136 0.00 0.00 0.00 0.00 0.00 0.00 0.00
motor 0.00 0 0.00 699 92 709 118 0.00 0.00 0.00 0.00 0.00 0.00 0.00
motor 0.00 0 0.00 729 186 746 217 0.00 0.00 0.00 0.00 0.00 0.00 0.00
motor 0.00 0 0.00 767 201 809 220 0.00 0.00 0.00 0.00 0.00 0.00 0.00
motor 0.00 0 0.00 775 190 808 212 0.00 0.00 0.00 0.00 0.00 0.00 0.00
people 0.00 0 0.00 613 140 629 172 0.00 0.00 0.00 0.00 0.00 0.00 0.00
car 0.00 0 0.00 688 219 760 278 0.00 0.00 0.00 0.00 0.00 0.00 0.00
motor 0.00 0 0.00 545 289 570 327 0.00 0.00 0.00 0.00 0.00 0.00 0.00
motor 0.00 0 0.00 665 269 695 318 0.00 0.00 0.00 0.00 0.00 0.00 0.00
van 0.00 0 0.00 619 303 701 407 0.00 0.00 0.00 0.00 0.00 0.00 0.00
pedestrian 0.00 0 0.00 442 302 461 349 0.00 0.00 0.00 0.00 0.00 0.00 0.00
motor 0.00 0 0.00 270 523 337 601 0.00 0.00 0.00 0.00 0.00 0.00 0.00
pedestrian 0.00 0 0.00 257 789 305 874 0.00 0.00 0.00 0.00 0.00 0.00 0.00
pedestrian 0.00 0 0.00 279 830 324 897 0.00 0.00 0.00 0.00 0.00 0.00 0.00
pedestrian 0.00 0 0.00 224 888 269 937 0.00 0.00 0.00 0.00 0.00 0.00 0.00
van 0.00 0 0.00 0 875 220 1049 0.00 0.00 0.00 0.00 0.00 0.00 0.00
car 0.00 0 0.00 263 944 431 1049 0.00 0.00 0.00 0.00 0.00 0.00 0.00
car 0.00 0 0.00 760 667 878 890 0.00 0.00 0.00 0.00 0.00 0.00 0.00
van 0.00 0 0.00 1310 554 1400 709 0.00 0.00 0.00 0.00 0.00 0.00 0.00
car 0.00 0 0.00 1183 450 1294 568 0.00 0.00 0.00 0.00 0.00 0.00 0.00
car 0.00 0 0.00 1265 420 1381 539 0.00 0.00 0.00 0.00 0.00 0.00 0.00
car 0.00 0 0.00 1228 319 1319 405 0.00 0.00 0.00 0.00 0.00 0.00 0.00
car 0.00 0 0.00 1188 225 1263 296 0.00 0.00 0.00 0.00 0.00 0.00 0.00
car 0.00 0 0.00 1123 253 1195 324 0.00 0.00 0.00 0.00 0.00 0.00 0.00
car 0.00 0 0.00 1169 175 1232 231 0.00 0.00 0.00 0.00 0.00 0.00 0.00
truck 0.00 0 0.00 1051 235 1112 311 0.00 0.00 0.00 0.00 0.00 0.00 0.00
van 0.00 0 0.00 816 456 886 601 0.00 0.00 0.00 0.00 0.00 0.00 0.00
car 0.00 0 0.00 860 263 923 332 0.00 0.00 0.00 0.00 0.00 0.00 0.00
van 0.00 0 0.00 842 351 917 445 0.00 0.00 0.00 0.00 0.00 0.00 0.00
car 0.00 0 0.00 925 280 986 372 0.00 0.00 0.00 0.00 0.00 0.00 0.00
motor 0.00 0 0.00 1005 310 1024 358 0.00 0.00 0.00 0.00 0.00 0.00 0.00
people 0.00 0 0.00 1002 305 1025 342 0.00 0.00 0.00 0.00 0.00 0.00 0.00
people 0.00 0 0.00 1002 295 1029 347 0.00 0.00 0.00 0.00 0.00 0.00 0.00
car 0.00 0 0.00 1235 0 1303 34 0.00 0.00 0.00 0.00 0.00 0.00 0.00
pedestrian 0.00 0 0.00 1337 61 1350 85 0.00 0.00 0.00 0.00 0.00 0.00 0.00
pedestrian 0.00 0 0.00 1361 62 1380 95 0.00 0.00 0.00 0.00 0.00 0.00 0.00
motor 0.00 0 0.00 728 5 739 27 0.00 0.00 0.00 0.00 0.00 0.00 0.00
