bus 0.00 0 0.00 814 560 896 714 0.00 0.00 0.00 0.00 0.00 0.00 0.00
car 0.00 0 0.00 735 474 770 517 0.00 0.00 0.00 0.00 0.00 0.00 0.00
car 0.00 0 0.00 765 432 796 469 0.00 0.00 0.00 0.00 0.00 0.00 0.00
van 0.00 0 0.00 900 372 935 412 0.00 0.00 0.00 0.00 0.00 0.00 0.00
car 0.00 0 0.00 806 250 830 269 0.00 0.00 0.00 0.00 0.00 0.00 0.00
car 0.00 0 0.00 555 208 571 220 0.00 0.00 0.00 0.00 0.00 0.00 0.00
car 0.00 0 0.00 605 204 623 218 0.00 0.00 0.00 0.00 0.00 0.00 0.00
car 0.00 0 0.00 654 202 669 215 0.00 0.00 0.00 0.00 0.00 0.00 0.00
car 0.00 0 0.00 736 199 754 215 0.00 0.00 0.00 0.00 0.00 0.00 0.00
van 0.00 0 0.00 634 172 649 189 0.00 0.00 0.00 0.00 0.00 0.00 0.00
motor 0.00 0 0.00 992 187 1003 199 0.00 0.00 0.00 0.00 0.00 0.00 0.00
people 0.00 0 0.00 994 185 1001 195 0.00 0.00 0.00 0.00 0.00 0.00 0.00
car 0.00 0 0.00 559 172 575 184 0.00 0.00 0.00 0.00 0.00 0.00 0.00
car 0.00 0 0.00 438 135 454 146 0.00 0.00 0.00 0.00 0.00 0.00 0.00
truck 0.00 0 0.00 398 134 423 156 0.00 0.00 0.00 0.00 0.00 0.00 0.00
truck 0.00 0 0.00 1273 138 1319 157 0.00 0.00 0.00 0.00 0.00 0.00 0.00
truck 0.00 0 0.00 1243 130 1281 149 0.00 0.00 0.00 0.00 0.00 0.00 0.00
car 0.00 0 0.00 1263 142 1280 151 0.00 0.00 0.00 0.00 0.00 0.00 0.00
car 0.00 0 0.00 805 65 818 73 0.00 0.00 0.00 0.00 0.00 0.00 0.00
car 0.00 0 0.00 885 43 896 50 0.00 0.00 0.00 0.00 0.00 0.00 0.00
truck 0.00 0 0.00 933 108 970 123 0.00 0.00 0.00 0.00 0.00 0.00 0.00
car 0.00 0 0.00 976 115 991 126 0.00 0.00 0.00 0.00 0.00 0.00 0.00
truck 0.00 0 0.00 919 34 935 45 0.00 0.00 0.00 0.00 0.00 0.00 0.00
