car 0.00 0 0.00 611 428 626 444 0.00 0.00 0.00 0.00 0.00 0.00 0.00
truck 0.00 0 0.00 595 513 640 564 0.00 0.00 0.00 0.00 0.00 0.00 0.00
car 0.00 0 0.00 687 538 719 562 0.00 0.00 0.00 0.00 0.00 0.00 0.00
car 0.00 0 0.00 678 498 705 522 0.00 0.00 0.00 0.00 0.00 0.00 0.00
car 0.00 0 0.00 747 417 764 430 0.00 0.00 0.00 0.00 0.00 0.00 0.00
car 0.00 0 0.00 664 440 682 455 0.00 0.00 0.00 0.00 0.00 0.00 0.00
car 0.00 0 0.00 671 458 689 473 0.00 0.00 0.00 0.00 0.00 0.00 0.00
car 0.00 0 0.00 671 469 694 489 0.00 0.00 0.00 0.00 0.00 0.00 0.00
car 0.00 0 0.00 679 480 707 501 0.00 0.00 0.00 0.00 0.00 0.00 0.00
truck 0.00 0 0.00 777 442 806 467 0.00 0.00 0.00 0.00 0.00 0.00 0.00
car 0.00 0 0.00 791 469 824 488 0.00 0.00 0.00 0.00 0.00 0.00 0.00
car 0.00 0 0.00 800 480 840 497 0.00 0.00 0.00 0.00 0.00 0.00 0.00
car 0.00 0 0.00 831 484 864 503 0.00 0.00 0.00 0.00 0.00 0.00 0.00
car 0.00 0 0.00 868 487 899 506 0.00 0.00 0.00 0.00 0.00 0.00 0.00
car 0.00 0 0.00 900 485 923 504 0.00 0.00 0.00 0.00 0.00 0.00 0.00
car 0.00 0 0.00 891 526 947 552 0.00 0.00 0.00 0.00 0.00 0.00 0.00
car 0.00 0 0.00 943 518 1011 542 0.00 0.00 0.00 0.00 0.00 0.00 0.00
car 0.00 0 0.00 939 488 971 508 0.00 0.00 0.00 0.00 0.00 0.00 0.00
car 0.00 0 0.00 975 484 1005 505 0.00 0.00 0.00 0.00 0.00 0.00 0.00
car 0.00 0 0.00 1015 512 1078 534 0.00 0.00 0.00 0.00 0.00 0.00 0.00
car 0.00 0 0.00 831 770 916 862 0.00 0.00 0.00 0.00 0.00 0.00 0.00
car 0.00 0 0.00 722 632 766 669 0.00 0.00 0.00 0.00 0.00 0.00 0.00
car 0.00 0 0.00 881 557 932 590 0.00 0.00 0.00 0.00 0.00 0.00 0.00
car 0.00 0 0.00 907 590 960 626 0.00 0.00 0.00 0.00 0.00 0.00 0.00
pedestrian 0.00 0 0.00 370 636 388 671 0.00 0.00 0.00 0.00 0.00 0.00 0.00
