car 0.00 0 0.00 667 1334 806 1500 0.00 0.00 0.00 0.00 0.00 0.00 0.00
car 0.00 0 0.00 957 531 1046 637 0.00 0.00 0.00 0.00 0.00 0.00 0.00
car 0.00 0 0.00 1439 1234 1615 1500 0.00 0.00 0.00 0.00 0.00 0.00 0.00
car 0.00 0 0.00 976 253 1017 298 0.00 0.00 0.00 0.00 0.00 0.00 0.00
car 0.00 0 0.00 970 193 1007 231 0.00 0.00 0.00 0.00 0.00 0.00 0.00
car 0.00 0 0.00 964 150 999 183 0.00 0.00 0.00 0.00 0.00 0.00 0.00
car 0.00 0 0.00 990 116 1050 143 0.00 0.00 0.00 0.00 0.00 0.00 0.00
car 0.00 0 0.00 1401 498 1550 562 0.00 0.00 0.00 0.00 0.00 0.00 0.00
car 0.00 0 0.00 1628 496 1771 556 0.00 0.00 0.00 0.00 0.00 0.00 0.00
car 0.00 0 0.00 1637 999 1875 1133 0.00 0.00 0.00 0.00 0.00 0.00 0.00
car 0.00 0 0.00 1439 558 1596 637 0.00 0.00 0.00 0.00 0.00 0.00 0.00
van 0.00 0 0.00 1450 603 1589 720 0.00 0.00 0.00 0.00 0.00 0.00 0.00
van 0.00 0 0.00 1257 534 1308 629 0.00 0.00 0.00 0.00 0.00 0.00 0.00
van 0.00 0 0.00 1126 333 1171 403 0.00 0.00 0.00 0.00 0.00 0.00 0.00
car 0.00 0 0.00 1240 341 1300 404 0.00 0.00 0.00 0.00 0.00 0.00 0.00
van 0.00 0 0.00 673 148 750 189 0.00 0.00 0.00 0.00 0.00 0.00 0.00
car 0.00 0 0.00 786 126 846 154 0.00 0.00 0.00 0.00 0.00 0.00 0.00
truck 0.00 0 0.00 915 204 946 264 0.00 0.00 0.00 0.00 0.00 0.00 0.00
car 0.00 0 0.00 1110 107 1174 133 0.00 0.00 0.00 0.00 0.00 0.00 0.00
car 0.00 0 0.00 1186 127 1255 161 0.00 0.00 0.00 0.00 0.00 0.00 0.00
car 0.00 0 0.00 1205 100 1272 126 0.00 0.00 0.00 0.00 0.00 0.00 0.00
motor 0.00 0 0.00 1350 348 1366 384 0.00 0.00 0.00 0.00 0.00 0.00 0.00
tricycle 0.00 0 0.00 1112 405 1172 440 0.00 0.00 0.00 0.00 0.00 0.00 0.00
people 0.00 0 0.00 1105 407 1127 437 0.00 0.00 0.00 0.00 0.00 0.00 0.00
motor 0.00 0 0.00 914 436 930 468 0.00 0.00 0.00 0.00 0.00 0.00 0.00
motor 0.00 0 0.00 869 525 891 563 0.00 0.00 0.00 0.00 0.00 0.00 0.00
tricycle 0.00 0 0.00 901 601 932 671 0.00 0.00 0.00 0.00 0.00 0.00 0.00
motor 0.00 0 0.00 1055 709 1070 753 0.00 0.00 0.00 0.00 0.00 0.00 0.00
truck 0.00 0 0.00 1082 803 1269 891 0.00 0.00 0.00 0.00 0.00 0.00 0.00
tricycle 0.00 0 0.00 1331 759 1397 868 0.00 0.00 0.00 0.00 0.00 0.00 0.00
tricycle 0.00 0 0.00 1270 658 1332 761 0.00 0.00 0.00 0.00 0.00 0.00 0.00
van 0.00 0 0.00 1110 1018 1195 1205 0.00 0.00 0.00 0.00 0.00 0.00 0.00
truck 0.00 0 0.00 1122 1261 1238 1500 0.00 0.00 0.00 0.00 0.00 0.00 0.00
pedestrian 0.00 0 0.00 1107 1382 1179 1433 0.00 0.00 0.00 0.00 0.00 0.00 0.00
pedestrian 0.00 0 0.00 1071 1434 1109 1482 0.00 0.00 0.00 0.00 0.00 0.00 0.00
people 0.00 0 0.00 1067 695 1090 729 0.00 0.00 0.00 0.00 0.00 0.00 0.00
pedestrian 0.00 0 0.00 866 695 885 742 0.00 0.00 0.00 0.00 0.00 0.00 0.00
pedestrian 0.00 0 0.00 872 652 891 693 0.00 0.00 0.00 0.00 0.00 0.00 0.00
pedestrian 0.00 0 0.00 933 499 949 545 0.00 0.00 0.00 0.00 0.00 0.00 0.00
pedestrian 0.00 0 0.00 1048 611 1066 651 0.00 0.00 0.00 0.00 0.00 0.00 0.00
pedestrian 0.00 0 0.00 1060 575 1081 609 0.00 0.00 0.00 0.00 0.00 0.00 0.00
bicycle 0.00 0 0.00 1048 620 1066 666 0.00 0.00 0.00 0.00 0.00 0.00 0.00
bicycle 0.00 0 0.00 1055 582 1081 618 0.00 0.00 0.00 0.00 0.00 0.00 0.00
bicycle 0.00 0 0.00 1326 555 1355 596 0.00 0.00 0.00 0.00 0.00 0.00 0.00
pedestrian 0.00 0 0.00 1331 548 1356 583 0.00 0.00 0.00 0.00 0.00 0.00 0.00
pedestrian 0.00 0 0.00 1336 496 1359 540 0.00 0.00 0.00 0.00 0.00 0.00 0.00
pedestrian 0.00 0 0.00 1093 434 1110 478 0.00 0.00 0.00 0.00 0.00 0.00 0.00
pedestrian 0.00 0 0.00 914 364 929 406 0.00 0.00 0.00 0.00 0.00 0.00 0.00
pedestrian 0.00 0 0.00 907 411 926 449 0.00 0.00 0.00 0.00 0.00 0.00 0.00
pedestrian 0.00 0 0.00 946 336 963 372 0.00 0.00 0.00 0.00 0.00 0.00 0.00
motor 0.00 0 0.00 945 347 957 376 0.00 0.00 0.00 0.00 0.00 0.00 0.00
motor 0.00 0 0.00 959 289 971 315 0.00 0.00 0.00 0.00 0.00 0.00 0.00
pedestrian 0.00 0 0.00 957 277 971 311 0.00 0.00 0.00 0.00 0.00 0.00 0.00
pedestrian 0.00 0 0.00 960 285 969 305 0.00 0.00 0.00 0.00 0.00 0.00 0.00
pedestrian 0.00 0 0.00 1034 265 1042 297 0.00 0.00 0.00 0.00 0.00 0.00 0.00
pedestrian 0.00 0 0.00 1026 232 1036 262 0.00 0.00 0.00 0.00 0.00 0.00 0.00
pedestrian 0.00 0 0.00 1040 135 1051 162 0.00 0.00 0.00 0.00 0.00 0.00 0.00
pedestrian 0.00 0 0.00 962 123 971 150 0.00 0.00 0.00 0.00 0.00 0.00 0.00
pedestrian 0.00 0 0.00 991 98 1002 124 0.00 0.00 0.00 0.00 0.00 0.00 0.00
truck 0.00 0 0.00 1104 124 1182 160 0.00 0.00 0.00 0.00 0.00 0.00 0.00
motor 0.00 0 0.00 953 182 966 204 0.00 0.00 0.00 0.00 0.00 0.00 0.00
pedestrian 0.00 0 0.00 955 175 964 202 0.00 0.00 0.00 0.00 0.00 0.00 0.00
pedestrian 0.00 0 0.00 1014 169 1023 195 0.00 0.00 0.00 0.00 0.00 0.00 0.00
pedestrian 0.00 0 0.00 1042 173 1051 200 0.00 0.00 0.00 0.00 0.00 0.00 0.00
pedestrian 0.00 0 0.00 1013 186 1026 214 0.00 0.00 0.00 0.00 0.00 0.00 0.00
pedestrian 0.00 0 0.00 1015 181 1023 202 0.00 0.00 0.00 0.00 0.00 0.00 0.00
pedestrian 0.00 0 0.00 1031 180 1042 208 0.00 0.00 0.00 0.00 0.00 0.00 0.00
pedestrian 0.00 0 0.00 1027 208 1038 235 0.00 0.00 0.00 0.00 0.00 0.00 0.00
pedestrian 0.00 0 0.00 1039 247 1050 281 0.00 0.00 0.00 0.00 0.00 0.00 0.00
pedestrian 0.00 0 0.00 1041 302 1062 329 0.00 0.00 0.00 0.00 0.00 0.00 0.00
pedestrian 0.00 0 0.00 1049 298 1057 321 0.00 0.00 0.00 0.00 0.00 0.00 0.00
pedestrian 0.00 0 0.00 1066 296 1080 326 0.00 0.00 0.00 0.00 0.00 0.00 0.00
bicycle 0.00 0 0.00 1933 1097 2000 1139 0.00 0.00 0.00 0.00 0.00 0.00 0.00
car 0.00 0 0.00 1659 947 1775 1016 0.00 0.00 0.00 0.00 0.00 0.00 0.00
pedestrian 0.00 0 0.00 1480 774 1510 830 0.00 0.00 0.00 0.00 0.00 0.00 0.00
pedestrian 0.00 0 0.00 1770 717 1808 776 0.00 0.00 0.00 0.00 0.00 0.00 0.00
motor 0.00 0 0.00 1574 732 1640 778 0.00 0.00 0.00 0.00 0.00 0.00 0.00
bicycle 0.00 0 0.00 1621 698 1659 755 0.00 0.00 0.00 0.00 0.00 0.00 0.00
bicycle 0.00 0 0.00 1602 677 1654 721 0.00 0.00 0.00 0.00 0.00 0.00 0.00
bicycle 0.00 0 0.00 1579 648 1626 688 0.00 0.00 0.00 0.00 0.00 0.00 0.00
pedestrian 0.00 0 0.00 1764 438 1796 486 0.00 0.00 0.00 0.00 0.00 0.00 0.00
bicycle 0.00 0 0.00 1474 413 1488 451 0.00 0.00 0.00 0.00 0.00 0.00 0.00
bicycle 0.00 0 0.00 1454 394 1470 431 0.00 0.00 0.00 0.00 0.00 0.00 0.00
people 0.00 0 0.00 1458 425 1481 452 0.00 0.00 0.00 0.00 0.00 0.00 0.00
people 0.00 0 0.00 1421 380 1435 410 0.00 0.00 0.00 0.00 0.00 0.00 0.00
people 0.00 0 0.00 1435 382 1447 409 0.00 0.00 0.00 0.00 0.00 0.00 0.00
tricycle 0.00 0 0.00 790 812 839 918 0.00 0.00 0.00 0.00 0.00 0.00 0.00
pedestrian 0.00 0 0.00 823 666 845 720 0.00 0.00 0.00 0.00 0.00 0.00 0.00
people 0.00 0 0.00 767 1033 803 1076 0.00 0.00 0.00 0.00 0.00 0.00 0.00
pedestrian 0.00 0 0.00 596 1142 630 1201 0.00 0.00 0.00 0.00 0.00 0.00 0.00
pedestrian 0.00 0 0.00 931 62 941 89 0.00 0.00 0.00 0.00 0.00 0.00 0.00
pedestrian 0.00 0 0.00 1006 96 1014 123 0.00 0.00 0.00 0.00 0.00 0.00 0.00
pedestrian 0.00 0 0.00 998 100 1007 123 0.00 0.00 0.00 0.00 0.00 0.00 0.00
pedestrian 0.00 0 0.00 930 183 940 205 0.00 0.00 0.00 0.00 0.00 0.00 0.00
motor 0.00 0 0.00 1821 1128 1914 1186 0.00 0.00 0.00 0.00 0.00 0.00 0.00
