pedestrian 0.00 0 0.00 11 121 38 154 0.00 0.00 0.00 0.00 0.00 0.00 0.00
motor 0.00 0 0.00 62 113 81 144 0.00 0.00 0.00 0.00 0.00 0.00 0.00
car 0.00 0 0.00 0 164 37 210 0.00 0.00 0.00 0.00 0.00 0.00 0.00
car 0.00 0 0.00 51 131 114 172 0.00 0.00 0.00 0.00 0.00 0.00 0.00
car 0.00 0 0.00 35 158 121 199 0.00 0.00 0.00 0.00 0.00 0.00 0.00
car 0.00 0 0.00 85 98 164 135 0.00 0.00 0.00 0.00 0.00 0.00 0.00
van 0.00 0 0.00 182 52 230 90 0.00 0.00 0.00 0.00 0.00 0.00 0.00
bicycle 0.00 0 0.00 167 60 181 90 0.00 0.00 0.00 0.00 0.00 0.00 0.00
pedestrian 0.00 0 0.00 170 38 182 70 0.00 0.00 0.00 0.00 0.00 0.00 0.00
car 0.00 0 0.00 56 199 152 242 0.00 0.00 0.00 0.00 0.00 0.00 0.00
car 0.00 0 0.00 123 156 213 192 0.00 0.00 0.00 0.00 0.00 0.00 0.00
car 0.00 0 0.00 147 149 234 181 0.00 0.00 0.00 0.00 0.00 0.00 0.00
car 0.00 0 0.00 166 133 249 160 0.00 0.00 0.00 0.00 0.00 0.00 0.00
car 0.00 0 0.00 190 121 270 147 0.00 0.00 0.00 0.00 0.00 0.00 0.00
car 0.00 0 0.00 197 108 268 129 0.00 0.00 0.00 0.00 0.00 0.00 0.00
car 0.00 0 0.00 349 270 443 322 0.00 0.00 0.00 0.00 0.00 0.00 0.00
pedestrian 0.00 0 0.00 383 243 401 273 0.00 0.00 0.00 0.00 0.00 0.00 0.00
motor 0.00 0 0.00 240 918 286 1026 0.00 0.00 0.00 0.00 0.00 0.00 0.00
motor 0.00 0 0.00 280 916 324 1026 0.00 0.00 0.00 0.00 0.00 0.00 0.00
motor 0.00 0 0.00 349 892 394 993 0.00 0.00 0.00 0.00 0.00 0.00 0.00
motor 0.00 0 0.00 460 885 494 987 0.00 0.00 0.00 0.00 0.00 0.00 0.00
motor 0.00 0 0.00 518 855 561 967 0.00 0.00 0.00 0.00 0.00 0.00 0.00
bicycle 0.00 0 0.00 550 921 590 1022 0.00 0.00 0.00 0.00 0.00 0.00 0.00
motor 0.00 0 0.00 479 966 522 1049 0.00 0.00 0.00 0.00 0.00 0.00 0.00
van 0.00 0 0.00 493 256 600 316 0.00 0.00 0.00 0.00 0.00 0.00 0.00
van 0.00 0 0.00 606 236 701 295 0.00 0.00 0.00 0.00 0.00 0.00 0.00
bicycle 0.00 0 0.00 688 121 699 140 0.00 0.00 0.00 0.00 0.00 0.00 0.00
people 0.00 0 0.00 690 111 702 133 0.00 0.00 0.00 0.00 0.00 0.00 0.00
pedestrian 0.00 0 0.00 699 144 711 177 0.00 0.00 0.00 0.00 0.00 0.00 0.00
pedestrian 0.00 0 0.00 688 142 699 177 0.00 0.00 0.00 0.00 0.00 0.00 0.00
bicycle 0.00 0 0.00 727 171 738 197 0.00 0.00 0.00 0.00 0.00 0.00 0.00
people 0.00 0 0.00 727 157 737 183 0.00 0.00 0.00 0.00 0.00 0.00 0.00
pedestrian 0.00 0 0.00 710 248 729 285 0.00 0.00 0.00 0.00 0.00 0.00 0.00
pedestrian 0.00 0 0.00 770 314 788 355 0.00 0.00 0.00 0.00 0.00 0.00 0.00
truck 0.00 0 0.00 526 367 710 493 0.00 0.00 0.00 0.00 0.00 0.00 0.00
truck 0.00 0 0.00 796 0 833 36 0.00 0.00 0.00 0.00 0.00 0.00 0.00
car 0.00 0 0.00 800 77 837 111 0.00 0.00 0.00 0.00 0.00 0.00 0.00
truck 0.00 0 0.00 960 90 1021 143 0.00 0.00 0.00 0.00 0.00 0.00 0.00
car 0.00 0 0.00 892 198 947 253 0.00 0.00 0.00 0.00 0.00 0.00 0.00
car 0.00 0 0.00 892 382 1039 483 0.00 0.00 0.00 0.00 0.00 0.00 0.00
pedestrian 0.00 0 0.00 841 665 874 737 0.00 0.00 0.00 0.00 0.00 0.00 0.00
car 0.00 0 0.00 1108 568 1254 740 0.00 0.00 0.00 0.00 0.00 0.00 0.00
car 0.00 0 0.00 1199 502 1343 641 0.00 0.00 0.00 0.00 0.00 0.00 0.00
van 0.00 0 0.00 1094 43 1145 75 0.00 0.00 0.00 0.00 0.00 0.00 0.00
