motor 0.00 0 0.00 934 1185 1004 1338 0.00 0.00 0.00 0.00 0.00 0.00 0.00
people 0.00 0 0.00 935 1187 1000 1300 0.00 0.00 0.00 0.00 0.00 0.00 0.00
people 0.00 0 0.00 944 1216 1004 1302 0.00 0.00 0.00 0.00 0.00 0.00 0.00
car 0.00 0 0.00 2 1375 320 1500 0.00 0.00 0.00 0.00 0.00 0.00 0.00
car 0.00 0 0.00 1 1147 383 1456 0.00 0.00 0.00 0.00 0.00 0.00 0.00
car 0.00 0 0.00 141 987 435 1185 0.00 0.00 0.00 0.00 0.00 0.00 0.00
car 0.00 0 0.00 753 950 1024 1085 0.00 0.00 0.00 0.00 0.00 0.00 0.00
car 0.00 0 0.00 883 873 998 969 0.00 0.00 0.00 0.00 0.00 0.00 0.00
car 0.00 0 0.00 262 875 481 1006 0.00 0.00 0.00 0.00 0.00 0.00 0.00
car 0.00 0 0.00 321 823 493 926 0.00 0.00 0.00 0.00 0.00 0.00 0.00
car 0.00 0 0.00 360 778 515 866 0.00 0.00 0.00 0.00 0.00 0.00 0.00
van 0.00 0 0.00 431 708 505 783 0.00 0.00 0.00 0.00 0.00 0.00 0.00
car 0.00 0 0.00 450 682 569 746 0.00 0.00 0.00 0.00 0.00 0.00 0.00
van 0.00 0 0.00 743 711 849 781 0.00 0.00 0.00 0.00 0.00 0.00 0.00
car 0.00 0 0.00 749 706 840 755 0.00 0.00 0.00 0.00 0.00 0.00 0.00
van 0.00 0 0.00 982 682 1048 750 0.00 0.00 0.00 0.00 0.00 0.00 0.00
car 0.00 0 0.00 734 666 809 714 0.00 0.00 0.00 0.00 0.00 0.00 0.00
car 0.00 0 0.00 712 648 798 682 0.00 0.00 0.00 0.00 0.00 0.00 0.00
car 0.00 0 0.00 719 637 797 674 0.00 0.00 0.00 0.00 0.00 0.00 0.00
motor 0.00 0 0.00 673 673 690 703 0.00 0.00 0.00 0.00 0.00 0.00 0.00
people 0.00 0 0.00 673 664 689 698 0.00 0.00 0.00 0.00 0.00 0.00 0.00
van 0.00 0 0.00 737 618 772 652 0.00 0.00 0.00 0.00 0.00 0.00 0.00
car 0.00 0 0.00 493 649 540 693 0.00 0.00 0.00 0.00 0.00 0.00 0.00
car 0.00 0 0.00 502 627 551 668 0.00 0.00 0.00 0.00 0.00 0.00 0.00
van 0.00 0 0.00 514 608 571 650 0.00 0.00 0.00 0.00 0.00 0.00 0.00
pedestrian 0.00 0 0.00 591 589 601 612 0.00 0.00 0.00 0.00 0.00 0.00 0.00
pedestrian 0.00 0 0.00 521 592 530 615 0.00 0.00 0.00 0.00 0.00 0.00 0.00
car 0.00 0 0.00 545 580 575 605 0.00 0.00 0.00 0.00 0.00 0.00 0.00
truck 0.00 0 0.00 722 574 764 624 0.00 0.00 0.00 0.00 0.00 0.00 0.00
people 0.00 0 0.00 742 599 754 613 0.00 0.00 0.00 0.00 0.00 0.00 0.00
car 0.00 0 0.00 712 573 736 599 0.00 0.00 0.00 0.00 0.00 0.00 0.00
car 0.00 0 0.00 705 569 727 591 0.00 0.00 0.00 0.00 0.00 0.00 0.00
car 0.00 0 0.00 1543 733 1701 817 0.00 0.00 0.00 0.00 0.00 0.00 0.00
motor 0.00 0 0.00 1365 645 1382 671 0.00 0.00 0.00 0.00 0.00 0.00 0.00
motor 0.00 0 0.00 1267 650 1297 681 0.00 0.00 0.00 0.00 0.00 0.00 0.00
car 0.00 0 0.00 1205 633 1280 674 0.00 0.00 0.00 0.00 0.00 0.00 0.00
pedestrian 0.00 0 0.00 1226 628 1234 652 0.00 0.00 0.00 0.00 0.00 0.00 0.00
van 0.00 0 0.00 1001 561 1033 590 0.00 0.00 0.00 0.00 0.00 0.00 0.00
pedestrian 0.00 0 0.00 1034 553 1042 575 0.00 0.00 0.00 0.00 0.00 0.00 0.00
pedestrian 0.00 0 0.00 1042 553 1051 573 0.00 0.00 0.00 0.00 0.00 0.00 0.00
car 0.00 0 0.00 1001 550 1034 570 0.00 0.00 0.00 0.00 0.00 0.00 0.00
motor 0.00 0 0.00 968 542 980 554 0.00 0.00 0.00 0.00 0.00 0.00 0.00
car 0.00 0 0.00 886 549 939 569 0.00 0.00 0.00 0.00 0.00 0.00 0.00
car 0.00 0 0.00 869 547 921 565 0.00 0.00 0.00 0.00 0.00 0.00 0.00
truck 0.00 0 0.00 878 538 919 581 0.00 0.00 0.00 0.00 0.00 0.00 0.00
people 0.00 0 0.00 971 537 976 546 0.00 0.00 0.00 0.00 0.00 0.00 0.00
car 0.00 0 0.00 886 528 905 542 0.00 0.00 0.00 0.00 0.00 0.00 0.00
car 0.00 0 0.00 563 559 588 579 0.00 0.00 0.00 0.00 0.00 0.00 0.00
car 0.00 0 0.00 566 554 587 569 0.00 0.00 0.00 0.00 0.00 0.00 0.00
car 0.00 0 0.00 573 549 593 566 0.00 0.00 0.00 0.00 0.00 0.00 0.00
car 0.00 0 0.00 581 534 600 550 0.00 0.00 0.00 0.00 0.00 0.00 0.00
car 0.00 0 0.00 584 532 603 545 0.00 0.00 0.00 0.00 0.00 0.00 0.00
car 0.00 0 0.00 589 528 604 539 0.00 0.00 0.00 0.00 0.00 0.00 0.00
pedestrian 0.00 0 0.00 572 527 578 543 0.00 0.00 0.00 0.00 0.00 0.00 0.00
car 0.00 0 0.00 651 514 666 526 0.00 0.00 0.00 0.00 0.00 0.00 0.00
car 0.00 0 0.00 785 512 811 522 0.00 0.00 0.00 0.00 0.00 0.00 0.00
car 0.00 0 0.00 829 506 843 515 0.00 0.00 0.00 0.00 0.00 0.00 0.00
