car 0.00 0 0.00 883 654 957 704 0.00 0.00 0.00 0.00 0.00 0.00 0.00
car 0.00 0 0.00 541 644 574 710 0.00 0.00 0.00 0.00 0.00 0.00 0.00
car 0.00 0 0.00 416 662 457 731 0.00 0.00 0.00 0.00 0.00 0.00 0.00
car 0.00 0 0.00 571 254 594 292 0.00 0.00 0.00 0.00 0.00 0.00 0.00
car 0.00 0 0.00 699 203 722 248 0.00 0.00 0.00 0.00 0.00 0.00 0.00
car 0.00 0 0.00 750 344 778 390 0.00 0.00 0.00 0.00 0.00 0.00 0.00
car 0.00 0 0.00 792 421 840 465 0.00 0.00 0.00 0.00 0.00 0.00 0.00
car 0.00 0 0.00 1210 405 1269 436 0.00 0.00 0.00 0.00 0.00 0.00 0.00
car 0.00 0 0.00 1291 401 1349 430 0.00 0.00 0.00 0.00 0.00 0.00 0.00
car 0.00 0 0.00 613 710 644 787 0.00 0.00 0.00 0.00 0.00 0.00 0.00
car 0.00 0 0.00 1370 385 1400 414 0.00 0.00 0.00 0.00 0.00 0.00 0.00
van 0.00 0 0.00 1001 428 1071 467 0.00 0.00 0.00 0.00 0.00 0.00 0.00
van 0.00 0 0.00 1125 415 1195 451 0.00 0.00 0.00 0.00 0.00 0.00 0.00
car 0.00 0 0.00 731 505 764 570 0.00 0.00 0.00 0.00 0.00 0.00 0.00
van 0.00 0 0.00 665 635 696 714 0.00 0.00 0.00 0.00 0.00 0.00 0.00
car 0.00 0 0.00 625 1 645 15 0.00 0.00 0.00 0.00 0.00 0.00 0.00
pedestrian 0.00 0 0.00 417 284 425 301 0.00 0.00 0.00 0.00 0.00 0.00 0.00
pedestrian 0.00 0 0.00 519 75 528 90 0.00 0.00 0.00 0.00 0.00 0.00 0.00
pedestrian 0.00 0 0.00 601 76 611 90 0.00 0.00 0.00 0.00 0.00 0.00 0.00
pedestrian 0.00 0 0.00 455 171 466 188 0.00 0.00 0.00 0.00 0.00 0.00 0.00
pedestrian 0.00 0 0.00 1083 500 1090 515 0.00 0.00 0.00 0.00 0.00 0.00 0.00
