car 0.00 0 0.00 823 505 903 583 0.00 0.00 0.00 0.00 0.00 0.00 0.00
car 0.00 0 0.00 691 425 760 470 0.00 0.00 0.00 0.00 0.00 0.00 0.00
car 0.00 0 0.00 598 358 643 390 0.00 0.00 0.00 0.00 0.00 0.00 0.00
car 0.00 0 0.00 447 342 489 378 0.00 0.00 0.00 0.00 0.00 0.00 0.00
car 0.00 0 0.00 363 216 391 241 0.00 0.00 0.00 0.00 0.00 0.00 0.00
car 0.00 0 0.00 418 208 438 226 0.00 0.00 0.00 0.00 0.00 0.00 0.00
car 0.00 0 0.00 383 199 405 219 0.00 0.00 0.00 0.00 0.00 0.00 0.00
car 0.00 0 0.00 300 166 312 183 0.00 0.00 0.00 0.00 0.00 0.00 0.00
car 0.00 0 0.00 490 283 520 305 0.00 0.00 0.00 0.00 0.00 0.00 0.00
motor 0.00 0 0.00 787 546 823 568 0.00 0.00 0.00 0.00 0.00 0.00 0.00
people 0.00 0 0.00 796 533 813 562 0.00 0.00 0.00 0.00 0.00 0.00 0.00
pedestrian 0.00 0 0.00 307 577 332 616 0.00 0.00 0.00 0.00 0.00 0.00 0.00
pedestrian 0.00 0 0.00 263 585 287 625 0.00 0.00 0.00 0.00 0.00 0.00 0.00
pedestrian 0.00 0 0.00 249 593 276 639 0.00 0.00 0.00 0.00 0.00 0.00 0.00
pedestrian 0.00 0 0.00 1163 569 1189 621 0.00 0.00 0.00 0.00 0.00 0.00 0.00
bicycle 0.00 0 0.00 1147 582 1199 613 0.00 0.00 0.00 0.00 0.00 0.00 0.00
bicycle 0.00 0 0.00 1042 507 1079 544 0.00 0.00 0.00 0.00 0.00 0.00 0.00
people 0.00 0 0.00 1054 501 1076 535 0.00 0.00 0.00 0.00 0.00 0.00 0.00
