car 0.00 0 0.00 720 546 727 549 0.00 0.00 0.00 0.00 0.00 0.00 0.00
car 0.00 0 0.00 726 544 731 548 0.00 0.00 0.00 0.00 0.00 0.00 0.00
car 0.00 0 0.00 734 543 739 547 0.00 0.00 0.00 0.00 0.00 0.00 0.00
car 0.00 0 0.00 737 541 741 545 0.00 0.00 0.00 0.00 0.00 0.00 0.00
car 0.00 0 0.00 724 539 728 541 0.00 0.00 0.00 0.00 0.00 0.00 0.00
car 0.00 0 0.00 739 547 745 552 0.00 0.00 0.00 0.00 0.00 0.00 0.00
car 0.00 0 0.00 720 554 727 559 0.00 0.00 0.00 0.00 0.00 0.00 0.00
car 0.00 0 0.00 732 557 739 563 0.00 0.00 0.00 0.00 0.00 0.00 0.00
car 0.00 0 0.00 715 579 726 589 0.00 0.00 0.00 0.00 0.00 0.00 0.00
truck 0.00 0 0.00 636 556 650 564 0.00 0.00 0.00 0.00 0.00 0.00 0.00
car 0.00 0 0.00 645 548 660 553 0.00 0.00 0.00 0.00 0.00 0.00 0.00
pedestrian 0.00 0 0.00 694 562 697 568 0.00 0.00 0.00 0.00 0.00 0.00 0.00
car 0.00 0 0.00 686 557 701 562 0.00 0.00 0.00 0.00 0.00 0.00 0.00
truck 0.00 0 0.00 689 554 702 560 0.00 0.00 0.00 0.00 0.00 0.00 0.00
truck 0.00 0 0.00 685 549 703 558 0.00 0.00 0.00 0.00 0.00 0.00 0.00
pedestrian 0.00 0 0.00 683 574 686 585 0.00 0.00 0.00 0.00 0.00 0.00 0.00
pedestrian 0.00 0 0.00 774 565 776 573 0.00 0.00 0.00 0.00 0.00 0.00 0.00
pedestrian 0.00 0 0.00 774 573 777 581 0.00 0.00 0.00 0.00 0.00 0.00 0.00
pedestrian 0.00 0 0.00 757 590 761 604 0.00 0.00 0.00 0.00 0.00 0.00 0.00
pedestrian 0.00 0 0.00 763 583 766 595 0.00 0.00 0.00 0.00 0.00 0.00 0.00
pedestrian 0.00 0 0.00 803 590 808 603 0.00 0.00 0.00 0.00 0.00 0.00 0.00
car 0.00 0 0.00 763 557 780 563 0.00 0.00 0.00 0.00 0.00 0.00 0.00
car 0.00 0 0.00 768 556 784 562 0.00 0.00 0.00 0.00 0.00 0.00 0.00
car 0.00 0 0.00 767 554 785 561 0.00 0.00 0.00 0.00 0.00 0.00 0.00
car 0.00 0 0.00 764 553 779 560 0.00 0.00 0.00 0.00 0.00 0.00 0.00
van 0.00 0 0.00 755 545 771 550 0.00 0.00 0.00 0.00 0.00 0.00 0.00
car 0.00 0 0.00 736 536 740 539 0.00 0.00 0.00 0.00 0.00 0.00 0.00
car 0.00 0 0.00 706 608 724 625 0.00 0.00 0.00 0.00 0.00 0.00 0.00
car 0.00 0 0.00 688 643 739 663 0.00 0.00 0.00 0.00 0.00 0.00 0.00
van 0.00 0 0.00 781 658 809 691 0.00 0.00 0.00 0.00 0.00 0.00 0.00
car 0.00 0 0.00 704 673 733 702 0.00 0.00 0.00 0.00 0.00 0.00 0.00
car 0.00 0 0.00 687 698 721 738 0.00 0.00 0.00 0.00 0.00 0.00 0.00
car 0.00 0 0.00 823 595 862 608 0.00 0.00 0.00 0.00 0.00 0.00 0.00
truck 0.00 0 0.00 837 583 888 610 0.00 0.00 0.00 0.00 0.00 0.00 0.00
van 0.00 0 0.00 851 598 884 614 0.00 0.00 0.00 0.00 0.00 0.00 0.00
car 0.00 0 0.00 849 604 886 617 0.00 0.00 0.00 0.00 0.00 0.00 0.00
car 0.00 0 0.00 853 610 892 624 0.00 0.00 0.00 0.00 0.00 0.00 0.00
truck 0.00 0 0.00 840 614 890 633 0.00 0.00 0.00 0.00 0.00 0.00 0.00
truck 0.00 0 0.00 847 622 903 645 0.00 0.00 0.00 0.00 0.00 0.00 0.00
truck 0.00 0 0.00 854 627 907 652 0.00 0.00 0.00 0.00 0.00 0.00 0.00
truck 0.00 0 0.00 815 634 856 660 0.00 0.00 0.00 0.00 0.00 0.00 0.00
truck 0.00 0 0.00 883 637 912 663 0.00 0.00 0.00 0.00 0.00 0.00 0.00
car 0.00 0 0.00 864 657 929 681 0.00 0.00 0.00 0.00 0.00 0.00 0.00
pedestrian 0.00 0 0.00 970 642 978 665 0.00 0.00 0.00 0.00 0.00 0.00 0.00
pedestrian 0.00 0 0.00 969 637 977 658 0.00 0.00 0.00 0.00 0.00 0.00 0.00
truck 0.00 0 0.00 911 632 969 664 0.00 0.00 0.00 0.00 0.00 0.00 0.00
truck 0.00 0 0.00 942 662 996 707 0.00 0.00 0.00 0.00 0.00 0.00 0.00
car 0.00 0 0.00 986 641 1021 664 0.00 0.00 0.00 0.00 0.00 0.00 0.00
car 0.00 0 0.00 1031 667 1081 698 0.00 0.00 0.00 0.00 0.00 0.00 0.00
car 0.00 0 0.00 1097 643 1142 666 0.00 0.00 0.00 0.00 0.00 0.00 0.00
car 0.00 0 0.00 1150 640 1196 663 0.00 0.00 0.00 0.00 0.00 0.00 0.00
car 0.00 0 0.00 1181 641 1234 664 0.00 0.00 0.00 0.00 0.00 0.00 0.00
car 0.00 0 0.00 1128 654 1199 677 0.00 0.00 0.00 0.00 0.00 0.00 0.00
truck 0.00 0 0.00 1145 670 1229 712 0.00 0.00 0.00 0.00 0.00 0.00 0.00
truck 0.00 0 0.00 1257 633 1322 662 0.00 0.00 0.00 0.00 0.00 0.00 0.00
car 0.00 0 0.00 1267 666 1334 699 0.00 0.00 0.00 0.00 0.00 0.00 0.00
car 0.00 0 0.00 1359 676 1400 713 0.00 0.00 0.00 0.00 0.00 0.00 0.00
car 0.00 0 0.00 1313 725 1400 760 0.00 0.00 0.00 0.00 0.00 0.00 0.00
car 0.00 0 0.00 1318 752 1400 796 0.00 0.00 0.00 0.00 0.00 0.00 0.00
car 0.00 0 0.00 1303 808 1400 873 0.00 0.00 0.00 0.00 0.00 0.00 0.00
car 0.00 0 0.00 1249 706 1355 743 0.00 0.00 0.00 0.00 0.00 0.00 0.00
car 0.00 0 0.00 1184 725 1288 762 0.00 0.00 0.00 0.00 0.00 0.00 0.00
car 0.00 0 0.00 1132 711 1230 740 0.00 0.00 0.00 0.00 0.00 0.00 0.00
car 0.00 0 0.00 1051 725 1163 762 0.00 0.00 0.00 0.00 0.00 0.00 0.00
car 0.00 0 0.00 998 832 1065 905 0.00 0.00 0.00 0.00 0.00 0.00 0.00
truck 0.00 0 0.00 828 727 896 818 0.00 0.00 0.00 0.00 0.00 0.00 0.00
car 0.00 0 0.00 548 889 621 1008 0.00 0.00 0.00 0.00 0.00 0.00 0.00
car 0.00 0 0.00 678 797 733 873 0.00 0.00 0.00 0.00 0.00 0.00 0.00
car 0.00 0 0.00 683 744 724 797 0.00 0.00 0.00 0.00 0.00 0.00 0.00
car 0.00 0 0.00 584 780 636 842 0.00 0.00 0.00 0.00 0.00 0.00 0.00
car 0.00 0 0.00 613 737 658 783 0.00 0.00 0.00 0.00 0.00 0.00 0.00
pedestrian 0.00 0 0.00 583 701 592 735 0.00 0.00 0.00 0.00 0.00 0.00 0.00
pedestrian 0.00 0 0.00 566 702 576 735 0.00 0.00 0.00 0.00 0.00 0.00 0.00
pedestrian 0.00 0 0.00 409 688 418 715 0.00 0.00 0.00 0.00 0.00 0.00 0.00
car 0.00 0 0.00 569 638 623 662 0.00 0.00 0.00 0.00 0.00 0.00 0.00
car 0.00 0 0.00 594 638 639 656 0.00 0.00 0.00 0.00 0.00 0.00 0.00
car 0.00 0 0.00 596 629 643 648 0.00 0.00 0.00 0.00 0.00 0.00 0.00
car 0.00 0 0.00 602 623 650 641 0.00 0.00 0.00 0.00 0.00 0.00 0.00
car 0.00 0 0.00 615 613 654 627 0.00 0.00 0.00 0.00 0.00 0.00 0.00
car 0.00 0 0.00 627 609 659 623 0.00 0.00 0.00 0.00 0.00 0.00 0.00
car 0.00 0 0.00 620 605 659 617 0.00 0.00 0.00 0.00 0.00 0.00 0.00
car 0.00 0 0.00 536 595 578 608 0.00 0.00 0.00 0.00 0.00 0.00 0.00
truck 0.00 0 0.00 524 593 576 618 0.00 0.00 0.00 0.00 0.00 0.00 0.00
car 0.00 0 0.00 523 609 558 622 0.00 0.00 0.00 0.00 0.00 0.00 0.00
van 0.00 0 0.00 517 609 548 626 0.00 0.00 0.00 0.00 0.00 0.00 0.00
car 0.00 0 0.00 515 616 548 628 0.00 0.00 0.00 0.00 0.00 0.00 0.00
car 0.00 0 0.00 497 616 537 631 0.00 0.00 0.00 0.00 0.00 0.00 0.00
car 0.00 0 0.00 489 624 529 640 0.00 0.00 0.00 0.00 0.00 0.00 0.00
van 0.00 0 0.00 466 627 511 647 0.00 0.00 0.00 0.00 0.00 0.00 0.00
car 0.00 0 0.00 459 635 513 653 0.00 0.00 0.00 0.00 0.00 0.00 0.00
car 0.00 0 0.00 520 650 581 672 0.00 0.00 0.00 0.00 0.00 0.00 0.00
truck 0.00 0 0.00 506 656 577 686 0.00 0.00 0.00 0.00 0.00 0.00 0.00
car 0.00 0 0.00 462 667 515 688 0.00 0.00 0.00 0.00 0.00 0.00 0.00
car 0.00 0 0.00 434 673 488 697 0.00 0.00 0.00 0.00 0.00 0.00 0.00
car 0.00 0 0.00 399 680 453 709 0.00 0.00 0.00 0.00 0.00 0.00 0.00
car 0.00 0 0.00 444 687 520 720 0.00 0.00 0.00 0.00 0.00 0.00 0.00
pedestrian 0.00 0 0.00 295 661 305 686 0.00 0.00 0.00 0.00 0.00 0.00 0.00
pedestrian 0.00 0 0.00 273 720 283 750 0.00 0.00 0.00 0.00 0.00 0.00 0.00
pedestrian 0.00 0 0.00 268 718 276 750 0.00 0.00 0.00 0.00 0.00 0.00 0.00
car 0.00 0 0.00 297 688 339 724 0.00 0.00 0.00 0.00 0.00 0.00 0.00
pedestrian 0.00 0 0.00 141 688 152 712 0.00 0.00 0.00 0.00 0.00 0.00 0.00
pedestrian 0.00 0 0.00 142 687 153 712 0.00 0.00 0.00 0.00 0.00 0.00 0.00
pedestrian 0.00 0 0.00 52 787 75 837 0.00 0.00 0.00 0.00 0.00 0.00 0.00
car 0.00 0 0.00 273 734 366 763 0.00 0.00 0.00 0.00 0.00 0.00 0.00
car 0.00 0 0.00 275 756 385 786 0.00 0.00 0.00 0.00 0.00 0.00 0.00
car 0.00 0 0.00 156 674 217 703 0.00 0.00 0.00 0.00 0.00 0.00 0.00
car 0.00 0 0.00 99 679 169 705 0.00 0.00 0.00 0.00 0.00 0.00 0.00
car 0.00 0 0.00 16 677 91 706 0.00 0.00 0.00 0.00 0.00 0.00 0.00
car 0.00 0 0.00 0 673 56 706 0.00 0.00 0.00 0.00 0.00 0.00 0.00
car 0.00 0 0.00 0 828 98 915 0.00 0.00 0.00 0.00 0.00 0.00 0.00
bus 0.00 0 0.00 196 806 362 921 0.00 0.00 0.00 0.00 0.00 0.00 0.00
car 0.00 0 0.00 146 900 350 979 0.00 0.00 0.00 0.00 0.00 0.00 0.00
car 0.00 0 0.00 68 962 300 1050 0.00 0.00 0.00 0.00 0.00 0.00 0.00
