pedestrian 0.00 0 0.00 351 178 358 190 0.00 0.00 0.00 0.00 0.00 0.00 0.00
people 0.00 0 0.00 361 180 366 190 0.00 0.00 0.00 0.00 0.00 0.00 0.00
car 0.00 0 0.00 645 111 689 131 0.00 0.00 0.00 0.00 0.00 0.00 0.00
pedestrian 0.00 0 0.00 588 181 592 193 0.00 0.00 0.00 0.00 0.00 0.00 0.00
pedestrian 0.00 0 0.00 563 176 569 187 0.00 0.00 0.00 0.00 0.00 0.00 0.00
pedestrian 0.00 0 0.00 570 179 578 188 0.00 0.00 0.00 0.00 0.00 0.00 0.00
car 0.00 0 0.00 506 243 560 265 0.00 0.00 0.00 0.00 0.00 0.00 0.00
van 0.00 0 0.00 183 245 239 270 0.00 0.00 0.00 0.00 0.00 0.00 0.00
van 0.00 0 0.00 694 18 725 51 0.00 0.00 0.00 0.00 0.00 0.00 0.00
pedestrian 0.00 0 0.00 212 651 228 662 0.00 0.00 0.00 0.00 0.00 0.00 0.00
motor 0.00 0 0.00 202 571 225 580 0.00 0.00 0.00 0.00 0.00 0.00 0.00
pedestrian 0.00 0 0.00 968 609 974 622 0.00 0.00 0.00 0.00 0.00 0.00 0.00
car 0.00 0 0.00 739 51 771 82 0.00 0.00 0.00 0.00 0.00 0.00 0.00
car 0.00 0 0.00 691 367 745 392 0.00 0.00 0.00 0.00 0.00 0.00 0.00
van 0.00 0 0.00 851 239 900 269 0.00 0.00 0.00 0.00 0.00 0.00 0.00
van 0.00 0 0.00 794 82 819 112 0.00 0.00 0.00 0.00 0.00 0.00 0.00
car 0.00 0 0.00 767 70 804 102 0.00 0.00 0.00 0.00 0.00 0.00 0.00
car 0.00 0 0.00 760 107 794 131 0.00 0.00 0.00 0.00 0.00 0.00 0.00
car 0.00 0 0.00 865 81 883 116 0.00 0.00 0.00 0.00 0.00 0.00 0.00
car 0.00 0 0.00 734 9 756 34 0.00 0.00 0.00 0.00 0.00 0.00 0.00
car 0.00 0 0.00 704 0 721 10 0.00 0.00 0.00 0.00 0.00 0.00 0.00
van 0.00 0 0.00 1231 331 1286 356 0.00 0.00 0.00 0.00 0.00 0.00 0.00
car 0.00 0 0.00 1152 392 1209 413 0.00 0.00 0.00 0.00 0.00 0.00 0.00
car 0.00 0 0.00 1031 371 1073 396 0.00 0.00 0.00 0.00 0.00 0.00 0.00
van 0.00 0 0.00 998 262 1056 285 0.00 0.00 0.00 0.00 0.00 0.00 0.00
van 0.00 0 0.00 1269 235 1339 261 0.00 0.00 0.00 0.00 0.00 0.00 0.00
