car 0.00 0 0.00 791 897 831 980 0.00 0.00 0.00 0.00 0.00 0.00 0.00
car 0.00 0 0.00 852 839 887 917 0.00 0.00 0.00 0.00 0.00 0.00 0.00
car 0.00 0 0.00 856 695 889 745 0.00 0.00 0.00 0.00 0.00 0.00 0.00
car 0.00 0 0.00 806 655 836 710 0.00 0.00 0.00 0.00 0.00 0.00 0.00
car 0.00 0 0.00 846 545 872 589 0.00 0.00 0.00 0.00 0.00 0.00 0.00
car 0.00 0 0.00 816 467 839 501 0.00 0.00 0.00 0.00 0.00 0.00 0.00
car 0.00 0 0.00 741 494 769 550 0.00 0.00 0.00 0.00 0.00 0.00 0.00
car 0.00 0 0.00 841 407 861 432 0.00 0.00 0.00 0.00 0.00 0.00 0.00
pedestrian 0.00 0 0.00 486 663 495 695 0.00 0.00 0.00 0.00 0.00 0.00 0.00
pedestrian 0.00 0 0.00 497 664 505 691 0.00 0.00 0.00 0.00 0.00 0.00 0.00
car 0.00 0 0.00 466 485 546 525 0.00 0.00 0.00 0.00 0.00 0.00 0.00
car 0.00 0 0.00 784 342 801 373 0.00 0.00 0.00 0.00 0.00 0.00 0.00
car 0.00 0 0.00 800 260 815 284 0.00 0.00 0.00 0.00 0.00 0.00 0.00
van 0.00 0 0.00 766 294 782 323 0.00 0.00 0.00 0.00 0.00 0.00 0.00
car 0.00 0 0.00 803 193 816 214 0.00 0.00 0.00 0.00 0.00 0.00 0.00
car 0.00 0 0.00 788 141 808 157 0.00 0.00 0.00 0.00 0.00 0.00 0.00
car 0.00 0 0.00 812 116 823 128 0.00 0.00 0.00 0.00 0.00 0.00 0.00
car 0.00 0 0.00 828 126 848 141 0.00 0.00 0.00 0.00 0.00 0.00 0.00
car 0.00 0 0.00 846 16 858 24 0.00 0.00 0.00 0.00 0.00 0.00 0.00
car 0.00 0 0.00 790 16 796 23 0.00 0.00 0.00 0.00 0.00 0.00 0.00
car 0.00 0 0.00 792 8 798 14 0.00 0.00 0.00 0.00 0.00 0.00 0.00
motor 0.00 0 0.00 815 24 818 31 0.00 0.00 0.00 0.00 0.00 0.00 0.00
car 0.00 0 0.00 779 43 787 53 0.00 0.00 0.00 0.00 0.00 0.00 0.00
car 0.00 0 0.00 780 35 791 44 0.00 0.00 0.00 0.00 0.00 0.00 0.00
car 0.00 0 0.00 762 100 773 108 0.00 0.00 0.00 0.00 0.00 0.00 0.00
car 0.00 0 0.00 764 90 773 98 0.00 0.00 0.00 0.00 0.00 0.00 0.00
car 0.00 0 0.00 775 61 785 72 0.00 0.00 0.00 0.00 0.00 0.00 0.00
car 0.00 0 0.00 723 191 741 205 0.00 0.00 0.00 0.00 0.00 0.00 0.00
car 0.00 0 0.00 929 410 951 440 0.00 0.00 0.00 0.00 0.00 0.00 0.00
car 0.00 0 0.00 926 377 946 406 0.00 0.00 0.00 0.00 0.00 0.00 0.00
motor 0.00 0 0.00 911 445 918 465 0.00 0.00 0.00 0.00 0.00 0.00 0.00
pedestrian 0.00 0 0.00 1005 489 1012 510 0.00 0.00 0.00 0.00 0.00 0.00 0.00
pedestrian 0.00 0 0.00 922 309 929 321 0.00 0.00 0.00 0.00 0.00 0.00 0.00
car 0.00 0 0.00 882 11 890 20 0.00 0.00 0.00 0.00 0.00 0.00 0.00
pedestrian 0.00 0 0.00 884 87 887 96 0.00 0.00 0.00 0.00 0.00 0.00 0.00
car 0.00 0 0.00 888 57 895 64 0.00 0.00 0.00 0.00 0.00 0.00 0.00
car 0.00 0 0.00 886 50 895 57 0.00 0.00 0.00 0.00 0.00 0.00 0.00
car 0.00 0 0.00 865 36 882 44 0.00 0.00 0.00 0.00 0.00 0.00 0.00
motor 0.00 0 0.00 878 55 881 62 0.00 0.00 0.00 0.00 0.00 0.00 0.00
motor 0.00 0 0.00 883 65 886 73 0.00 0.00 0.00 0.00 0.00 0.00 0.00
pedestrian 0.00 0 0.00 901 196 906 208 0.00 0.00 0.00 0.00 0.00 0.00 0.00
car 0.00 0 0.00 926 24 938 32 0.00 0.00 0.00 0.00 0.00 0.00 0.00
car 0.00 0 0.00 927 34 938 42 0.00 0.00 0.00 0.00 0.00 0.00 0.00
people 0.00 0 0.00 879 55 882 59 0.00 0.00 0.00 0.00 0.00 0.00 0.00
people 0.00 0 0.00 883 65 886 69 0.00 0.00 0.00 0.00 0.00 0.00 0.00
people 0.00 0 0.00 910 443 917 455 0.00 0.00 0.00 0.00 0.00 0.00 0.00
