car 0.00 0 0.00 25 144 48 154 0.00 0.00 0.00 0.00 0.00 0.00 0.00
car 0.00 0 0.00 20 154 50 167 0.00 0.00 0.00 0.00 0.00 0.00 0.00
car 0.00 0 0.00 18 202 47 217 0.00 0.00 0.00 0.00 0.00 0.00 0.00
car 0.00 0 0.00 9 265 31 290 0.00 0.00 0.00 0.00 0.00 0.00 0.00
car 0.00 0 0.00 172 454 202 471 0.00 0.00 0.00 0.00 0.00 0.00 0.00
van 0.00 0 0.00 267 878 304 898 0.00 0.00 0.00 0.00 0.00 0.00 0.00
car 0.00 0 0.00 183 824 227 843 0.00 0.00 0.00 0.00 0.00 0.00 0.00
car 0.00 0 0.00 188 801 228 820 0.00 0.00 0.00 0.00 0.00 0.00 0.00
car 0.00 0 0.00 195 779 238 800 0.00 0.00 0.00 0.00 0.00 0.00 0.00
car 0.00 0 0.00 201 755 244 772 0.00 0.00 0.00 0.00 0.00 0.00 0.00
car 0.00 0 0.00 207 733 245 749 0.00 0.00 0.00 0.00 0.00 0.00 0.00
car 0.00 0 0.00 217 453 244 467 0.00 0.00 0.00 0.00 0.00 0.00 0.00
car 0.00 0 0.00 207 193 235 205 0.00 0.00 0.00 0.00 0.00 0.00 0.00
car 0.00 0 0.00 308 190 337 202 0.00 0.00 0.00 0.00 0.00 0.00 0.00
car 0.00 0 0.00 226 113 251 127 0.00 0.00 0.00 0.00 0.00 0.00 0.00
car 0.00 0 0.00 396 14 421 28 0.00 0.00 0.00 0.00 0.00 0.00 0.00
car 0.00 0 0.00 396 23 419 37 0.00 0.00 0.00 0.00 0.00 0.00 0.00
car 0.00 0 0.00 414 84 436 96 0.00 0.00 0.00 0.00 0.00 0.00 0.00
car 0.00 0 0.00 414 92 439 106 0.00 0.00 0.00 0.00 0.00 0.00 0.00
car 0.00 0 0.00 413 143 432 155 0.00 0.00 0.00 0.00 0.00 0.00 0.00
car 0.00 0 0.00 363 156 382 174 0.00 0.00 0.00 0.00 0.00 0.00 0.00
van 0.00 0 0.00 430 495 454 509 0.00 0.00 0.00 0.00 0.00 0.00 0.00
car 0.00 0 0.00 495 591 529 606 0.00 0.00 0.00 0.00 0.00 0.00 0.00
car 0.00 0 0.00 508 640 524 676 0.00 0.00 0.00 0.00 0.00 0.00 0.00
car 0.00 0 0.00 527 640 542 675 0.00 0.00 0.00 0.00 0.00 0.00 0.00
car 0.00 0 0.00 518 680 553 697 0.00 0.00 0.00 0.00 0.00 0.00 0.00
car 0.00 0 0.00 518 699 547 715 0.00 0.00 0.00 0.00 0.00 0.00 0.00
car 0.00 0 0.00 514 719 548 735 0.00 0.00 0.00 0.00 0.00 0.00 0.00
van 0.00 0 0.00 515 764 548 780 0.00 0.00 0.00 0.00 0.00 0.00 0.00
car 0.00 0 0.00 511 787 547 802 0.00 0.00 0.00 0.00 0.00 0.00 0.00
car 0.00 0 0.00 423 911 463 931 0.00 0.00 0.00 0.00 0.00 0.00 0.00
car 0.00 0 0.00 416 934 459 958 0.00 0.00 0.00 0.00 0.00 0.00 0.00
car 0.00 0 0.00 417 962 461 983 0.00 0.00 0.00 0.00 0.00 0.00 0.00
car 0.00 0 0.00 454 962 478 1010 0.00 0.00 0.00 0.00 0.00 0.00 0.00
car 0.00 0 0.00 569 635 598 664 0.00 0.00 0.00 0.00 0.00 0.00 0.00
car 0.00 0 0.00 576 594 607 608 0.00 0.00 0.00 0.00 0.00 0.00 0.00
car 0.00 0 0.00 578 532 610 549 0.00 0.00 0.00 0.00 0.00 0.00 0.00
car 0.00 0 0.00 578 491 607 507 0.00 0.00 0.00 0.00 0.00 0.00 0.00
car 0.00 0 0.00 577 475 611 490 0.00 0.00 0.00 0.00 0.00 0.00 0.00
car 0.00 0 0.00 588 447 617 462 0.00 0.00 0.00 0.00 0.00 0.00 0.00
car 0.00 0 0.00 575 421 608 437 0.00 0.00 0.00 0.00 0.00 0.00 0.00
car 0.00 0 0.00 575 406 606 421 0.00 0.00 0.00 0.00 0.00 0.00 0.00
car 0.00 0 0.00 573 391 606 407 0.00 0.00 0.00 0.00 0.00 0.00 0.00
pedestrian 0.00 0 0.00 579 285 584 293 0.00 0.00 0.00 0.00 0.00 0.00 0.00
car 0.00 0 0.00 607 22 632 36 0.00 0.00 0.00 0.00 0.00 0.00 0.00
car 0.00 0 0.00 606 33 631 46 0.00 0.00 0.00 0.00 0.00 0.00 0.00
car 0.00 0 0.00 607 63 633 76 0.00 0.00 0.00 0.00 0.00 0.00 0.00
car 0.00 0 0.00 608 72 632 86 0.00 0.00 0.00 0.00 0.00 0.00 0.00
car 0.00 0 0.00 609 85 634 100 0.00 0.00 0.00 0.00 0.00 0.00 0.00
car 0.00 0 0.00 734 163 763 178 0.00 0.00 0.00 0.00 0.00 0.00 0.00
truck 0.00 0 0.00 770 159 806 176 0.00 0.00 0.00 0.00 0.00 0.00 0.00
car 0.00 0 0.00 811 195 836 210 0.00 0.00 0.00 0.00 0.00 0.00 0.00
car 0.00 0 0.00 816 22 840 39 0.00 0.00 0.00 0.00 0.00 0.00 0.00
car 0.00 0 0.00 820 49 845 65 0.00 0.00 0.00 0.00 0.00 0.00 0.00
car 0.00 0 0.00 823 60 846 79 0.00 0.00 0.00 0.00 0.00 0.00 0.00
car 0.00 0 0.00 829 70 852 87 0.00 0.00 0.00 0.00 0.00 0.00 0.00
car 0.00 0 0.00 859 157 882 168 0.00 0.00 0.00 0.00 0.00 0.00 0.00
car 0.00 0 0.00 803 233 832 248 0.00 0.00 0.00 0.00 0.00 0.00 0.00
car 0.00 0 0.00 806 249 838 264 0.00 0.00 0.00 0.00 0.00 0.00 0.00
car 0.00 0 0.00 810 264 840 277 0.00 0.00 0.00 0.00 0.00 0.00 0.00
car 0.00 0 0.00 810 277 841 294 0.00 0.00 0.00 0.00 0.00 0.00 0.00
car 0.00 0 0.00 818 306 850 320 0.00 0.00 0.00 0.00 0.00 0.00 0.00
car 0.00 0 0.00 817 319 851 334 0.00 0.00 0.00 0.00 0.00 0.00 0.00
car 0.00 0 0.00 821 332 853 348 0.00 0.00 0.00 0.00 0.00 0.00 0.00
car 0.00 0 0.00 826 345 850 359 0.00 0.00 0.00 0.00 0.00 0.00 0.00
car 0.00 0 0.00 823 360 856 375 0.00 0.00 0.00 0.00 0.00 0.00 0.00
motor 0.00 0 0.00 855 384 866 390 0.00 0.00 0.00 0.00 0.00 0.00 0.00
van 0.00 0 0.00 827 388 859 403 0.00 0.00 0.00 0.00 0.00 0.00 0.00
van 0.00 0 0.00 828 406 854 421 0.00 0.00 0.00 0.00 0.00 0.00 0.00
van 0.00 0 0.00 831 422 861 438 0.00 0.00 0.00 0.00 0.00 0.00 0.00
car 0.00 0 0.00 841 487 874 503 0.00 0.00 0.00 0.00 0.00 0.00 0.00
van 0.00 0 0.00 848 554 880 571 0.00 0.00 0.00 0.00 0.00 0.00 0.00
car 0.00 0 0.00 852 612 890 630 0.00 0.00 0.00 0.00 0.00 0.00 0.00
motor 0.00 0 0.00 853 585 866 592 0.00 0.00 0.00 0.00 0.00 0.00 0.00
motor 0.00 0 0.00 868 584 880 591 0.00 0.00 0.00 0.00 0.00 0.00 0.00
car 0.00 0 0.00 866 682 904 700 0.00 0.00 0.00 0.00 0.00 0.00 0.00
car 0.00 0 0.00 867 723 905 741 0.00 0.00 0.00 0.00 0.00 0.00 0.00
bicycle 0.00 0 0.00 878 746 889 754 0.00 0.00 0.00 0.00 0.00 0.00 0.00
car 0.00 0 0.00 877 807 915 826 0.00 0.00 0.00 0.00 0.00 0.00 0.00
car 0.00 0 0.00 882 854 923 874 0.00 0.00 0.00 0.00 0.00 0.00 0.00
car 0.00 0 0.00 768 870 796 911 0.00 0.00 0.00 0.00 0.00 0.00 0.00
car 0.00 0 0.00 870 910 891 960 0.00 0.00 0.00 0.00 0.00 0.00 0.00
car 0.00 0 0.00 830 942 849 977 0.00 0.00 0.00 0.00 0.00 0.00 0.00
motor 0.00 0 0.00 908 912 922 925 0.00 0.00 0.00 0.00 0.00 0.00 0.00
van 0.00 0 0.00 1028 14 1054 30 0.00 0.00 0.00 0.00 0.00 0.00 0.00
car 0.00 0 0.00 1036 35 1066 48 0.00 0.00 0.00 0.00 0.00 0.00 0.00
car 0.00 0 0.00 1040 45 1068 58 0.00 0.00 0.00 0.00 0.00 0.00 0.00
car 0.00 0 0.00 1066 148 1097 163 0.00 0.00 0.00 0.00 0.00 0.00 0.00
car 0.00 0 0.00 1063 273 1093 294 0.00 0.00 0.00 0.00 0.00 0.00 0.00
car 0.00 0 0.00 1075 310 1108 325 0.00 0.00 0.00 0.00 0.00 0.00 0.00
car 0.00 0 0.00 1082 342 1115 360 0.00 0.00 0.00 0.00 0.00 0.00 0.00
car 0.00 0 0.00 1094 393 1130 414 0.00 0.00 0.00 0.00 0.00 0.00 0.00
car 0.00 0 0.00 1150 535 1190 553 0.00 0.00 0.00 0.00 0.00 0.00 0.00
car 0.00 0 0.00 1140 572 1178 589 0.00 0.00 0.00 0.00 0.00 0.00 0.00
motor 0.00 0 0.00 1158 602 1170 610 0.00 0.00 0.00 0.00 0.00 0.00 0.00
motor 0.00 0 0.00 1175 620 1187 626 0.00 0.00 0.00 0.00 0.00 0.00 0.00
car 0.00 0 0.00 1155 632 1196 651 0.00 0.00 0.00 0.00 0.00 0.00 0.00
car 0.00 0 0.00 1068 687 1089 721 0.00 0.00 0.00 0.00 0.00 0.00 0.00
car 0.00 0 0.00 1171 685 1210 703 0.00 0.00 0.00 0.00 0.00 0.00 0.00
car 0.00 0 0.00 1179 707 1218 724 0.00 0.00 0.00 0.00 0.00 0.00 0.00
car 0.00 0 0.00 1189 754 1233 773 0.00 0.00 0.00 0.00 0.00 0.00 0.00
car 0.00 0 0.00 1192 778 1237 797 0.00 0.00 0.00 0.00 0.00 0.00 0.00
car 0.00 0 0.00 1207 800 1250 820 0.00 0.00 0.00 0.00 0.00 0.00 0.00
car 0.00 0 0.00 1207 821 1253 840 0.00 0.00 0.00 0.00 0.00 0.00 0.00
car 0.00 0 0.00 1204 904 1233 952 0.00 0.00 0.00 0.00 0.00 0.00 0.00
car 0.00 0 0.00 1350 408 1371 440 0.00 0.00 0.00 0.00 0.00 0.00 0.00
motor 0.00 0 0.00 1337 359 1350 364 0.00 0.00 0.00 0.00 0.00 0.00 0.00
car 0.00 0 0.00 1239 222 1273 237 0.00 0.00 0.00 0.00 0.00 0.00 0.00
car 0.00 0 0.00 1235 206 1268 226 0.00 0.00 0.00 0.00 0.00 0.00 0.00
pedestrian 0.00 0 0.00 1223 197 1228 207 0.00 0.00 0.00 0.00 0.00 0.00 0.00
pedestrian 0.00 0 0.00 1229 200 1234 208 0.00 0.00 0.00 0.00 0.00 0.00 0.00
car 0.00 0 0.00 1158 178 1193 195 0.00 0.00 0.00 0.00 0.00 0.00 0.00
car 0.00 0 0.00 1119 178 1152 196 0.00 0.00 0.00 0.00 0.00 0.00 0.00
car 0.00 0 0.00 1262 106 1289 124 0.00 0.00 0.00 0.00 0.00 0.00 0.00
car 0.00 0 0.00 1212 101 1234 125 0.00 0.00 0.00 0.00 0.00 0.00 0.00
car 0.00 0 0.00 1230 37 1251 56 0.00 0.00 0.00 0.00 0.00 0.00 0.00
car 0.00 0 0.00 1239 50 1261 67 0.00 0.00 0.00 0.00 0.00 0.00 0.00
car 0.00 0 0.00 1215 4 1239 19 0.00 0.00 0.00 0.00 0.00 0.00 0.00
