pedestrian 0.00 0 0.00 236 402 258 443 0.00 0.00 0.00 0.00 0.00 0.00 0.00
bicycle 0.00 0 0.00 380 443 421 477 0.00 0.00 0.00 0.00 0.00 0.00 0.00
bicycle 0.00 0 0.00 357 451 391 480 0.00 0.00 0.00 0.00 0.00 0.00 0.00
bicycle 0.00 0 0.00 847 282 872 305 0.00 0.00 0.00 0.00 0.00 0.00 0.00
pedestrian 0.00 0 0.00 1366 225 1388 267 0.00 0.00 0.00 0.00 0.00 0.00 0.00
bicycle 0.00 0 0.00 1189 175 1222 199 0.00 0.00 0.00 0.00 0.00 0.00 0.00
pedestrian 0.00 0 0.00 1178 9 1187 28 0.00 0.00 0.00 0.00 0.00 0.00 0.00
pedestrian 0.00 0 0.00 1106 52 1117 75 0.00 0.00 0.00 0.00 0.00 0.00 0.00
pedestrian 0.00 0 0.00 1079 76 1092 97 0.00 0.00 0.00 0.00 0.00 0.00 0.00
bicycle 0.00 0 0.00 929 150 939 164 0.00 0.00 0.00 0.00 0.00 0.00 0.00
bicycle 0.00 0 0.00 896 165 928 185 0.00 0.00 0.00 0.00 0.00 0.00 0.00
pedestrian 0.00 0 0.00 800 180 814 206 0.00 0.00 0.00 0.00 0.00 0.00 0.00
pedestrian 0.00 0 0.00 767 89 777 117 0.00 0.00 0.00 0.00 0.00 0.00 0.00
pedestrian 0.00 0 0.00 854 94 864 117 0.00 0.00 0.00 0.00 0.00 0.00 0.00
pedestrian 0.00 0 0.00 897 50 906 75 0.00 0.00 0.00 0.00 0.00 0.00 0.00
pedestrian 0.00 0 0.00 975 25 981 39 0.00 0.00 0.00 0.00 0.00 0.00 0.00
pedestrian 0.00 0 0.00 962 27 967 44 0.00 0.00 0.00 0.00 0.00 0.00 0.00
pedestrian 0.00 0 0.00 811 77 819 100 0.00 0.00 0.00 0.00 0.00 0.00 0.00
pedestrian 0.00 0 0.00 783 71 793 97 0.00 0.00 0.00 0.00 0.00 0.00 0.00
pedestrian 0.00 0 0.00 653 74 662 96 0.00 0.00 0.00 0.00 0.00 0.00 0.00
pedestrian 0.00 0 0.00 647 75 659 96 0.00 0.00 0.00 0.00 0.00 0.00 0.00
pedestrian 0.00 0 0.00 643 44 651 63 0.00 0.00 0.00 0.00 0.00 0.00 0.00
pedestrian 0.00 0 0.00 637 45 645 63 0.00 0.00 0.00 0.00 0.00 0.00 0.00
pedestrian 0.00 0 0.00 632 45 639 66 0.00 0.00 0.00 0.00 0.00 0.00 0.00
pedestrian 0.00 0 0.00 615 46 625 65 0.00 0.00 0.00 0.00 0.00 0.00 0.00
pedestrian 0.00 0 0.00 608 46 614 63 0.00 0.00 0.00 0.00 0.00 0.00 0.00
pedestrian 0.00 0 0.00 593 19 601 36 0.00 0.00 0.00 0.00 0.00 0.00 0.00
pedestrian 0.00 0 0.00 504 31 513 49 0.00 0.00 0.00 0.00 0.00 0.00 0.00
pedestrian 0.00 0 0.00 477 26 481 40 0.00 0.00 0.00 0.00 0.00 0.00 0.00
pedestrian 0.00 0 0.00 441 38 451 57 0.00 0.00 0.00 0.00 0.00 0.00 0.00
pedestrian 0.00 0 0.00 594 159 607 183 0.00 0.00 0.00 0.00 0.00 0.00 0.00
