pedestrian 0.00 0 0.00 96 315 104 336 0.00 0.00 0.00 0.00 0.00 0.00 0.00
pedestrian 0.00 0 0.00 103 315 111 335 0.00 0.00 0.00 0.00 0.00 0.00 0.00
pedestrian 0.00 0 0.00 108 314 118 331 0.00 0.00 0.00 0.00 0.00 0.00 0.00
pedestrian 0.00 0 0.00 356 381 366 403 0.00 0.00 0.00 0.00 0.00 0.00 0.00
bicycle 0.00 0 0.00 57 585 106 606 0.00 0.00 0.00 0.00 0.00 0.00 0.00
bicycle 0.00 0 0.00 86 537 127 558 0.00 0.00 0.00 0.00 0.00 0.00 0.00
van 0.00 0 0.00 621 466 656 526 0.00 0.00 0.00 0.00 0.00 0.00 0.00
car 0.00 0 0.00 587 617 630 679 0.00 0.00 0.00 0.00 0.00 0.00 0.00
car 0.00 0 0.00 584 665 663 751 0.00 0.00 0.00 0.00 0.00 0.00 0.00
pedestrian 0.00 0 0.00 645 429 653 453 0.00 0.00 0.00 0.00 0.00 0.00 0.00
pedestrian 0.00 0 0.00 656 425 665 451 0.00 0.00 0.00 0.00 0.00 0.00 0.00
pedestrian 0.00 0 0.00 547 349 556 370 0.00 0.00 0.00 0.00 0.00 0.00 0.00
pedestrian 0.00 0 0.00 699 355 706 374 0.00 0.00 0.00 0.00 0.00 0.00 0.00
pedestrian 0.00 0 0.00 699 345 708 365 0.00 0.00 0.00 0.00 0.00 0.00 0.00
pedestrian 0.00 0 0.00 361 213 365 224 0.00 0.00 0.00 0.00 0.00 0.00 0.00
bicycle 0.00 0 0.00 254 410 264 430 0.00 0.00 0.00 0.00 0.00 0.00 0.00
bicycle 0.00 0 0.00 245 413 253 428 0.00 0.00 0.00 0.00 0.00 0.00 0.00
bicycle 0.00 0 0.00 279 429 296 443 0.00 0.00 0.00 0.00 0.00 0.00 0.00
bicycle 0.00 0 0.00 267 408 278 427 0.00 0.00 0.00 0.00 0.00 0.00 0.00
bicycle 0.00 0 0.00 285 410 291 426 0.00 0.00 0.00 0.00 0.00 0.00 0.00
bicycle 0.00 0 0.00 297 408 306 423 0.00 0.00 0.00 0.00 0.00 0.00 0.00
car 0.00 0 0.00 552 339 607 361 0.00 0.00 0.00 0.00 0.00 0.00 0.00
van 0.00 0 0.00 708 324 739 378 0.00 0.00 0.00 0.00 0.00 0.00 0.00
car 0.00 0 0.00 660 170 671 180 0.00 0.00 0.00 0.00 0.00 0.00 0.00
pedestrian 0.00 0 0.00 657 183 660 190 0.00 0.00 0.00 0.00 0.00 0.00 0.00
pedestrian 0.00 0 0.00 661 183 665 190 0.00 0.00 0.00 0.00 0.00 0.00 0.00
pedestrian 0.00 0 0.00 760 469 768 491 0.00 0.00 0.00 0.00 0.00 0.00 0.00
pedestrian 0.00 0 0.00 770 460 775 483 0.00 0.00 0.00 0.00 0.00 0.00 0.00
motor 0.00 0 0.00 731 473 752 498 0.00 0.00 0.00 0.00 0.00 0.00 0.00
people 0.00 0 0.00 736 469 748 488 0.00 0.00 0.00 0.00 0.00 0.00 0.00
bicycle 0.00 0 0.00 939 922 976 976 0.00 0.00 0.00 0.00 0.00 0.00 0.00
motor 0.00 0 0.00 888 832 936 899 0.00 0.00 0.00 0.00 0.00 0.00 0.00
motor 0.00 0 0.00 899 799 922 850 0.00 0.00 0.00 0.00 0.00 0.00 0.00
pedestrian 0.00 0 0.00 832 811 845 840 0.00 0.00 0.00 0.00 0.00 0.00 0.00
motor 0.00 0 0.00 869 796 884 826 0.00 0.00 0.00 0.00 0.00 0.00 0.00
motor 0.00 0 0.00 886 764 906 801 0.00 0.00 0.00 0.00 0.00 0.00 0.00
awning-tricycle 0.00 0 0.00 877 738 896 767 0.00 0.00 0.00 0.00 0.00 0.00 0.00
pedestrian 0.00 0 0.00 827 649 840 681 0.00 0.00 0.00 0.00 0.00 0.00 0.00
pedestrian 0.00 0 0.00 875 645 890 670 0.00 0.00 0.00 0.00 0.00 0.00 0.00
bicycle 0.00 0 0.00 834 599 849 630 0.00 0.00 0.00 0.00 0.00 0.00 0.00
pedestrian 0.00 0 0.00 815 476 821 499 0.00 0.00 0.00 0.00 0.00 0.00 0.00
pedestrian 0.00 0 0.00 825 486 832 506 0.00 0.00 0.00 0.00 0.00 0.00 0.00
pedestrian 0.00 0 0.00 831 478 838 502 0.00 0.00 0.00 0.00 0.00 0.00 0.00
