pedestrian 0.00 0 0.00 181 913 248 1050 0.00 0.00 0.00 0.00 0.00 0.00 0.00
car 0.00 0 0.00 511 830 860 1010 0.00 0.00 0.00 0.00 0.00 0.00 0.00
car 0.00 0 0.00 704 974 1149 1050 0.00 0.00 0.00 0.00 0.00 0.00 0.00
awning-tricycle 0.00 0 0.00 1062 650 1149 700 0.00 0.00 0.00 0.00 0.00 0.00 0.00
car 0.00 0 0.00 1172 598 1253 630 0.00 0.00 0.00 0.00 0.00 0.00 0.00
car 0.00 0 0.00 1260 575 1303 594 0.00 0.00 0.00 0.00 0.00 0.00 0.00
van 0.00 0 0.00 1209 569 1257 591 0.00 0.00 0.00 0.00 0.00 0.00 0.00
car 0.00 0 0.00 997 579 1052 600 0.00 0.00 0.00 0.00 0.00 0.00 0.00
car 0.00 0 0.00 936 554 972 571 0.00 0.00 0.00 0.00 0.00 0.00 0.00
car 0.00 0 0.00 832 586 888 615 0.00 0.00 0.00 0.00 0.00 0.00 0.00
van 0.00 0 0.00 886 567 923 589 0.00 0.00 0.00 0.00 0.00 0.00 0.00
car 0.00 0 0.00 898 565 934 587 0.00 0.00 0.00 0.00 0.00 0.00 0.00
car 0.00 0 0.00 833 560 862 574 0.00 0.00 0.00 0.00 0.00 0.00 0.00
car 0.00 0 0.00 793 559 821 574 0.00 0.00 0.00 0.00 0.00 0.00 0.00
bus 0.00 0 0.00 751 543 807 567 0.00 0.00 0.00 0.00 0.00 0.00 0.00
car 0.00 0 0.00 736 550 755 560 0.00 0.00 0.00 0.00 0.00 0.00 0.00
car 0.00 0 0.00 608 579 645 606 0.00 0.00 0.00 0.00 0.00 0.00 0.00
car 0.00 0 0.00 691 547 712 560 0.00 0.00 0.00 0.00 0.00 0.00 0.00
car 0.00 0 0.00 608 540 622 549 0.00 0.00 0.00 0.00 0.00 0.00 0.00
car 0.00 0 0.00 567 540 578 547 0.00 0.00 0.00 0.00 0.00 0.00 0.00
car 0.00 0 0.00 531 539 541 547 0.00 0.00 0.00 0.00 0.00 0.00 0.00
bus 0.00 0 0.00 425 555 568 617 0.00 0.00 0.00 0.00 0.00 0.00 0.00
car 0.00 0 0.00 1364 610 1400 644 0.00 0.00 0.00 0.00 0.00 0.00 0.00
