pedestrian 0.00 0 0.00 1341 290 1388 343 0.00 0.00 0.00 0.00 0.00 0.00 0.00
pedestrian 0.00 0 0.00 1364 296 1400 357 0.00 0.00 0.00 0.00 0.00 0.00 0.00
pedestrian 0.00 0 0.00 1377 303 1400 344 0.00 0.00 0.00 0.00 0.00 0.00 0.00
pedestrian 0.00 0 0.00 1128 376 1171 440 0.00 0.00 0.00 0.00 0.00 0.00 0.00
pedestrian 0.00 0 0.00 1169 426 1219 489 0.00 0.00 0.00 0.00 0.00 0.00 0.00
pedestrian 0.00 0 0.00 1198 472 1234 516 0.00 0.00 0.00 0.00 0.00 0.00 0.00
pedestrian 0.00 0 0.00 1109 143 1139 196 0.00 0.00 0.00 0.00 0.00 0.00 0.00
pedestrian 0.00 0 0.00 1040 198 1079 252 0.00 0.00 0.00 0.00 0.00 0.00 0.00
bicycle 0.00 0 0.00 645 201 692 234 0.00 0.00 0.00 0.00 0.00 0.00 0.00
bicycle 0.00 0 0.00 613 210 670 237 0.00 0.00 0.00 0.00 0.00 0.00 0.00
bicycle 0.00 0 0.00 590 157 623 182 0.00 0.00 0.00 0.00 0.00 0.00 0.00
bicycle 0.00 0 0.00 564 168 598 207 0.00 0.00 0.00 0.00 0.00 0.00 0.00
