pedestrian 0.00 0 0.00 86 988 110 1010 0.00 0.00 0.00 0.00 0.00 0.00 0.00
pedestrian 0.00 0 0.00 581 933 595 948 0.00 0.00 0.00 0.00 0.00 0.00 0.00
pedestrian 0.00 0 0.00 735 829 748 849 0.00 0.00 0.00 0.00 0.00 0.00 0.00
pedestrian 0.00 0 0.00 945 676 956 693 0.00 0.00 0.00 0.00 0.00 0.00 0.00
pedestrian 0.00 0 0.00 960 654 971 670 0.00 0.00 0.00 0.00 0.00 0.00 0.00
pedestrian 0.00 0 0.00 743 227 751 242 0.00 0.00 0.00 0.00 0.00 0.00 0.00
pedestrian 0.00 0 0.00 860 512 869 530 0.00 0.00 0.00 0.00 0.00 0.00 0.00
pedestrian 0.00 0 0.00 832 997 848 1019 0.00 0.00 0.00 0.00 0.00 0.00 0.00
bicycle 0.00 0 0.00 852 819 863 845 0.00 0.00 0.00 0.00 0.00 0.00 0.00
bicycle 0.00 0 0.00 872 985 898 995 0.00 0.00 0.00 0.00 0.00 0.00 0.00
bicycle 0.00 0 0.00 863 872 874 900 0.00 0.00 0.00 0.00 0.00 0.00 0.00
bicycle 0.00 0 0.00 846 522 852 540 0.00 0.00 0.00 0.00 0.00 0.00 0.00
bicycle 0.00 0 0.00 799 223 815 235 0.00 0.00 0.00 0.00 0.00 0.00 0.00
