car 0.00 0 0.00 811 818 856 895 0.00 0.00 0.00 0.00 0.00 0.00 0.00
car 0.00 0 0.00 990 366 1019 397 0.00 0.00 0.00 0.00 0.00 0.00 0.00
car 0.00 0 0.00 1010 336 1050 357 0.00 0.00 0.00 0.00 0.00 0.00 0.00
car 0.00 0 0.00 1038 300 1079 316 0.00 0.00 0.00 0.00 0.00 0.00 0.00
van 0.00 0 0.00 1126 309 1155 326 0.00 0.00 0.00 0.00 0.00 0.00 0.00
truck 0.00 0 0.00 1077 341 1137 370 0.00 0.00 0.00 0.00 0.00 0.00 0.00
truck 0.00 0 0.00 1168 282 1232 308 0.00 0.00 0.00 0.00 0.00 0.00 0.00
truck 0.00 0 0.00 1176 247 1213 278 0.00 0.00 0.00 0.00 0.00 0.00 0.00
truck 0.00 0 0.00 1385 285 1400 306 0.00 0.00 0.00 0.00 0.00 0.00 0.00
truck 0.00 0 0.00 1146 242 1182 279 0.00 0.00 0.00 0.00 0.00 0.00 0.00
truck 0.00 0 0.00 1054 319 1163 356 0.00 0.00 0.00 0.00 0.00 0.00 0.00
truck 0.00 0 0.00 1127 246 1160 280 0.00 0.00 0.00 0.00 0.00 0.00 0.00
truck 0.00 0 0.00 651 192 673 226 0.00 0.00 0.00 0.00 0.00 0.00 0.00
pedestrian 0.00 0 0.00 1311 290 1320 305 0.00 0.00 0.00 0.00 0.00 0.00 0.00
car 0.00 0 0.00 1002 416 1034 445 0.00 0.00 0.00 0.00 0.00 0.00 0.00
bicycle 0.00 0 0.00 676 247 683 257 0.00 0.00 0.00 0.00 0.00 0.00 0.00
bicycle 0.00 0 0.00 636 180 642 190 0.00 0.00 0.00 0.00 0.00 0.00 0.00
tricycle 0.00 0 0.00 635 193 643 205 0.00 0.00 0.00 0.00 0.00 0.00 0.00
car 0.00 0 0.00 628 105 638 117 0.00 0.00 0.00 0.00 0.00 0.00 0.00
car 0.00 0 0.00 614 72 622 83 0.00 0.00 0.00 0.00 0.00 0.00 0.00
car 0.00 0 0.00 587 58 596 67 0.00 0.00 0.00 0.00 0.00 0.00 0.00
