pedestrian 0.00 0 0.00 67 253 73 264 0.00 0.00 0.00 0.00 0.00 0.00 0.00
car 0.00 0 0.00 77 293 98 309 0.00 0.00 0.00 0.00 0.00 0.00 0.00
truck 0.00 0 0.00 37 390 77 417 0.00 0.00 0.00 0.00 0.00 0.00 0.00
van 0.00 0 0.00 64 468 110 491 0.00 0.00 0.00 0.00 0.00 0.00 0.00
van 0.00 0 0.00 223 417 266 439 0.00 0.00 0.00 0.00 0.00 0.00 0.00
car 0.00 0 0.00 178 435 212 453 0.00 0.00 0.00 0.00 0.00 0.00 0.00
car 0.00 0 0.00 123 453 161 472 0.00 0.00 0.00 0.00 0.00 0.00 0.00
car 0.00 0 0.00 287 403 324 418 0.00 0.00 0.00 0.00 0.00 0.00 0.00
car 0.00 0 0.00 358 358 382 368 0.00 0.00 0.00 0.00 0.00 0.00 0.00
car 0.00 0 0.00 539 329 569 344 0.00 0.00 0.00 0.00 0.00 0.00 0.00
truck 0.00 0 0.00 330 362 404 403 0.00 0.00 0.00 0.00 0.00 0.00 0.00
van 0.00 0 0.00 410 362 445 381 0.00 0.00 0.00 0.00 0.00 0.00 0.00
bus 0.00 0 0.00 153 402 214 433 0.00 0.00 0.00 0.00 0.00 0.00 0.00
bus 0.00 0 0.00 399 322 478 365 0.00 0.00 0.00 0.00 0.00 0.00 0.00
bus 0.00 0 0.00 449 344 496 371 0.00 0.00 0.00 0.00 0.00 0.00 0.00
bus 0.00 0 0.00 481 303 550 346 0.00 0.00 0.00 0.00 0.00 0.00 0.00
van 0.00 0 0.00 499 335 530 356 0.00 0.00 0.00 0.00 0.00 0.00 0.00
van 0.00 0 0.00 558 311 584 326 0.00 0.00 0.00 0.00 0.00 0.00 0.00
bus 0.00 0 0.00 608 299 634 321 0.00 0.00 0.00 0.00 0.00 0.00 0.00
car 0.00 0 0.00 578 317 605 332 0.00 0.00 0.00 0.00 0.00 0.00 0.00
car 0.00 0 0.00 513 384 544 403 0.00 0.00 0.00 0.00 0.00 0.00 0.00
car 0.00 0 0.00 545 9 554 20 0.00 0.00 0.00 0.00 0.00 0.00 0.00
car 0.00 0 0.00 527 12 536 20 0.00 0.00 0.00 0.00 0.00 0.00 0.00
car 0.00 0 0.00 573 138 586 152 0.00 0.00 0.00 0.00 0.00 0.00 0.00
bus 0.00 0 0.00 513 0 526 11 0.00 0.00 0.00 0.00 0.00 0.00 0.00
car 0.00 0 0.00 656 226 675 245 0.00 0.00 0.00 0.00 0.00 0.00 0.00
car 0.00 0 0.00 704 296 725 321 0.00 0.00 0.00 0.00 0.00 0.00 0.00
truck 0.00 0 0.00 639 163 667 205 0.00 0.00 0.00 0.00 0.00 0.00 0.00
truck 0.00 0 0.00 585 90 603 113 0.00 0.00 0.00 0.00 0.00 0.00 0.00
car 0.00 0 0.00 791 529 820 562 0.00 0.00 0.00 0.00 0.00 0.00 0.00
car 0.00 0 0.00 834 491 865 530 0.00 0.00 0.00 0.00 0.00 0.00 0.00
van 0.00 0 0.00 850 471 880 507 0.00 0.00 0.00 0.00 0.00 0.00 0.00
car 0.00 0 0.00 734 244 759 259 0.00 0.00 0.00 0.00 0.00 0.00 0.00
car 0.00 0 0.00 786 248 808 259 0.00 0.00 0.00 0.00 0.00 0.00 0.00
car 0.00 0 0.00 756 256 779 269 0.00 0.00 0.00 0.00 0.00 0.00 0.00
car 0.00 0 0.00 730 264 754 278 0.00 0.00 0.00 0.00 0.00 0.00 0.00
car 0.00 0 0.00 790 226 812 238 0.00 0.00 0.00 0.00 0.00 0.00 0.00
car 0.00 0 0.00 835 221 852 233 0.00 0.00 0.00 0.00 0.00 0.00 0.00
car 0.00 0 0.00 822 217 843 229 0.00 0.00 0.00 0.00 0.00 0.00 0.00
truck 0.00 0 0.00 809 236 846 259 0.00 0.00 0.00 0.00 0.00 0.00 0.00
truck 0.00 0 0.00 852 215 879 234 0.00 0.00 0.00 0.00 0.00 0.00 0.00
bus 0.00 0 0.00 785 194 843 229 0.00 0.00 0.00 0.00 0.00 0.00 0.00
bus 0.00 0 0.00 730 216 784 248 0.00 0.00 0.00 0.00 0.00 0.00 0.00
bus 0.00 0 0.00 670 112 693 138 0.00 0.00 0.00 0.00 0.00 0.00 0.00
car 0.00 0 0.00 849 134 869 149 0.00 0.00 0.00 0.00 0.00 0.00 0.00
car 0.00 0 0.00 925 172 943 184 0.00 0.00 0.00 0.00 0.00 0.00 0.00
truck 0.00 0 0.00 806 115 840 142 0.00 0.00 0.00 0.00 0.00 0.00 0.00
car 0.00 0 0.00 671 58 688 72 0.00 0.00 0.00 0.00 0.00 0.00 0.00
car 0.00 0 0.00 712 149 722 157 0.00 0.00 0.00 0.00 0.00 0.00 0.00
car 0.00 0 0.00 967 200 987 215 0.00 0.00 0.00 0.00 0.00 0.00 0.00
car 0.00 0 0.00 989 200 1013 219 0.00 0.00 0.00 0.00 0.00 0.00 0.00
car 0.00 0 0.00 1021 229 1038 243 0.00 0.00 0.00 0.00 0.00 0.00 0.00
car 0.00 0 0.00 1065 240 1091 260 0.00 0.00 0.00 0.00 0.00 0.00 0.00
car 0.00 0 0.00 1121 281 1148 300 0.00 0.00 0.00 0.00 0.00 0.00 0.00
car 0.00 0 0.00 1065 290 1093 307 0.00 0.00 0.00 0.00 0.00 0.00 0.00
car 0.00 0 0.00 1096 297 1125 315 0.00 0.00 0.00 0.00 0.00 0.00 0.00
car 0.00 0 0.00 1203 382 1236 402 0.00 0.00 0.00 0.00 0.00 0.00 0.00
car 0.00 0 0.00 1027 293 1052 308 0.00 0.00 0.00 0.00 0.00 0.00 0.00
car 0.00 0 0.00 1039 265 1066 280 0.00 0.00 0.00 0.00 0.00 0.00 0.00
car 0.00 0 0.00 1046 273 1062 289 0.00 0.00 0.00 0.00 0.00 0.00 0.00
truck 0.00 0 0.00 1017 267 1052 295 0.00 0.00 0.00 0.00 0.00 0.00 0.00
van 0.00 0 0.00 998 274 1027 293 0.00 0.00 0.00 0.00 0.00 0.00 0.00
van 0.00 0 0.00 1132 326 1164 344 0.00 0.00 0.00 0.00 0.00 0.00 0.00
truck 0.00 0 0.00 1145 340 1193 373 0.00 0.00 0.00 0.00 0.00 0.00 0.00
car 0.00 0 0.00 1180 341 1209 360 0.00 0.00 0.00 0.00 0.00 0.00 0.00
car 0.00 0 0.00 1192 327 1221 350 0.00 0.00 0.00 0.00 0.00 0.00 0.00
car 0.00 0 0.00 1266 427 1304 451 0.00 0.00 0.00 0.00 0.00 0.00 0.00
car 0.00 0 0.00 1345 432 1382 456 0.00 0.00 0.00 0.00 0.00 0.00 0.00
van 0.00 0 0.00 1258 337 1290 363 0.00 0.00 0.00 0.00 0.00 0.00 0.00
truck 0.00 0 0.00 1267 396 1324 433 0.00 0.00 0.00 0.00 0.00 0.00 0.00
van 0.00 0 0.00 1377 474 1400 501 0.00 0.00 0.00 0.00 0.00 0.00 0.00
van 0.00 0 0.00 1183 96 1200 107 0.00 0.00 0.00 0.00 0.00 0.00 0.00
bus 0.00 0 0.00 1353 75 1378 92 0.00 0.00 0.00 0.00 0.00 0.00 0.00
car 0.00 0 0.00 1215 54 1230 62 0.00 0.00 0.00 0.00 0.00 0.00 0.00
car 0.00 0 0.00 1229 50 1245 59 0.00 0.00 0.00 0.00 0.00 0.00 0.00
car 0.00 0 0.00 1234 47 1251 56 0.00 0.00 0.00 0.00 0.00 0.00 0.00
car 0.00 0 0.00 1248 45 1258 53 0.00 0.00 0.00 0.00 0.00 0.00 0.00
car 0.00 0 0.00 866 32 874 43 0.00 0.00 0.00 0.00 0.00 0.00 0.00
car 0.00 0 0.00 625 34 638 44 0.00 0.00 0.00 0.00 0.00 0.00 0.00
pedestrian 0.00 0 0.00 468 107 471 114 0.00 0.00 0.00 0.00 0.00 0.00 0.00
pedestrian 0.00 0 0.00 454 110 459 116 0.00 0.00 0.00 0.00 0.00 0.00 0.00
pedestrian 0.00 0 0.00 445 113 450 120 0.00 0.00 0.00 0.00 0.00 0.00 0.00
pedestrian 0.00 0 0.00 438 111 443 118 0.00 0.00 0.00 0.00 0.00 0.00 0.00
pedestrian 0.00 0 0.00 449 104 452 112 0.00 0.00 0.00 0.00 0.00 0.00 0.00
pedestrian 0.00 0 0.00 443 106 448 110 0.00 0.00 0.00 0.00 0.00 0.00 0.00
people 0.00 0 0.00 352 569 358 582 0.00 0.00 0.00 0.00 0.00 0.00 0.00
pedestrian 0.00 0 0.00 643 468 648 478 0.00 0.00 0.00 0.00 0.00 0.00 0.00
pedestrian 0.00 0 0.00 758 184 763 192 0.00 0.00 0.00 0.00 0.00 0.00 0.00
car 0.00 0 0.00 831 51 870 68 0.00 0.00 0.00 0.00 0.00 0.00 0.00
pedestrian 0.00 0 0.00 847 172 851 181 0.00 0.00 0.00 0.00 0.00 0.00 0.00
pedestrian 0.00 0 0.00 853 160 856 167 0.00 0.00 0.00 0.00 0.00 0.00 0.00
pedestrian 0.00 0 0.00 861 165 866 172 0.00 0.00 0.00 0.00 0.00 0.00 0.00
pedestrian 0.00 0 0.00 827 176 829 183 0.00 0.00 0.00 0.00 0.00 0.00 0.00
pedestrian 0.00 0 0.00 834 171 837 175 0.00 0.00 0.00 0.00 0.00 0.00 0.00
bus 0.00 0 0.00 1233 134 1258 154 0.00 0.00 0.00 0.00 0.00 0.00 0.00
bus 0.00 0 0.00 1109 90 1127 101 0.00 0.00 0.00 0.00 0.00 0.00 0.00
pedestrian 0.00 0 0.00 1127 248 1133 258 0.00 0.00 0.00 0.00 0.00 0.00 0.00
pedestrian 0.00 0 0.00 1111 209 1114 218 0.00 0.00 0.00 0.00 0.00 0.00 0.00
pedestrian 0.00 0 0.00 1118 206 1121 213 0.00 0.00 0.00 0.00 0.00 0.00 0.00
pedestrian 0.00 0 0.00 1095 226 1099 233 0.00 0.00 0.00 0.00 0.00 0.00 0.00
pedestrian 0.00 0 0.00 1089 226 1093 232 0.00 0.00 0.00 0.00 0.00 0.00 0.00
pedestrian 0.00 0 0.00 1124 207 1128 215 0.00 0.00 0.00 0.00 0.00 0.00 0.00
pedestrian 0.00 0 0.00 1198 278 1201 287 0.00 0.00 0.00 0.00 0.00 0.00 0.00
pedestrian 0.00 0 0.00 1351 354 1357 364 0.00 0.00 0.00 0.00 0.00 0.00 0.00
pedestrian 0.00 0 0.00 960 332 962 340 0.00 0.00 0.00 0.00 0.00 0.00 0.00
pedestrian 0.00 0 0.00 962 336 965 344 0.00 0.00 0.00 0.00 0.00 0.00 0.00
