car 0.00 0 0.00 815 24 844 56 0.00 0.00 0.00 0.00 0.00 0.00 0.00
car 0.00 0 0.00 844 103 878 142 0.00 0.00 0.00 0.00 0.00 0.00 0.00
car 0.00 0 0.00 760 322 811 393 0.00 0.00 0.00 0.00 0.00 0.00 0.00
car 0.00 0 0.00 910 267 966 335 0.00 0.00 0.00 0.00 0.00 0.00 0.00
van 0.00 0 0.00 712 460 772 553 0.00 0.00 0.00 0.00 0.00 0.00 0.00
car 0.00 0 0.00 3 99 99 130 0.00 0.00 0.00 0.00 0.00 0.00 0.00
truck 0.00 0 0.00 1157 61 1239 126 0.00 0.00 0.00 0.00 0.00 0.00 0.00
pedestrian 0.00 0 0.00 1158 19 1164 36 0.00 0.00 0.00 0.00 0.00 0.00 0.00
people 0.00 0 0.00 1151 20 1157 35 0.00 0.00 0.00 0.00 0.00 0.00 0.00
truck 0.00 0 0.00 1586 389 1879 581 0.00 0.00 0.00 0.00 0.00 0.00 0.00
van 0.00 0 0.00 1128 1274 1344 1500 0.00 0.00 0.00 0.00 0.00 0.00 0.00
