car 0.00 0 0.00 0 892 62 999 0.00 0.00 0.00 0.00 0.00 0.00 0.00
car 0.00 0 0.00 573 947 670 1033 0.00 0.00 0.00 0.00 0.00 0.00 0.00
car 0.00 0 0.00 763 859 841 941 0.00 0.00 0.00 0.00 0.00 0.00 0.00
car 0.00 0 0.00 746 818 820 885 0.00 0.00 0.00 0.00 0.00 0.00 0.00
motor 0.00 0 0.00 601 824 624 855 0.00 0.00 0.00 0.00 0.00 0.00 0.00
motor 0.00 0 0.00 583 795 616 823 0.00 0.00 0.00 0.00 0.00 0.00 0.00
motor 0.00 0 0.00 1000 1003 1023 1043 0.00 0.00 0.00 0.00 0.00 0.00 0.00
car 0.00 0 0.00 1343 411 1383 458 0.00 0.00 0.00 0.00 0.00 0.00 0.00
people 0.00 0 0.00 591 797 611 817 0.00 0.00 0.00 0.00 0.00 0.00 0.00
people 0.00 0 0.00 606 825 623 845 0.00 0.00 0.00 0.00 0.00 0.00 0.00
people 0.00 0 0.00 1001 1000 1031 1027 0.00 0.00 0.00 0.00 0.00 0.00 0.00
