car 0.00 0 0.00 826 53 836 62 0.00 0.00 0.00 0.00 0.00 0.00 0.00
car 0.00 0 0.00 815 56 831 68 0.00 0.00 0.00 0.00 0.00 0.00 0.00
car 0.00 0 0.00 791 62 813 72 0.00 0.00 0.00 0.00 0.00 0.00 0.00
car 0.00 0 0.00 788 59 807 68 0.00 0.00 0.00 0.00 0.00 0.00 0.00
car 0.00 0 0.00 814 96 839 107 0.00 0.00 0.00 0.00 0.00 0.00 0.00
motor 0.00 0 0.00 795 78 806 84 0.00 0.00 0.00 0.00 0.00 0.00 0.00
pedestrian 0.00 0 0.00 739 160 745 168 0.00 0.00 0.00 0.00 0.00 0.00 0.00
pedestrian 0.00 0 0.00 777 160 781 167 0.00 0.00 0.00 0.00 0.00 0.00 0.00
truck 0.00 0 0.00 695 161 760 189 0.00 0.00 0.00 0.00 0.00 0.00 0.00
van 0.00 0 0.00 714 201 751 219 0.00 0.00 0.00 0.00 0.00 0.00 0.00
car 0.00 0 0.00 663 201 699 219 0.00 0.00 0.00 0.00 0.00 0.00 0.00
motor 0.00 0 0.00 792 294 801 309 0.00 0.00 0.00 0.00 0.00 0.00 0.00
motor 0.00 0 0.00 768 286 781 300 0.00 0.00 0.00 0.00 0.00 0.00 0.00
motor 0.00 0 0.00 754 280 765 294 0.00 0.00 0.00 0.00 0.00 0.00 0.00
motor 0.00 0 0.00 735 279 749 294 0.00 0.00 0.00 0.00 0.00 0.00 0.00
motor 0.00 0 0.00 731 278 742 290 0.00 0.00 0.00 0.00 0.00 0.00 0.00
motor 0.00 0 0.00 726 273 737 285 0.00 0.00 0.00 0.00 0.00 0.00 0.00
motor 0.00 0 0.00 721 269 729 282 0.00 0.00 0.00 0.00 0.00 0.00 0.00
motor 0.00 0 0.00 680 261 687 275 0.00 0.00 0.00 0.00 0.00 0.00 0.00
motor 0.00 0 0.00 672 259 681 276 0.00 0.00 0.00 0.00 0.00 0.00 0.00
motor 0.00 0 0.00 661 262 669 277 0.00 0.00 0.00 0.00 0.00 0.00 0.00
motor 0.00 0 0.00 654 263 660 277 0.00 0.00 0.00 0.00 0.00 0.00 0.00
motor 0.00 0 0.00 648 266 656 283 0.00 0.00 0.00 0.00 0.00 0.00 0.00
motor 0.00 0 0.00 640 269 647 285 0.00 0.00 0.00 0.00 0.00 0.00 0.00
car 0.00 0 0.00 752 342 804 367 0.00 0.00 0.00 0.00 0.00 0.00 0.00
truck 0.00 0 0.00 740 367 802 392 0.00 0.00 0.00 0.00 0.00 0.00 0.00
truck 0.00 0 0.00 739 386 802 412 0.00 0.00 0.00 0.00 0.00 0.00 0.00
car 0.00 0 0.00 742 405 799 430 0.00 0.00 0.00 0.00 0.00 0.00 0.00
car 0.00 0 0.00 645 387 679 417 0.00 0.00 0.00 0.00 0.00 0.00 0.00
motor 0.00 0 0.00 618 360 640 371 0.00 0.00 0.00 0.00 0.00 0.00 0.00
motor 0.00 0 0.00 637 364 657 375 0.00 0.00 0.00 0.00 0.00 0.00 0.00
motor 0.00 0 0.00 639 371 657 382 0.00 0.00 0.00 0.00 0.00 0.00 0.00
motor 0.00 0 0.00 637 377 655 387 0.00 0.00 0.00 0.00 0.00 0.00 0.00
motor 0.00 0 0.00 614 370 636 380 0.00 0.00 0.00 0.00 0.00 0.00 0.00
motor 0.00 0 0.00 612 377 634 388 0.00 0.00 0.00 0.00 0.00 0.00 0.00
motor 0.00 0 0.00 603 386 628 398 0.00 0.00 0.00 0.00 0.00 0.00 0.00
motor 0.00 0 0.00 608 396 624 405 0.00 0.00 0.00 0.00 0.00 0.00 0.00
motor 0.00 0 0.00 599 400 619 414 0.00 0.00 0.00 0.00 0.00 0.00 0.00
car 0.00 0 0.00 741 436 794 462 0.00 0.00 0.00 0.00 0.00 0.00 0.00
van 0.00 0 0.00 724 448 790 484 0.00 0.00 0.00 0.00 0.00 0.00 0.00
car 0.00 0 0.00 715 478 781 507 0.00 0.00 0.00 0.00 0.00 0.00 0.00
truck 0.00 0 0.00 701 502 775 532 0.00 0.00 0.00 0.00 0.00 0.00 0.00
car 0.00 0 0.00 710 525 780 561 0.00 0.00 0.00 0.00 0.00 0.00 0.00
van 0.00 0 0.00 697 552 765 590 0.00 0.00 0.00 0.00 0.00 0.00 0.00
car 0.00 0 0.00 689 580 747 610 0.00 0.00 0.00 0.00 0.00 0.00 0.00
car 0.00 0 0.00 684 603 743 637 0.00 0.00 0.00 0.00 0.00 0.00 0.00
car 0.00 0 0.00 673 633 735 669 0.00 0.00 0.00 0.00 0.00 0.00 0.00
motor 0.00 0 0.00 560 464 586 485 0.00 0.00 0.00 0.00 0.00 0.00 0.00
awning-tricycle 0.00 0 0.00 586 502 604 534 0.00 0.00 0.00 0.00 0.00 0.00 0.00
motor 0.00 0 0.00 545 519 569 534 0.00 0.00 0.00 0.00 0.00 0.00 0.00
motor 0.00 0 0.00 550 531 573 545 0.00 0.00 0.00 0.00 0.00 0.00 0.00
car 0.00 0 0.00 510 539 576 572 0.00 0.00 0.00 0.00 0.00 0.00 0.00
car 0.00 0 0.00 511 564 561 599 0.00 0.00 0.00 0.00 0.00 0.00 0.00
car 0.00 0 0.00 486 592 551 628 0.00 0.00 0.00 0.00 0.00 0.00 0.00
car 0.00 0 0.00 472 617 538 654 0.00 0.00 0.00 0.00 0.00 0.00 0.00
car 0.00 0 0.00 457 649 519 690 0.00 0.00 0.00 0.00 0.00 0.00 0.00
car 0.00 0 0.00 439 680 505 721 0.00 0.00 0.00 0.00 0.00 0.00 0.00
car 0.00 0 0.00 431 716 489 757 0.00 0.00 0.00 0.00 0.00 0.00 0.00
car 0.00 0 0.00 646 716 733 762 0.00 0.00 0.00 0.00 0.00 0.00 0.00
car 0.00 0 0.00 631 759 726 808 0.00 0.00 0.00 0.00 0.00 0.00 0.00
car 0.00 0 0.00 283 957 365 1015 0.00 0.00 0.00 0.00 0.00 0.00 0.00
motor 0.00 0 0.00 333 1010 385 1037 0.00 0.00 0.00 0.00 0.00 0.00 0.00
motor 0.00 0 0.00 280 1010 328 1035 0.00 0.00 0.00 0.00 0.00 0.00 0.00
car 0.00 0 0.00 254 1022 357 1049 0.00 0.00 0.00 0.00 0.00 0.00 0.00
people 0.00 0 0.00 907 263 912 274 0.00 0.00 0.00 0.00 0.00 0.00 0.00
motor 0.00 0 0.00 904 266 914 280 0.00 0.00 0.00 0.00 0.00 0.00 0.00
truck 0.00 0 0.00 1030 463 1074 549 0.00 0.00 0.00 0.00 0.00 0.00 0.00
truck 0.00 0 0.00 862 525 902 604 0.00 0.00 0.00 0.00 0.00 0.00 0.00
truck 0.00 0 0.00 1103 165 1139 191 0.00 0.00 0.00 0.00 0.00 0.00 0.00
car 0.00 0 0.00 1145 132 1176 146 0.00 0.00 0.00 0.00 0.00 0.00 0.00
