bus 0.00 0 0.00 844 1 915 67 0.00 0.00 0.00 0.00 0.00 0.00 0.00
car 0.00 0 0.00 928 327 999 446 0.00 0.00 0.00 0.00 0.00 0.00 0.00
awning-tricycle 0.00 0 0.00 722 325 753 399 0.00 0.00 0.00 0.00 0.00 0.00 0.00
pedestrian 0.00 0 0.00 179 107 203 151 0.00 0.00 0.00 0.00 0.00 0.00 0.00
pedestrian 0.00 0 0.00 113 9 131 32 0.00 0.00 0.00 0.00 0.00 0.00 0.00
pedestrian 0.00 0 0.00 534 127 552 169 0.00 0.00 0.00 0.00 0.00 0.00 0.00
pedestrian 0.00 0 0.00 554 128 569 167 0.00 0.00 0.00 0.00 0.00 0.00 0.00
pedestrian 0.00 0 0.00 553 178 570 218 0.00 0.00 0.00 0.00 0.00 0.00 0.00
pedestrian 0.00 0 0.00 581 183 598 220 0.00 0.00 0.00 0.00 0.00 0.00 0.00
pedestrian 0.00 0 0.00 572 173 590 212 0.00 0.00 0.00 0.00 0.00 0.00 0.00
motor 0.00 0 0.00 639 170 668 205 0.00 0.00 0.00 0.00 0.00 0.00 0.00
people 0.00 0 0.00 644 161 663 199 0.00 0.00 0.00 0.00 0.00 0.00 0.00
pedestrian 0.00 0 0.00 732 351 757 386 0.00 0.00 0.00 0.00 0.00 0.00 0.00
pedestrian 0.00 0 0.00 705 318 718 360 0.00 0.00 0.00 0.00 0.00 0.00 0.00
pedestrian 0.00 0 0.00 715 281 727 317 0.00 0.00 0.00 0.00 0.00 0.00 0.00
pedestrian 0.00 0 0.00 618 958 645 999 0.00 0.00 0.00 0.00 0.00 0.00 0.00
motor 0.00 0 0.00 668 1005 694 1049 0.00 0.00 0.00 0.00 0.00 0.00 0.00
people 0.00 0 0.00 663 1033 693 1050 0.00 0.00 0.00 0.00 0.00 0.00 0.00
