car 0.00 0 0.00 383 901 463 1050 0.00 0.00 0.00 0.00 0.00 0.00 0.00
car 0.00 0 0.00 423 714 496 856 0.00 0.00 0.00 0.00 0.00 0.00 0.00
car 0.00 0 0.00 319 503 440 569 0.00 0.00 0.00 0.00 0.00 0.00 0.00
car 0.00 0 0.00 697 300 752 416 0.00 0.00 0.00 0.00 0.00 0.00 0.00
car 0.00 0 0.00 616 273 671 387 0.00 0.00 0.00 0.00 0.00 0.00 0.00
car 0.00 0 0.00 556 106 610 211 0.00 0.00 0.00 0.00 0.00 0.00 0.00
car 0.00 0 0.00 511 79 563 177 0.00 0.00 0.00 0.00 0.00 0.00 0.00
pedestrian 0.00 0 0.00 121 260 160 299 0.00 0.00 0.00 0.00 0.00 0.00 0.00
pedestrian 0.00 0 0.00 94 312 138 350 0.00 0.00 0.00 0.00 0.00 0.00 0.00
people 0.00 0 0.00 106 375 131 401 0.00 0.00 0.00 0.00 0.00 0.00 0.00
pedestrian 0.00 0 0.00 454 44 473 77 0.00 0.00 0.00 0.00 0.00 0.00 0.00
motor 0.00 0 0.00 328 314 375 338 0.00 0.00 0.00 0.00 0.00 0.00 0.00
motor 0.00 0 0.00 333 250 381 282 0.00 0.00 0.00 0.00 0.00 0.00 0.00
bicycle 0.00 0 0.00 348 210 377 251 0.00 0.00 0.00 0.00 0.00 0.00 0.00
car 0.00 0 0.00 1020 925 1085 1050 0.00 0.00 0.00 0.00 0.00 0.00 0.00
bicycle 0.00 0 0.00 966 819 984 872 0.00 0.00 0.00 0.00 0.00 0.00 0.00
people 0.00 0 0.00 966 833 986 860 0.00 0.00 0.00 0.00 0.00 0.00 0.00
awning-tricycle 0.00 0 0.00 1076 685 1110 756 0.00 0.00 0.00 0.00 0.00 0.00 0.00
car 0.00 0 0.00 989 564 1054 694 0.00 0.00 0.00 0.00 0.00 0.00 0.00
car 0.00 0 0.00 992 398 1048 512 0.00 0.00 0.00 0.00 0.00 0.00 0.00
car 0.00 0 0.00 988 268 1038 364 0.00 0.00 0.00 0.00 0.00 0.00 0.00
car 0.00 0 0.00 982 135 1035 241 0.00 0.00 0.00 0.00 0.00 0.00 0.00
car 0.00 0 0.00 979 25 1029 116 0.00 0.00 0.00 0.00 0.00 0.00 0.00
van 0.00 0 0.00 852 0 896 65 0.00 0.00 0.00 0.00 0.00 0.00 0.00
pedestrian 0.00 0 0.00 1137 514 1166 544 0.00 0.00 0.00 0.00 0.00 0.00 0.00
pedestrian 0.00 0 0.00 1114 493 1141 526 0.00 0.00 0.00 0.00 0.00 0.00 0.00
pedestrian 0.00 0 0.00 1091 533 1119 557 0.00 0.00 0.00 0.00 0.00 0.00 0.00
bicycle 0.00 0 0.00 1069 526 1112 558 0.00 0.00 0.00 0.00 0.00 0.00 0.00
car 0.00 0 0.00 528 0 575 60 0.00 0.00 0.00 0.00 0.00 0.00 0.00
car 0.00 0 0.00 478 0 522 67 0.00 0.00 0.00 0.00 0.00 0.00 0.00
motor 0.00 0 0.00 235 765 275 810 0.00 0.00 0.00 0.00 0.00 0.00 0.00
