car 0.00 0 0.00 489 706 543 778 0.00 0.00 0.00 0.00 0.00 0.00 0.00
car 0.00 0 0.00 446 648 500 711 0.00 0.00 0.00 0.00 0.00 0.00 0.00
car 0.00 0 0.00 256 557 317 609 0.00 0.00 0.00 0.00 0.00 0.00 0.00
car 0.00 0 0.00 626 424 666 466 0.00 0.00 0.00 0.00 0.00 0.00 0.00
car 0.00 0 0.00 803 278 829 307 0.00 0.00 0.00 0.00 0.00 0.00 0.00
car 0.00 0 0.00 800 180 823 198 0.00 0.00 0.00 0.00 0.00 0.00 0.00
van 0.00 0 0.00 788 150 812 174 0.00 0.00 0.00 0.00 0.00 0.00 0.00
car 0.00 0 0.00 938 31 955 44 0.00 0.00 0.00 0.00 0.00 0.00 0.00
car 0.00 0 0.00 1022 154 1041 176 0.00 0.00 0.00 0.00 0.00 0.00 0.00
car 0.00 0 0.00 1065 27 1083 39 0.00 0.00 0.00 0.00 0.00 0.00 0.00
