car 0.00 0 0.00 1478 1337 1698 1497 0.00 0.00 0.00 0.00 0.00 0.00 0.00
car 0.00 0 0.00 858 1462 1181 1498 0.00 0.00 0.00 0.00 0.00 0.00 0.00
car 0.00 0 0.00 845 1282 1150 1425 0.00 0.00 0.00 0.00 0.00 0.00 0.00
car 0.00 0 0.00 744 1168 1023 1275 0.00 0.00 0.00 0.00 0.00 0.00 0.00
car 0.00 0 0.00 1006 999 1136 1171 0.00 0.00 0.00 0.00 0.00 0.00 0.00
car 0.00 0 0.00 700 982 897 1084 0.00 0.00 0.00 0.00 0.00 0.00 0.00
car 0.00 0 0.00 1460 948 1642 1126 0.00 0.00 0.00 0.00 0.00 0.00 0.00
pedestrian 0.00 0 0.00 972 928 1008 994 0.00 0.00 0.00 0.00 0.00 0.00 0.00
pedestrian 0.00 0 0.00 900 903 928 980 0.00 0.00 0.00 0.00 0.00 0.00 0.00
pedestrian 0.00 0 0.00 856 940 889 993 0.00 0.00 0.00 0.00 0.00 0.00 0.00
van 0.00 0 0.00 1361 729 1447 838 0.00 0.00 0.00 0.00 0.00 0.00 0.00
van 0.00 0 0.00 1279 729 1366 856 0.00 0.00 0.00 0.00 0.00 0.00 0.00
car 0.00 0 0.00 882 767 950 874 0.00 0.00 0.00 0.00 0.00 0.00 0.00
car 0.00 0 0.00 992 759 1068 855 0.00 0.00 0.00 0.00 0.00 0.00 0.00
car 0.00 0 0.00 1257 667 1366 733 0.00 0.00 0.00 0.00 0.00 0.00 0.00
car 0.00 0 0.00 1124 639 1202 752 0.00 0.00 0.00 0.00 0.00 0.00 0.00
van 0.00 0 0.00 1051 658 1116 767 0.00 0.00 0.00 0.00 0.00 0.00 0.00
van 0.00 0 0.00 1208 603 1307 689 0.00 0.00 0.00 0.00 0.00 0.00 0.00
van 0.00 0 0.00 1245 542 1362 606 0.00 0.00 0.00 0.00 0.00 0.00 0.00
van 0.00 0 0.00 888 642 1022 692 0.00 0.00 0.00 0.00 0.00 0.00 0.00
van 0.00 0 0.00 789 620 936 670 0.00 0.00 0.00 0.00 0.00 0.00 0.00
van 0.00 0 0.00 781 597 926 640 0.00 0.00 0.00 0.00 0.00 0.00 0.00
van 0.00 0 0.00 792 563 926 608 0.00 0.00 0.00 0.00 0.00 0.00 0.00
van 0.00 0 0.00 800 519 946 578 0.00 0.00 0.00 0.00 0.00 0.00 0.00
truck 0.00 0 0.00 951 527 1021 611 0.00 0.00 0.00 0.00 0.00 0.00 0.00
van 0.00 0 0.00 1135 421 1190 468 0.00 0.00 0.00 0.00 0.00 0.00 0.00
van 0.00 0 0.00 1084 381 1152 419 0.00 0.00 0.00 0.00 0.00 0.00 0.00
car 0.00 0 0.00 907 475 983 526 0.00 0.00 0.00 0.00 0.00 0.00 0.00
car 0.00 0 0.00 799 457 889 497 0.00 0.00 0.00 0.00 0.00 0.00 0.00
car 0.00 0 0.00 889 442 972 480 0.00 0.00 0.00 0.00 0.00 0.00 0.00
car 0.00 0 0.00 1098 344 1179 384 0.00 0.00 0.00 0.00 0.00 0.00 0.00
car 0.00 0 0.00 920 344 955 404 0.00 0.00 0.00 0.00 0.00 0.00 0.00
car 0.00 0 0.00 1461 425 1513 468 0.00 0.00 0.00 0.00 0.00 0.00 0.00
car 0.00 0 0.00 1366 378 1403 420 0.00 0.00 0.00 0.00 0.00 0.00 0.00
car 0.00 0 0.00 1675 486 1731 534 0.00 0.00 0.00 0.00 0.00 0.00 0.00
car 0.00 0 0.00 1745 474 1794 540 0.00 0.00 0.00 0.00 0.00 0.00 0.00
car 0.00 0 0.00 1700 536 1796 590 0.00 0.00 0.00 0.00 0.00 0.00 0.00
car 0.00 0 0.00 1727 600 1789 640 0.00 0.00 0.00 0.00 0.00 0.00 0.00
car 0.00 0 0.00 1804 475 1869 531 0.00 0.00 0.00 0.00 0.00 0.00 0.00
car 0.00 0 0.00 1882 484 1914 523 0.00 0.00 0.00 0.00 0.00 0.00 0.00
truck 0.00 0 0.00 1272 294 1377 352 0.00 0.00 0.00 0.00 0.00 0.00 0.00
truck 0.00 0 0.00 1051 309 1162 364 0.00 0.00 0.00 0.00 0.00 0.00 0.00
car 0.00 0 0.00 978 292 1007 317 0.00 0.00 0.00 0.00 0.00 0.00 0.00
car 0.00 0 0.00 1028 287 1095 314 0.00 0.00 0.00 0.00 0.00 0.00 0.00
car 0.00 0 0.00 1010 273 1075 296 0.00 0.00 0.00 0.00 0.00 0.00 0.00
car 0.00 0 0.00 988 241 1058 275 0.00 0.00 0.00 0.00 0.00 0.00 0.00
car 0.00 0 0.00 983 215 1010 238 0.00 0.00 0.00 0.00 0.00 0.00 0.00
car 0.00 0 0.00 939 193 962 220 0.00 0.00 0.00 0.00 0.00 0.00 0.00
car 0.00 0 0.00 894 217 911 245 0.00 0.00 0.00 0.00 0.00 0.00 0.00
car 0.00 0 0.00 902 200 921 225 0.00 0.00 0.00 0.00 0.00 0.00 0.00
car 0.00 0 0.00 897 185 912 202 0.00 0.00 0.00 0.00 0.00 0.00 0.00
car 0.00 0 0.00 966 193 990 206 0.00 0.00 0.00 0.00 0.00 0.00 0.00
car 0.00 0 0.00 989 189 1023 204 0.00 0.00 0.00 0.00 0.00 0.00 0.00
car 0.00 0 0.00 981 182 1015 192 0.00 0.00 0.00 0.00 0.00 0.00 0.00
pedestrian 0.00 0 0.00 920 196 935 220 0.00 0.00 0.00 0.00 0.00 0.00 0.00
pedestrian 0.00 0 0.00 974 205 985 225 0.00 0.00 0.00 0.00 0.00 0.00 0.00
pedestrian 0.00 0 0.00 929 147 942 161 0.00 0.00 0.00 0.00 0.00 0.00 0.00
pedestrian 0.00 0 0.00 1190 406 1202 448 0.00 0.00 0.00 0.00 0.00 0.00 0.00
