awning-tricycle 0.00 0 0.00 902 929 1033 1037 0.00 0.00 0.00 0.00 0.00 0.00 0.00
truck 0.00 0 0.00 985 602 1148 827 0.00 0.00 0.00 0.00 0.00 0.00 0.00
pedestrian 0.00 0 0.00 796 1012 845 1050 0.00 0.00 0.00 0.00 0.00 0.00 0.00
motor 0.00 0 0.00 808 985 858 1050 0.00 0.00 0.00 0.00 0.00 0.00 0.00
bicycle 0.00 0 0.00 1319 863 1400 881 0.00 0.00 0.00 0.00 0.00 0.00 0.00
pedestrian 0.00 0 0.00 1296 483 1347 537 0.00 0.00 0.00 0.00 0.00 0.00 0.00
pedestrian 0.00 0 0.00 1210 483 1261 543 0.00 0.00 0.00 0.00 0.00 0.00 0.00
pedestrian 0.00 0 0.00 722 331 750 390 0.00 0.00 0.00 0.00 0.00 0.00 0.00
pedestrian 0.00 0 0.00 652 233 673 283 0.00 0.00 0.00 0.00 0.00 0.00 0.00
pedestrian 0.00 0 0.00 704 196 727 246 0.00 0.00 0.00 0.00 0.00 0.00 0.00
pedestrian 0.00 0 0.00 641 144 669 192 0.00 0.00 0.00 0.00 0.00 0.00 0.00
pedestrian 0.00 0 0.00 1049 192 1076 246 0.00 0.00 0.00 0.00 0.00 0.00 0.00
pedestrian 0.00 0 0.00 1086 199 1119 252 0.00 0.00 0.00 0.00 0.00 0.00 0.00
people 0.00 0 0.00 1261 268 1292 318 0.00 0.00 0.00 0.00 0.00 0.00 0.00
people 0.00 0 0.00 1002 515 1049 579 0.00 0.00 0.00 0.00 0.00 0.00 0.00
motor 0.00 0 0.00 990 523 1049 584 0.00 0.00 0.00 0.00 0.00 0.00 0.00
bicycle 0.00 0 0.00 1243 281 1294 319 0.00 0.00 0.00 0.00 0.00 0.00 0.00
truck 0.00 0 0.00 1273 221 1400 301 0.00 0.00 0.00 0.00 0.00 0.00 0.00
van 0.00 0 0.00 1083 274 1240 358 0.00 0.00 0.00 0.00 0.00 0.00 0.00
truck 0.00 0 0.00 484 413 638 638 0.00 0.00 0.00 0.00 0.00 0.00 0.00
truck 0.00 0 0.00 481 320 681 420 0.00 0.00 0.00 0.00 0.00 0.00 0.00
people 0.00 0 0.00 667 371 695 424 0.00 0.00 0.00 0.00 0.00 0.00 0.00
truck 0.00 0 0.00 763 11 980 238 0.00 0.00 0.00 0.00 0.00 0.00 0.00
truck 0.00 0 0.00 876 55 1021 117 0.00 0.00 0.00 0.00 0.00 0.00 0.00
truck 0.00 0 0.00 911 0 969 55 0.00 0.00 0.00 0.00 0.00 0.00 0.00
car 0.00 0 0.00 704 58 751 121 0.00 0.00 0.00 0.00 0.00 0.00 0.00
car 0.00 0 0.00 701 14 743 70 0.00 0.00 0.00 0.00 0.00 0.00 0.00
pedestrian 0.00 0 0.00 671 40 686 82 0.00 0.00 0.00 0.00 0.00 0.00 0.00
pedestrian 0.00 0 0.00 653 45 667 84 0.00 0.00 0.00 0.00 0.00 0.00 0.00
van 0.00 0 0.00 605 34 660 89 0.00 0.00 0.00 0.00 0.00 0.00 0.00
awning-tricycle 0.00 0 0.00 604 157 673 189 0.00 0.00 0.00 0.00 0.00 0.00 0.00
