pedestrian 0.00 0 0.00 75 184 95 220 0.00 0.00 0.00 0.00 0.00 0.00 0.00
pedestrian 0.00 0 0.00 177 203 194 240 0.00 0.00 0.00 0.00 0.00 0.00 0.00
car 0.00 0 0.00 83 219 137 273 0.00 0.00 0.00 0.00 0.00 0.00 0.00
car 0.00 0 0.00 104 253 163 348 0.00 0.00 0.00 0.00 0.00 0.00 0.00
pedestrian 0.00 0 0.00 104 327 127 366 0.00 0.00 0.00 0.00 0.00 0.00 0.00
pedestrian 0.00 0 0.00 82 353 107 395 0.00 0.00 0.00 0.00 0.00 0.00 0.00
car 0.00 0 0.00 263 4 299 30 0.00 0.00 0.00 0.00 0.00 0.00 0.00
car 0.00 0 0.00 270 37 305 64 0.00 0.00 0.00 0.00 0.00 0.00 0.00
car 0.00 0 0.00 307 37 339 66 0.00 0.00 0.00 0.00 0.00 0.00 0.00
car 0.00 0 0.00 294 49 332 86 0.00 0.00 0.00 0.00 0.00 0.00 0.00
car 0.00 0 0.00 329 49 372 86 0.00 0.00 0.00 0.00 0.00 0.00 0.00
car 0.00 0 0.00 366 70 410 111 0.00 0.00 0.00 0.00 0.00 0.00 0.00
car 0.00 0 0.00 406 56 453 97 0.00 0.00 0.00 0.00 0.00 0.00 0.00
car 0.00 0 0.00 449 59 496 91 0.00 0.00 0.00 0.00 0.00 0.00 0.00
car 0.00 0 0.00 485 51 523 89 0.00 0.00 0.00 0.00 0.00 0.00 0.00
car 0.00 0 0.00 388 121 430 160 0.00 0.00 0.00 0.00 0.00 0.00 0.00
car 0.00 0 0.00 424 115 468 152 0.00 0.00 0.00 0.00 0.00 0.00 0.00
car 0.00 0 0.00 454 106 494 141 0.00 0.00 0.00 0.00 0.00 0.00 0.00
car 0.00 0 0.00 503 203 573 253 0.00 0.00 0.00 0.00 0.00 0.00 0.00
car 0.00 0 0.00 526 183 593 227 0.00 0.00 0.00 0.00 0.00 0.00 0.00
van 0.00 0 0.00 583 210 653 275 0.00 0.00 0.00 0.00 0.00 0.00 0.00
car 0.00 0 0.00 661 266 744 337 0.00 0.00 0.00 0.00 0.00 0.00 0.00
car 0.00 0 0.00 740 333 832 403 0.00 0.00 0.00 0.00 0.00 0.00 0.00
car 0.00 0 0.00 425 356 520 413 0.00 0.00 0.00 0.00 0.00 0.00 0.00
car 0.00 0 0.00 440 403 583 488 0.00 0.00 0.00 0.00 0.00 0.00 0.00
car 0.00 0 0.00 463 440 620 533 0.00 0.00 0.00 0.00 0.00 0.00 0.00
car 0.00 0 0.00 707 536 837 654 0.00 0.00 0.00 0.00 0.00 0.00 0.00
car 0.00 0 0.00 837 455 969 544 0.00 0.00 0.00 0.00 0.00 0.00 0.00
car 0.00 0 0.00 841 395 959 482 0.00 0.00 0.00 0.00 0.00 0.00 0.00
car 0.00 0 0.00 959 461 1101 579 0.00 0.00 0.00 0.00 0.00 0.00 0.00
car 0.00 0 0.00 904 692 1076 860 0.00 0.00 0.00 0.00 0.00 0.00 0.00
pedestrian 0.00 0 0.00 994 832 1034 887 0.00 0.00 0.00 0.00 0.00 0.00 0.00
car 0.00 0 0.00 1097 901 1321 1050 0.00 0.00 0.00 0.00 0.00 0.00 0.00
pedestrian 0.00 0 0.00 623 937 654 1024 0.00 0.00 0.00 0.00 0.00 0.00 0.00
car 0.00 0 0.00 551 158 609 201 0.00 0.00 0.00 0.00 0.00 0.00 0.00
car 0.00 0 0.00 602 153 667 192 0.00 0.00 0.00 0.00 0.00 0.00 0.00
motor 0.00 0 0.00 98 915 163 985 0.00 0.00 0.00 0.00 0.00 0.00 0.00
motor 0.00 0 0.00 126 866 208 926 0.00 0.00 0.00 0.00 0.00 0.00 0.00
car 0.00 0 0.00 1018 4 1063 26 0.00 0.00 0.00 0.00 0.00 0.00 0.00
car 0.00 0 0.00 1012 26 1055 51 0.00 0.00 0.00 0.00 0.00 0.00 0.00
car 0.00 0 0.00 1066 24 1086 46 0.00 0.00 0.00 0.00 0.00 0.00 0.00
