car 0.00 0 0.00 401 38 435 63 0.00 0.00 0.00 0.00 0.00 0.00 0.00
car 0.00 0 0.00 420 115 439 153 0.00 0.00 0.00 0.00 0.00 0.00 0.00
car 0.00 0 0.00 158 272 200 292 0.00 0.00 0.00 0.00 0.00 0.00 0.00
car 0.00 0 0.00 483 129 516 160 0.00 0.00 0.00 0.00 0.00 0.00 0.00
car 0.00 0 0.00 476 40 492 76 0.00 0.00 0.00 0.00 0.00 0.00 0.00
car 0.00 0 0.00 493 275 510 311 0.00 0.00 0.00 0.00 0.00 0.00 0.00
car 0.00 0 0.00 516 538 535 574 0.00 0.00 0.00 0.00 0.00 0.00 0.00
car 0.00 0 0.00 523 585 542 626 0.00 0.00 0.00 0.00 0.00 0.00 0.00
car 0.00 0 0.00 526 644 548 686 0.00 0.00 0.00 0.00 0.00 0.00 0.00
car 0.00 0 0.00 568 981 587 1019 0.00 0.00 0.00 0.00 0.00 0.00 0.00
car 0.00 0 0.00 894 976 915 1016 0.00 0.00 0.00 0.00 0.00 0.00 0.00
car 0.00 0 0.00 917 974 935 1016 0.00 0.00 0.00 0.00 0.00 0.00 0.00
car 0.00 0 0.00 869 788 904 806 0.00 0.00 0.00 0.00 0.00 0.00 0.00
car 0.00 0 0.00 872 770 908 788 0.00 0.00 0.00 0.00 0.00 0.00 0.00
car 0.00 0 0.00 869 745 907 764 0.00 0.00 0.00 0.00 0.00 0.00 0.00
car 0.00 0 0.00 877 719 913 741 0.00 0.00 0.00 0.00 0.00 0.00 0.00
van 0.00 0 0.00 860 700 901 716 0.00 0.00 0.00 0.00 0.00 0.00 0.00
van 0.00 0 0.00 864 679 903 696 0.00 0.00 0.00 0.00 0.00 0.00 0.00
van 0.00 0 0.00 873 647 904 663 0.00 0.00 0.00 0.00 0.00 0.00 0.00
car 0.00 0 0.00 903 526 942 547 0.00 0.00 0.00 0.00 0.00 0.00 0.00
car 0.00 0 0.00 970 510 1010 531 0.00 0.00 0.00 0.00 0.00 0.00 0.00
car 0.00 0 0.00 1020 604 1056 622 0.00 0.00 0.00 0.00 0.00 0.00 0.00
car 0.00 0 0.00 1066 613 1099 629 0.00 0.00 0.00 0.00 0.00 0.00 0.00
car 0.00 0 0.00 1145 538 1191 558 0.00 0.00 0.00 0.00 0.00 0.00 0.00
car 0.00 0 0.00 1251 553 1288 571 0.00 0.00 0.00 0.00 0.00 0.00 0.00
car 0.00 0 0.00 1199 633 1238 648 0.00 0.00 0.00 0.00 0.00 0.00 0.00
car 0.00 0 0.00 1241 637 1278 655 0.00 0.00 0.00 0.00 0.00 0.00 0.00
car 0.00 0 0.00 1363 654 1400 672 0.00 0.00 0.00 0.00 0.00 0.00 0.00
truck 0.00 0 0.00 823 769 843 809 0.00 0.00 0.00 0.00 0.00 0.00 0.00
motor 0.00 0 0.00 537 840 546 856 0.00 0.00 0.00 0.00 0.00 0.00 0.00
motor 0.00 0 0.00 489 588 498 602 0.00 0.00 0.00 0.00 0.00 0.00 0.00
motor 0.00 0 0.00 487 389 495 406 0.00 0.00 0.00 0.00 0.00 0.00 0.00
motor 0.00 0 0.00 492 443 501 459 0.00 0.00 0.00 0.00 0.00 0.00 0.00
car 0.00 0 0.00 825 158 866 179 0.00 0.00 0.00 0.00 0.00 0.00 0.00
motor 0.00 0 0.00 808 295 820 310 0.00 0.00 0.00 0.00 0.00 0.00 0.00
motor 0.00 0 0.00 823 285 839 292 0.00 0.00 0.00 0.00 0.00 0.00 0.00
motor 0.00 0 0.00 823 292 840 298 0.00 0.00 0.00 0.00 0.00 0.00 0.00
motor 0.00 0 0.00 822 297 839 304 0.00 0.00 0.00 0.00 0.00 0.00 0.00
motor 0.00 0 0.00 825 234 836 238 0.00 0.00 0.00 0.00 0.00 0.00 0.00
motor 0.00 0 0.00 825 237 835 242 0.00 0.00 0.00 0.00 0.00 0.00 0.00
motor 0.00 0 0.00 824 241 836 247 0.00 0.00 0.00 0.00 0.00 0.00 0.00
motor 0.00 0 0.00 825 245 836 252 0.00 0.00 0.00 0.00 0.00 0.00 0.00
motor 0.00 0 0.00 839 606 848 621 0.00 0.00 0.00 0.00 0.00 0.00 0.00
motor 0.00 0 0.00 802 703 809 719 0.00 0.00 0.00 0.00 0.00 0.00 0.00
motor 0.00 0 0.00 837 697 845 713 0.00 0.00 0.00 0.00 0.00 0.00 0.00
motor 0.00 0 0.00 817 620 824 635 0.00 0.00 0.00 0.00 0.00 0.00 0.00
motor 0.00 0 0.00 848 751 854 768 0.00 0.00 0.00 0.00 0.00 0.00 0.00
motor 0.00 0 0.00 864 902 871 914 0.00 0.00 0.00 0.00 0.00 0.00 0.00
motor 0.00 0 0.00 846 986 854 1002 0.00 0.00 0.00 0.00 0.00 0.00 0.00
pedestrian 0.00 0 0.00 762 153 768 166 0.00 0.00 0.00 0.00 0.00 0.00 0.00
pedestrian 0.00 0 0.00 784 49 789 58 0.00 0.00 0.00 0.00 0.00 0.00 0.00
