pedestrian 0.00 0 0.00 405 271 430 300 0.00 0.00 0.00 0.00 0.00 0.00 0.00
pedestrian 0.00 0 0.00 370 235 393 270 0.00 0.00 0.00 0.00 0.00 0.00 0.00
pedestrian 0.00 0 0.00 657 391 672 422 0.00 0.00 0.00 0.00 0.00 0.00 0.00
pedestrian 0.00 0 0.00 617 369 629 399 0.00 0.00 0.00 0.00 0.00 0.00 0.00
pedestrian 0.00 0 0.00 633 364 651 393 0.00 0.00 0.00 0.00 0.00 0.00 0.00
bicycle 0.00 0 0.00 263 211 296 236 0.00 0.00 0.00 0.00 0.00 0.00 0.00
people 0.00 0 0.00 287 224 307 252 0.00 0.00 0.00 0.00 0.00 0.00 0.00
people 0.00 0 0.00 258 273 281 300 0.00 0.00 0.00 0.00 0.00 0.00 0.00
people 0.00 0 0.00 400 467 421 491 0.00 0.00 0.00 0.00 0.00 0.00 0.00
pedestrian 0.00 0 0.00 398 478 420 509 0.00 0.00 0.00 0.00 0.00 0.00 0.00
pedestrian 0.00 0 0.00 420 500 442 531 0.00 0.00 0.00 0.00 0.00 0.00 0.00
pedestrian 0.00 0 0.00 449 493 467 527 0.00 0.00 0.00 0.00 0.00 0.00 0.00
pedestrian 0.00 0 0.00 444 469 458 497 0.00 0.00 0.00 0.00 0.00 0.00 0.00
pedestrian 0.00 0 0.00 227 542 253 567 0.00 0.00 0.00 0.00 0.00 0.00 0.00
pedestrian 0.00 0 0.00 253 533 271 562 0.00 0.00 0.00 0.00 0.00 0.00 0.00
pedestrian 0.00 0 0.00 267 542 287 576 0.00 0.00 0.00 0.00 0.00 0.00 0.00
pedestrian 0.00 0 0.00 254 561 278 591 0.00 0.00 0.00 0.00 0.00 0.00 0.00
pedestrian 0.00 0 0.00 379 805 416 837 0.00 0.00 0.00 0.00 0.00 0.00 0.00
pedestrian 0.00 0 0.00 408 796 437 832 0.00 0.00 0.00 0.00 0.00 0.00 0.00
motor 0.00 0 0.00 417 738 464 770 0.00 0.00 0.00 0.00 0.00 0.00 0.00
bicycle 0.00 0 0.00 417 885 472 907 0.00 0.00 0.00 0.00 0.00 0.00 0.00
pedestrian 0.00 0 0.00 307 994 337 1021 0.00 0.00 0.00 0.00 0.00 0.00 0.00
people 0.00 0 0.00 612 698 637 735 0.00 0.00 0.00 0.00 0.00 0.00 0.00
pedestrian 0.00 0 0.00 579 417 599 447 0.00 0.00 0.00 0.00 0.00 0.00 0.00
pedestrian 0.00 0 0.00 636 432 654 468 0.00 0.00 0.00 0.00 0.00 0.00 0.00
pedestrian 0.00 0 0.00 684 432 703 465 0.00 0.00 0.00 0.00 0.00 0.00 0.00
bicycle 0.00 0 0.00 665 260 691 290 0.00 0.00 0.00 0.00 0.00 0.00 0.00
motor 0.00 0 0.00 694 221 708 251 0.00 0.00 0.00 0.00 0.00 0.00 0.00
tricycle 0.00 0 0.00 704 205 723 222 0.00 0.00 0.00 0.00 0.00 0.00 0.00
tricycle 0.00 0 0.00 807 237 842 261 0.00 0.00 0.00 0.00 0.00 0.00 0.00
pedestrian 0.00 0 0.00 806 284 822 324 0.00 0.00 0.00 0.00 0.00 0.00 0.00
pedestrian 0.00 0 0.00 754 145 774 183 0.00 0.00 0.00 0.00 0.00 0.00 0.00
pedestrian 0.00 0 0.00 878 180 889 216 0.00 0.00 0.00 0.00 0.00 0.00 0.00
pedestrian 0.00 0 0.00 890 194 905 230 0.00 0.00 0.00 0.00 0.00 0.00 0.00
pedestrian 0.00 0 0.00 937 262 947 292 0.00 0.00 0.00 0.00 0.00 0.00 0.00
pedestrian 0.00 0 0.00 1060 243 1077 274 0.00 0.00 0.00 0.00 0.00 0.00 0.00
pedestrian 0.00 0 0.00 1067 257 1083 288 0.00 0.00 0.00 0.00 0.00 0.00 0.00
pedestrian 0.00 0 0.00 1020 299 1033 331 0.00 0.00 0.00 0.00 0.00 0.00 0.00
people 0.00 0 0.00 1019 469 1031 493 0.00 0.00 0.00 0.00 0.00 0.00 0.00
bicycle 0.00 0 0.00 977 638 1011 694 0.00 0.00 0.00 0.00 0.00 0.00 0.00
pedestrian 0.00 0 0.00 1267 120 1287 160 0.00 0.00 0.00 0.00 0.00 0.00 0.00
pedestrian 0.00 0 0.00 1314 0 1338 24 0.00 0.00 0.00 0.00 0.00 0.00 0.00
people 0.00 0 0.00 1260 270 1279 303 0.00 0.00 0.00 0.00 0.00 0.00 0.00
people 0.00 0 0.00 1246 263 1258 293 0.00 0.00 0.00 0.00 0.00 0.00 0.00
pedestrian 0.00 0 0.00 1222 419 1245 450 0.00 0.00 0.00 0.00 0.00 0.00 0.00
pedestrian 0.00 0 0.00 1248 441 1273 475 0.00 0.00 0.00 0.00 0.00 0.00 0.00
pedestrian 0.00 0 0.00 1178 416 1203 454 0.00 0.00 0.00 0.00 0.00 0.00 0.00
pedestrian 0.00 0 0.00 1213 460 1236 496 0.00 0.00 0.00 0.00 0.00 0.00 0.00
bicycle 0.00 0 0.00 1169 476 1203 507 0.00 0.00 0.00 0.00 0.00 0.00 0.00
people 0.00 0 0.00 1339 390 1352 421 0.00 0.00 0.00 0.00 0.00 0.00 0.00
people 0.00 0 0.00 1313 379 1335 407 0.00 0.00 0.00 0.00 0.00 0.00 0.00
pedestrian 0.00 0 0.00 1093 537 1111 564 0.00 0.00 0.00 0.00 0.00 0.00 0.00
pedestrian 0.00 0 0.00 1096 526 1116 555 0.00 0.00 0.00 0.00 0.00 0.00 0.00
pedestrian 0.00 0 0.00 1199 630 1235 659 0.00 0.00 0.00 0.00 0.00 0.00 0.00
pedestrian 0.00 0 0.00 1260 563 1285 597 0.00 0.00 0.00 0.00 0.00 0.00 0.00
pedestrian 0.00 0 0.00 1127 700 1158 730 0.00 0.00 0.00 0.00 0.00 0.00 0.00
pedestrian 0.00 0 0.00 1129 680 1153 699 0.00 0.00 0.00 0.00 0.00 0.00 0.00
pedestrian 0.00 0 0.00 1225 731 1254 752 0.00 0.00 0.00 0.00 0.00 0.00 0.00
pedestrian 0.00 0 0.00 1273 740 1304 772 0.00 0.00 0.00 0.00 0.00 0.00 0.00
people 0.00 0 0.00 1243 792 1275 814 0.00 0.00 0.00 0.00 0.00 0.00 0.00
people 0.00 0 0.00 1331 861 1349 903 0.00 0.00 0.00 0.00 0.00 0.00 0.00
people 0.00 0 0.00 1226 916 1258 956 0.00 0.00 0.00 0.00 0.00 0.00 0.00
people 0.00 0 0.00 1192 933 1224 959 0.00 0.00 0.00 0.00 0.00 0.00 0.00
people 0.00 0 0.00 1321 927 1353 956 0.00 0.00 0.00 0.00 0.00 0.00 0.00
people 0.00 0 0.00 1351 905 1392 936 0.00 0.00 0.00 0.00 0.00 0.00 0.00
people 0.00 0 0.00 746 246 764 275 0.00 0.00 0.00 0.00 0.00 0.00 0.00
