pedestrian 0.00 0 0.00 381 456 396 489 0.00 0.00 0.00 0.00 0.00 0.00 0.00
pedestrian 0.00 0 0.00 363 443 382 477 0.00 0.00 0.00 0.00 0.00 0.00 0.00
pedestrian 0.00 0 0.00 297 762 337 787 0.00 0.00 0.00 0.00 0.00 0.00 0.00
pedestrian 0.00 0 0.00 496 317 511 339 0.00 0.00 0.00 0.00 0.00 0.00 0.00
pedestrian 0.00 0 0.00 269 288 279 310 0.00 0.00 0.00 0.00 0.00 0.00 0.00
pedestrian 0.00 0 0.00 270 286 284 309 0.00 0.00 0.00 0.00 0.00 0.00 0.00
pedestrian 0.00 0 0.00 650 447 661 476 0.00 0.00 0.00 0.00 0.00 0.00 0.00
pedestrian 0.00 0 0.00 614 179 622 203 0.00 0.00 0.00 0.00 0.00 0.00 0.00
pedestrian 0.00 0 0.00 1114 364 1125 392 0.00 0.00 0.00 0.00 0.00 0.00 0.00
pedestrian 0.00 0 0.00 1129 361 1149 393 0.00 0.00 0.00 0.00 0.00 0.00 0.00
pedestrian 0.00 0 0.00 1115 356 1130 385 0.00 0.00 0.00 0.00 0.00 0.00 0.00
pedestrian 0.00 0 0.00 980 353 991 369 0.00 0.00 0.00 0.00 0.00 0.00 0.00
pedestrian 0.00 0 0.00 985 339 997 364 0.00 0.00 0.00 0.00 0.00 0.00 0.00
pedestrian 0.00 0 0.00 1006 331 1019 357 0.00 0.00 0.00 0.00 0.00 0.00 0.00
bicycle 0.00 0 0.00 673 447 695 476 0.00 0.00 0.00 0.00 0.00 0.00 0.00
bicycle 0.00 0 0.00 617 395 642 421 0.00 0.00 0.00 0.00 0.00 0.00 0.00
bicycle 0.00 0 0.00 604 335 618 353 0.00 0.00 0.00 0.00 0.00 0.00 0.00
bicycle 0.00 0 0.00 611 251 619 271 0.00 0.00 0.00 0.00 0.00 0.00 0.00
bicycle 0.00 0 0.00 596 293 604 312 0.00 0.00 0.00 0.00 0.00 0.00 0.00
