car 0.00 0 0.00 932 824 977 910 0.00 0.00 0.00 0.00 0.00 0.00 0.00
car 0.00 0 0.00 920 742 965 822 0.00 0.00 0.00 0.00 0.00 0.00 0.00
car 0.00 0 0.00 873 754 913 833 0.00 0.00 0.00 0.00 0.00 0.00 0.00
van 0.00 0 0.00 811 754 856 839 0.00 0.00 0.00 0.00 0.00 0.00 0.00
car 0.00 0 0.00 761 763 803 839 0.00 0.00 0.00 0.00 0.00 0.00 0.00
bicycle 0.00 0 0.00 735 840 751 872 0.00 0.00 0.00 0.00 0.00 0.00 0.00
motor 0.00 0 0.00 723 833 738 872 0.00 0.00 0.00 0.00 0.00 0.00 0.00
truck 0.00 0 0.00 891 545 945 648 0.00 0.00 0.00 0.00 0.00 0.00 0.00
car 0.00 0 0.00 850 530 887 582 0.00 0.00 0.00 0.00 0.00 0.00 0.00
car 0.00 0 0.00 895 520 920 558 0.00 0.00 0.00 0.00 0.00 0.00 0.00
car 0.00 0 0.00 875 474 919 523 0.00 0.00 0.00 0.00 0.00 0.00 0.00
car 0.00 0 0.00 847 478 878 527 0.00 0.00 0.00 0.00 0.00 0.00 0.00
van 0.00 0 0.00 841 426 871 478 0.00 0.00 0.00 0.00 0.00 0.00 0.00
truck 0.00 0 0.00 875 410 916 475 0.00 0.00 0.00 0.00 0.00 0.00 0.00
van 0.00 0 0.00 876 376 902 416 0.00 0.00 0.00 0.00 0.00 0.00 0.00
car 0.00 0 0.00 861 325 889 363 0.00 0.00 0.00 0.00 0.00 0.00 0.00
car 0.00 0 0.00 858 272 885 308 0.00 0.00 0.00 0.00 0.00 0.00 0.00
car 0.00 0 0.00 1160 274 1193 304 0.00 0.00 0.00 0.00 0.00 0.00 0.00
car 0.00 0 0.00 1196 271 1230 300 0.00 0.00 0.00 0.00 0.00 0.00 0.00
car 0.00 0 0.00 1232 264 1270 303 0.00 0.00 0.00 0.00 0.00 0.00 0.00
car 0.00 0 0.00 1402 490 1459 539 0.00 0.00 0.00 0.00 0.00 0.00 0.00
van 0.00 0 0.00 1604 268 1647 301 0.00 0.00 0.00 0.00 0.00 0.00 0.00
car 0.00 0 0.00 1578 276 1624 310 0.00 0.00 0.00 0.00 0.00 0.00 0.00
car 0.00 0 0.00 1482 243 1540 272 0.00 0.00 0.00 0.00 0.00 0.00 0.00
van 0.00 0 0.00 1375 249 1424 278 0.00 0.00 0.00 0.00 0.00 0.00 0.00
truck 0.00 0 0.00 1385 309 1458 382 0.00 0.00 0.00 0.00 0.00 0.00 0.00
truck 0.00 0 0.00 1345 215 1448 263 0.00 0.00 0.00 0.00 0.00 0.00 0.00
van 0.00 0 0.00 1370 197 1420 227 0.00 0.00 0.00 0.00 0.00 0.00 0.00
van 0.00 0 0.00 1386 189 1428 211 0.00 0.00 0.00 0.00 0.00 0.00 0.00
van 0.00 0 0.00 1412 182 1454 208 0.00 0.00 0.00 0.00 0.00 0.00 0.00
van 0.00 0 0.00 1481 163 1523 198 0.00 0.00 0.00 0.00 0.00 0.00 0.00
car 0.00 0 0.00 1500 207 1553 231 0.00 0.00 0.00 0.00 0.00 0.00 0.00
truck 0.00 0 0.00 1593 86 1684 120 0.00 0.00 0.00 0.00 0.00 0.00 0.00
truck 0.00 0 0.00 1502 97 1582 121 0.00 0.00 0.00 0.00 0.00 0.00 0.00
truck 0.00 0 0.00 1315 103 1375 128 0.00 0.00 0.00 0.00 0.00 0.00 0.00
pedestrian 0.00 0 0.00 1259 118 1269 134 0.00 0.00 0.00 0.00 0.00 0.00 0.00
van 0.00 0 0.00 1241 108 1278 130 0.00 0.00 0.00 0.00 0.00 0.00 0.00
truck 0.00 0 0.00 1167 104 1223 131 0.00 0.00 0.00 0.00 0.00 0.00 0.00
car 0.00 0 0.00 1013 115 1057 133 0.00 0.00 0.00 0.00 0.00 0.00 0.00
truck 0.00 0 0.00 1029 87 1083 116 0.00 0.00 0.00 0.00 0.00 0.00 0.00
truck 0.00 0 0.00 1082 97 1139 127 0.00 0.00 0.00 0.00 0.00 0.00 0.00
people 0.00 0 0.00 855 94 860 107 0.00 0.00 0.00 0.00 0.00 0.00 0.00
motor 0.00 0 0.00 850 99 863 111 0.00 0.00 0.00 0.00 0.00 0.00 0.00
motor 0.00 0 0.00 837 248 855 259 0.00 0.00 0.00 0.00 0.00 0.00 0.00
people 0.00 0 0.00 843 240 850 257 0.00 0.00 0.00 0.00 0.00 0.00 0.00
pedestrian 0.00 0 0.00 760 131 768 149 0.00 0.00 0.00 0.00 0.00 0.00 0.00
van 0.00 0 0.00 836 67 858 98 0.00 0.00 0.00 0.00 0.00 0.00 0.00
pedestrian 0.00 0 0.00 869 31 876 42 0.00 0.00 0.00 0.00 0.00 0.00 0.00
pedestrian 0.00 0 0.00 810 57 817 71 0.00 0.00 0.00 0.00 0.00 0.00 0.00
car 0.00 0 0.00 746 82 777 102 0.00 0.00 0.00 0.00 0.00 0.00 0.00
car 0.00 0 0.00 758 76 794 95 0.00 0.00 0.00 0.00 0.00 0.00 0.00
car 0.00 0 0.00 770 71 799 86 0.00 0.00 0.00 0.00 0.00 0.00 0.00
car 0.00 0 0.00 778 65 809 81 0.00 0.00 0.00 0.00 0.00 0.00 0.00
pedestrian 0.00 0 0.00 739 144 749 162 0.00 0.00 0.00 0.00 0.00 0.00 0.00
car 0.00 0 0.00 688 159 731 180 0.00 0.00 0.00 0.00 0.00 0.00 0.00
car 0.00 0 0.00 674 176 715 196 0.00 0.00 0.00 0.00 0.00 0.00 0.00
awning-tricycle 0.00 0 0.00 674 209 709 234 0.00 0.00 0.00 0.00 0.00 0.00 0.00
pedestrian 0.00 0 0.00 718 317 725 335 0.00 0.00 0.00 0.00 0.00 0.00 0.00
truck 0.00 0 0.00 811 318 840 373 0.00 0.00 0.00 0.00 0.00 0.00 0.00
car 0.00 0 0.00 700 470 770 499 0.00 0.00 0.00 0.00 0.00 0.00 0.00
car 0.00 0 0.00 700 494 767 516 0.00 0.00 0.00 0.00 0.00 0.00 0.00
van 0.00 0 0.00 705 511 777 547 0.00 0.00 0.00 0.00 0.00 0.00 0.00
car 0.00 0 0.00 700 547 771 576 0.00 0.00 0.00 0.00 0.00 0.00 0.00
car 0.00 0 0.00 703 573 778 595 0.00 0.00 0.00 0.00 0.00 0.00 0.00
truck 0.00 0 0.00 686 579 794 642 0.00 0.00 0.00 0.00 0.00 0.00 0.00
car 0.00 0 0.00 1146 2 1162 17 0.00 0.00 0.00 0.00 0.00 0.00 0.00
