car 0.00 0 0.00 638 824 931 1050 0.00 0.00 0.00 0.00 0.00 0.00 0.00
truck 0.00 0 0.00 476 523 710 794 0.00 0.00 0.00 0.00 0.00 0.00 0.00
car 0.00 0 0.00 392 442 531 554 0.00 0.00 0.00 0.00 0.00 0.00 0.00
car 0.00 0 0.00 339 349 439 435 0.00 0.00 0.00 0.00 0.00 0.00 0.00
car 0.00 0 0.00 297 273 403 347 0.00 0.00 0.00 0.00 0.00 0.00 0.00
car 0.00 0 0.00 260 214 340 277 0.00 0.00 0.00 0.00 0.00 0.00 0.00
car 0.00 0 0.00 254 170 327 221 0.00 0.00 0.00 0.00 0.00 0.00 0.00
pedestrian 0.00 0 0.00 254 440 284 504 0.00 0.00 0.00 0.00 0.00 0.00 0.00
pedestrian 0.00 0 0.00 273 432 310 496 0.00 0.00 0.00 0.00 0.00 0.00 0.00
people 0.00 0 0.00 297 433 349 500 0.00 0.00 0.00 0.00 0.00 0.00 0.00
motor 0.00 0 0.00 314 442 361 500 0.00 0.00 0.00 0.00 0.00 0.00 0.00
van 0.00 0 0.00 216 116 311 186 0.00 0.00 0.00 0.00 0.00 0.00 0.00
car 0.00 0 0.00 233 89 280 130 0.00 0.00 0.00 0.00 0.00 0.00 0.00
car 0.00 0 0.00 224 72 265 100 0.00 0.00 0.00 0.00 0.00 0.00 0.00
car 0.00 0 0.00 180 51 259 91 0.00 0.00 0.00 0.00 0.00 0.00 0.00
car 0.00 0 0.00 277 53 376 86 0.00 0.00 0.00 0.00 0.00 0.00 0.00
car 0.00 0 0.00 245 31 320 60 0.00 0.00 0.00 0.00 0.00 0.00 0.00
car 0.00 0 0.00 228 21 265 48 0.00 0.00 0.00 0.00 0.00 0.00 0.00
car 0.00 0 0.00 226 6 262 33 0.00 0.00 0.00 0.00 0.00 0.00 0.00
car 0.00 0 0.00 146 13 186 50 0.00 0.00 0.00 0.00 0.00 0.00 0.00
car 0.00 0 0.00 8 47 81 76 0.00 0.00 0.00 0.00 0.00 0.00 0.00
car 0.00 0 0.00 50 35 116 66 0.00 0.00 0.00 0.00 0.00 0.00 0.00
car 0.00 0 0.00 66 30 127 56 0.00 0.00 0.00 0.00 0.00 0.00 0.00
car 0.00 0 0.00 82 13 129 41 0.00 0.00 0.00 0.00 0.00 0.00 0.00
car 0.00 0 0.00 95 6 136 28 0.00 0.00 0.00 0.00 0.00 0.00 0.00
car 0.00 0 0.00 1 79 53 138 0.00 0.00 0.00 0.00 0.00 0.00 0.00
car 0.00 0 0.00 767 152 867 201 0.00 0.00 0.00 0.00 0.00 0.00 0.00
