pedestrian 0.00 0 0.00 268 88 280 97 0.00 0.00 0.00 0.00 0.00 0.00 0.00
van 0.00 0 0.00 409 40 459 77 0.00 0.00 0.00 0.00 0.00 0.00 0.00
van 0.00 0 0.00 480 0 529 33 0.00 0.00 0.00 0.00 0.00 0.00 0.00
van 0.00 0 0.00 0 602 31 635 0.00 0.00 0.00 0.00 0.00 0.00 0.00
van 0.00 0 0.00 98 571 147 605 0.00 0.00 0.00 0.00 0.00 0.00 0.00
van 0.00 0 0.00 1 748 36 782 0.00 0.00 0.00 0.00 0.00 0.00 0.00
van 0.00 0 0.00 81 730 130 768 0.00 0.00 0.00 0.00 0.00 0.00 0.00
car 0.00 0 0.00 178 645 226 680 0.00 0.00 0.00 0.00 0.00 0.00 0.00
car 0.00 0 0.00 294 576 337 607 0.00 0.00 0.00 0.00 0.00 0.00 0.00
car 0.00 0 0.00 161 738 211 780 0.00 0.00 0.00 0.00 0.00 0.00 0.00
car 0.00 0 0.00 209 716 262 746 0.00 0.00 0.00 0.00 0.00 0.00 0.00
truck 0.00 0 0.00 249 687 338 747 0.00 0.00 0.00 0.00 0.00 0.00 0.00
truck 0.00 0 0.00 349 611 434 668 0.00 0.00 0.00 0.00 0.00 0.00 0.00
truck 0.00 0 0.00 340 648 448 706 0.00 0.00 0.00 0.00 0.00 0.00 0.00
truck 0.00 0 0.00 322 688 442 757 0.00 0.00 0.00 0.00 0.00 0.00 0.00
bus 0.00 0 0.00 340 535 467 616 0.00 0.00 0.00 0.00 0.00 0.00 0.00
van 0.00 0 0.00 320 478 367 513 0.00 0.00 0.00 0.00 0.00 0.00 0.00
car 0.00 0 0.00 486 567 516 611 0.00 0.00 0.00 0.00 0.00 0.00 0.00
car 0.00 0 0.00 510 553 541 600 0.00 0.00 0.00 0.00 0.00 0.00 0.00
car 0.00 0 0.00 534 540 569 590 0.00 0.00 0.00 0.00 0.00 0.00 0.00
car 0.00 0 0.00 584 514 617 563 0.00 0.00 0.00 0.00 0.00 0.00 0.00
car 0.00 0 0.00 611 503 635 538 0.00 0.00 0.00 0.00 0.00 0.00 0.00
car 0.00 0 0.00 680 470 713 518 0.00 0.00 0.00 0.00 0.00 0.00 0.00
car 0.00 0 0.00 705 458 738 507 0.00 0.00 0.00 0.00 0.00 0.00 0.00
van 0.00 0 0.00 656 480 690 532 0.00 0.00 0.00 0.00 0.00 0.00 0.00
van 0.00 0 0.00 462 478 513 516 0.00 0.00 0.00 0.00 0.00 0.00 0.00
van 0.00 0 0.00 525 479 575 518 0.00 0.00 0.00 0.00 0.00 0.00 0.00
car 0.00 0 0.00 546 428 595 465 0.00 0.00 0.00 0.00 0.00 0.00 0.00
car 0.00 0 0.00 619 392 664 426 0.00 0.00 0.00 0.00 0.00 0.00 0.00
pedestrian 0.00 0 0.00 646 352 652 367 0.00 0.00 0.00 0.00 0.00 0.00 0.00
bus 0.00 0 0.00 610 392 733 470 0.00 0.00 0.00 0.00 0.00 0.00 0.00
truck 0.00 0 0.00 851 509 950 559 0.00 0.00 0.00 0.00 0.00 0.00 0.00
truck 0.00 0 0.00 977 469 1105 523 0.00 0.00 0.00 0.00 0.00 0.00 0.00
motor 0.00 0 0.00 779 459 804 471 0.00 0.00 0.00 0.00 0.00 0.00 0.00
motor 0.00 0 0.00 805 448 815 477 0.00 0.00 0.00 0.00 0.00 0.00 0.00
motor 0.00 0 0.00 827 441 843 459 0.00 0.00 0.00 0.00 0.00 0.00 0.00
van 0.00 0 0.00 832 432 870 483 0.00 0.00 0.00 0.00 0.00 0.00 0.00
car 0.00 0 0.00 872 422 911 469 0.00 0.00 0.00 0.00 0.00 0.00 0.00
van 0.00 0 0.00 908 416 945 460 0.00 0.00 0.00 0.00 0.00 0.00 0.00
van 0.00 0 0.00 944 400 984 450 0.00 0.00 0.00 0.00 0.00 0.00 0.00
van 0.00 0 0.00 985 386 1022 435 0.00 0.00 0.00 0.00 0.00 0.00 0.00
van 0.00 0 0.00 1021 378 1057 427 0.00 0.00 0.00 0.00 0.00 0.00 0.00
car 0.00 0 0.00 1247 449 1292 481 0.00 0.00 0.00 0.00 0.00 0.00 0.00
car 0.00 0 0.00 1171 425 1221 451 0.00 0.00 0.00 0.00 0.00 0.00 0.00
van 0.00 0 0.00 1159 360 1213 389 0.00 0.00 0.00 0.00 0.00 0.00 0.00
van 0.00 0 0.00 1167 387 1218 416 0.00 0.00 0.00 0.00 0.00 0.00 0.00
motor 0.00 0 0.00 1223 182 1246 194 0.00 0.00 0.00 0.00 0.00 0.00 0.00
people 0.00 0 0.00 1223 183 1237 194 0.00 0.00 0.00 0.00 0.00 0.00 0.00
car 0.00 0 0.00 1260 109 1311 146 0.00 0.00 0.00 0.00 0.00 0.00 0.00
car 0.00 0 0.00 1184 143 1236 176 0.00 0.00 0.00 0.00 0.00 0.00 0.00
car 0.00 0 0.00 1090 173 1140 206 0.00 0.00 0.00 0.00 0.00 0.00 0.00
bus 0.00 0 0.00 1131 185 1206 230 0.00 0.00 0.00 0.00 0.00 0.00 0.00
car 0.00 0 0.00 1037 160 1085 197 0.00 0.00 0.00 0.00 0.00 0.00 0.00
van 0.00 0 0.00 1015 142 1057 175 0.00 0.00 0.00 0.00 0.00 0.00 0.00
car 0.00 0 0.00 984 205 1031 248 0.00 0.00 0.00 0.00 0.00 0.00 0.00
car 0.00 0 0.00 936 187 986 224 0.00 0.00 0.00 0.00 0.00 0.00 0.00
truck 0.00 0 0.00 983 208 1099 288 0.00 0.00 0.00 0.00 0.00 0.00 0.00
car 0.00 0 0.00 1147 12 1195 47 0.00 0.00 0.00 0.00 0.00 0.00 0.00
van 0.00 0 0.00 741 133 783 170 0.00 0.00 0.00 0.00 0.00 0.00 0.00
van 0.00 0 0.00 669 272 709 304 0.00 0.00 0.00 0.00 0.00 0.00 0.00
van 0.00 0 0.00 708 329 753 369 0.00 0.00 0.00 0.00 0.00 0.00 0.00
van 0.00 0 0.00 767 311 815 349 0.00 0.00 0.00 0.00 0.00 0.00 0.00
van 0.00 0 0.00 802 263 852 304 0.00 0.00 0.00 0.00 0.00 0.00 0.00
van 0.00 0 0.00 919 244 966 273 0.00 0.00 0.00 0.00 0.00 0.00 0.00
van 0.00 0 0.00 879 227 924 259 0.00 0.00 0.00 0.00 0.00 0.00 0.00
truck 0.00 0 0.00 854 255 909 300 0.00 0.00 0.00 0.00 0.00 0.00 0.00
van 0.00 0 0.00 844 330 894 362 0.00 0.00 0.00 0.00 0.00 0.00 0.00
van 0.00 0 0.00 766 348 817 386 0.00 0.00 0.00 0.00 0.00 0.00 0.00
