car 0.00 0 0.00 0 648 212 867 0.00 0.00 0.00 0.00 0.00 0.00 0.00
car 0.00 0 0.00 1137 764 1400 1044 0.00 0.00 0.00 0.00 0.00 0.00 0.00
car 0.00 0 0.00 892 550 1179 732 0.00 0.00 0.00 0.00 0.00 0.00 0.00
car 0.00 0 0.00 899 469 1063 572 0.00 0.00 0.00 0.00 0.00 0.00 0.00
car 0.00 0 0.00 873 403 991 495 0.00 0.00 0.00 0.00 0.00 0.00 0.00
car 0.00 0 0.00 857 387 933 450 0.00 0.00 0.00 0.00 0.00 0.00 0.00
car 0.00 0 0.00 857 361 913 416 0.00 0.00 0.00 0.00 0.00 0.00 0.00
car 0.00 0 0.00 778 321 824 357 0.00 0.00 0.00 0.00 0.00 0.00 0.00
car 0.00 0 0.00 808 311 840 332 0.00 0.00 0.00 0.00 0.00 0.00 0.00
car 0.00 0 0.00 803 301 837 319 0.00 0.00 0.00 0.00 0.00 0.00 0.00
van 0.00 0 0.00 825 324 873 362 0.00 0.00 0.00 0.00 0.00 0.00 0.00
truck 0.00 0 0.00 836 333 906 389 0.00 0.00 0.00 0.00 0.00 0.00 0.00
car 0.00 0 0.00 0 575 349 723 0.00 0.00 0.00 0.00 0.00 0.00 0.00
car 0.00 0 0.00 51 515 396 642 0.00 0.00 0.00 0.00 0.00 0.00 0.00
car 0.00 0 0.00 191 486 437 566 0.00 0.00 0.00 0.00 0.00 0.00 0.00
car 0.00 0 0.00 303 435 512 521 0.00 0.00 0.00 0.00 0.00 0.00 0.00
car 0.00 0 0.00 379 405 540 487 0.00 0.00 0.00 0.00 0.00 0.00 0.00
car 0.00 0 0.00 510 372 610 423 0.00 0.00 0.00 0.00 0.00 0.00 0.00
truck 0.00 0 0.00 399 334 542 444 0.00 0.00 0.00 0.00 0.00 0.00 0.00
car 0.00 0 0.00 543 312 587 338 0.00 0.00 0.00 0.00 0.00 0.00 0.00
car 0.00 0 0.00 611 331 646 363 0.00 0.00 0.00 0.00 0.00 0.00 0.00
car 0.00 0 0.00 576 344 617 386 0.00 0.00 0.00 0.00 0.00 0.00 0.00
van 0.00 0 0.00 549 339 598 389 0.00 0.00 0.00 0.00 0.00 0.00 0.00
van 0.00 0 0.00 430 295 477 321 0.00 0.00 0.00 0.00 0.00 0.00 0.00
